3.283763287087858e-14
-0.00019794282150983493
0.0005164428326634191
0.0018122912086438526
0.003589085500696219
0.005766491956012607
0.008310584495447759
0.011220504999695064
0.014348801027868879
0.017588729476315484
0.02086927687557665
0.02430636676582386
0.027815973017885916
0.03113354356617637
0.03408473372455805
0.03641645718174849
0.03770823039357722
0.03715305372386312
0.03311314823312364
0.02206107352206812
-0.0035674646976571415
-0.0557124470113856
-0.11934693324859674
-0.0936654645530192
-0.031118125441342095
0.009785217720768104
0.03353139006313904
0.047940535873685
0.05744245748919845
0.06393120793772304
0.06861095281006886
0.07232033920640099
0.07497015132100147
0.07692831088505056
0.078321206518812
0.07922419398026655
0.0794449047850731
0.07975762635012373
0.07937037970661719
0.07874031900770838
0.07766429943155062
0.07618436812998748
0.07427471895875928
0.07186422071455137
0.06898317794500647
0.06548657572289465
0.061267880131922206
0.05607755539391034
0.04962493010820428
0.04144783450345581
0.03132442335164674
0.020742056714199802
0.0053058607246277666
-0.013119006272869218
-0.011279427498168558
0.017214078610206573
0.005007196671586425
-0.014745517582325974
-0.02693383634692082
-0.03129387096550725
-0.03363365981804819
-0.03416589263458253
-0.029797574508417878
-0.014640075040149584
0.010755259555308108
0.014798095941279977
-0.014075562183280462
-0.017666735384076836
-0.016331953765482462
-0.01354020588954856
-0.009674869883176021
-0.006468449404625949
-0.004239042524351647
-0.0028564324115161114
-0.0021714503894294575
-0.002026230427901729
-0.0024838779476901865
-0.0031968073970070022
-0.00426294222179109
-0.006399756870940858
-0.008966945745725033
-0.010325683911426674
-0.009485569054530596
-0.009465098918685612
-0.010141518070524554
-0.011118174336820474
-0.01224364502978451
-0.013543481995553119
-0.014922319638142861
-0.015774645051839026
-0.01675505179572621
-0.017792151732776013
-0.018805252459620905
-0.019834866280453247
-0.022668500731090387
-0.02155778284141768
-0.0230669245498644
-0.023146530401213332
-0.023883870711017278
-0.024654236883560738
-0.02537657681050466
-0.026300608983383444
-0.02787482538254009
-0.027232964292228302
-0.028390715826238918
-0.028072940798097475
-0.028532511034218014
-0.029066010783626996
-0.029728901171390227
-0.0306201314456959
-0.03192980327669053
-0.035609352331219944
-0.03482586987608395
-0.037594969839347715
-0.04200766243335948
-0.05007150860823354
-0.05624136154402259
-0.05163978986673843
-0.008020843253854925
0.004044061144916814
-0.03181314140430832
-0.05311698145049497
-0.0454620852696114
-0.036523649709581954
-0.03616895548721866
-0.02594135157730251
-0.02145733009409499
-0.0179228171220056
-0.01583055779931771
-0.013001929849363757
-0.010790532188192677
-0.009219029036810525
-0.006866801538825493
-0.004987823715847939
-0.003048872312780137
-0.0010243316324827232
0.0008737337382256457
0.0020192947418060693
0.005039462412154978
0.007003661268918812
0.00857115471596659
0.010333487119218136
0.007300969206097992
0.014400804437447812
0.016762075158053027
0.014143846486998131
0.019831724190960628
0.021538395899645263
0.02318310808319069
0.024508397745067745
0.027201879439254135
0.029414385244485527
0.03125881835318093
0.032845786211739156
0.028876302794337904
0.03619974658479953
0.037695793163126795
0.039674973376441325
0.041278300294154
0.04270487564473835
0.043959052832040955
0.044903932956939674
0.0454942118737021
0.04559713889010767
0.044929549897906866
0.036865423079424954
0.03694290291384979
0.038828019738258154
0.03478187335399268
0.028602790496012304
0.021216780479011633
0.011613203697022676
0.0006244025882371234
-0.01059040527777784
-0.019375512105088148
-0.022462812238558432
-0.0144775018397555
0.0012367899170963187
0.011216031417761719
-0.00792594228718011
-0.047720946027320486
-0.029243034126119064
0.0738175851424262
0.15546202271604959
0.13200869356305941
0.029614608494199075
-0.04472689632967277
-0.03644165928160585
-0.0009857434047758284
0.012569578061267845
0.004886649421736428
-0.008528964790437962
-0.01821787393056546
-0.02221932828956222
-0.021164480521462355
-0.020581329338627594
-0.01674141274757975
-0.010270824555047554
-0.0055831674559986555
-0.0013277760207787274
0.003084213460133854
0.008134641549428473
0.014049414312430552
0.021586836759305467
0.022324259269228496
0.0186154249722277
0.015802720262391944
0.01699998137322335
0.016708504164856468
0.015931158480665005
0.017817353445018513
0.01683202397120222
0.01833815599484247
0.01829688244584082
0.017902694648863942
0.004090659202246439
0.01728974054317554
0.017470359156997437
0.016963159003893107
0.016686087975382444
0.01612595520133804
0.015689787239968188
0.01522536363668816
0.014973769955487173
0.015501315409756834
0.017415633781460257
0.01348197052732245
0.01544958590587662
0.012197574562794286
0.010067950509095503
0.008415522145744099
0.0031875848094649268
0.006362881296819144
0.006955946795908587
0.007726321057209441
0.0025243312678994855
-0.004875914465423148
-0.013244545110266554
-0.0010698649710133537
-0.021978157735346275
0.0004514324910203186
0.0029022164427321188
-0.0022726789859215963
-0.005765914091703164
-0.008171160169145153
-0.005398619003821787
-0.006215483708664253
-0.008031061230722066
-0.021111651317046426
-0.012534238008175146
-0.052717231329649256
-0.011150351594502105
-0.0105944922933762
-0.010293766477246438
-0.00883661999268992
-0.007278745455074871
-0.010171766269089591
-0.013458548041516529
-0.01729283053895597
-0.021118875564278924
-0.017353459328390948
-0.01785694483619688
-0.018841816458245612
-0.023847081904170193
-0.02563755434852899
-0.021218623726539886
-0.015792386424209017
-0.021412218203222838
-0.02092515916541928
-0.021552834149951065
-0.022170747247000105
-0.023227688612666192
-0.02376799354771086
-0.050469224255728674
-0.025695905514131867
-0.025092417434293145
-0.02373904547895872
-0.029252488729963312
-0.024286774704194374
-0.024810250880125995
-0.02623342030425045
-0.026938781589085452
-0.024154039082977405
-0.025158207882191527
-0.023414521078462504
-0.02443693451862474
-0.04735864299821691
-0.025358089568631986
-0.023825198041622107
-0.06116339183179302
-0.022254825863242993
-0.0255141429675459
-0.01993923148562302
-0.024071747793966834
-0.018464112294087127
-0.01642583855902335
-0.015065403049369194
-0.013742848363149629
-0.011480051311094778
-0.010203441358708728
-0.00970570283561413
-0.010190114414951495
-0.018228833316726287
-0.01128267632870679
-0.0016546455635453562
0.002407748019116429
0.004962419203958289
0.007965741005106391
0.011678370065952813
0.016090632690485558
0.016644333047475837
0.026452224426560214
0.030961512734435103
0.036695313573196504
0.04123997212321899
0.042843462958421
0.0326713657495527
0.03895742954165151
0.02697819016689576
-0.0037793699907713767
-0.10492621851276962
-0.09634480870021296
-0.09623983627121853
-0.030928779411588746
0.06632592828343674
0.119860088536451
0.08855674972477064
-0.008806140428929942
-0.07618494050499734
-0.08590517023500295
-0.05574512151332865
-0.020560703861125046
0.004856960446450024
0.01662105139153695
0.03162069633955344
0.03745737344607659
0.04136765220608688
0.04261225304219279
0.042851664815688806
0.042880124353908665
0.042961625903808504
0.042899084872237286
0.04270061339488281
0.04027714750452652
0.04246276890255141
0.043443834636723425
0.04285321047783046
0.04223566610440199
0.04151309273295348
0.040457497972600086
0.039442364063062084
0.03809221400904542
0.03261901663931706
0.027271304827775077
0.02954578695558728
0.004966170267695247
0.021242401479987762
0.015088653562926834
0.003912671578164756
-0.008486266504818119
-0.007232580466461755
-0.012929536994345703
-0.021172992182501352
-0.028966678441711965
-0.03539303704783321
-0.03398386681043483
-0.022367832166219088
0.005996890474298985
0.04859516214957736
0.04428009493519247
0.018645173276887195
-0.0067141591261722835
0.01686715127537776
0.01590921392031538
0.001615838419343611
-0.01867175904374978
-0.01279972804178582
0.013727601170644574
-0.0002747869953143947
-0.043495253363101186
-0.04036777318800907
-0.04539021679182234
-0.01828774410643314
0.017055396760514003
-0.0008573854557373124
-0.017536244530930292
-0.00879422642386918
0.004907654917845198
0.01513311065134454
0.012160965634629177
0.0028079210352097875
-0.01111035265322497
-0.02903415908340904
-0.04277131980353565
-0.04848020229674692
-0.05433521305015697
-0.05374529858391966
-0.06300804904405895
-0.049493870429097614
-0.046035078029279336
-0.04684676928046344
-0.039213718179906966
-0.03225307513203099
-0.03165303957888448
-0.029431382007000895
-0.02608834344534544
-0.02361173346796282
-0.02143204683377586
-0.02209219283830362
-0.01761721441650232
-0.013915021132706814
-0.011033677885964757
-0.008046918638709983
-0.019472803192735963
-0.006540144638500605
0.002890165381736628
0.01124099687720996
0.020805190828346105
0.03340248949676411
0.050877742890565424
0.07386783504928172
0.10156782425806687
0.12307984805952953
0.09546284988872633
0.022637780766386336
0.009651866980346504
0.048951734029177324
0.10478185893930067
0.09535041202388045
0.060906851312466176
0.033103073347245424
0.01324218622717132
0.0008174618508505402
-0.006499545229901524
-0.007977329606204635
-0.005420524588834431
-0.001390265976590057
-0.0013171107491418727
-0.003797756942111123
0.00952064684835998
-0.012905314978108694
-0.03285983334247453
-0.03894713239822746
-0.02967630317375629
-0.009691267968088002
0.018838064993064285
-0.003790302234320387
-0.04388285625378615
-0.03551359677474649
-0.04312614402067844
-0.0009688988202543304
0.017480580581595462
-0.012373146430285411
-0.028485059751047263
-0.022779046769130527
-0.0084480804180923
0.003943341908305052
0.008947219212331837
0.013014541164516598
0.015155333735872575
0.014612740689441121
0.013472669096128627
0.010144486288917624
0.004365089715025542
0.009265028385375679
0.012290201725237848
0.01028052986718385
0.007116681102098028
-0.03822160504384079
0.0017277052691173573
-0.005382722346610828
-0.019669491369210788
-0.0017632531187862757
-0.011164267572267749
0.021373632971502906
0.030430938373379096
-0.014528299541688583
0.006488563161538979
0.015563097423333606
0.021539604584875405
0.018085538826784507
0.020327026516696028
0.031195905714980827
0.04257885293375085
0.0504239489711082
0.05705114485454884
0.041022985229695774
-0.014342430840322303
0.0030681430962063772
0.04409990991299677
0.043889323994019826
0.039799719769886326
0.03155939138749643
0.03260300926560904
0.03010889198600754
0.027181055502120053
0.01826761733995964
0.013666646219398275
0.012694145300229928
0.012846500103076672
0.011947499512413817
0.008867477244656079
0.004740684165002061
0.00022867736832741912
-0.003814020255386266
-0.0066725360321796085
-0.008424233658909127
-0.010972202951371928
-0.01797921848868376
-0.011531327874918276
-0.012766767639773979
-0.0159249176498664
-0.017798541937451073
-0.017955937220272257
-0.01759006736384331
-0.019757162509951708
-0.014896341309773188
-0.013442967299197051
-0.010188313250312934
-0.006526587381215114
-0.00887831157723666
0.000702900278502082
-0.0013889489365057504
0.00616937889414554
0.011483852398757157
0.014939551575708861
0.016842323209701086
0.017133097472087244
0.01693474270251386
0.015448339491320993
0.012320661918861688
0.007921316822094243
0.0027359756036501033
-0.003518920255885225
-0.010284343252959674
-0.01659291407379201
-0.02221236538976326
-0.026518495692068333
-0.028813389333104598
-0.028623841310048397
-0.026134154579380484
-0.02138826747844757
-0.014779529288063331
-0.007147995326762228
0.000574209048797372
0.007626169955800469
0.013126922511872348
0.017120198727305344
0.01951263335834184
0.02045493415255908
0.019718707884335374
0.016940231470798487
0.011964023136815025
0.005047691587925849
-0.0029752501937757914
-0.010653018831789957
-0.016281969616024013
-0.018516591814461584
-0.01681826101800529
-0.011638655706681931
-0.0042405523150543115
0.0037427523619693722
0.01086383163299706
0.016234641021032104
0.019544952728976776
0.020873964470201192
0.020469385636559367
0.018603560833258138
0.015411140758235081
0.010923219592448364
0.0055026856329492375
0.0024789962700429505
-0.008165860280483814
-0.014536910029156662
-0.020521007372030907
-0.024919349217626896
-0.027383105707109976
-0.028090493963381483
-0.02715267822861018
-0.024649763287677737
-0.020780833250247894
-0.01604949662179363
-0.011784857183506817
-0.005644424258315855
-0.00029192567767057087
0.004656292272163199
0.008864414316819938
0.012312968284713116
0.01495456474088455
0.016586320274166254
0.017461649314476177
0.015648701433642262
0.017115390778860602
0.015797561417140706
0.014695232912977694
0.007345806280591455
0.010751523050554001
0.008890802132104431
0.007041071210238688
0.005620040058366046
0.0012366755054598574
0.0009578088912747656
-0.0027690516610845073
-0.006307775112196388
-0.008572329076062432
-0.010896097934647658
-0.013006868146223623
-0.014912135333341474
-0.017021624536667435
-0.018554598733805622
-0.024267374979511744
-0.023833331850235864
-0.02165367192548972
-0.021374320541712052
-0.020981153184172298
-0.019662767094129122
-0.013003447303199252
-0.00012526498500858813
0.017751388088473458
0.014955126077972909
-0.025497408397677734
-0.035222129222244936
0.0009068942623639574
0.020676055996129553
0.00044044461007827627
-0.018133453932590013
-0.0272435911211292
-0.02901425167624963
-0.027854038637031505
-0.024699425014400637
-0.02151908925109299
-0.0183082829222107
-0.019451221611203235
-0.01288280385702364
-0.011299921125707794
-0.007836493359106581
-0.0036329110861195255
-0.0012364288478980622
3.4487322358897046e-05
-0.011725933135419857
-0.0015789462884061192
0.005088702358594463
0.0030514860613838142
0.006847488606926519
0.008391210846719122
0.003233972567672422
0.00804202453630489
0.01030009746099001
0.0014195605544230262
0.012948112536561064
0.012931885019409034
0.007842936964549796
0.007390432186062146
0.0070286812336256225
-0.005597487555490274
-0.07138333209911811
-0.07383174387285521
-0.012282069858465496
-0.03007777463073755
-0.0021518160084496377
0.005288987879738732
0.008687293516032224
0.012885661985696139
0.016655684650777138
0.01816500329377916
0.016847528551329156
0.012145732133192746
0.016069086490777335
0.0193834168451443
0.019494451587293692
0.0035661943362278988
0.01842936178000996
0.014003785429565785
0.018060365799044804
0.011216258783616526
0.020856812312235448
0.01643133589865986
0.018797042167010506
0.019026356824842505
0.01936978248125061
0.0194865258180699
0.018825852585179166
0.017826891249735237
0.01618717368889667
0.013641100459032055
0.014974046268471135
0.014149839761819672
0.01318794596731156
0.011968574584476118
0.010541851779064127
0.00884553959596231
0.006432912827743525
0.0007745533918718747
-0.00011942754986012573
-0.0005580802742508303
-0.0032729830006434533
-0.005080196820432893
-0.0023097065164569847
-0.0034261856661507817
-0.012690386293287647
-0.007924112890203791
-0.020329290252968698
-0.01083276171338703
-0.01308976375821259
-0.012324442721742337
-0.013567700919272339
-0.01473196387333656
-0.01546743174046396
-0.017021228682486234
-0.01575232671704916
-0.014870322869396742
-0.012727183461634988
-0.008654422732767642
-0.002290987251654046
0.00043067639604581404
-0.03698087784093104
-0.02634119340278194
0.0013554788692729618
-0.0012949392042055866
-0.0006338952414606697
-0.001761834318579412
0.0036831465102103653
0.006666991488385792
0.007703399363471424
0.012251546300876525
0.015629004098447457
0.01751450478223867
0.01798324695513714
0.016700169111376395
0.016059740161006496
0.011672941829884265
0.00602725333339927
0.001489474499663299
-0.005285696370826202
-0.012723324745493406
-0.018850062047384653
-0.024607223132979944
-0.027445780972312005
-0.027143664756333015
-0.02343161400952014
-0.016441838869911657
-0.008136886309732874
0.0007601349755985143
0.00870650595133352
0.014689178554558242
0.01843203340803832
0.01992361780322902
0.018909206573532986
0.014909789984253604
0.008012092558003836
-0.00048772840534625335
-0.007988105598810878
-0.011638750071794558
-0.009961797453597187
-0.0036539786951856707
0.004811652417252469
0.012607064150749876
0.01792803953720802
0.0202647242065295
0.019884667636234164
0.01720764847350889
0.012466674336225867
0.00588899010830681
-0.001934431778646869
-0.009928925439082387
-0.016711119724619812
-0.021346230409835493
-0.023768961230784147
-0.0234444887492045
-0.02131167747823617
-0.019123181793545104
-0.020427953345476774
-0.030582284632126335
-0.045824797206090576
-0.05331373095409074
-0.04486825883510896
-0.02613506467669211
-0.0059239222529742465
0.006270793982002817
0.012845671218847669
0.014618025423091102
0.01642061100927613
0.013925136657356946
0.012371791571283083
0.01009165394323189
0.005528573043366752
0.004771749663774688
0.0022720313187476965
-0.000718168114045009
-0.0036912209041498117
-0.006346802105627692
-0.009178610002828838
-0.011617363273749709
-0.01795756032912606
-0.01539879833870373
-0.016220526810438677
-0.017130677136313156
-0.01769785183713302
-0.01838620586359495
-0.019879428726618083
-0.018729823017467676
-0.018489777317447977
-0.01849159237924832
-0.01802106416272078
-0.017049183841387195
-0.016508380828533495
-0.01573523699140259
-0.016487517913426453
-0.0174485894456759
-0.013517063879190562
-0.013272402410084703
-0.0172270068464525
-0.011474366563939093
-0.017136147400730026
-0.05277182933666021
-0.006846618946042217
-0.004986348940703897
-0.003628838952117536
-0.00295109845440239
-0.002443485175738774
-0.003577228365585694
0.0007881913422763259
0.0020204866225866777
0.003221545478590856
0.0036979962725590555
0.002681734386865762
-0.004288358671656982
0.00694120255243593
-0.003244584646370464
0.013585608080541964
0.015833622648644848
-0.017049564377882374
0.020465616033426014
0.0015014307173063484
-0.029673419785677918
-0.011775596423972485
0.025255000663921418
0.014906296890758555
0.007947666555113699
0.00833164958342567
-0.007242176219232648
-0.03049050919297372
-0.03263298171605308
-0.06027078661047607
0.0004927952991876252
0.009285496104456127
0.011574901167921833
0.012917689399882583
0.013188500700757718
-0.006706479021560666
0.010902785617857746
0.013016647088474992
0.012859310461266631
0.01139160182626399
0.011891932428421313
0.011172654606961971
0.009712026250318221
0.005284748176385854
-0.03683312317226826
0.002341738917987515
0.0008130991009870737
-0.0009492629374330044
0.001148900610486372
-0.015184102890129295
0.007906387052660545
0.009501112430308132
0.0028105086432019598
0.010645560591604087
0.011135190863069654
0.007234547069392538
0.010762540684004519
0.011089960623736477
0.010948689093339129
0.010638978895141116
0.009540163102902132
0.00967617863186994
0.009168518174277995
0.008826125784219884
0.007998049795012705
0.0074032101232150045
0.006666544786137497
0.004976242560876796
0.003493157519166653
-0.028470464811626538
0.0012581114007442534
0.0008879638589144325
-0.0022730186944266116
-0.0067750427524291374
-0.014213719277765526
-0.004296872347360749
-0.004155134327807864
-0.004876554573517813
-0.004141144512881626
-0.00017000029534879318
-0.00036050817699427335
-0.009585054042438517
-0.03057016868312273
-0.01611074645395727
-0.01835143980741225
-0.02064290482247429
-0.022816676820516715
-0.026343633283420157
-0.026816710991366635
-0.028148583590096827
-0.028875732271316353
-0.027059856386330572
-0.022150307552199044
-0.020534340667368093
-0.0217595410213424
-0.010501094077106749
0.004095636353592819
0.017529572193835507
0.01843566254815769
-0.0024394963419870183
-0.03408234429545756
-0.030353728667417628
-0.020109836642555303
-0.025527505294920837
-0.037301056237673644
-0.015881129197192027
0.01234559343978174
0.020096864968641142
0.012265781905769454
0.0022339855028634713
-0.007063951832689692
-0.017027282113202542
-0.019080584470958784
-0.020724493219345885
-0.02198095490301695
-0.02188336865546071
-0.02213963036392771
-0.022382820685868634
-0.023132710159687726
-0.034232165571687005
-0.023247408161922046
-0.02173043283994453
-0.021570781255215107
-0.02103577205012413
-0.01998702292762618
-0.019368955297500587
-0.01890614758131985
-0.017953569242343734
-0.017028716195033485
-0.01606035456719018
-0.01471238752333787
-0.014480972713028567
-0.011928720839022515
-0.010440805735591467
-0.009197413048397931
-0.013151677600872056
-0.005325856301247076
-0.004774851287684099
0.00030865584634983073
0.003168728167202409
0.005733864201515772
0.008263152416397822
0.008404855531600804
0.013433252360276347
0.014167636787454497
0.01619058832332258
0.019044209572258462
0.01947746507881028
0.01813541524189157
0.014907594723595895
0.009002534312994227
-0.0002179541029579328
-0.012586193700605246
-0.02495230089818285
-0.027231586096684666
-0.011526801249615106
-0.0022375983259978055
-0.003080486972987069
-0.013154919887205158
-0.017223686774688107
-0.022534125691926
-0.021566170479306535
-0.018455620944224326
-0.013072346222045355
-0.0058615732145287985
0.0021802802688607155
0.009681106256052861
0.015234252002779404
0.018630358213737847
0.01933981244081143
0.01674473775129955
0.010593625119564852
0.002127381675958115
-0.005355286194640253
-0.008060723606554408
-0.004520323652904803
0.0032914141212659616
0.011515242579415287
0.017183304088375755
0.019371909333146194
0.018508189966349436
0.015321558506623582
0.009960783039181942
0.0025840375975737743
-0.005764708591020459
-0.013506893765196553
-0.02013674474232908
-0.024294037412110187
-0.025811111204717935
-0.024787259832577378
-0.02346900220257789
-0.020121654622916842
-0.016113918096332787
-0.01193502062359124
-0.00819910358033273
-0.005815686618375111
-0.0016998301381509623
0.002137838966812374
0.005105446319139046
0.007247619700405065
0.00236702715913987
0.01051490973909809
0.012449310566368553
0.013340574537402679
0.011203419183910858
0.012761614708780632
0.010416777919729362
0.014671493202427232
0.014618131726009948
0.014305800012476158
0.008031229000662268
0.013476876975059258
0.01000977349067898
0.003398226645281904
-0.0044657069526345084
-0.02663827633069268
0.012331256512882248
0.014853542516244267
-0.0003134238384762158
0.015116249905654612
0.015451984295996042
0.01507431522668736
0.013120113886759698
0.012711691557457855
0.013184925065611124
0.012525472220868123
0.011557781165591544
0.010473469478213744
0.009123983610579046
0.0013027287330651088
0.005541201694423712
0.0024140632933811333
0.0026614593323710987
0.001293075621379552
-0.00038880955175734977
-0.002366287913610939
-0.004948689752096375
-0.006490445004996167
-0.00862730539964272
-0.010757599873292912
-0.012814281421006636
-0.014778088351008672
-0.016600916458173152
-0.01816281684536733
-0.019350202654415224
-0.019665398653868165
-0.02061759857372158
-0.023022968032069498
-0.019685546841540058
-0.020194671744031317
-0.021330088454749326
-0.02145993970726913
-0.020759520960556055
-0.019391673914298222
-0.017456064597028368
-0.014628445552004215
-0.010581744750879469
-0.0090387374353473
-0.00596970270441062
-0.00253032560463282
0.0009757387828547863
0.004386811994693373
0.00767793431565605
0.010745268279902907
0.01352853163134801
0.01593494265244325
0.018002716246648846
0.019607492711818632
0.020796709457317215
0.021503755140552704
0.021667689543082746
0.021213659660151485
0.02005374647091518
0.01809426479607002
0.015263659204021767
0.011527016748018658
0.006893626422752478
0.00147632401160445
-0.0044918034172783915
-0.010649901317979757
-0.01653271766060459
-0.02162888549716625
-0.02544102263994956
-0.027494036506941863
-0.02742038368159331
-0.025255354739363405
-0.02144039476098751
-0.01655216158270023
-0.011193215891849583
-0.005940143775339264
-0.001326700099639657
0.0022316745567885748
0.0044595974593572485
0.00516191979745149
0.004139836460738809
0.001140178713119905
-0.003940927392813365
-0.010551305359940134
-0.0170217298153461
-0.0209579845171343
-0.020592482630922008
-0.016005106289984965
-0.00897492996872922
-0.0018878341484722685
0.002986719493763987
0.0030156372636566692
-0.00524347974563426
-0.009643986519099278
0.002720343807277624
0.011635250780801692
0.015584041004718807
0.017168164338308065
0.017625562207895337
0.017545682987903388
0.017136664010433567
0.016649652021642147
0.01617770365186965
0.015804637155467826
0.015597110748552117
0.015610871055565466
0.015892674821699745
0.016445797829614625
0.017177549364152233
0.017737496599061462
0.018030059608611423
0.01847132324207884
0.019109267968857202
0.019860886964617745
0.02061632725306559
0.021261247988595553
0.021667435934188597
0.021678100637701946
0.02109605295783531
0.019714391450627086
0.017247010497223297
0.013315917369523707
0.007684065220195845
0.0005898348540431384
-0.006400550351372096
-0.010356636840618584
-0.009664269633546677
-0.006716811794213084
-0.005236121045872167
-0.006624389366513584
-0.010203936516256732
-0.014697581827341094
-0.01957050800622722
-0.024030608443752256
-0.027180189159754446
-0.0283159257525423
-0.027114663595785078
-0.02385234320824585
-0.019076759237450416
-0.013341284849990226
-0.007197276248695165
-0.0011205531241249105
0.004495297246156169
0.009348038981976076
0.01328837337545932
0.01638657763547592
0.018674332213780138
0.020063416663375706
0.020562415879678147
0.020031028781815813
0.017815625422437985
0.012001545790619324
0.006318499711177237
0.012156418224700396
0.015561739411331111
0.01611615019336801
0.015631620027563176
0.01479783853885042
0.01391907232689296
0.013202530875393732
0.012849285920779229
0.012835766764382764
0.01207483119974707
0.011740907767744939
0.011732566136230358
0.012256662880297262
0.013218506300851515
0.014649015897484768
0.016270846798269598
0.01805526847428516
0.019780548227435888
0.02120336232197954
0.022088957981112312
0.022162300643211064
0.020783073716038315
0.017241230825064357
0.010971071489425867
0.0021343158119626693
-0.007574270872488465
-0.014852624213655175
-0.01647777665186115
-0.0116787067660397
-0.0027993861867861547
0.0065675508176970985
0.013931619111176343
0.018613349608951002
0.021062987249343718
0.022051679744903335
0.022221625536003077
0.022049870914527744
0.021841037520331414
0.021689153940163255
0.021492910119510086
0.02098044810316914
0.019725984380324874
0.017289683093116414
0.01306181821689183
0.006775294368362465
-0.0010848032412882549
-0.009015958363273737
-0.01479302308643938
-0.016492597619283535
-0.013505235007211182
-0.0068434129713381905
0.001422674166329374
0.009197293974058775
0.01517148152611904
0.01893140172463525
0.020632647684137077
0.02065050075688625
0.019351118316847007
0.01699952564022311
0.013769154169659951
0.009834892548363158
0.0054004903027664265
0.0007120000078393349
-0.003943091113248016
-0.008073232402180512
-0.011937686663372705
-0.015738008945903163
-0.018504245042890843
-0.020397868508947946
-0.021849343825770293
-0.02261607453360517
-0.022661076595661665
-0.02190873375108193
-0.021473735234093908
-0.020270501906510793
-0.018708699861157335
-0.017274356145840445
-0.015469597738105292
-0.013556864823886173
-0.011653798905050835
-0.009620467462464068
-0.007678162223536335
-0.005837901443457469
-0.004296808493578946
-0.004532894992665677
-0.0018644153820199536
-0.0024490878854550703
0.0010011016307348774
0.0029579997217315116
0.00275499055148031
0.0047950475725517675
0.006280123208131125
0.006455679877254442
0.0054542622294529
0.0021028447247214755
-0.006234045266638961
-0.020381153182648867
-0.027441272247544838
-0.025349589470760475
-0.009904651292084172
-0.009355703369335387
0.007503520565820114
0.014251106729843982
0.015896407727126846
0.016649764697171398
0.01766691607948153
0.01682796251786956
0.01750170129852735
0.017728843441133117
0.016540264513720683
0.013283875267205062
0.01118487177693268
0.011455282326861917
0.005413439571837341
-0.010497984569419881
-0.02433237301815072
-0.02306448829471313
-0.00895824537370441
0.00738966822526222
0.016114758382455924
0.019350865089769822
0.020791274783189893
0.021221418290853652
0.021255931346309313
0.020436319700610737
0.012515342705488352
0.01862392255079661
0.01633076525493567
0.01908546439417824
0.019360304706130555
0.018442894583879522
0.016466728228691108
0.01312548836588176
0.007855448032608228
0.0002948129806396097
-0.009404489399806298
-0.018992100328130677
-0.022338814005610455
-0.012486640866987203
0.004793514194108571
0.012547324493525308
0.014278493642852092
0.013729681923161789
0.007746723551076558
-0.0076353762198286615
-0.020720641779181714
-0.02036253292265375
-0.011622607420335378
-0.0015834425785477848
0.006116141608774272
0.009386347891988778
0.014315394456937488
0.018369564016847795
0.0202873085784989
0.021241633100262006
0.021779928778775222
0.022072691644208838
0.022161510845119296
0.02193297464743328
0.020895143673402783
0.020496608878469904
0.0211766582502168
0.02078226586988661
0.01993084961074577
0.009527329536711007
0.020367275357153335
0.021830644873435077
0.02177729919593147
0.021846207027672437
0.02171621896998176
0.02143134873336462
0.02078076683927073
0.01937584653206462
0.017884562634727843
0.01932529003563222
0.01774288948459582
0.017267656280748552
0.02001946634873975
0.02012287752339377
0.019826695583390987
0.018953414920788145
0.01884848448452685
0.016787967474953203
0.017401277535953413
0.016374722180741475
0.015705865689298784
0.014464582060390068
0.012940145088473038
0.009108972686407184
0.009787432670313626
0.008713016875616252
0.006976572143217434
0.004947859614453145
0.0029038792547602128
0.0006524310740512127
-0.0017048475784513506
-0.0043581652468194995
-0.006703175315421701
-0.009076218350971586
-0.011447119401058248
-0.013687586433504286
-0.015553947478892487
-0.01736497587873234
-0.018745456445522658
-0.01908464571268154
-0.01915849615875926
-0.01885808981647417
-0.01762112552094865
-0.015565726550899961
-0.012440278009191258
-0.008242972228829599
-0.004968739092630756
-0.0007305173613973695
0.003984741775677394
0.008466724677875188
0.012500179413501762
0.016098941814391456
0.01908831324326808
0.02100081906874398
0.02226288197416176
0.022494399254987606
0.021450237773086894
0.018964109162083402
0.014837586990629408
0.008549648067974855
0.00013677383202717413
-0.005837709199675676
-0.011786480815418415
-0.017918219258215264
-0.02202096453316375
-0.02288623554936892
-0.020222664225613217
-0.014659557041829613
-0.007320325325370138
0.0005425701751130289
0.007853494801164831
0.013917229466789164
0.01842609759340511
0.02136335562817731
0.02287139785092088
0.0231549413777723
0.022410163538763784
0.020780149868782096
0.018379472696828925
0.015307697763094968
0.011688902220120903
0.007683854166743994
0.003494290082682332
-0.0006681024187209542
-0.00445745240679758
-0.007973409459418827
-0.008359799015286405
-0.013430417344831861
-0.015557021761079311
-0.016862830485401912
-0.017759269203955957
-0.018337578132571943
-0.018555769691615952
-0.016990245012923486
-0.01297020655552913
-0.009041835365950152
-0.018613697639818117
-0.02099732798543315
-0.016972458694582727
-0.016161129248152387
-0.012833389866472233
-0.00966871638449339
-0.0070225857944573
-0.004731383782652019
-0.0027156427156377295
-0.0008555203667453026
0.0008165824678811605
0.002224424470014976
0.003427172081412261
0.004369911111774831
0.004727576456674581
-0.007948619525001954
0.0057400578851173065
0.006012318353270704
0.00534867833184199
0.0038334648252152746
0.0009093193458409232
-0.005135325022206407
-0.016883007853817127
-0.035459869045101296
-0.050675004239087
-0.05637893518005129
-0.046146622749011844
-0.028129323527716216
-0.010665927598070347
-0.00040280746032809886
0.005278805693043142
0.00847166278181227
0.010626646080296096
0.011982723293560198
0.012908256206088736
0.013544052453306117
0.013952626021897533
0.014250391640078278
0.014396131713147235
0.014003133226758615
-0.02392000200667031
0.014151941759791571
0.014698933343595795
0.014840512520268037
0.014389743360864005
0.014422681499595375
0.012564137155924986
0.01293698764866818
0.010444295240417565
0.0024230633823815744
-0.0027810166363424066
0.00401322592052615
0.00985367815686071
0.012694146952692888
0.013469467398736766
0.012682884063422687
0.013915815481416058
0.01407646928986407
0.014039318642176963
0.01394218239870171
0.013779928106969043
0.013541016979968077
0.013138489968956703
0.011423763500687446
0.01095475482904863
-0.01523002341770457
0.00998912664581399
0.011387892224513597
0.011743453454227098
0.011536859788694072
0.011216350853550458
0.0061255790709697075
0.010674224648510653
0.010216358997877123
0.008049028291150572
0.005709840944197359
0.008332506168339719
0.007540257116033849
0.0060490336886651706
0.0031712103007482816
-0.0021776576776869638
-0.011698013456472424
-0.02844403620385333
-0.04391518895454758
-0.03441204660140789
-0.0118695484692398
-0.0024416019860834634
0.0007255729754616393
0.0016471433097356321
0.00137010109220098
-0.01370478804086752
0.00015361443835857757
-0.0008474476886290099
-0.002603372912055829
-0.00516449862167751
-0.00883638624593244
-0.014171974569167313
-0.020832035468769335
-0.024451633234442396
-0.01699949421225455
-0.010131991827018154
-0.017056025300674814
-0.02397802018544947
-0.021523160356967403
-0.017036919858952542
-0.013859591185390699
-0.012154323438425643
-0.011833222709828057
-0.010813599862026282
-0.010757783540013761
-0.010998955016457108
-0.011412542491095736
-0.011951681375875232
-0.012576146909262701
-0.013307399759667897
-0.015722927216633775
-0.01481610866914451
-0.015395383270874755
-0.01607528024180539
-0.01679269908996432
-0.017491779224649538
-0.01817064202453938
-0.01875301370326367
-0.019400165186815338
-0.019877559593702486
-0.018297481286120854
-0.02070694558702648
-0.02106597242694085
-0.021240795726792217
-0.02126602050303609
-0.02105868021430301
-0.020264201860854217
-0.01716987531892537
-0.01753683320645711
-0.017637290589789238
-0.016978329295186726
-0.01577699598189054
-0.013648197213110586
-0.011804119361061316
-0.007395531690229914
-0.005228649277751314
-0.006231659897201525
-0.0037862884029955675
-0.0008820516647671086
0.0022195467094350543
0.0054139422695934115
0.008611590959213516
0.011692411878808739
0.014536100638595293
0.017017747564260954
0.019086952962700056
0.02035646569281633
0.020861454536551614
0.02021918973668223
0.0180619992274221
0.01403649776860787
0.007969629691441438
0.00017802193662838165
-0.008202887490947589
-0.015248116761472922
-0.018898369648234846
-0.017943026491239786
-0.01275201108841225
-0.005059536511894145
0.003018743604419464
0.009978335937229896
0.015156232478331425
0.01847287842620565
0.020243681873459658
0.02088665715846912
0.02078903508335977
0.020260285330476427
0.01949149870063656
0.018633043247805653
0.017792046359364072
0.017085545270950093
0.01642423975621297
0.015940204143596825
0.015626729877140373
0.015465435083144794
0.015446404737975976
0.0155678441668621
0.01581151693040066
0.016194731116107912
0.016481014490665066
0.016806991049309467
0.01721663762885565
0.01767367904592065
0.018148859283395484
0.018606443744952496
0.018979147110589234
0.0192154136914708
0.019426769302749322
0.019710749657180025
0.019936097917742774
0.020052532036672364
0.020057916064505372
0.01994192050400171
0.01968683363759237
0.019271538402519706
0.01867576550443005
0.01788414862762879
0.016872849421255415
0.015616058142461132
0.014099993906737733
0.012348335239606134
0.01034217674714148
0.008035871262245373
0.00541941761075678
0.002483493410262435
-0.0007632679993908047
-0.004310289697612988
-0.008108160410517462
-0.012055595092923112
-0.015989696389093762
-0.019814739784851487
-0.02346388680482268
-0.026679447046991378
-0.029048400321024563
-0.030101745744923032
-0.029693859820052557
-0.028449725998418617
-0.02745142054773983
-0.027449132270722366
-0.0284688361609558
-0.030061399879369205
-0.03169616852348783
-0.03291727641310754
-0.03337080650586226
-0.03288988353141433
-0.03156696729782752
-0.029614496786493874
-0.02721608290201957
-0.024492713326076863
-0.02153465397625211
-0.018421645668171907
-0.015231525785043238
-0.012037683170388449
-0.008906902745476366
-0.005899167598763376
-0.0030628823752789623
-0.00043659389289342596
0.0019549388531887825
0.004106595872525717
0.006018302050690126
0.007683508250879347
0.009107079250134039
0.010301444404987724
0.011279849685234052
0.012055324381260784
0.01263994664727932
0.013047465810758845
0.013288361788392617
0.013359699430087451
0.013254081836733447
0.012964033783306003
0.012476125980188563
0.011772822268681933
0.010827307450016553
0.009614760390097777
0.008109251050102758
0.006279059213769095
0.004100694108106427
0.001563984858876713
-0.0013243189493955699
-0.004539553089236685
-0.008031468576321909
-0.011720827311585288
-0.015502629204320327
-0.019252737397133776
-0.022834053816213968
-0.026105557538071776
-0.02893536226129548
-0.03116462141371997
-0.03256142630040061
-0.0328626489111921
-0.03199507759183283
-0.03016113489846886
-0.027623579071655194
-0.024561152336901867
-0.02110627505196009
-0.017379331407073217
-0.013499337284938198
-0.009582977650360114
-0.005737642712535393
-0.0020482846487395153
0.0014168618063358815
0.004598821270935642
0.007466360249562429
0.010007362899072
0.012221284052162214
0.01411436743956752
0.015700312082651446
0.01699944887730368
0.01803514268115505
0.01883177786068054
0.019414030457764502
0.019806479597882978
0.020035390242777323
0.02012059220973618
0.020078515210579996
0.019935035607824503
0.019704205942210944
0.019399612127476498
0.019023508329439626
0.018555275499312154
0.017932936389644025
0.01690124406900711
0.014539929199081302
0.009688267427314717
0.01233570387764819
0.016402122975060603
0.018307010067756445
0.019539131336374034
0.020609484356799587
0.021385425684465668
0.02131382530606189
0.019344218342906984
0.014307060464879999
0.006933863155803927
0.0024923950902050146
0.005761844326531801
0.013122276832291424
0.01857322581196537
0.020863845145507424
0.021832292511328844
0.02122419625689729
0.019465093683960245
0.017402280911349224
0.015463859330200171
0.01372723001743591
0.012000929099211707
0.010574252100527674
0.009513086428762974
0.008948680342934365
0.008466170089544135
0.008301945841049931
0.008882695155660068
0.009134715120449985
0.010058520935699524
0.011331680604337027
0.01293089007664461
0.014753821040579535
0.01675492240894869
0.018827345930920947
0.02076534698213939
0.02227365898224159
0.022942727814448217
0.02219395445929304
0.019259087253404528
0.013426395831658973
0.004945584372841423
-0.003498615763554485
-0.007533697816282839
-0.007033399204385653
-0.005459242080639726
-0.0012417144632209298
0.006335486124159722
0.01409386017661808
0.0196005946247799
0.022413420526097814
0.02299191521381193
0.021954116759553496
0.01980917525335853
0.01694158702453245
0.013674043669914869
0.010261422020401317
0.0066004727520880034
0.002131241804179999
-0.0061686650305170804
-0.02212700233997323
-0.020408147582950998
-0.007650664297005992
-0.0033188625238783735
-0.001995171269505258
-0.00408805750218295
-0.006057405155551526
-0.008123848406391982
-0.010086840086671139
-0.011329068873201354
-0.012355698928733045
-0.013061465441868121
-0.01360312419399557
-0.013987901241843624
-0.014071767030440913
-0.013448341828925962
-0.014497476932237345
-0.014745216444438766
-0.014777169532506955
-0.014709690177903845
-0.014523174871751726
-0.014010109159422501
-0.01305459216923319
-0.01361633232395292
-0.013200801705251073
-0.01259138986486057
-0.0118091515575723
-0.010676252007593423
-0.008965599283582763
-0.008384104351305904
-0.007451160252577923
-0.006262174955588173
-0.004882094631925296
-0.0032744933533543105
-0.0012916527618225618
0.0009334937521138798
0.003379513727302598
0.005795039381921329
0.008631692429449757
0.0108635149285645
0.013691185515040772
0.01579904976785009
0.0179784683224934
0.019802755038101267
0.021210870169307616
0.0220573350672954
0.022171497658951746
0.021351483796811357
0.019356442101128555
0.015939491745164954
0.010938849785925384
0.0043986568248738905
-0.0032804299054262414
-0.011229802946911165
-0.01817728334643079
-0.022741351376703814
-0.023837716379825947
-0.021437848820214253
-0.01689919828488992
-0.009272246961087553
-0.0007520290380456386
0.006735202447800667
0.012693509990159637
0.016994914250467293
0.019854591129095843
0.02143926082047252
0.022026063367524062
0.02190029759282061
0.021334997437577972
0.02058789158730894
0.01952454186216371
0.018380544367273894
0.01804547290062831
0.01753881151838053
0.014966931631666408
0.012179830914995426
0.010146971983729674
0.00873974595779369
0.007878286106845983
0.007591709717807153
0.008141827818140145
0.0091334573545554
0.010036924146708684
0.00945042725104743
0.008508078585393462
0.008359960935952862
0.008651874117246102
0.009598460223714009
0.010472092943117881
0.011743512325051204
0.013505366861241538
0.014794354385337773
0.01635232072805415
0.017805029577800228
0.01904136377253954
0.01994440864234364
0.020419696977073538
0.020286679781329822
0.01934160557443522
0.017354651453128554
0.014107187301772831
0.009461796725421875
0.0034507670978736007
-0.003608170900567761
-0.011022573674193311
-0.01774956618038664
-0.02263339219530971
-0.024903642653768324
-0.02424598528639066
-0.020633177426343567
-0.014729558038773148
-0.007587862322395292
-0.0002870751476847162
0.006317097449742661
0.011713643961026138
0.015722580824935252
0.01839300615127978
0.0198679541505793
0.020344642089217827
0.02001224918880612
0.01902328873402377
0.017543613205750503
0.015696238586633708
0.013498086288831465
0.011023993206448184
0.008414791461066952
0.00573076923027143
0.00305020682127105
0.0004661905988973752
-0.0018731853330623978
-0.003795547481954622
-0.00569196086891387
-0.005521577035025541
-0.009485414757874665
-0.01163787446489726
-0.01293856591607143
-0.013784470909163295
-0.01435301832505825
-0.013975946170277993
-0.01591474566289435
-0.01667816145430295
-0.018013563005587777
-0.018544344138620918
-0.018807382416490895
-0.018737498730369315
-0.019062050307835126
-0.01901935666539438
-0.018772621431325826
-0.018561149875045233
-0.01885898424706085
-0.01891496766118208
-0.019193026903699728
-0.019953304240615248
-0.020863075497794325
-0.020794589657128562
-0.01982414390145035
-0.018995227904536574
-0.01951646382992542
-0.01843992396378393
-0.017495361322854345
-0.017347076943207494
-0.01793650102918036
-0.018995794432225807
-0.019251002880298483
-0.01814986350304463
-0.01702268469079579
-0.016329079730405892
-0.01609023629862227
-0.01625098638488253
-0.016933756300792555
-0.017872279671095833
-0.018012368013460924
-0.01888470244399913
-0.02053429008079822
-0.021560072411446092
-0.020600603765296575
-0.018293010858332
-0.016808473025725083
-0.01611289682267116
-0.015410282128661022
-0.01595497985145952
-0.01639700496396928
-0.017062700490119802
-0.016881747683939713
-0.01638984486530056
-0.016207997987676425
-0.016233051356759454
-0.01637135763856955
-0.016554920064546206
