9.71600512123781e-10
-0.0011548692316306472
-0.0035455486198866727
-0.012973254528726335
-0.024640610387364065
-0.035674699577420976
-0.04472480540196461
-0.0521223361933179
-0.05494758673516261
-0.05252381267751952
-0.04460217014806379
-0.037757986197709315
-0.030525937697278932
-0.017919027909936578
-0.002220676305103613
0.01364365412783314
0.027918581133892166
0.039170134465402184
0.04631587606220085
0.05216793191866026
0.07869657119123694
0.1541546483097194
0.016590292495704928
-0.10249957301588808
-0.07214428402510016
-0.07235930393515931
-0.05054283311487598
-0.025418655281629145
-0.004923878730616479
0.012952392323752853
0.02428815746589024
0.02545853645118442
0.026629994388132676
0.02492451632017395
0.021178836785641357
0.016000516273141904
0.014798570770354662
0.002916088017258031
-0.003029580338383543
-0.010795344347790151
-0.017185107755656792
-0.022688589528048243
-0.027030662494582375
-0.029341694552401456
-0.030459169427510438
-0.028128875408532053
-0.02346115764836191
-0.01412498909350306
0.0012814619003203404
0.02666674658378295
0.05901177296167395
0.014407062515458835
0.0048774841210505486
0.041195758697892035
-0.08321119946584742
-0.07589919955421046
-0.009334501292998182
0.10290733252082071
0.1021271327417305
0.08563750086488436
-0.00044027279816335476
-0.04886764703246798
-0.12555825109740287
-0.0861911740104391
-0.04405309378888895
0.13069112702690486
-0.0031329318399792236
0.01376397889226745
-0.013135375031148604
-0.029352412198942374
-0.020963258668597672
-0.0133884552826704
-0.011831016304851512
-0.01363275289650211
-0.015878228196086083
-0.017520067533972027
-0.01751140690773066
-0.012133886684007824
0.004379314539886649
0.04565095258769527
0.10439347305767212
0.11588642173808618
0.05135319865896552
0.011808820793938642
-0.006032226084250848
-0.014379464626555538
-0.018329823507494798
-0.016654424318963253
-0.009212978289012852
-0.015802378244242472
-0.016117544216829812
-0.014047492793816715
-0.012788478857712763
-0.014328830322859495
0.004362911454274431
-0.026194232841797317
-0.03370098533815257
-0.029931360464933845
-0.014743344427445276
-0.004536850435759625
0.0010272381024694804
0.0006013433444927757
0.0005541000020819665
0.008311489197725284
0.01588962973091651
0.010835213060791495
0.010745395436298131
0.00970506631415343
0.00827656047581254
0.003654564920600277
-0.00452647948087534
0.0023334039931985234
-0.008092177222095874
-0.012110929434918557
-0.01858435915528783
0.0010562981753602456
-0.022176811476740187
-0.015096405248849917
-0.042755782570142446
0.039173550214061256
0.010548558910891454
0.047021755012128984
0.004592422094973812
-0.012962905547553333
0.038083476550902585
-0.02233815816191327
-0.008994254110102993
0.002937488861935415
0.0040301822839447846
0.00403537965244565
0.005476446473566897
0.007949615932319501
0.004388431859827917
0.0032097093392084467
0.0025216918120509846
0.00047221065986880986
-7.864598210556026e-05
0.005504678853950957
0.009035455989354816
0.0069698685798589
0.0036532718869543
-0.0032132980781029003
-0.014840016429476912
0.006751362534803209
0.008673497293226952
0.02450991021148454
-0.0001407809087122296
-0.004005920244967502
-0.00849797482974868
-0.015038197404660551
-0.010639190392961776
-0.011185907450117334
-0.009400856770175868
-0.009292341606966598
0.0075567187009965035
-0.00739440982620188
-0.004697076165922194
-0.004247031513837381
-0.003819848104306702
-0.0034890344307995386
-0.002814133163401917
-0.0012727870925067256
0.0008396295647975139
0.0030689654053435173
0.0028165056691573523
0.0056768327803026035
-0.024138377678684264
0.011399837774064198
0.01639019906042291
0.02109934363297137
0.02692705202988276
0.029028809576015703
0.029389597139280306
0.024394852005121606
0.014455933058153106
-0.0032728289199317794
-0.018570057931462568
-0.01761214405909994
-0.008135821884771388
-0.017331896336474528
-0.042756542326061686
0.003791047124174642
-0.029870193909390216
0.0057196760084031436
5.832446767008538e-05
0.024763597130612113
0.021337963951214078
-0.00995499371970897
0.0211759589060055
0.031665532055481865
0.02037150766244094
0.006735899586849858
-0.00010631880490902147
-0.006169181123786365
-0.02406719447958575
-0.0210900683165575
-0.02251618130325432
-0.016311184528999743
-0.017069680054437455
-0.020004892902219476
-0.01343306610418988
-0.004100074382984923
0.03519872753330946
-0.06486178195783458
-0.022325415309130608
0.038929077976257366
0.00924630012086409
-0.008252526459323653
-0.023392405482076307
-0.036259995733390483
-0.020072337678503995
-0.019517817467795313
-0.012074500703575224
-0.009642545520682213
-0.009790897967217419
-0.010577740662305036
-0.004131566114619821
-0.004288761397302599
-0.004038938762501172
-0.0027616350880212107
-0.0017870899259655373
0.00045830474805770967
0.004377068171382438
0.013608285388874678
0.03479032745921063
0.04344373571757872
-0.024359374185344205
0.05156068631535797
0.034017729749561576
0.01496387490348259
0.00521939904781312
-0.030303353543201593
-0.006551235253649225
0.00360079312161925
-0.023204997640355055
0.004992633997499765
-0.028017532317388936
0.010001705169444985
0.014489304306189835
0.0379541065574156
0.04335983314638808
0.04213833750885083
-0.014050019011402268
0.01446243928898747
0.007083057162917535
0.013047463473099877
0.008719939056789763
0.005634393544468364
-0.019444831596698985
-0.008060827493982146
-0.00887337532393822
-0.004928847007452404
0.002220952039539438
0.01022285496325544
0.029111344314726683
-0.0008820118057038603
0.02841623671172322
0.00793541234050124
-0.016263591129285965
-0.031435878977681554
-0.01263386280774509
-0.011730784921204416
-0.007941071408880803
-0.008258656038110572
-0.01289915006561075
0.036179425410718204
0.0013628756873897943
0.01569753220374168
0.00975575789405567
-0.004586670502712768
-0.012758111087507438
-0.01693089252278878
-0.01371673091808822
-0.04246911937075627
-0.01862486914031932
-0.01851906174734373
-0.016583432244918744
-0.015576090161975597
-0.013081780583419666
-0.017489745362685986
-0.02095914186041282
0.002219490452345278
-0.014287804796303302
-0.011273308287922496
-0.0056291841941147275
-0.00042063397272250786
0.008844400789339603
0.0022852590432858484
0.0017194312807581973
0.0006933255454825149
-0.0027529068702326406
-0.020540589352067134
-0.003835128292275368
0.011457844171219879
-0.006204567617036929
-0.0022881530274468176
-0.00036695171416784776
0.00232800292334949
0.0024133377540563887
0.008722747265673052
0.01992033735050141
0.018993588931354048
0.05517347986069246
0.05641434741366032
0.020744786937659715
0.007334018626497044
0.009804244767707148
0.006186272171094001
0.00797411003287404
0.015336213500204237
-0.003529214877812337
0.011178707265464067
0.016548497600939297
0.010724623445618371
-0.007005721402792333
0.0048305889220323275
-0.03206521641651611
-0.016607051658664985
-0.01578374609619737
-0.024817604226146317
0.014187655217393957
-0.05282454910336476
0.0007344858995920648
0.01117941482630643
0.00393121084385957
-0.003515739950384571
0.03236428420676509
-0.055957290487995644
0.013062249202472537
0.03457532060511795
0.05629321419956307
0.053499017560110496
0.036571507904265846
0.020554722642940306
0.008979231797020258
-0.014707046871154216
-0.02345646673711533
-0.02163941561318918
-0.018766251785508038
-0.01574063080438691
-0.011950254014040025
-0.009216459643945204
-0.0056976947941526045
-0.010652483994505886
-0.0023223874012781648
-0.01566248619869788
-0.00732413828294064
-0.005935013480162828
-0.006612445546167749
-0.0035956977716295217
-0.004218159748656222
-0.0007174500069451391
0.0001861968647156986
-0.013030573762019944
0.005344105366592836
0.030076959186709596
-0.0011522443466456917
0.008980281017271602
-0.01091870229986421
0.007767102926881586
0.0033655815844512026
0.015859619785102884
0.016300838132061235
0.020913117538094137
0.02122702952473979
0.026880730639714377
0.018407035197284843
-0.00781094858457479
-0.05656316217688871
0.016498300789858627
0.02652685151101183
-0.03530323711431246
-0.07809890487274934
-0.06734789322997228
-0.010597190449479913
0.048969746721749745
0.04979768896040459
0.03731421723797368
-0.0029469301093146823
-0.016495061501347223
0.000250130376269346
-0.016870960120782732
-0.015857886556891965
0.016000442796005758
0.049067233796681244
0.05364870322831067
0.02700491947857103
-0.02502811781985513
-0.07290322648170915
-0.07707183435093694
0.0044183885060051515
0.06732579938964528
0.0016174020322256015
-0.021103247597679703
-0.007495025784410427
-0.02456325718874871
-0.000985899489560458
-0.08047778971300881
0.005277611432105336
0.005580223843938178
-0.025666703443223176
-0.01890819992761026
-0.03651826990739933
0.0023472407152566586
-0.0009426078529319984
-0.0027025522971338392
-0.00437204925911478
-0.0016984050509532876
-0.018869533152614037
-0.0016352074854001375
-0.0014692978360278505
-0.0015595112441902312
-0.0041416545505985666
0.021123551296078957
-0.0008519587244905161
0.013249947513946972
0.010268232785642262
0.008869946917231662
0.007016400856829915
0.005822340407457261
-0.0005011510938833542
-0.010452661291266329
-0.010285568432547776
0.030387951920583443
0.02841461838111662
-0.01715861248693649
0.0038848600450510557
-0.026014067292502184
-0.03213124911061465
-0.008552534328437085
0.0011986825073325908
0.0023197271364155804
0.0004917848191567744
-0.008540155737629477
-0.024616716375280845
-0.03919641218761636
-0.034752805197656056
0.019291225082180053
-0.019252731073886042
-0.018445808438399543
-0.038383380271019056
-0.001039051745967774
-0.017560829096866685
-0.0010085903967853162
0.0007304721889766788
0.01819620710499001
-0.010063826979908343
-0.00025633299186740327
0.03582152621187984
0.010442703983198916
-0.017586212607568794
0.0268065823005468
0.02144569567385622
0.017452462019458992
0.03632119321575697
0.0317395327564615
0.013368879486820941
0.008605853119988655
0.00017847645183582212
-0.0035731265341026495
0.0019977829561170623
0.012539123086070768
0.022863179120486788
0.04146019584047779
0.0530977289802919
0.07182683316886973
0.04438506040120137
0.03204769165368431
-0.018721062576962027
0.02214989140935504
0.03487330869011142
0.025041821848481326
0.0159406017047877
0.026062498435400525
0.01064476051920593
-0.05116279082689848
-0.023011013309163008
0.00799539529625758
-0.0006920192585054595
0.005406270348004589
0.03533987867108506
0.05890428366358349
0.05361190025147222
0.041865963470970984
0.05784772539641757
0.10326407275886523
0.11974706380775936
0.06019777221150403
-0.02576622708277905
-0.017293542049168675
-0.02150101086185925
0.007017754648368679
-0.0035057597195931284
-0.009987383326578898
-0.01445875341864775
-0.01743525492963972
-0.008256012222228458
-0.014394384403063837
-0.013957708759703669
-0.020808192047255113
-0.025956827636988866
-0.025694521547606777
-0.02148195807183151
-0.033488206352225894
-0.04003526863870521
-0.027673405042428812
-0.021441116498855047
-0.021014180106285515
-0.018548978651889075
-0.018322566084997976
-0.03238935742084291
-0.022473267987965968
-0.015809651223130806
-0.012836854748635116
-0.011574246393872042
-0.046810740162659244
-0.009405798774350658
-0.007924980881815815
-0.005932693837826107
-0.003794345713111953
-0.021255415185054388
0.002118755552920393
-0.06399237753399893
0.010004811808257536
0.014574868071221077
0.018133216524491767
0.019048125717694236
0.020004205412870964
0.016859362176243405
0.013649280987789586
0.01416521335151898
0.012446495025806978
0.016584814461143897
0.021013962438366243
0.03002907569895684
0.029763431890643226
0.029543577197105583
0.022293267353194243
0.011874846216510554
0.00154983013922066
-0.008784248199398124
-0.011229482042538383
-0.0034114097274349745
0.010708802958371502
0.023619691328544204
0.026566291836996353
0.023505663950830313
0.0148183913796486
0.011918859466655688
0.012275628430134956
0.010011618953515355
0.0033412525548881956
-0.008111949649716317
-0.019730880100484852
-0.017984299559817004
0.006966460207517101
0.03908716417090535
0.053369850894309824
0.04211765842232187
0.01356268678745931
-0.01016008407722397
-0.013250518773389525
-0.0035572085156667667
0.005605382576095794
0.010013387530507506
0.011271359447755633
0.011971796607881205
0.01453269342812347
0.022173170981615992
0.028218071406388143
0.024730769817732264
-0.013938234407567793
0.007562257927982066
-0.004803306262049818
-0.011678489555283802
-0.01216162759804543
-0.005613530283566665
0.0038488205458904043
0.011412123526523238
0.01769539718384035
0.020597692015093847
0.021037251880203608
0.032109723388420344
0.017441400400222733
0.010941968701123449
0.006402669787961332
0.0047151835487951365
0.004311696538808826
0.005864323567359742
0.007138480915768528
0.010411234637464026
-0.023720732975505227
0.013596042808967736
0.015164455695588544
0.015131538926689761
-0.02666456390384017
0.015032847139165665
0.014207947750649437
0.01213804345933385
0.016205104721329137
0.0046561978369081825
0.0043918084363898735
0.0022602509189109943
0.003774189836487715
2.532501843555921e-05
-0.0019175254481849306
-0.0044675771657779395
-0.00692174103331979
-0.011347538220220107
-0.015078153680463613
-0.02165678313519702
-0.021890691520619024
-0.021005195603852323
-0.022688360391360404
-0.027804078968362168
-0.03593576244199695
-0.03961318860258189
-0.026966779316680425
-0.0002243981330851663
-0.04713827030773831
-0.0610047082571474
0.024899183030498317
-0.08304503723428827
0.0013909188578142186
-0.016128848998077032
-0.042834404123998464
-0.03172819200291153
-0.009266441978598534
0.015101104329692442
0.017135472807104892
0.02172864720416104
0.023291742258060473
0.028235421212204414
0.022275855452912153
0.023639110020614997
0.019391983353693625
0.01199160020589167
0.008884846520913623
0.009022730678095186
0.017078942759772335
0.005499082692817053
0.002375450327798922
0.010263303211356652
0.004694445049041337
0.0023129388496188025
0.016672706853715448
-0.003553449281970288
-0.0009772265747436
0.016754098229962426
-0.003160262805937858
-0.0024250607359037994
0.012890270561268024
0.012675520398377044
0.00824047793563643
0.03177650320648879
-0.058047403145407295
-0.053016935870411716
0.01094360893329547
0.006982070087346417
-0.0019889352102032843
0.008940501780892573
0.019577416696990545
0.016010945812409905
0.006893688602701364
0.0017836553883079712
0.002829846168605661
0.00723542771381865
-0.003012104293166099
-0.010877475879282146
-0.009221376351201307
0.00039220037614120243
-0.005299277714047561
0.003572378592259309
-0.010598462993729055
-0.017149737238161697
-0.01600185088468987
-0.015215328425099154
-0.016284135602916135
-0.016109806660798937
-0.015760363760326454
-0.01666906910747493
-0.016369970747551556
-0.015621837936003224
-0.012365018089138792
-0.010367808563075596
-0.012988911606225478
-0.01284541700442228
-0.011884830577862101
-0.010814461909078674
-0.009633138521015336
-0.0082927469215397
-0.004751137480491491
0.01349720734554874
0.008067963387438423
0.005838585329607707
0.005316788258058671
0.0014356013500601175
0.0014905382968400376
0.002503946331314946
0.022283923621469078
0.006801562070275315
0.018437359999912802
0.008651201831361135
0.018035809454834354
0.009174757078883038
0.01002585059037962
0.010786354777330455
0.010407992903733506
0.009981922731222729
0.009094848621046961
0.007977694294370521
0.007094688761138624
0.006268689238038828
0.0037933490059581434
-0.02230071678384404
0.05124715154841764
-0.01127534259380202
-0.02023130444424639
-0.0017254716041421629
0.004047580220968663
0.002574099244953308
0.011846004986435513
0.014125919050971554
0.0052203482599090965
0.016715627566214416
0.01631701242127995
0.014745057672101
0.010810536980079869
0.012039215663125203
0.003745885644303779
-0.02464920824674175
0.009798340114532381
0.005576633710933549
0.010332565832423419
0.02028019686218811
0.013627944628241231
0.013994672268593302
0.0039335721192684725
-0.00793376136003671
-0.013988085354367144
-0.007438023821059291
0.00790785206064982
0.02495224391010113
0.03076484744350123
0.02558993663241797
0.019659523036576167
0.01782906132469344
0.011611585448999671
-0.004772468258053067
-0.02881232327581823
-0.0396229254669481
-0.018532322438842955
0.005220057972905276
-0.0034471164266326685
-0.026115991240392853
-0.024823189216720356
-0.004793502041574516
0.010511750685595542
0.016115852290220035
0.01768674403941998
0.02178638371784077
0.028420009121408293
0.028762089807491165
0.017501973667466416
0.00043423804206630496
-0.011341560043491147
-0.009738781843191189
-0.0028510230875879766
0.009582189615418032
0.02033789808761074
0.024328521992506902
0.012685467964639568
-0.010257154970523097
0.006857330879488246
-0.006920311950305255
-0.007986151002763918
-0.04954576079002737
-0.03835413918362461
-0.01739552403786142
-0.005158622159615494
0.004809385543760278
0.008167182487090783
0.012565245488016396
0.011262843113291928
0.010353404571678273
0.009344751231880506
0.011187092363556533
0.01240213768659494
0.012025176364296994
0.010676582831707153
0.009443505408050583
0.009934507565618911
0.005299458977755642
-0.007752067173843824
0.004810325488674877
0.007238953106402866
0.007820845460717768
0.009783735058445058
0.010609585386577993
0.011632623595066628
0.01262257986885974
0.013247065096684425
0.013685878521263834
0.015168817661219556
0.013944569496869985
0.014029456923509893
0.014859052416215305
0.01907759352761595
0.020151157647816005
0.013158214925411976
0.014233829161262236
0.01237879638784787
0.011778446342556204
0.015411775792707045
0.08146226726303839
0.007314535927744348
0.0057174855101218445
0.004588023083650066
0.004001353944792176
0.003783179849075743
0.00466924559895669
-0.0021670414963295736
-0.003930451557565898
-0.007347957162148116
-0.008669310869840076
-0.007034362669824178
0.005887234985590042
-0.00477991331393107
0.023514975644785073
-0.034639790549905555
-0.03535839260343305
0.05571019195442729
-0.019173469497143554
-0.047494680042659915
-0.04061358295966343
-0.04825857445546821
-0.024141673534528747
-0.02989744640777737
-0.03600906825270919
-0.03871215124913624
-0.03250492839284229
-0.03663137349485771
0.013388686176323134
0.027048173621889993
-0.013012585687488079
-0.027626480088151398
-0.02677105035872617
-0.022991499015210297
-0.013226527757744827
0.014736526797680326
-0.00906104411308183
-0.015799428803608725
-0.016385969293603482
-0.014935659535641525
-0.014526712081882253
-0.011699359347098781
-0.007793912875736837
0.0014107821885938315
0.02204538068351605
-0.014559036886902634
-0.005199982739426689
-0.01598816494301393
-0.0008225494604551303
0.0035955641914243936
-0.0005599691965244144
-0.0031129788572098463
-0.003197157531112167
-0.006911668104576279
-0.008555345545043686
-0.007735036293968556
-0.008322276294008377
-0.009327612132769676
-0.00920334106265838
-0.008815627832873384
-0.007654485941590064
-0.007405712301294263
-0.006793052089186056
-0.006655241731181684
-0.00622567011896525
-0.005101783973013316
-0.0034292628040798346
-0.0006642075134963993
0.004380566005563551
0.008365866053842838
0.007995062191627326
0.0056946498114542774
0.01152379790919162
0.019251399631260536
0.034019209128471714
0.01942218468051567
0.02112638862964175
0.02498438640328598
0.021220286300485024
0.011163164156921267
0.018155301811561726
0.040102865372680194
0.006251151111764938
0.024561934818248303
0.014354660813234577
0.010303567982031676
0.004408659180858738
0.0028683725841707228
-0.003957078459969701
-0.011997735113641536
-0.02940220733684248
-0.0497319966342357
-0.0032562125195679816
-0.032812141569563594
-0.03856108794880146
-0.01766856722867787
0.0006034241941074566
0.022812439771207785
0.003725157526130995
0.0173153192523634
0.025974887276042895
-0.022809148084110952
-0.05494050023622104
-0.035582025649375244
0.008522781343401937
0.04136707606587957
0.018979380690201837
0.021935335465966297
0.023801392194131937
0.008595678898889573
-0.005141812173770425
-0.01648632900205202
-0.01426867651495156
-0.010877279821782361
-0.0066036980721858795
-0.0032606181058056505
-0.0012842540235111174
-0.00044137996748078124
-0.001696228503796564
-0.027720867967480838
-0.0010387445575150737
0.0017187180491113879
0.0031121531095997536
0.0034122783821530717
0.004649312679567952
0.004515878867343266
0.0039359192346121175
0.003701740611493464
0.003360282724678549
0.0021707551472273916
0.001966717869261688
-0.0032882805397955487
0.0009961465944265434
0.00012846800686808885
-0.002344077526194985
-0.023628324765968232
-0.0036432549348024423
-0.004160528415160212
0.002171040380101088
0.005396802222167534
0.007293575725673278
0.007746538021599941
-0.010867270086553582
0.001632247688397456
0.007388931183669263
0.006289158472714197
-0.002290104229997664
-0.006574031793236438
-0.012215829314900542
-0.018180116489907982
-0.020530599636009464
-0.015374059528226586
-0.0032676470933646986
0.0021250765008148866
-0.015077195314985395
-0.02597826179635541
-0.057309637384049185
-0.046559821622552615
-0.01888622477165582
-0.0184222862896438
-0.017587754331749382
-0.017558640670210273
-0.015146743553687874
-0.007080612001954228
0.007327554250056528
0.021688048922823784
0.0249178453418353
0.024835505771498567
0.022377888712271195
0.019651624374434424
0.0065350177207086895
-0.02168364396738549
-0.04791470221280495
-0.04317910597430231
-0.0322835927682315
-0.04522074037883615
-0.045492748283553326
-0.017417363650916985
0.008572259481944997
0.019407624335137826
0.019873204134642164
0.01812002004119552
0.021698042369654676
0.019174908511549238
0.004740612720092218
-0.01205237503181648
-0.01887377088804228
-0.01685943360398573
-0.008931045298054654
-0.0016137780445331243
0.007045692504634177
0.008272998704748562
0.008790630458908134
0.005287476622236622
0.008776350040282849
0.027776019941962472
0.00869852890393846
-0.005134871620861968
-0.01018588996339676
-0.010518253950626291
-0.0610199841983788
-0.01170547321034441
-0.015426906565006795
-0.015080915769023397
-0.03223238872901724
-0.0034964103512494043
-0.0335467772439091
-0.014144088690078127
-0.012303319651193065
-0.011941810646239974
-0.08143255971601089
-0.014095255010373722
-0.00979147273616901
0.0032077617993078443
0.007558207999617107
0.05627507020546799
-0.0215861408172415
-0.023643909034228965
-0.09809715168677509
-0.016121419720849302
-0.01706525756104476
-0.016514626579553857
-0.010467999623618692
-0.010572334190739389
-0.017470422021377757
-0.017453347147001856
-0.017928987486447695
-0.018994417585553175
-0.018041337906179882
-0.07551786998502143
-0.007698866901680581
0.0105595098546088
-0.012189451298298798
-0.014325930327168121
-0.014155795789704429
-0.012285957751224296
-0.015608509945409717
-0.00867188168899979
-0.006062396276005415
-0.003525078707290553
-0.002042646570307531
-0.00015378760649313694
0.0024558855991305205
0.008340559039773295
0.01108128377619778
0.021181315549405236
-0.006566531802601019
-0.054668066432234375
-0.026657034242587016
-0.007396441670729414
-0.012070619280288297
-0.017320989059294255
-0.020469891457157923
-0.021565330684722876
-0.020476351778605704
-0.017021022740932215
-0.011577454553582596
-0.007410786545599964
4.437897335613584e-05
0.007107685500773124
0.013160968349142311
0.017639536310011212
0.01948310075746708
0.018478321127652807
0.01467487723345776
0.009996701271184665
0.0034022660832450915
-0.00030897282957550244
-0.0033639134387962134
-0.00457094380857959
-0.003745330631118731
-0.001267727969643977
0.0023270553389899986
0.005987109569792171
0.00840263286245543
0.008144749952442467
0.0046310595909491445
-0.0008313028744217904
-0.005043343495433917
-0.005453967240293292
-0.0035168391906536278
-0.0026640400204494307
-0.0010389348988232973
0.0029020124824966206
0.001314169314675778
-0.005265684592825825
-0.008391422241998561
-0.008840511945052048
-0.008521792798191527
-0.00589029021299973
-0.0010999940687750522
0.003412542093656432
0.005833915053032917
0.005661405970186075
0.003086442327347561
-0.0015900790260844203
-0.004699573587547765
0.0035750301897476337
0.025907185209608052
0.04446365504878515
0.04480177892161132
0.0290217396854501
0.01358798108078318
0.014708519810716345
0.02636329482565393
0.034468529088061944
0.019208307812194736
-0.013743568849085605
-0.00865432405585865
-0.008654752449651085
-0.00943763924530664
-0.00917137794529174
-0.007927217705858804
-0.007389432725326371
-0.0036222099684550617
-0.0009528481874788825
0.001431282663422678
0.0033319013701654902
0.004684987142278814
0.005242402830052264
0.004161497269377792
-0.0005389142061414121
-0.012047734588089947
-0.017448822954577323
-0.006612423842636831
-0.001258346805051415
-0.001331291366068748
-0.0031704013151456936
-0.0050948368566986315
-0.006342844917842959
-0.006383598041078584
-0.005064858394697339
-0.0026758778363975954
0.000742784880900745
0.0031195320848058303
-0.0002980910453027467
-0.012013963064715123
-0.027340174540358808
-0.029092435597915266
-0.01944437384399367
-0.017815873698876238
-0.0144960715806987
-0.008380553762209298
-0.008491945755785246
-0.011861863459390453
-0.012518765768224494
-0.013223554212426727
-0.012633754107551446
-0.0067675833312860105
-0.0019339152083414062
-0.007937250205098155
-0.013994138766140954
-0.01355210452482713
-0.011229191919555171
-0.007410483950323459
-0.0005128012815574375
0.007561983570446303
0.012938379345375232
0.01314696833793287
0.010386430207216742
0.00662531705017578
0.0010577078717938834
-0.004497496498952659
-0.009607406202673089
-0.01633587635098639
-0.03784058625916767
-0.07044511568072678
-0.032500867806154195
-0.015572819634362927
-0.005647738515751985
0.0014382663101608904
0.006651956276311395
0.010360967803167902
0.01198931924409655
0.009079629601310604
0.0015256966864913026
0.01214724159121101
0.015853700568977953
0.018526611848564748
0.018423093229370534
0.017440082826979356
0.013255066193995304
0.00978295421521956
0.004068155238849993
-0.003640294764411778
-0.009455561269239172
-0.0071450616456523765
-0.0033223592373957246
0.0024453420262915545
0.005637464207755448
-0.0013361945514518887
-0.014310943605333018
-0.0048201997746269406
0.028616865599018906
0.038491087902361075
0.012515383240459931
-0.008614067539292568
-0.0008934649842817558
0.009540724993304498
0.008247612684093996
0.001418446914430564
-0.0039691140058848665
-0.006521735749769987
-0.007210129905094509
-0.006242913617959345
-0.004609120600521861
-0.002645572014524403
0.00030110864200949143
0.0030532746352243826
0.004095361219382181
-0.0006346410975501749
-0.01146769901226106
-0.016877178004523003
0.0005904097441296201
0.031239801939278826
0.042854545965930135
0.024316769551476252
-0.004163013662149984
-0.01321825075451602
-0.004107323967001033
0.004809159511907286
0.006801685607608578
0.004894683494868848
0.0032900862305494556
0.00474831797812695
0.009570838390623249
0.015607702144094942
0.01906388656187761
0.01779072695819266
0.011844688430223611
0.002986270686129441
-0.00582457857052686
-0.01226936147599987
-0.018912352829067367
-0.02137053572779707
-0.019548315861319027
-0.018684956010885274
-0.016772279138326154
-0.011846811521540006
0.0024282238218305548
-0.005950184453801653
-0.00023089699483077735
0.03657813925727279
-0.0013964521307485175
-0.004048926160940237
-0.005787436438547267
-0.00840418549194204
-0.00870681681857428
-0.01101000642237361
-0.01248675211573905
-0.010114321226701646
0.01619835438047063
-0.010109066458371792
0.004992024060517496
-0.01276022069967386
-0.017728173034414412
0.007766570201093521
-0.01018724638981913
-0.024147070628703943
-0.02560575432336754
-0.02567026356252416
-0.022914348563549524
-0.01373091868959232
-7.091598966083925e-05
0.02685129076268125
0.013350694157531304
-0.004284367763774827
0.023896428870476372
-0.023085171706967684
-0.022798557302236233
-0.028954906786802036
-0.01810690786931645
-0.01693846008750959
-0.0043906689758456425
-0.010056724663747574
-0.012610593283841573
-0.007298693793795663
0.013065711937782177
0.01712163695124077
-0.008440392579780997
-0.010687321278716416
0.028045517563586784
0.059614015625473145
0.03775765555803993
0.009305158771311299
-0.004106005453341422
-0.008608039842796874
-0.00814263644627623
-0.004787252058028109
-0.0032258174489122613
-0.0024044316512268345
2.1930883776019295e-05
0.05238342652205106
0.015232768588793888
0.06949264583581155
0.005752650825930669
-0.008822848022943227
-0.012513359976014049
-0.01582722992413961
-0.01870366950800841
-0.018151424209415967
-0.01102191456515106
0.002775445661716002
0.02599543582497401
0.024258892438830764
0.04221341040831836
0.05136266569153168
0.04855184919640184
0.031116514711792564
0.046950631195163725
0.06562187462618259
0.05610935295581761
0.025036264697356318
0.019578961077495106
0.006221535714005825
-0.009605425730378364
-0.012524140265015294
0.027370510108827812
0.009572863505181958
-0.00672405527511523
-0.004829009324734928
0.0018663397003413557
0.004710936902026481
0.005785363644492116
0.008437904270328174
0.011947008546706874
0.02528541167104385
0.040691558686775445
0.019260875123515278
0.01860430784470048
0.046627295690076495
0.11612671535016159
0.020022109025427632
0.010883565201631612
0.010977926460238976
0.01138395641928664
0.01096870066642208
0.01040607609079446
0.01098816465675217
0.020582945930707478
0.02779147447937342
0.011431370319644276
0.022093831633742126
0.025773192417261878
0.002512943897986732
0.0004057592689201395
-0.000765514748159818
-0.0034742142988849196
-0.004336863581591564
0.004093163285998734
-0.007384971602999849
-0.00967758535557441
-0.012263958918501879
-0.012932030999446516
-0.011097843027023019
0.021270988405023457
-0.008959918358279912
-0.01799143727190608
-0.018747509453578073
-0.018307248344827824
-0.0179561668064491
-0.0162714676885545
-0.014037600279572439
-0.0026978123052512687
-0.0033825623234210083
-0.0031528502985451157
0.00021449688971650083
0.011024941608132008
0.03756377158379956
0.0015490460808044262
-4.02252525342219e-05
0.0008845766815915071
-0.002179004540094568
-0.005195487724583693
-0.005560428904200078
-0.00381967159859241
0.002233132999227237
0.010161029189804171
0.012407965687203707
0.018917450032946852
0.022443961508584232
0.02183409328639877
0.016432402360002946
0.005050748085378324
-0.01133939314062458
-0.0112143802788269
-0.012910079298477843
-0.010982987280567383
-0.004953253076319293
0.003634917544373416
0.013492470117626078
0.021109549247348407
0.034114765369991404
0.03287955900031807
0.018610077951034112
0.023662695071184684
0.030204980799281404
0.029572958778035775
0.020929233866252676
0.007980387390968811
-0.00032413807702263227
0.004386100823107549
0.015370011183841225
0.020372643732225377
0.015413317143612144
0.004451151333636356
-0.006635723716497537
-0.01342003828970301
-0.013727363928850461
-0.007411105588868026
0.0032042068518951757
0.014559197318803641
0.022594104328312624
0.0256672676815336
0.02381033104923369
0.018501392560216424
0.011525911418200497
0.005852406208202018
0.008914184474636008
-0.0025395286795234784
-0.004871334505907649
-0.004727046400365831
-0.003289954912250848
-0.002274438446131167
-0.0008693363102769346
0.0015551326571744983
-0.018056952516330226
-0.026660509452211736
-0.00846524886957437
0.00612782125384218
0.035630968347249554
0.013542144051624443
0.0056179069427805236
0.0010519372981200384
-0.0012176731092837549
-0.0009758995939131145
-0.0020608868312409494
-0.005123894590546227
-0.005752242308897151
-0.0052750036741956744
-0.004290391701728757
-0.0023818718887818704
0.003175718424770523
0.016422741734240024
0.006761300772223085
0.0062614942149349945
0.008978272388379041
0.012512534071217348
0.01408944112960014
0.011232617499738405
0.0012655456045737067
0.006372732785022222
0.05309487443008376
0.03901743068425908
0.03386623309623861
-0.016730709941591457
-0.013604849041204879
-0.004725675330078948
-0.0008888077126582998
0.0019256356804179648
0.0021601622095584775
-0.0006628881843552957
-0.0014830776668354512
-0.0018125662006876588
-0.0018870832971807046
-0.0017462874064699345
-0.0031368379900781553
-0.0023461235609748402
0.07176135571026716
-0.0030736565855747494
-0.0051523604981788635
-0.005084108504270296
-0.010518667117060043
-0.005261384221729533
-0.0005301852314821121
-0.005212095482266934
0.002774907550227895
0.0583592512308786
0.09924434369995563
0.047798637742726004
0.01693912733292269
-0.0011992278120633026
-0.010019468808878225
-0.005938919447745809
-0.009900138733141493
-0.009435666744702469
-0.009164245034890698
-0.009281316653848255
-0.009522564239858327
-0.009893773500335833
-0.010233854934778481
-0.004049688569018782
-0.002000786884236828
-0.017512744148578226
0.005819555428855084
-0.008618376608227441
-0.01164144641270884
-0.012543578696709405
-0.011598067024968631
0.0005003754613631954
-0.013053932665530114
-0.01340566132785777
-0.0012184885764881274
0.01470023959390943
-0.012153107628585923
-0.011199099638421037
-0.009443600387988804
-0.003945778499440303
0.013603583191185013
0.027490454270442603
-0.014670304433007111
-0.04028095745771231
-0.017978709735397475
-0.010897047764130306
-0.005464786556567178
-0.005571268207062318
-0.006539245572430437
-0.004133917324995293
-0.0007300076848497966
-0.003660233571518011
-0.005340074777646321
-0.003380022806988765
0.0003081406432818531
0.0046908780190250375
0.01132986797892827
0.013764568449985406
-0.0013761431792626143
-0.027367994360957607
-0.05222156899420282
-0.026248964586470545
-0.0035772993732574843
0.009014894059975291
0.0084315128612415
0.004644734663696652
0.002529491691999933
0.004787240178562121
-0.0005775874156909028
-0.001212136161317644
-0.0012792644258619308
-0.0011371783997391144
-0.0006182036641272492
6.178381233784252e-05
0.0037383339306398607
0.032218535006042534
0.013017081219943221
0.004735619337151218
0.0011185055079121556
0.0012591515025211198
-7.274812454204554e-05
-0.000336906390244427
0.0018674095283392434
-0.0014330485017041042
0.0008277235844570412
0.008027812350461168
-0.003602120038703348
-0.0081197554539111
-0.010806339607162808
-0.01411847272718555
-0.018952099154930416
-0.02710951435358653
-0.034705955633124515
-0.03497754746342633
-0.026212862032936556
-0.022084187273522713
-0.019535381595157768
-0.02093945194952612
-0.016514634584732617
-0.014837488297244955
-0.011925938577198859
-0.01104909729705018
-0.005650403788374647
0.00014714415493585894
0.0053812210969822385
0.00925485616230484
0.010794874793485575
0.009571628804798796
0.005688557446412839
5.1542777157744986e-05
-0.008877073018778468
-0.005895264205086668
-0.004040899185699206
0.0004786623584819021
0.005511546646850922
0.007051667881507103
0.0015024753982006186
-0.005183014121916856
0.004125998549159401
0.030647323100590988
0.04892752273404077
0.04326926848287773
0.019354033162437972
0.00025761570969224463
0.00016824747594672152
0.007700585078840699
0.010309361848155707
0.006435189674395787
0.00033914054373562514
-0.004757107726019304
-0.007718607275198134
-0.008389403468660428
-0.007762467546105141
-0.006530493378028953
-0.005297168885296011
-0.006148735726160558
-0.0036690286091502493
-0.002503321455053549
-0.0022772251820456623
-0.002326230411286448
-0.0025451685095610613
-0.0033721560801443537
-0.0052431477103902025
-0.010224344266432478
-0.008918959450066693
-0.006678791618199975
-0.0064612197995624855
-0.007041296178922918
-0.007939517887864383
-0.009590527371552266
-0.012829806046887382
-0.018490527327699135
-0.01856889834463771
-0.012575135075893773
-0.009116559877105305
-0.00778025482084707
-0.006743417832618527
-0.005454986894597054
-0.0038100332501185812
-0.001861968473707911
0.00028836436632762215
0.002604925422041573
0.005040474300507994
0.007372353146718486
0.009037417813702564
0.01068366416157884
0.011934266832565099
0.011867933968968316
0.010528552581722504
0.007656092564294263
0.003321529009555313
-0.0020321446095282417
-0.008046838846445631
-0.014406649368595337
-0.02104898867910619
-0.028277842549431616
-0.03375006777800298
-0.03158424507111994
-0.0194717491889506
-0.010055423845584468
-0.017990286820136665
-0.03427936364486581
-0.04499883338011352
-0.04705423958190124
-0.039710206710613406
-0.019696101115810737
0.01394812607796651
0.050803060780268215
0.06762651762994612
0.05013021489831408
0.011133090694595468
-0.025094676898207227
-0.04534229988917844
-0.04980129525818532
-0.044573164209241074
-0.03562321935093365
-0.0263922047803181
-0.018141898772257865
-0.01103688119125498
-0.004898690295243141
0.00034331856582550544
0.004715530589508114
0.008133675755171729
0.010741734166826875
0.012655339126389303
0.013802439087193563
0.014325522021493309
0.014374244164103827
0.014145705421626471
0.013767021069117083
0.013333182322411128
0.012974520350954913
0.012804247764954839
0.012838968921444791
0.013003036988326458
0.013354487068658251
0.013811235226089166
0.014320494913258798
0.014726012760734819
0.014868003961348734
0.014535665497813878
0.013438190202839784
0.011320933130938845
0.00805645569387961
0.003578269363926769
-0.0020248899052295734
-0.00860279429160552
-0.01620826909631462
-0.025060117241054756
-0.034913613186459386
-0.043498092705133606
-0.044796060044519574
-0.030019041079835076
0.0031839575385191163
0.039083211425727946
0.04871474520683627
0.022839866439449755
-0.014681465874300444
-0.03917172589485741
-0.04494481799410762
-0.03878610510474028
-0.02872913498158471
-0.019021585563849676
-0.010643665686805547
-0.0033715986161008105
0.002924188742409453
0.008111774819772238
0.011956487841890804
0.014209362070856919
0.014861105486606976
0.014112218553148247
0.01225423714507008
0.009592884359255118
0.006496113608056231
0.0032574170954179993
8.989820969434582e-05
-0.0029073659499474925
-0.005617240772381129
-0.007825658940577674
-0.009434859961230708
-0.010768843854226925
-0.011866246190187293
-0.01224043985703839
-0.012617884407803946
-0.01289061139528428
-0.012826501670374203
-0.013349958299663062
-0.015288286323231986
-0.023704195136653037
-0.05644774089995511
-0.03756588644070923
-0.018688717867714467
-0.016304999752137766
-0.013728023828048901
-0.012846354915007982
-0.010778387265264153
-0.005730709299327821
-0.0023459264357537923
-0.019293264012762528
-0.062189559588836846
-0.08385686736729336
-0.06563489243718804
-0.021551732003990274
-0.002812920236297503
-0.016018215948275395
-0.016831052832292574
-0.012492398280021126
-0.006592598810874667
-0.0005032775754772174
0.0034080933900219237
0.005594953234687194
0.010682350751015922
0.013138913632600618
0.013753696245794323
0.012154823021494402
0.013504279118642756
0.014935879093523641
0.011408155046142024
0.015867402373968612
0.015886003850272414
0.014889450907904214
0.012283392591028156
0.008535460790660936
0.0029291545510522726
-0.004617395882379671
-0.012434489122220612
-0.01701899499548672
-0.014333049683916495
-0.0034491261316933622
0.008593083155495078
0.005578752565672711
-0.017699291456040184
-0.026366415174290257
-0.011149221662785409
-0.005501610726791663
-0.019815163880370308
-0.03271708191759337
-0.016987099406841386
0.008067841016593686
0.01009316002085509
-0.004171062067991068
-0.017236353265774662
-0.0203114917548652
-0.014403010348897982
-0.00516129893571525
0.0017231649706651744
0.0037649561158509155
0.002988875341431199
0.0010055848600028974
0.007873375840753035
0.01084083964039744
0.018861074356312495
0.009789945320173703
-0.002925797518484249
-0.011225311697538914
-0.001959883435259029
0.0015277790341408715
5.556547777419103e-05
2.1276191335807103e-05
-0.0003981402288872261
-0.0019690724969406554
-0.002837484075520549
-0.0036610468201721752
-0.004088692174880034
-0.0020042284817768804
0.006761689600970798
-0.0033399200128127037
-0.005688180346525738
-0.006214254883241323
-0.006423421449808106
-0.006204400332939115
-0.002919181576706884
0.0034729140791066606
-0.006179653124487869
-0.00665447920358779
-0.00659699833986839
-0.006473431835877932
-0.006716686955262635
-0.007454311297152841
-0.005057326374702322
-0.0011555956621400302
0.001014593319140016
0.0023393462106524694
0.004804109602968741
0.007506971994570404
0.009938688914244459
0.011333145168355733
0.01275853372179592
0.008590820136640186
0.010474169556864516
0.0001367925879183089
-0.0002802624911194923
-0.007990873437219295
-0.014232219765889488
-0.018593000297222464
-0.018859606375502828
-0.013673968606736864
-0.003524617253824099
0.009300756299146277
0.019924507599046473
0.022562885617695694
0.015145041611002672
0.0051638101109764845
0.005086444442200769
0.014853175391215761
0.024444595576614634
0.030520511378461287
0.03927262984465509
0.058940652312322483
0.03457248506728172
0.021156297035424064
0.024139507476198665
0.02469171722326184
0.017063625594614433
0.005047847208056022
-0.006915885554614534
-0.015292958039465026
-0.020066483233613697
-0.025003418830941315
-0.028599243315184004
-0.016896042539113778
-0.009360422074450928
-0.02018984534554769
-0.030474363556077494
-0.0008149707600677035
0.009444177923578543
0.011357112880399435
0.011544171265378307
0.011130147224478132
0.009931635580051456
0.00395972802171584
-0.007400693330019413
-0.021423609932924727
-0.00968044671450786
0.0036609660499486584
0.005514867163664731
0.0070434821884668136
0.004221538666338085
0.005515256589575358
0.0037677667319964206
-0.005686409175525846
-0.0018493171698598214
-0.005244082015549874
-0.009084885786562611
-0.012319684062439313
-0.012273312885515399
-0.010302995874180003
-0.006141138978089401
0.0002988800355586308
0.00758722178998231
0.013142040849678337
0.01399490582069213
0.009628256424318101
0.005201990294748874
0.008231457714384976
0.017275479823555658
0.023999562609457136
0.027093061443979563
0.025816536433290002
0.020556226665645678
0.012498998130040854
0.006452152779566986
0.008348115715396285
0.013976950983893779
0.0159489663443879
0.012103625751268002
0.00484400510051858
-0.002684691924330096
-0.008506695521920822
-0.011158064954330854
-0.010946860367825792
-0.00837487739245337
-0.005551689763074546
-0.0014859056560522072
0.0022704642306480656
0.0035080413286014984
0.002769533872526847
0.0004638412977627691
-0.0030398476958266598
-0.007506344789016478
-0.011790566407450694
-0.014610034350036513
-0.013055458061891689
-0.01573390884823125
-0.019817622679104814
-0.02122023056198856
-0.022717407590488185
-0.026128598060031347
-0.03196852524285897
-0.026734215305967948
-0.010910587398454071
-0.014299205973495701
-0.014940694567108472
-0.014826351995471639
-0.01179150308918419
-0.011711782610011486
-0.008037921948080583
0.0017132923454616577
0.01120793627613054
-0.001564997209147146
-0.0007822709808915739
-0.0012663678320901394
-0.0019436404447564408
-0.002578361074312826
0.0017351985143310815
0.0018235921388418685
-0.0024067418487232887
-0.0011792511280167713
-0.001383819083723699
0.0017306387995391294
0.00925690206633549
0.005815839280713904
0.011052793507752361
0.014065684243781006
0.011313184025829844
0.024771207633806486
0.011861401225527018
0.007060196417695772
0.007007118790339222
0.00912484745685124
0.015381128085187068
0.010756142747687755
0.014515516880310391
0.03413558058233359
0.011178017023129674
0.011715064423312152
0.009418083565791447
0.008782467573551668
0.008785757063901597
0.018310937485355238
0.008683889054277413
0.008900279094624286
0.012487826881960885
0.01054735211206625
0.008126100923005041
0.007842081761403096
0.007987935639682127
0.00804708585457042
0.00818795843918926
