-2.0574066718584644e-09
-0.0032853678731943024
-0.003271349310707433
-0.0041338990037666406
-0.0055075486118465
-0.006827563200235611
-0.008060632411242254
-0.009340552779788723
-0.010308853047464815
-0.011156560329287721
-0.011989366427861227
-0.010749018546087947
-0.008830901691210648
-0.007872402835242516
-0.006005897270132098
-0.0021780851232220057
0.004420438565588423
0.013797876255522085
0.024356082987669857
0.03063852200400191
0.02757361548053715
0.06628093655462786
-0.0050291008185976895
-0.012296536341591347
-0.06688074750115038
-0.028493700860331102
0.0039682105366964475
0.013574197238443117
0.009074029089718832
0.007723058764240121
0.00039690222454448606
-0.007861855234969755
-0.010573227958227469
-0.011848725745473838
-0.011794338183116813
-0.010511925393439257
0.0034819100413624924
-0.00593937144614498
-0.005994546070267126
0.00019418600938420316
0.0031234630385621734
0.0060653621760397135
0.008710874472884692
0.00858632035777054
0.010244557940972126
0.008944879028801561
0.00574809269828302
-0.0018212730927617924
-0.01372724654978183
-0.02663945277459033
-0.026949532878622576
-0.02575821448477086
0.08335945726212272
-0.08512740813075036
0.0682500681297487
-7.40959511460869e-05
0.06171094584249148
-0.05523038052292651
-0.039615213687032434
-0.013200928900414702
0.018428884745127532
0.03694283253967441
0.015930278150523787
-0.016335089117626038
0.03150817662485824
-0.07953451856742322
0.022732647479376266
-0.021294331462841386
0.020031230819264695
0.0025408936859387396
-0.009176527238241985
0.0003531622703381466
0.012118848682091897
0.020676023867854974
0.025904415887234744
0.02767217982187956
0.026244108561002816
0.020347726115674432
0.009213940019086672
-0.004849847495508503
-0.0007034550417336074
-0.0033349736491648015
-0.016160739231025973
-0.011284026683262727
-0.003577961756925884
0.00023733437631974936
0.0019641267559420516
0.006817505451179655
0.014616699311600331
0.003418585498511459
-0.0053411416892562135
-0.004881314733395542
-0.006843290020266805
-0.006176948419649406
0.019991689594600546
-0.0035361106579160184
-0.027207331498007994
-0.0019061619063332222
-0.008458620631283706
-0.011467039978396959
-0.009382601602630361
-0.003384742325062109
-0.04467807611877615
-0.003998385839384787
-0.01828672338299292
-0.0059441338556183825
-0.0055763930406722865
-0.0037640971575816106
-0.0004638175439845663
0.005325113755805166
0.0145116908106301
-0.06806635538975178
0.013801382418544013
0.009888949775409456
0.0022148575906614106
0.008566308420367734
-0.05513608169302219
-0.057274360807435906
-0.010386195734028032
-0.01327693071616477
0.0625790844156919
0.03701481834005583
0.00046010669045305823
-0.0006652605842209801
-0.017444545029273343
0.012334573990386372
0.01728506139130008
0.008740691812883348
0.008642776799284298
0.009736926482559142
0.008706276134925547
0.02191443302093947
0.010590096236186619
0.0129400248733096
0.005856305514600551
0.011208822571218614
0.00952541290250279
0.004646343716874376
0.0323045718577731
0.031445528379787376
-0.002861914022406255
0.0029719707392552638
-0.08883794910701866
0.04691760394963101
0.05879469299494928
0.028975165129549774
-0.009386349183431678
-0.010687880852717041
-0.004967687216169273
-0.01425113676400269
-0.004472924086607502
0.004727148726598949
0.0008873350613299613
-0.009048461896259663
0.06406090185526278
-0.018661111559603743
-0.020732643280235986
-0.0296624699359178
-0.03071538332150705
-0.03181280868893619
-0.030927103125373376
-0.03327681025386343
-0.03310520851043361
-0.029751618718650338
-0.016537104579579937
0.08391259344404692
-0.011064610116799786
0.008784177291673186
0.004929515484494683
0.007197821810923404
0.016299575664693408
0.02090889943763138
0.017568471339564434
0.007963855817666964
-0.00679734681270953
-0.00574545038925269
0.01044791132183728
0.04946829659226133
0.05322058627900649
-0.040652257883290556
-0.060265168865145005
0.040404088112165594
-0.03632049085161311
-0.003403708197214509
0.010297948470995391
-0.027597927364188566
0.08201219343284945
-0.028496895208656354
-0.01742862362396939
0.03189570257403246
0.015969794269756588
-0.025502199564776378
-0.053184477587879295
-0.05861460710028779
-0.05729599942694707
0.015264635299472081
0.0311886984630843
0.003793253322774608
0.004888792481496038
0.011655707094456794
0.002428789217732654
0.001308744268496407
-0.0245171358388405
-0.005382089233752571
-0.005008562012679618
-0.02866309598046823
-0.012675450588694473
0.0076135156870660095
0.03779107505992429
0.035881913057829486
0.0411328903469483
0.01592464933282423
0.01179390196649823
0.006703144451059207
0.014955792326581785
0.0861199201256413
0.007054445374333539
0.0007059665271854903
0.00026193405754210765
-0.0032092434778895748
-0.006357082496757261
-0.010386759643988745
-0.017488554243287935
-0.028737621009260427
-0.036609846077186065
-0.012793716647943234
0.049937453217193964
-0.023755054858692455
-0.045007262925117836
-0.03297964773021657
-0.016031009217842555
-0.0044994134440391065
-0.0011423646830115485
-0.01916619258930514
-0.018745666667431132
0.012498804576266025
0.004098932576723605
-0.06315208903075648
0.0008732691365851111
0.04058697560655818
-0.02757315522726405
-0.02317562291469263
0.02669156492787845
0.06575445868237216
0.0012244244704185624
-0.03829739145121194
-0.043635723355048534
-0.021013339704780462
-0.04082860363289726
0.05365305329014844
-0.029447198305512397
0.003109025582746932
-0.021098991245827585
-0.010099287540306059
0.015887108861642366
0.03485821081723586
0.016601109222150075
0.003351024975889777
0.042797283601819315
0.010828226784472251
0.004069090263154816
-0.012078609947514899
-0.011042555360476906
0.01952708690107231
0.019784233769040836
0.0037820304443462373
-0.031906141936487255
-0.02805387109573445
0.008133191463079344
-0.007390331426597385
-0.004101191740311156
0.0018575601008537289
0.018181115992793026
0.11828611404228834
0.039311644452828
0.020068899562336585
0.011559853511574262
0.0339781653532356
0.01276670930811189
0.01830375707218675
0.021592091318625828
-0.20549056255634326
0.011410668241940479
0.009466458377526882
0.009038982627130982
0.011641270277202699
0.031068412049783698
0.0223874790285407
0.010008537087643318
-0.13442598397198766
0.011249912221812455
-0.11430799479380048
0.014041692549215251
0.00596489988677059
0.034030562673116035
0.015171525130752008
0.0128553281494643
0.011947599521886162
0.013006378710963863
0.005493676989938606
-0.0016880476255863718
0.012290846484960444
-0.04375272119144075
-0.014925982864782538
0.011216318446109057
0.01499530033164471
0.01227659121449375
0.01282844531085626
0.01370979039690264
0.012718854645924147
0.023731041680836767
-0.011292585307075014
0.005561784365364356
-0.014003539162061294
-0.055841366221430565
-0.022212407247476015
0.00722889792179591
-0.02916476231757792
-0.029527678047152443
-0.02180024123655879
0.014707309577153419
-0.002513246762193181
-0.020988243299763107
-0.06808995239074778
0.011079660020049734
-0.02802128745305912
0.07097881995890831
-0.006715228401868288
0.05883916745426013
0.0051150657585675415
-0.011682530381142637
0.004552796556229458
0.02631211879625686
0.08761337627312449
0.020454467350648337
0.003826457113777638
0.025156634390766153
0.04008885743038106
0.029688865238449654
0.02036403542154552
0.01442875369846863
0.006932874470118804
0.001607914369506559
-0.008878487226137505
2.317236429888965e-05
0.019615386542413057
0.0040077221063354335
0.0018773189995498283
-0.0034296625696448404
-0.028732645552805948
-0.015506719666441906
-0.024502518206676677
-0.036449887816058776
-0.047233252172099074
-0.036202441817668934
0.11381072675932268
-0.027269196871253943
-0.03875967055060092
-0.05642537263537501
-0.004311050284024521
-0.029969382480055876
-0.0028853753256660028
0.007622423298616042
0.006485400134438943
0.015788323062922143
0.01574522927452538
0.024194058356463318
0.06717759317208728
-0.005171236530192205
-0.05538835110432975
0.004417138069959319
-0.000734117249912697
0.0012442609925820706
-0.03722911028377175
-0.028161751908783488
0.005793015544922322
0.026183335060083062
-0.053732953606421864
-0.021844609401493086
-0.009510143421967385
-0.016492397933064788
0.04005068627139672
-0.018709166897367194
-0.04121703706948014
-0.006672883188734111
0.05577334294759924
0.01129722483169146
-0.043809429454684454
-0.02540388696722488
-0.004161656276058036
0.0033495528762581793
-0.0006976357256358785
0.020475602452587012
-0.019626876783716773
-0.039459807972782784
-0.01421439710826791
-0.021924972570284675
-0.08978844971287249
-0.010115538844756557
-0.005639450721909168
0.16393014402697956
-0.022502954874109284
0.007312889958807161
0.005914914946373672
0.008971350204264436
0.02114518725322075
0.025945186046212133
0.02196608006471869
0.012438980599374096
0.021680684607244257
0.01935115365160628
0.018464925259752938
0.005421490432287552
-0.07883327234119862
-0.034402422575721785
-0.013144800655085189
-0.017855102186562114
-0.013522520347170637
-0.017232483684024382
-0.015302644748896478
-0.0081818509818865
0.016597207416489887
0.029690032868322842
0.01229186337478199
0.05539250536131115
-0.05176903979115147
-0.004222411891339175
-0.0297629265229918
0.007153992981863091
0.01613928445128424
-0.0009291889304517286
-0.018008968018677855
-0.03390064550660372
-0.03498936912400323
-0.0033682999125069337
0.02320048829663358
0.014898110782391012
-0.09296300079016408
-0.03755791666815488
0.04656445652302035
0.06432283605103713
-0.07356133314381903
-0.057494135320829094
0.00558969491325164
0.027040341788266215
0.004019858288071571
-0.019415858125646675
-0.0020022994649898976
-0.09544491000998065
0.005094327370477034
-0.016346594439740684
-0.007983406442865397
0.040265947580700734
0.06582910591718895
0.025936059272745986
-0.001204066605321599
0.0066093203068595
0.02868734922408595
0.04172711919262178
0.032367525776349326
0.02998564595239344
0.024396970218269982
0.028826299796110774
-0.03133397239326875
0.009471563338665662
-0.014913780680781457
0.012072298234723895
0.004219837768999167
-0.010023786148175758
0.030616852087652767
0.07758763956801529
-0.046028027357575406
-0.015833748405866554
-0.04612571742662351
0.009105047917381785
-0.054452530679054006
0.022096167442140574
0.00514030944994874
-8.132451481432794e-05
0.029364396428176336
0.022157457657029932
0.010231057548974276
0.05873148987482353
0.034164712047562405
0.007579100869011501
-0.05562823125724945
-0.07594747101469926
0.005907587473254559
0.05420073629053543
0.04099184867235155
0.05651155028700246
-0.012366954602365088
0.026059295864699912
0.012194246042440324
0.010449337100377525
0.01253116381188601
-0.01531163433499986
0.0023208605084510388
0.005977312815729868
0.015578765160570947
0.02020664902845347
0.02332817291412028
0.025177863415684447
0.035226407178322094
0.033653075851825115
0.02206941130245195
0.016821391467068368
0.02611034254755454
-0.0010814796045868905
-0.03116324980707414
-0.0031675757046219087
0.015555249992470236
0.011477812148788511
0.005908353904246821
0.0021347368378600733
0.050669708632427604
-0.005925446416426308
-0.00424757598414443
-0.008220048008225187
-0.015374144530820689
-0.02732662064302402
-0.014009391700268931
-0.004910727175701466
0.009465554077075089
0.007206900731653235
0.013972396206209152
0.021894606146964046
0.02120933571846695
0.023202494317116174
0.022255688957043895
0.02006015862309611
0.014072290860195494
0.00627368710451783
-0.0003684066158274626
5.6189187009395396e-05
-0.009029791910661349
-0.004781739208136294
-0.010190064043956844
-0.007644309767825644
-0.0015938391133878257
0.0007765570246986198
0.0026554731321946664
0.003953259893791443
0.0036984697437212003
0.002228375224325761
0.000263465972218211
-0.0021500944408762456
-0.00437387093341184
-0.005743854907944943
-0.005428386141162722
-0.0038722157234542553
-0.0014889504077787376
0.0011712165710151443
0.00328421757609541
0.0034596926507170717
8.99998795108362e-05
-0.004283481422193523
-0.005709742053179812
-0.004350565777833236
-0.00022323116816940893
0.003443213528561616
0.003889882376768833
0.002582324126059678
0.0008504739912238403
-0.0008133503973199073
-0.0019112602865101677
-0.0019325109885403905
-0.001155146003358261
-0.0004675442685243955
0.0006108169985649477
0.002238866633546988
-0.004357224985777725
0.005353737502502926
0.006897330043929247
0.005672154929378864
0.0030917987539409047
0.00046841077511921187
-0.003007646476876417
-0.009712593738892035
-0.010331862285671137
-0.011322656852276422
-0.011242458899111758
0.01474695170370342
-0.005217497044639426
-0.002543708414726006
0.0012763794663143689
0.006830643713623078
0.011595099030389754
0.015189656565134685
0.017166347407107926
0.018311576343090823
0.07366541131134427
0.014790873268463439
0.015532463564961317
0.01085184582642697
0.015641673308786824
0.008872690376985622
0.007443847639272387
0.009620520928904534
0.022370771139072737
0.04859435818837981
0.01198081708857825
-0.0007350423114066201
-0.008238402228194693
-0.008563586134327048
-0.011455641717248007
-0.014068662973955289
-0.017111038385623698
-0.023195000884380736
-0.02612278674688905
-0.004566631280652426
-0.01977227764801238
-0.02521473863332229
-0.026601602471771985
-0.022310461549329638
-0.017569774530783636
-0.012259521427716514
-0.0024302543167687477
-0.001049444994019911
-0.014613533246808778
0.06077213873198988
0.11318475554510632
-0.02006279055466284
-0.004813163551352656
0.010676495989697951
0.0036245842077118145
-0.003842321779907919
-0.00759807653376002
-0.0068391976656321475
-0.006297566990607972
-0.006225994025494495
-0.003879633305828747
-0.004101100151734533
0.004731397228046978
0.018289445473969556
0.014261882384330309
-0.006616425858075692
-0.008360134839061513
-0.0017306367465587907
-0.05944167788064807
0.0055310394333154475
-0.00975616176508068
0.002026130252847869
-0.0021531249791910817
-0.011121863498941916
-0.0759733100718215
-0.005851078149878177
-0.009532518588577153
-0.08349769303579452
-0.03044523034140091
-0.036167741976780673
-0.015977270010225128
-0.01867556615983437
-0.03260402095920652
-0.04953880762473841
-0.00788009213717039
0.016405594352740648
0.0638506898194487
-0.03459610585015858
0.00993162975358191
0.0010701319002798908
0.012934341818204555
0.005364149426026189
-0.015969130487737168
-0.019626977068966787
-0.0022540700082602097
0.009143769166075016
0.000529792429806698
-0.022922757416899604
-0.016813146676354376
-0.05277490981953742
-0.010999046704631697
-0.0324748276184723
-0.009756147426484129
-0.005180927713119735
-0.017565018003758197
-0.022130653560511807
-0.0017813024742580365
0.009095677642978424
-0.009470346266742074
-0.0107617036170814
-0.01150322270537289
-0.01074533178357595
-0.0045608039792029275
0.0059536271329426625
-0.005895338074115521
-0.007040755652086308
-0.007080491678486676
-0.0067727103392523505
-0.006332961942097319
-0.004050408895331978
0.008696258968272991
0.00699822591757596
0.02907012976766245
0.01750362459325096
0.013123606215202544
0.015074893967972361
0.0036818157323603605
0.0012309859093341078
-0.007919506872977164
0.01266408623563182
0.007465135374000001
0.01501802316104256
0.026332662382904878
0.006562373799431532
0.00464409596919094
0.0022070623653047097
7.78093364692194e-05
0.0002538533507861196
-0.00822114833098827
-0.016346546898863147
-0.026898650623274536
-0.03817527568452384
-0.038351742479948894
0.03695179558027498
-0.041508419753923415
0.03314337038112946
0.018352356990550153
-0.02248534644585397
-0.035897190422980216
-0.02562895555339204
-0.021608003185981668
-0.012675685941705829
0.01693013348643945
0.0070266152066614795
0.006932939835956262
0.012552443796881356
0.0157025066962316
-0.0009041541701316608
0.011725201867422869
0.01692208923026417
-0.00997718878606295
-0.00065233194926319
-0.0048114897969653726
-0.0005546236010193637
0.008275602302924949
-0.007109663606244982
-0.004371324742110645
-0.0007664743452666981
0.002828134219038662
0.007277554816864443
0.005297306415899365
0.003172462271518484
0.00048325741223658483
-0.002615017187594611
-0.005705554808086102
-0.007131007791147477
-0.005742152344771046
-0.0021670887823621323
0.0021642665333560978
0.004641275952235005
0.0026131674754568384
-0.00020511560584987446
0.0011362097666883409
0.004057383079389206
0.0035541183434352735
0.0008392971254445845
-0.001676719881710584
-0.0030106223596454134
-0.0026301667349676156
-0.0010681244174045328
0.0006813826533606536
0.0024568183535511458
0.004001979426825434
0.004365685789790188
0.003232003858897312
0.0025961595447660194
-0.00512749027966711
-0.010343461254135647
-0.014806047567866756
-0.0163995824033048
-0.015239104787147935
-0.007447476170729954
0.045651389933576446
0.030492410414628253
0.020865147740379442
0.009036583628666182
0.015186360970120334
-0.006550354446614056
-0.012500318734160007
-0.011794301117016782
-0.024020748546353703
-0.012062227743071679
-0.01979619163488397
-0.02543958917765285
-0.01430063982982412
-0.024635251758236748
-0.023292201957919288
-0.020238714914179976
-0.01838535590355961
-0.017265595292916415
-0.01658798891686381
-0.01557995007598871
-0.0005292067336793547
-0.010988149021112894
-0.010157789422550932
-0.006382075188290182
-0.0054399226786038335
-0.001450747017713211
0.00821109203596991
0.001437328932069607
0.002278582563277679
0.007757205906131044
0.010400193542898738
0.0065307240751285535
0.0063823112291774625
0.00303530178718628
0.018403622677994606
0.007142959585891326
0.0008081094436821985
0.00666797696558862
0.031839744084636204
0.013201299388309289
0.01300737884828151
0.027904716302797276
0.0004636673904044726
-0.004047454672967137
-0.004027497304493633
0.0008097318765740859
0.00915469191729225
0.014753524997235794
-0.007526849591729469
-0.013584539917153386
-0.01630038609878827
-0.018560535868633047
0.006199788703331386
-0.02007794071846245
-0.02996053924149232
-0.07100562243962401
-0.038920095629018575
-0.036026701889119696
0.030799396030044907
0.017669683014272814
0.056831632723507476
-0.07837593123113426
0.04078045616352265
-0.021274625771439477
-0.014684806932350525
-0.011432116897618657
0.008776995333548818
0.06308161058769285
0.04712797564675962
-0.007993663445904261
0.04227424911225395
-0.010788925512001876
-0.0620245913650602
-0.04762843787896319
-0.03435015171800968
-0.023624112975517208
-0.003411736509251795
0.005265139553581815
-0.004506326209095558
-0.0017124685081667688
0.011750432284624746
0.007073642639799097
0.0038693966084879156
0.006610043652078807
0.027672829325802138
-0.04993449978051408
0.04129992814282652
0.011250854029364613
0.07212415796011312
0.057806621106240894
-0.021862848617721704
0.0072305644339102975
-0.00039779546127635234
0.0303297997608519
0.006836524212042722
0.004120673720310559
0.015248414181929563
0.009471394480784453
0.005956547888650923
0.005095575661409638
0.0061255782588562685
0.011180506255996706
0.009917091357842345
0.011065773669594369
0.009578470571907728
0.015655793273514924
0.013230746859849412
0.008199687053100856
0.009710418155948948
0.015782716664007768
-0.024864628395669695
0.016149188805628663
0.006197533182801872
0.03563680924150377
0.05914988611444512
-0.04374787138508887
0.017400893038635012
0.005597362739365191
0.014424417906405453
0.02694556782664987
-0.033165945303586394
-0.07687811574550327
0.03709314212539294
0.0218463618851443
0.00855989919570438
-0.008604002550371503
-0.026023819228436232
-0.024453060566565172
-0.011550091480667907
-0.02631308621522966
-0.03159238665690125
-0.021521518190539046
-0.017900268560606013
-0.05752979905817422
-0.024082343028487288
-0.002516627844372648
0.022360130239434978
0.01867591956249036
0.023341719254652595
0.03588900399481235
0.016871177492233137
-0.026953226446531788
0.06220308491340307
0.09589558063319971
0.08643826638310659
-0.012508869133779051
0.020706802433597495
0.041449605386924424
0.02927828017575335
0.018238624317202985
0.01924939145122267
0.016058561412216368
0.018685152026080766
0.023688271841629475
0.02225273026455637
0.022720734249751195
0.016554583162972154
0.016049110147797477
0.012835967051746937
0.015256189751705007
-0.02174762891552518
0.020554978079156107
0.010265952246571682
0.012665643822457036
0.013267279156412567
0.015288700917634773
0.015198617892629315
0.016259510199494766
0.01466364110045451
0.013757231860990567
0.013326130378478521
0.012083311302622428
0.008906227739501173
0.00754638577662799
0.003950010672117982
0.003410242157751396
-0.010580166452996836
-0.0012937507394514451
0.007876359463519902
-0.000300958821305079
0.0007269381883365393
0.001642260579039803
0.001004078918652517
-0.0033632150649905695
-0.0043137179487031775
0.012866561921625727
0.012104199323584204
-0.0033786626404061952
-0.0019511699138435887
-0.0023101811438634443
-0.005529755031535073
-0.00804991091725637
-0.00792281195580796
-0.007173670833030828
-0.013528216867552834
-0.02351064856941551
0.0023566132332876483
0.008781381088437297
0.0036697913593235695
-0.012914201986933257
-0.019182791821101268
-0.002396713865136902
0.0018149001902484003
0.004089455161765165
0.005340274928485139
0.005189674943924983
0.004264749798897173
0.002389436168387628
-0.0005298346666897066
-0.004166051680049277
-0.006332252856288238
-0.004838882393512632
-0.00047468704891158046
0.003647602537004045
0.0034890404950574535
0.0020956619277818877
0.0037190690182157364
0.0032210032029157125
-0.0010852431919410454
-0.005106063972557837
-0.006358497956092984
-0.004661002802459594
-0.0014315148928283625
0.0016755500429894005
0.0039716635200026515
0.005204570298135327
0.003458351362007429
0.002932066560575154
4.3340209631962276e-05
-0.0022950977587009634
-0.0009382344034235028
-0.008781302746008522
-0.00994057111830319
-0.009470110408355785
-0.011384163846066407
-0.00502824780331191
0.027612777241291714
0.00689399455806246
-0.00848369977174197
-0.01231805420303671
-0.01198963256726975
0.0752330258556411
-0.009682388052209598
-0.015128235892187506
-0.017106657803115828
-0.012136120010006614
-0.0026491818718623952
0.0032140345824866914
-0.02955938515195416
-0.027649565715219794
-0.03109187956210372
-0.027263821710541997
-0.05123104151940896
-0.051042133588446725
-0.03267904571536983
-0.012050164498548366
-0.08795924266563462
-0.0775091933316812
-0.06075931186471334
0.0062443514932946954
-0.02767833337929674
-0.022312380710182635
-0.017454716070292673
-0.0028010866763838647
-0.0244204446413886
-0.01203763899829095
-0.011579442438131388
-0.012197003206401075
-0.01353934278472182
-0.015537104907883965
0.11821726148073897
-0.0067023720176223435
0.029148912095942885
-0.011707854873090624
-0.014602318858422256
-0.014961903182917007
-0.014195872216978407
-0.00834599910848605
-0.012893975555863437
-0.011359850549237443
-0.010817023712880494
-0.011569381655262539
-0.009793322175538634
-0.009524632031536457
-0.00567395388479376
-0.008083162833591145
0.0023810555753757375
-0.021388574477309425
-0.008660616031965825
-0.020074031963996524
-0.011534300542308787
-0.005513274149787517
-0.0016971970910723794
0.0007627672676751734
0.0022950520438259014
0.0033077523108804028
0.004878293057898027
0.011417534567492182
0.0035269176589181796
0.002525733018670432
0.0016400721450403129
0.000789524491766755
-0.00017540577255155076
-0.0009215567533694654
-0.001459257035161915
-0.0016699085191211355
-0.001732064895282603
-0.0014517031520996277
-0.0012988268484603069
-0.00096063341256367
-0.0005583832651590028
-0.0001121303459288401
0.0002864491115100502
0.0005511461598707792
0.0005881168244724874
0.00045695687141828324
0.00033788599719420135
0.0006620553948965319
0.0015286047859252468
0.0024236566715994034
0.002255115478296164
0.0007894828600567283
9.924757075505501e-05
0.002435119276899373
0.005900386989316186
0.005671960496227514
0.0021828626094293367
0.0002598977409949225
0.0011160872303715753
0.0024262136839475522
0.0026267736341024266
0.0020282822928447738
0.001490453176495753
0.0013001890537786061
0.001390938507413153
0.0015982632539361305
0.0017786999692477464
0.0014573895224045193
-0.0008478795250363693
-0.005029835881798161
-0.006874117204650173
-0.007323413979450506
-0.006453708993044393
-0.0049315166833133976
-0.006781610754797289
-0.010848920341884167
-0.014701810216914859
-0.014846726109008933
-0.012630515453674674
-0.003695547615779334
-0.0005377955199425741
0.0004052379212929814
0.0006401696820693617
0.0005896798588197495
0.0005290086128885572
0.00011825303995876596
-0.0001978370791394123
-0.000511255843448592
-0.0007970102119593399
-0.0011061640920104437
-0.001563909931763872
-0.002461356163802864
-0.0043248095512094225
-0.006767742022410665
-0.007483169561722065
-0.005397410262823577
-0.002912334379699805
-0.001617279856098447
-0.001014963342493694
-0.0006297647309244887
-0.0003256854748085894
-0.0001231798746310485
-0.00015364539545410178
-0.0004491079895610013
-0.0003887436825054036
-0.00024266635611047127
-0.0002306173844629908
0.0003328867295391923
0.0017907963054491604
0.0021479053715402915
0.001177458187898251
0.001682605641325325
0.0023492402268718406
0.0022937365856182204
0.0022652802625690426
0.002383930281382583
0.0018343551247257972
0.000819656744853019
0.0015081995350063632
0.005196849610747029
0.007641912081199813
0.0050199226330758925
0.0014184893297486097
0.0009616666520537758
0.002234803766186768
0.002414318687634561
0.0012035460518546575
-0.00013193923657714562
-0.0008050890545035727
-0.0009296841486197109
-0.0005167119957471592
0.0004773643782877602
0.0011749414075502651
0.0015207647535312179
0.0019848659410301966
0.004155161405418797
0.014912759195559299
0.03084338092528155
0.011558812361537534
0.0025399843698129363
-0.00010468552576574731
-0.0011454655408337097
-0.0017963969176210887
-0.002382260296575512
-0.003175687672538199
-0.0042398512729044935
-0.00422905576868273
-0.005705937595066234
-0.005550973722288295
-0.003940403877965735
-0.003220056332037355
-0.0030905421779204795
-0.002808969031066557
-0.0029324761711690696
-0.0029812618353779424
-0.0026535609606559156
-0.0018924419614615438
-0.0011629164494257995
-0.0006003005234946774
-0.0007898678078160076
-0.0016162598975669516
-0.0017602695172675778
0.00043422414685423665
0.001984476157303102
-9.292602135422408e-05
-0.0007622724354971609
0.001013885787657809
0.001238903795945815
-0.0012116546862374687
-0.0014797772739349572
4.596360828305486e-05
0.0011248489465206023
0.001100871265683008
0.0007812871242171457
0.0005390961686887188
0.00038416174485259014
0.00024035930491936558
1.0365760847065337e-06
5.9444308277607714e-06
5.539786201691428e-06
-0.00019850635601891223
9.178499269543135e-05
0.0011008389063019036
0.0020685401597453556
0.000417979465952663
-0.0031412340737377214
-0.0043070230541237065
-0.002184608048929026
0.001233663108502107
0.001916203164319842
0.0008146312775441012
3.760454875141005e-05
-0.00042248915240042975
-0.0007466396078050847
-0.000798922895393394
-0.0006262028742930868
-0.00040644137487493806
-0.00014972449138035744
0.00024331021072049934
0.0009333272025088518
0.001792973070880653
0.0027521303550726802
0.005243977756048478
0.007096235719284587
0.0044566070035914306
0.004447077298053496
0.006330477931133517
0.004481677401617327
0.0027973163181096517
0.003077949377126332
0.01630375337344138
0.0007096077243199129
0.0027262099733016535
0.05068392565933044
-0.002050929550316094
-0.003999370899855415
-0.005479076721180987
-0.0029343495698622036
-0.007269069563064512
-0.008400933632778988
-0.009554761861155664
-0.008185487990217804
0.02845938048132454
-0.005899229249399992
-0.004530225473748763
-0.004848401797449739
-0.013140208558897856
0.018944581955267586
-0.0040249029537991685
-0.015998585940865184
-0.014337190357500192
-0.013013004916424853
-0.01274615272479674
-0.021351905575179228
-0.042751694223869485
-0.03206496914594855
-0.08534188108855106
-0.04953441834524888
0.039272315851416634
0.05517121749071252
-0.019463663709353707
-0.018139353895305358
-0.015629926818153346
-0.018507043896158384
-0.0037154420092355292
-0.01171661540408155
-0.012229534596395338
-0.0027435487576132622
0.04892427123198036
0.07542180732776742
0.0007365618579806125
-0.02337378652052804
-0.041899361636732566
-0.03356558070193523
-0.04733900725232357
-0.005277281890634805
-0.007270132002017191
-0.009048063550918936
-0.007782440993109915
-0.011787983866309687
-0.013398171891693645
-0.015809962703343824
-0.016124164005401963
0.05655801533983628
-0.016529361340202598
-0.014039413859657759
-0.02596763824058482
-0.011297039466524153
-0.008679575094074257
-0.006473553691691156
-0.002471985394066852
0.003877785218365035
0.012912874866097181
0.019559008033657753
0.026299554387650078
0.007418987359587098
0.003619036042159458
0.011156782447706003
-0.0019354524410825022
-0.011716363661286021
-0.00622106313779314
0.008249376051692757
0.0050913866660752885
0.0073430979238518
0.022377391950390096
0.026675319821784754
0.01808182325135907
0.011154072545362045
0.04872723700626306
0.01410967340894054
-0.011013759138282474
-0.011141926499750808
-0.011039972362464658
-0.009077779841859653
-0.00589538630143568
-0.0044106011750610664
-0.0031837143801123706
0.005176869169409163
0.0170412430164235
-0.005906349363296278
-0.009422863602767893
-0.017113457313841264
0.053301087025069666
-0.016623193034860796
-0.010389209316839395
-0.004653229857745491
-0.0022839735157521705
-0.0010318694152338635
-2.48172203608902e-05
0.003143461854586119
0.02407497596626721
0.051936833556150086
0.0021336849420220817
0.013793078772384127
0.020093172709638046
-0.012283126270692151
-0.0100591692547844
-0.00871907033465067
-0.0061860437888733135
-0.00968001182161204
0.0017689980032737252
-0.009831364196554705
-0.007550031718167942
-0.010038571712865922
-0.010744254071708002
-0.01030169817654044
0.034416133822549856
-0.002935664866713486
-0.0069955124188789825
-0.004062747279492228
-0.0009103117526495119
0.0004299501144707032
0.0027792785880465186
0.004736829275364696
0.015876860803465228
0.014348028928851043
0.015010276346327829
0.018155893758041247
0.028144485139185264
0.04012225828427957
0.01934201253617623
0.017761412553883898
0.01905366394213732
0.013958466331749577
0.014554008685088
0.013118408711379533
0.010841251446628463
0.010960610753979859
0.013891531821576503
0.0032825283908253476
0.0004629898363774943
-0.0013292251780822693
-0.0013043222461477744
-0.0016942443237421125
-0.0001147905838741003
0.002138361191268745
0.0027269908022790985
0.0033572197226931825
0.0033775334983504675
0.0023786295279867695
0.0004451202423165303
-0.0024436219170300586
-0.005673406770221748
-0.007488737237520289
-0.008290327027217199
-0.002285587310367278
0.0007872493078113884
0.0032208049014001055
0.004365348721559861
0.0030855544472054765
0.0028613527866470016
0.0020181857573796096
-0.0010027467948712056
-0.0031308674261888124
-0.0023509613623602676
0.0003968517994429737
0.0032250569500945014
0.004947007502393772
0.005233806520146921
0.004288790480317638
0.00266482608674697
0.0007788434085356127
-0.001012586662808159
-0.002078801783163341
-0.0022638023962021736
-0.0015393220900561098
-6.461982731474129e-05
0.0018823031598528704
0.005232872644319781
0.020985181085251565
0.011374725401894388
0.010893437243472743
0.011085164342613864
0.013273876967618831
0.01042382137851831
-0.00034657019837297374
-0.01767428005722676
-0.03096041301266573
-0.03995131642782735
-0.03776163651956619
-0.01598231616267874
0.017724914108836733
0.02654664766954057
0.014657125577930724
0.01242049849558954
0.01082673951420781
0.009354560138065222
0.006871689738974377
0.0017063238350741427
-0.00023211409619144742
-0.0024784504867900866
-0.004639144277613821
-0.007195245354622162
-0.007152064636880647
0.025853707117703115
-0.011410829187806662
-0.012931957945789729
-0.012611600728614633
-0.012854347531770791
-0.01376539719598572
-0.01421109634716016
-0.01669997487508174
-0.018273596550983047
0.0066444861124905115
-0.050444291437216064
0.005711829826928576
-0.01622827427735412
-0.00850234417162943
-0.008379435816300488
-0.009552602566990682
-0.010835087176904479
-0.010032683657783455
-0.006249458005261945
-0.0036748814996506655
-0.002159651207089531
-0.00144701399403686
-0.0011024479141299064
-0.003018406677237517
-0.004433800191819995
-0.10101646565142017
-0.0031194856892499115
-0.00022215421935396301
0.0023663683455690926
0.004481991264470614
0.005033507186617586
-0.007813279507246388
0.003953497730652088
0.007141296638189254
0.08006467645417015
0.17341231078419886
0.04836743310725198
-0.011096348906030546
-0.01085820517356577
-0.0010601007796375963
-0.009541825524043151
0.007880266628823162
0.009789046041942879
0.010785561170186406
0.010952883241641708
0.010652922024502265
0.009588305228041886
0.007489574386253669
0.013458707508902696
0.009466220089383528
0.002104374972344294
0.023924138327243383
0.0076824166075347665
0.007333104702726023
0.006185366204302699
0.00399461325353369
0.02951401235348988
0.0009138243976907251
-0.0005351383237021248
0.013558475833252039
0.038417974776832495
0.0004676002768198957
0.004278012731396343
0.006379061682227106
0.009989138102493404
0.026733400175352737
0.04565855391751906
-0.011498164539531374
0.02684691696599781
-0.021879662900304787
0.006555606642820067
0.00505467894305529
0.0012009762872791257
-0.001532039728247118
-0.0031481526836490592
-0.04149447428110445
-0.003739752103027753
-0.0037294461813376784
-0.0025265103200625342
-0.0011739705908895299
-0.0010773726134302938
-0.0029864411036483775
-0.017314001167667493
-0.042196196550819486
-0.01815703537625935
-0.016149496746539375
-0.020923093386782714
-0.03997581304759326
-0.016080837197378326
-0.0029557146567542737
-0.0007296714067341031
-0.0014651807835082697
-0.016295648413315527
-0.001808911709313279
-0.0019675799790816978
-0.002291168326022634
-0.0027968338424041094
-0.0032032598137466807
-0.003960377783858483
-0.0033169499331519364
0.03810125451514504
0.005406279668479471
-0.0025505701108946366
-0.004210506329300427
-0.0033151699579451336
-0.004098479254979279
-0.003988103807601332
0.0012037760290830287
-0.004167289130288119
-0.0015919164543433954
0.0014833540347326721
-0.002002405617847497
-0.00333207975768559
-0.0033440318209283335
-0.004779253830797414
-0.00994316199732239
-0.02248225626124952
-0.025773498659785413
-0.0281980795003306
-0.013412632942235108
-0.003457725761690873
0.000699631282186515
-0.002089604545870657
0.0035684582337054556
0.005704436322044225
0.012458075326284927
0.0005923132066602269
-2.794025785429359e-05
-0.00015433347186189465
-0.0004137919278298964
-0.00073017475392388
-0.0010016139739930535
-0.0011950108774707938
-0.0013239559327383812
-0.0014070592170362809
-0.0010331550851467462
-0.0007737326476941135
-0.00032939913060855085
-0.0003446361884589737
-0.0008604529898726301
-0.001600188696204136
-0.0016494360218598759
-0.0003850391894267541
0.00015627260866326513
-0.00167969980892766
-0.0025927955217770375
-0.0023440494278696863
-0.0007243814170318608
0.00019692699775427554
-0.0010068103713022141
-0.001667268061243973
-0.0009377262912199012
0.0001554493668393641
0.0008470757141554398
0.0010859947488830036
0.0010911965316457515
0.0009145985422234234
0.000743671039309876
0.0006453294365074676
0.0006075272898483032
0.000833608283850799
0.0006658791282384165
0.0006165484746661138
0.0005993108110724609
0.0006221839530162399
0.0006719836579143988
0.0006344842001479859
0.00035938915839974075
0.0002711937012659355
0.00020547555378940918
0.0005253814674097189
0.0008096937891552119
0.000845987698619646
0.0005396039766452193
-0.000285823297788809
-0.0021106275833617815
-0.004314321073081333
-0.004445935280674063
-0.0022271985802753288
-0.00025250981654654586
0.0006462744451805558
0.0009772934412382343
0.001084510544209901
0.001118607337286521
0.001079447984785573
0.0009125458726225899
0.000509601420519349
0.00019004201497783136
0.0002343549529365153
0.00020197296547128132
3.425891548446657e-05
-0.00012456554859355837
-0.0002105042225509164
-0.00015501874140598626
8.927591742466427e-05
0.0004887219227595421
0.0009511036723536013
0.0011478726763470902
0.0008407449990141884
-9.25840785974728e-05
-0.0012358791897675945
-0.0015819561787478978
4.2573129405446754e-05
0.003260716253168903
0.004879988038987773
0.0029563959369950585
-0.00016396297751151585
-0.0019268406551556053
-0.002497823233544199
-0.0023753946401374277
-0.0016544782132320737
-0.00133064684076996
-0.002450477721694206
-0.0035252836546460996
-0.0024240414610579544
-0.0010877344415248186
-0.001345677700427522
-0.0021423975865367895
-0.0023135946716525096
-0.0016186840124558486
-0.0005047158222594286
0.000615314043153783
0.001356357426159315
0.0016592149949418362
0.0015975915445843385
0.001299730518620956
0.0009344553534411571
0.0005951241555607603
0.00034716921575256803
0.00019617316004110107
0.00017178191285223635
0.00019816193233360797
0.00024699629940797045
0.00032984579759729084
0.00041677941419690674
0.0004776829110638247
0.0004775788691172776
0.0004591590466388913
0.00046337009091279287
0.0004143260061892518
0.00032133402587153283
0.0001972127271585088
5.0719876927084936e-05
-9.936939074894358e-05
-0.00026441208080718343
-0.00040177767358474524
-0.00044122484084588136
-0.00032446617380133013
-4.373129046293731e-05
0.000418056271370316
0.0009125109963229329
0.0012638959748835848
0.0011538047277656188
0.0004462296970942976
-0.0006695006501476801
-0.0015599858509266228
-0.0014003902859963146
-4.982346241432629e-05
0.0012741801957056953
0.0009252119590638402
0.0005903756504334828
0.0013469468255746175
0.0008878706861888652
-0.0007392683295238607
-0.0016082430853685869
-0.0012158161062570455
-0.00019212410305624432
0.0007523128264691567
0.0010823240899365276
0.0008390838272502717
0.00026927842351453493
-0.0003153238682625705
-0.0006768480065463824
-0.0008022584296719262
-0.0006702871066223143
-0.0003536612482615051
3.245014852571349e-05
0.0004465476345840526
0.0007906005504287769
0.0010367993726585303
0.0012073107306785726
0.0012087508330333343
0.0010805848926450166
0.0010485356115140206
0.001234325967517789
0.0013606368799214496
0.0013807356986083588
0.0012876621632069661
0.0011894144384334102
0.0010745092383407733
0.0009577857724208974
0.0009152926070083825
0.0013920089506412438
0.0048900622149245935
0.020654025029421163
0.010605912705632586
0.0004791385732596598
-0.001386350142585716
-0.0006610941783429699
0.0006250088586793458
0.0012564598898938343
0.0006721116836831238
-0.001507934301410726
-0.002845178732070538
0.0018942270810315674
0.0067881919272980845
0.003367502142292845
-0.0014995016016882533
-0.0009927483004140661
-0.0013220220722623749
-0.0012053925641905122
0.0010123289873996094
0.0007737757699439219
-0.0007558254900244187
-0.002709387217380567
-0.0039754364921393845
-0.004210282139063267
-0.0037799491847053837
-0.003582446766026987
-0.0026981371314225336
-0.0031761455849394294
-0.0036709049191991938
-0.0027740438740755675
-0.003712478296482675
-0.0035676515321333754
-0.003273540891125956
-0.002573698225455064
-0.0013581987119441888
0.0005176076631751036
0.0028825774886301505
0.005489374083315964
0.007666784070734162
0.008380994733680917
0.0065434882146390445
0.0020688716817050907
-0.001981629394123079
-7.84933538170932e-05
0.005444989849241771
0.006556962866713159
0.004520376662408164
0.0043535200365821085
0.002220590821404218
-0.0033757683977298303
-0.00394659471838689
0.0020334373721902317
0.008332502516469647
0.011291473893001428
0.010675358149021916
0.0078105570198086895
0.004242410901382228
0.0009930836619331995
-0.0009475301625057823
-0.002503795498152289
-0.0012334966073544726
0.009600935442246137
-0.004337954258574956
0.0019470243738765533
0.003709184112842272
-0.01100156887998721
-0.012370898921637553
-0.015189605738510217
-0.007908563543706214
-0.0050189526809577036
-0.006256954166705725
-0.0034084656745495046
-0.002413680209242677
-0.0012269867049483072
-0.00046369236640704184
0.00017049925760672944
0.0028362215828654194
0.014545278179820377
0.002776489319530765
0.0013875326222457798
0.0014159479774787864
0.0014744752033458075
0.0017688418170566543
0.005183292254456376
0.013944702948383363
0.0016175271017690616
0.0009401964146904932
0.0003050078156029952
-0.0011184826129595768
-0.003107000619995382
-0.0004685605699359622
-0.003745380700342664
-0.001344044443701673
-0.0003988694642041087
-0.001645128558111341
-0.002438518351066616
-0.0028407917576924774
-0.003173349398935847
-0.002837390205235572
-0.0032408622330260756
-0.002195940990124449
-0.0018234522391569537
0.0005171415906896483
0.0004764028540301063
0.0021017105646498
0.0037825473730587218
0.00527778380526594
0.0061207902317721025
0.005928825513042055
0.004392830899060825
0.001390091185028123
-0.002401097033669805
-0.0053288699353775115
-0.005389670413172264
-0.0023996972828930646
0.00035413309511959397
0.0011208689545787066
0.0027835481482726683
0.0026918765948184442
-0.0035720369403297626
-0.010914009537944577
-0.009550855780290277
-0.008004635486205997
-0.007529998564230263
-0.005110706622508559
-0.0011214058548765981
0.002452999037887152
0.004875676291271769
0.005785682530329502
0.004920283804853741
0.0019190966990035839
-0.0006237273749745872
-5.866249333944702e-05
-0.00104554894437512
-0.008758518414180462
-0.018206639950717127
-0.011364215258798705
-0.005194118828667424
-0.0034905075762386596
-0.0029830245089145237
-0.0027832087366676615
-0.0029086029538926807
-0.003038748152049253
-0.004438901947518672
-0.0055274470745170145
-0.004959564882208872
-0.0036801509315561504
-0.002153699700338407
-0.0032323986009858124
-0.005007171052455303
-0.0020038945052258555
-0.0007286494002720765
0.000660772836044973
7.881176964248817e-05
0.00041816404585598844
0.000830253502742336
0.0011757064311649263
0.0015061737729648282
0.0018049055175491315
0.001737118807047938
0.0011536901326164545
2.936456529047608e-05
-0.0014370749944045947
-0.0026099476876690693
-0.0025567411767158793
-0.001402709588402604
-0.0009640028963088886
-0.0017825609289667023
-0.0007721818861286336
0.0016050131808584185
0.0006804262297836034
-0.0016472950246675662
-0.001258175915438055
-0.0007280235248367359
-0.0017229748403780984
-0.002468456267363973
-0.001842250200976715
-0.00038954139886763524
0.0009448866187956476
0.0017142316250960941
0.0016727226273248806
0.0018145402997980264
0.001878597139230931
0.0015954090790768671
0.0013560678753813307
0.0009987477261511233
0.00046567864822027506
0.0001509593148970053
-9.33271811527383e-05
-0.00030146172784405656
-0.0005478313032383442
-0.00047849548926591593
0.001320621569457764
-0.0008229257319964573
0.006694505317310448
-0.0006067831454907169
-0.003511393114424235
-0.00414449952243845
-0.003924949768674804
-0.004908827539712547
0.009510249429640141
-9.825323145125516e-05
0.005488033710948917
-0.001714746896717904
-0.0041654811136171924
-0.009652421578293173
-0.019013604747871667
-0.009988521137769877
-0.0026402938329426395
0.006702401649400323
0.01715488635578593
0.002080809225575684
0.0025355290075144998
0.0007532075763453939
-0.003244198263940427
0.014103551018695327
0.02173234105043742
-0.003605177573965572
-0.011691620596479182
-0.05328457811791916
-0.02992996471541665
0.0004478011601419909
0.008961053342129726
0.0007497037402313492
0.005801010821494419
0.011784356768155693
-0.0008235224589638104
0.02051840487522787
0.00968179401376339
0.007532133012058412
0.006734789599538948
0.004689932399058222
0.014163152075270415
0.0016654139618879
-0.0008034517412852616
0.020702131907260456
0.015954515443183048
-0.0035915350583738876
-0.00019023548173969712
0.006639574324833511
0.008810923671299811
-0.00046540840426744965
0.009212157517709487
0.009311022856292386
0.023171543835842686
0.014276440321616145
0.009073288594996367
0.009841786333971763
0.010242287250513656
0.010061521736274406
0.009772671634952572
