1.157553284108534e-11
0.002364092987470605
0.003782433403250386
0.004014475033658114
0.0038852159047620912
0.0035384002151423333
0.003068648667351373
0.002535559268252405
0.001944129106258659
0.0012700224162272916
0.0007001741751574577
0.00015324899752271323
0.0003023605215453028
0.0008850535138255783
0.0020912540764051546
0.004092458675566276
0.007193584623784522
0.011215400109116308
0.014694091276963729
0.012081957901849917
-0.010099184743813737
-0.04701050229874253
0.030264324580527798
-0.016733570508936767
-0.02611712226647014
0.011097749056089613
0.027430102482531443
0.029049774698104252
0.02512427265277718
0.018824830757437787
0.013009474742621862
0.009557514090258208
0.005329104617974616
0.0017189429784692752
-0.0013334886640299953
-0.003901542325389692
-0.00868116548474026
-0.007660674982227989
-0.009105982244015062
-0.009768926579583469
-0.01015178882891965
-0.010067061136539986
-0.009455609245853713
-0.008352562578215027
-0.0063718089128480485
-0.0037583494430566125
-0.00019496402616764246
0.004108587825281924
0.008956186657463009
0.013826019023567178
0.01694950420996633
0.010199260921137255
-0.013430536186892918
-0.010016202674918812
-0.01482762517844307
-0.055878810888664886
-0.09082694029585975
-0.00987899834090989
0.03628136480926842
0.05545432001963979
0.06632277345333339
0.07307860239358048
0.055926814505135335
0.00026086480732374597
-0.07259777505497123
0.000740642444591051
-0.013938172178993456
-0.019820783457189253
0.0009547372923449097
0.016896466146272153
0.02120955840547226
0.018639905964542583
0.013762802010476865
0.008605164706481762
0.0038518229211806855
-0.0001304247687842365
-0.0035469534548603432
-0.006455126310117665
-0.009163034916679127
-0.014502875358853258
-0.00868571120899103
-0.0083659368847063
-0.01353792449716087
-0.0141927389382021
-0.013857773011044778
-0.013541146472325878
-0.013297336972343872
-0.012910123686586577
-0.011745240902901915
-0.011608482194666547
-0.010980848649671998
-0.00975003764802794
-0.008554344110034758
-0.007406554371588363
-0.01925133852767844
-0.005364893994014708
-0.005014891597735175
-0.0032755443915964085
-0.002137465715034073
-0.00048122593842233214
0.0009808775739877762
0.0025483617495723728
0.0036195853624904663
0.005067104522662558
0.004406729290775827
0.007389430536729282
0.0086387338242052
0.010064870579176901
0.011352553297656144
0.013471193293018031
0.015368733847549903
0.013085721913434429
0.01741735563886831
0.017317745024236157
0.014548550331121747
-0.009351848144745432
-0.013635609914752133
-0.031089285899771134
0.07579725529280167
0.06665662857817885
0.013527010772415827
-0.016273874812069575
0.004056028174135367
0.014534626449008428
-0.005043526571483337
0.01966049341496872
0.01820517124955304
0.016011875285150495
0.013766564486745072
0.012757595066841869
0.011181751989775897
0.007314396129688678
0.008498852895722836
0.006840296067043644
0.0052579892591142225
0.0051800575862951306
0.004483176365087678
0.004264312488357417
0.009408712345890427
0.00894463378444829
0.0008644622603317316
0.0016244435291802972
0.0034151324604137154
0.013415544024213572
0.018318860285846575
-0.009650003730321996
-0.0036302706282925483
-0.006365310880137548
-0.0075542975305836965
-0.007974874429195975
-0.009354780234533453
-0.0074537004494853835
-0.007882503620087841
-0.010340539708562014
-0.04016783857404816
-0.012067975776110044
-0.013048773579440514
-0.013069513054323217
-0.01290707523144374
-0.012498970154237371
-0.011646122379859885
-0.01066754891948632
-0.009134630607849812
-0.006826803192969544
-0.0032417849814950317
-0.030195458617173578
0.012331846247715477
0.005906005241689899
0.0070827190149433785
0.00654699133013112
0.009179791408337211
0.00944909852501363
0.006167510732505788
-0.0011098351139008273
-0.013771096900597803
-0.0274972231568788
-0.04504674245262983
-0.04820713431914791
-0.02353553305939888
0.018444183791406072
0.03733583287758698
0.017636428580839164
0.021582761573069098
0.029634949992550917
0.02476080680171528
0.008374632064596309
0.016872476486056373
0.0294839458805272
0.009027177238963657
-0.02068067509868642
-0.03627665425311416
-0.035033250323414644
-0.024010492548183143
-0.006359295947489207
0.008859010989680062
0.025743545287069302
0.026048550921806756
0.016294367158705823
0.013203580978589287
0.014765030876091921
0.013756554446166658
0.018565995638959776
0.03901504435801253
0.08986037180945011
0.07807586156968119
0.029368081080850338
0.010705403556399519
0.003410957279591937
0.0013065484393982205
0.0010751991178755103
-0.004908377884262713
-0.0064560927785153556
-0.013053399661786749
-0.014942916287177543
-0.014771914989053914
-0.0675879054719285
-0.01898118602224404
-0.01971815599945619
-0.020712704250008224
-0.02164478956136422
-0.022441919208589064
-0.022186702514621046
-0.021568735433414293
-0.019075557693330202
-0.01084813878904036
0.013609661656198738
0.022757193541338497
0.007580582893612285
-0.012078243366268214
-0.01622276366002168
-0.01480083670850223
0.0007839071876858873
-0.012584729673801524
-0.017091928501528252
-0.008978593296285708
-0.003653426839787633
0.020685134420433165
0.02467959096146285
0.005725254472779079
0.004752254735440169
0.011749032766472073
0.03197893956385973
0.061620051935872285
0.034440995981033756
0.014827801345208173
-0.005271730021675776
-0.008106358975442561
-0.0026564931002690337
0.03720286766726327
0.013463167367472733
-0.12351368802581213
-0.0005074608021277661
-0.008752164250315643
-0.008277664629815228
0.0004788249232663803
0.015602141456201687
0.0011593955900088117
-0.006103679559417959
0.004950206239445531
0.014465831500296344
-0.007689380466694235
-0.009242785592765075
-0.005664956031616613
0.014565500935727584
0.030032478093686518
0.004908757764975664
0.01753892595858507
0.024048041053637798
0.0002289983583760596
-0.008477759555973375
-0.010587319423961461
-0.008713238257926182
-0.003916254936917197
-0.039190733145452857
0.005269715730023982
-0.0009868135427718112
-0.006803244223151182
-0.007259511208869362
-0.008975155445568244
-0.006532676155980689
-0.0038885018989056196
-0.023338448278401473
-0.00923043417551116
-0.0004739522007009319
-0.005081777865009084
0.003523042773785981
0.07351998465583294
0.013839741995800845
0.005826345145555822
-0.08928042037769708
-0.00018295684571736158
-0.017682708583437567
-0.005621364779726337
0.016683604515124646
-0.003350172905179845
-0.011042763221284793
-0.012518366585911857
-0.011057719866741419
-0.011118459068639746
-0.008299883746019138
-0.0011256536231949662
0.019135288749318514
0.076172782886913
0.04171627983085035
0.0031433345023525235
-0.005103331816941829
-0.007746342534412817
-0.007535591178629337
-0.006213714040226425
-0.0035590226835142936
0.00791838579991805
-8.855689258116173e-06
0.0036337001422229757
0.0074017698350856255
0.012826962688083884
0.03783138335086992
0.13254712881101444
0.06786659054243135
0.04980443721782102
0.036791141130963156
-0.09815922122019854
-0.10356545498790207
-0.034810874812821836
-0.019924201801499505
-0.01806313420558227
-0.03442978952680761
-0.02540985600024162
-0.0017600384805828986
-0.026312374053664617
-0.0213297617518116
-0.0074375949522535074
0.005425768540133371
0.023590567776583988
0.07193424592011041
0.0097722206082422
0.0015316171343895376
-0.011197040877897543
-0.014601428002586224
-0.017724666400735414
-0.021298350702620702
-0.025381314878352133
-0.027774781213194884
-0.027796713834659266
-0.0070850480327138915
-0.02730921879815867
-0.03337525972425544
-0.036209533837530575
-0.03675433026666987
-0.03607088059997254
-0.03428432362947782
-0.028415069273394895
-0.02069634951739458
0.02781965422725938
0.046846071363282095
-0.007823891737760038
-0.0033478981916984464
-0.0020416539336137202
0.01449272129843349
0.07683912248843049
0.1453417850093799
0.04801829884794671
0.026300563177248736
0.03502544042804927
0.04835489387926237
0.07631903571856337
0.06749625812996475
0.05859761933962826
0.06504312490161959
0.06849646167661377
0.06303275113535667
0.03441239451263545
0.10624020152143294
0.019582970715053372
-0.0013424758162283884
-0.02762848806958401
-0.06429889246541694
-0.06757562855831523
-0.013363880278950952
0.05910390286908406
0.023605775044112806
-0.01829177745090527
0.0048392411941496905
0.06519622835625546
0.025742218223905086
-0.04992966102463017
-0.05940024245654477
-0.04139618126057375
-0.027488161081386676
-0.001783399803658798
0.015212033702065256
0.009883161344794325
0.006469032697106393
0.03360406143319676
0.04773165116686382
0.03964478646559692
0.04374891269993961
0.025442339304066374
0.06341467163348323
0.0016775294767302378
-0.006081907401846987
0.04173537367296655
0.022847848421698975
0.02409973448203411
-0.012611986254627176
-0.03088505042487659
-0.0514343840638923
-0.05778732637888797
-0.05895323248781982
-0.027089434280656573
-0.05564607606085877
-0.06949439545034596
-0.07200071912347518
-0.0681561687034874
-0.03177125538954094
-0.006738330983213816
-0.05341278847988894
-0.06663342355032081
-0.06619813992447324
-0.06023577036141322
-0.04919586731457526
-0.026844147691367424
0.013407869779966212
0.0744363493138264
0.08640219646295215
-0.10155255517326221
-0.15677513680702473
-0.009785564626054568
0.0643991128144182
0.01402011450729586
-0.019255742497503902
-0.0331982112001785
-0.03412650372273785
-0.03123100537425225
-0.022711187086427085
-0.014623359938894463
-0.006325742745085947
0.0008795304912208519
0.0021580465450546974
-0.006135724955943668
0.0023864116431841927
-0.014036164989874374
-0.030822540228676195
-0.024208029647231382
-0.01492439689221398
-0.047586120362732055
-0.012791957995810798
0.044712259396482476
0.0021886705475662547
-0.02588916765739288
0.006506658502433292
0.05268010381103971
-0.006234262147543195
-0.04653206857851399
-0.03398806719688759
-0.015218782085582166
-0.0046866264203493015
0.0007578080859926131
-0.008795936365083322
-0.0013876341324145624
0.005694274917912009
0.006321619850015077
0.00651167001485011
0.00043254958458678323
-0.00421262331936409
0.0018532833348532095
-0.005534198920299445
-0.003121096442333382
-0.007967980884607812
0.17624800147419448
-0.019151973628669924
0.03391712960422439
0.07514319795053438
-0.02110190334810763
-0.051124495705247325
-0.056537049275564806
-0.03234925944769867
0.02164692309448042
-0.022955199281143476
-0.00917943255211486
-0.009119888819275017
-0.007818083879094375
-0.04769960618246658
-0.036222878479163834
-0.01720245251519998
-0.020283862121582473
-0.023959649717578867
-0.01661957603284138
0.004062039179747154
-0.0008791277720161039
-0.0071457242323836765
-0.027858514211885406
-0.0223971388046678
-0.009324489796903486
-0.007792250223074146
-0.004552940519717342
-0.004630735205792513
-0.02488989787068954
-0.013606439333066602
0.007965573001162346
-0.01683938818830518
-0.0024089581103129984
0.000563357946491514
0.005834415526405115
0.012891589059796718
0.01841547555854788
0.006683056851241917
0.001440713231885366
-0.008263497951432585
-0.040880378149390696
0.004617500893778501
0.004522868817668147
-0.0005951158339129511
-0.0010826860050232598
-0.0014816842947652559
-0.0028768730167180313
-0.00453680881520443
-0.006759352188372096
-0.017892657398740665
-0.015129038084812058
-0.012033237127626132
-0.04502502572457708
-0.014714590845217057
-0.011961992594319248
-0.028121537268189736
-0.007410970812083417
0.004410894735652228
0.009498732098060134
0.013913725749996601
0.017132317898766552
0.0185749415466222
0.018541702079269133
0.01862548568818468
0.01708369265462106
0.012503285409915476
0.004789581664087122
-0.0008157801593902366
-0.007986210205661573
-0.01275714906695662
-0.01612349011420038
-0.01665608308864956
-0.013704036213640726
-0.008453543675573908
-0.002263364279466661
0.0030101993163742275
0.005571862081482914
0.004412398001415257
-0.0004872003130062552
-0.007432539705421347
-0.013916474631773413
-0.01835504110216455
-0.019678428821140136
-0.015831104274939636
-0.0058660142681686974
0.007829735211171794
0.019033071690859025
0.021405175871227648
0.015957172006393298
0.011756637210103688
0.014927325209411927
0.02087022678309055
0.020392540948104842
0.010976968945463047
-0.002127632948271231
-0.012660896495752777
-0.017584156938855688
-0.01699337961347612
-0.012539149724595388
-0.0061844772286382575
0.00031559666461929554
0.005413575548602118
0.008136039142270443
0.009206894389225726
0.004121966129121706
-0.0008986650937655636
-0.006897449666530989
-0.011925611325335636
-0.01508766600595571
-0.016113010862492613
-0.014659837950577988
-0.011693961035947345
-0.0071844770175349
-0.002162209931292674
-0.0011520843355516638
0.006293341887399696
0.01119981951723443
0.015672274037224345
0.01766225323138188
0.01834425884824126
0.017972204407426945
0.01568796074462555
0.01214437056356084
-0.0027886583311659383
0.005721684075893587
0.0007004010158279231
0.0020940268679111194
-0.0029440169775583305
-0.0017552995248529854
-0.00023614926302241635
0.0016790858370317513
0.01153324577038178
0.029342839567232035
0.007822891217023686
-0.0009543698359687784
-0.002527621187789067
-0.002596473522409771
-0.0019136120720650435
-0.0013407941603239618
-0.0020074165009255755
-0.005401957731185895
-0.008706390353186525
-0.05637010707380189
-0.040832006219293955
-0.008418283650696608
-6.635544870310628e-05
-0.002038419221282571
-0.013684419868179618
-0.013569792689545043
-0.017276025327696624
-0.0005917686145899607
0.043299401181290664
0.04879567263996512
0.033481441670148764
0.054187020186085705
0.007367432764194943
-0.03256850344051139
-0.017433590069326394
-0.0008517170397766258
0.012225355664911888
0.01951288820861592
0.02018282927159463
0.02059834903944883
0.01814338614276588
-0.007672774938881814
0.009037262442188476
-0.00248408743265659
0.0011810078024366761
0.012468919187720036
0.011712222563709787
0.005138181225696826
-0.010647875450138216
-0.003281316775150407
0.0016450365023520813
-0.021685010893958752
-0.006300900054186637
-0.0037788776743668683
-0.02603358429196471
-0.0007409035693540583
-0.005369856172112414
-0.03787921586354154
-0.004036777438622383
-0.005495921863810723
-0.03504213960940201
-0.03369047642762983
-0.019963428685547673
-0.07498397391128037
-0.07359540612186376
0.010139766505155927
-0.027339764193834635
0.10816253185491675
0.04251127677719457
0.02372834471868438
0.001655819411465674
-0.0036049967535986814
-0.0012977666745162607
-0.004393897375107216
-0.015180272842566149
-0.0406450614600691
-0.022131143457375158
-0.010511281250238648
-0.01518509493278282
-0.05181769386339553
-0.023160604096156702
-0.0401042693023044
-0.018506344618851284
-0.009794269921634378
-0.008834349246904053
0.0006721001324394104
-0.009078406187936101
-0.004982512544524665
-0.0032896673669511813
-0.0034804542870020523
-0.0025291901563627775
-0.0019097281025507772
-0.0035169677559854164
-0.011375906506302557
-0.00044316164156538195
0.0018962675274213552
0.003280559987443183
0.004429811973346335
0.005240712793492466
0.0052498173766934155
0.001837734648261292
-0.015751416357627685
-0.02369289642899937
-0.014431328223099489
-0.015255875061777564
0.0026880805643523784
0.010609452835091715
0.012597193395617105
0.029643253489285613
0.006228335224409789
-0.04537154378459639
0.007612027926176544
0.016088622431185574
0.017939700365777685
0.018307236935848258
0.018288858628856923
0.017310081356825543
0.009996310327486985
0.01378182834511197
0.011518087810603593
0.011602222982707877
0.01119366666649732
0.013744033176431188
0.023711772503470844
0.07348690693579786
0.061282773996123065
0.011329021532143638
-0.021559866228966596
-0.013775776003748883
-0.02937797531630357
-0.006234817985627778
-0.005428741751849005
-0.01938755282681917
-0.007252131114339661
0.002362552237208208
0.005912129197695213
0.007947358108609928
0.012786342264583306
0.01577169080588322
0.011366384384241864
0.016948260245684903
0.012882713399788134
0.007418665161566776
-0.0007888010697871792
-0.013254601609103437
-0.012436342929999044
-0.015674190695179474
-0.01512774040895396
-0.010718730950197649
-0.0037516108828446033
0.0024277861222703205
0.005118383443263517
0.0025092536304808905
-0.0047754385070443925
-0.013797542969675797
-0.020750794677980074
-0.02240483982275657
-0.015661232988511947
-0.000792322911291538
0.014743937179224757
0.02174771302112894
0.02181109798121725
0.022142436663712007
0.019115567219934668
0.006919353365135179
-0.008724778303302549
-0.018618456938691626
-0.01960765759084143
-0.013880248311161763
-0.0052284701206916605
0.002846473797622911
0.007635739778118823
0.007805697507381922
0.003914757757103833
-0.001908522795745612
-0.007495512037739389
-0.010714833043924586
-0.010990372222080295
-0.008864172517521212
-0.005374505893649776
-0.0003111023753836517
0.0046589725018180116
-0.014419385311100612
-0.03684368220752134
-0.0009606461258262163
0.007051084996122933
0.0015449647853484764
0.0014533772886732735
-0.0005388098101943866
-0.00855874096920936
-0.0022298112843668286
-0.013923114133383832
-0.014834678150688162
-0.015396158978320064
-0.02641841378286488
-0.009956797010430061
-0.0031346761458177145
-0.0011622743485353066
-5.764337798356238e-06
0.0020107619371812747
0.0041885605014515765
9.637448556821271e-05
-0.028602375876150197
0.002176568551922287
0.00987206462760883
0.013420915651417157
0.01623333252941123
0.01608544337122469
0.00805608975793451
0.0196633327497515
0.021655230559872073
0.019031967483826042
0.02151471281850058
0.02376075437094304
0.022913615952159752
0.022678444172433445
0.007127596054798403
-0.010464543484707017
0.019780728216806168
0.017796387229226763
0.008295216956758573
0.011502216154754231
-0.014974423692619768
0.07603370632484997
0.018893133926382897
0.02239786794503554
0.022190605971029436
0.018375422268120372
0.013989337320350091
0.001268790771515912
0.01783924502498372
0.018284261216088196
0.016567694210467335
0.01287178070235194
-0.0060353243770187226
-0.0551178523669533
-0.009299140039383922
0.02162114381122672
0.002183417885050274
-0.010424216743466738
0.031195962495139243
-0.03811724604548189
-0.007669419122215171
0.014966350983851559
0.008775739091358096
-0.019389687373155495
-0.04032408724655763
-0.0710228440553664
-0.054357834464480594
-0.11690561819505084
-0.05902274856100056
-0.18625472571716864
0.025562548361575933
-0.05761075851567475
-0.013187617936033057
-0.004772738981722431
-0.002935520304290428
-0.004960469179569534
0.01846681943172949
-0.006474848820565575
-0.0007102726168290914
0.0011766217083223523
0.0015964986341775143
0.0047414123654936965
0.005318190549366049
0.005397350046668663
0.003652694320104143
0.16509277572268374
0.030473941970937248
0.055935761734130195
0.026781998351515287
0.006198571564520681
0.011039623486167948
0.007021316041656035
0.007143253409563563
-0.009878415390528457
0.004710730544196855
0.005870813323629497
0.008405622229234917
0.006015390244251389
0.00739758647233285
0.008382967789962835
0.009068317157041475
0.009840419984810207
0.009496975631904712
0.010057086034587843
0.01166433941648033
0.01271493566862151
0.013469147445920123
0.013713440670284549
0.01222935143582985
0.006532650927716689
0.07992104471028665
0.006271439534336997
0.013502204361946098
0.0033094675028946213
-0.014452921858835075
-0.0313088341355043
0.013262863839399983
0.022990240906934394
0.022704802546661868
0.019484867092276006
0.02912357764587702
0.03588284259193273
0.0270835211739173
0.03355270160744238
0.03165206537431457
0.04662024432593941
0.059008610424460324
0.05683764487023757
0.04365237572146239
0.05128724491927062
0.05126510097797235
0.0422977712340085
0.042888513460642354
0.058193198437258106
0.02672304395511657
-0.0407761225704814
-0.03398127102150326
-0.01475693428017087
-0.003792837527774267
0.01517059663958267
0.020569976621416384
-0.00867914052818358
-0.03037370126094771
-0.046075289374538156
-0.03565272769194393
-0.0167802924952335
0.011593836852211764
0.023616053431132586
0.008603775297350635
-0.003369102364810624
-0.006836174680931817
-0.00575958012798484
-0.03114346268975164
-0.011686829984649646
0.0004043774951511905
0.007630705701188169
0.017351611286709225
0.019606199535476505
0.01933213303118997
0.011551744886693383
-0.05037744006828775
0.005383849489588371
0.018830340893223874
0.01880398449218221
0.01775395798196464
0.020759696128565215
0.02026567585160704
0.018035883501669795
0.017816085135786072
0.01606715425008551
0.01378567883926741
0.012280885926045922
0.007453394407436213
0.008941470976434386
0.006152601020276986
-0.0019363897246544503
-0.03431205081728763
-0.008887696449885582
-0.02506012476682697
-0.003557303178138916
-0.0010856440019193433
-0.0009023899490830583
-0.0016127659093596064
-0.017083335554934482
-0.003623146941680572
-0.014758292501127174
-0.010540850379674208
0.004411183908970609
0.009261249656714413
0.011311893939074504
0.012618550579327762
0.011334846549992915
0.00580123480676901
-0.004329595408989001
-0.01602599296124483
-0.018170912032241988
-0.015455686950259404
-0.031094076463320835
-0.023132302672607748
-0.009298213405094775
-0.007833088464063774
-0.010163980143981118
-0.00820070762321367
-0.004435277129707027
0.0005421543366745587
0.004912108014141188
0.006137223115313298
0.0023898221380709
-0.005948430073278749
-0.015887929252557557
-0.022836445740309443
-0.02141724095488039
-0.009016029128405401
0.00829349203513636
0.018708326174083387
0.02064263995897766
0.01789549356128906
0.006195000405771773
-0.010931320858284696
-0.021958699265023033
-0.02251454686174867
-0.01605463376251333
-0.007190634299870324
0.00106509523010116
0.005457811817711608
0.004583729835461272
0.00026054606429284666
-0.005965815966002463
-0.01076213043719369
-0.013071692095343812
-0.01380936542754231
-0.011186407624908242
-0.00800957521543615
-0.004880430539337544
-0.0012126724175568712
-0.000807880472407497
-0.005374371108212916
0.004389614795960756
0.007570897470965083
0.00770465396332623
0.005982354653666494
-0.023785621116009823
0.005130107579903908
0.00912710973345377
0.007607156387890444
-0.002786395383654541
-0.0058674567966458206
-0.018486381033922642
-0.00205348932326589
-0.004594068895139644
-0.008273961745159366
-0.01210856974298064
-0.01777787310600372
-0.03471306946810135
-0.062363873921948296
-0.0713219022046992
-0.030828974240685772
-0.022713163772548575
-0.0037368186758023284
0.0014766599442327208
0.0024438353006681446
0.007610302277071075
0.008506842993188256
0.004305961729552313
0.00920933241468024
0.009757237182617132
0.010136023879888757
0.009714046079761639
0.009285798700952216
0.007770108757422441
-0.056059844733876714
0.0009657892068575603
-0.0072952022922989955
0.0025188373701658918
0.0035888505127248125
0.0039746438359180335
0.0026296103955449476
-0.0017898355044672226
-0.0002532482141079219
-0.002043909672707833
-0.0037870934862736993
-0.005251510125261022
-0.006827830051793247
-0.008344661302591984
-0.010015457810101328
-0.00929964499028692
-0.0032643654929779293
0.0044480459791399465
0.01171472818523676
0.00903535092237199
-0.002201046643712122
-0.006034951184945314
-0.006436650603740772
-0.005319925845848231
-0.0033323265825904373
-0.0007951313097858364
0.002302412713710419
0.006867664460385086
0.008006688253581693
0.010245217265990965
0.012142436451440983
0.013314241898307455
0.013601254178587666
0.0129395048170128
0.011312770110630206
0.00878942909180979
0.005505038718796777
0.0016687200159204575
-0.0024490770496201158
-0.006544036811657739
-0.01024996882233756
-0.01313978934412055
-0.01473675782212268
-0.01454471520123259
-0.012130266686320203
-0.007272104504409335
-0.00017833723998632667
0.008236251767068601
0.016148017721876726
0.020928893173503972
0.019886837527921322
0.01179677160670974
-0.0014275939941274412
-0.01472789614211907
-0.022687777980173126
-0.02249614045906356
-0.014307719928334491
-0.0012495238511591208
0.011304211829511048
0.019036845566272876
0.02094052992746868
0.018690185504370797
0.014864863436559753
0.011585104923412567
0.010132916089897375
0.011141390181368999
0.014601856419631737
0.018831325767129554
0.01924081930836818
0.012001104628885135
0.0031655059177127147
0.003958492915412208
0.012970357421529256
0.017411022142983974
0.011226232374517137
-0.000993617277286298
-0.013088617110522394
-0.020807422852247445
-0.022368447914058225
-0.020203169994298675
-0.016759572362814563
-0.013075111350831134
-0.009435621269502923
-0.006015367474555625
-0.002953958827575374
-0.00031543625914524757
0.0018427685534922183
0.0035117058496526785
0.004683472118861001
0.00532450970864213
0.005327877113034504
0.004428090077750358
0.0021672507338085486
-0.001325747671932872
-0.0030692914292129838
-0.0014977631559350128
-0.000282032667139957
-0.0007415051735691426
-0.0024143018570492395
-0.004842888103566245
-0.007708655919677844
-0.01070150921115654
-0.01340437259950447
-0.015152604178853267
-0.01494786061571366
-0.011902532639306934
-0.005160566221572592
0.005170447403385745
0.016139347812757845
0.02209958055302592
0.02227839307173854
0.02220529059583806
0.022013430366360952
0.02152593236944629
0.021611871040116304
0.020295211113259857
0.014848092442378153
0.004028308485387389
-0.010183720686560727
-0.022049418628005912
-0.026495234340984466
-0.021884980989854908
-0.009676433070157198
0.005245303576365751
0.0167525732842978
0.021339544565473417
0.019193089264674106
0.012680381973483696
0.004645596121383598
-0.0028092857842027764
-0.008674939501591069
-0.012411195140020348
-0.014023878745229451
-0.013927251432086889
-0.012678610962178424
-0.010981603160823224
-0.00985657549735595
-0.0091935948899949
-0.0049420525303907415
-0.00028465804147332187
0.0036965083165970145
0.006819161021860429
0.009117639347164624
0.010665922077085516
0.011405606112725852
0.011260186964525593
0.011199226868383132
0.012209722987922925
0.01330498429305605
0.013765963691288484
0.013536214774646038
0.012619694271272405
0.010928400645977424
0.008206547882041152
0.004239598614824279
-0.0007579421916276028
-0.0059695291674047146
-0.010703569052561819
-0.014708467299713835
-0.01607796123989454
-0.011724878212611853
9.693742741716661e-05
0.015452979093718266
0.02324599377914876
0.01877865806869811
0.016178275449149234
0.021898986397530622
0.021213116773777383
0.00902699202445592
-0.00463962877241766
-0.012675299373879711
-0.014930967343152197
-0.013966321202432644
-0.01216363424543617
-0.010917383096398168
-0.010691457360162667
-0.0116640247441813
-0.013632831445583544
-0.015763165748190037
-0.016678951792199814
-0.014426576968319524
-0.007179143584002566
0.004790114215791459
0.016823785869966797
0.021561138039685415
0.01809593505252874
0.015703247682326987
0.01941503890394954
0.0212543603994714
0.013706500998151808
0.0002992679742969812
-0.011287058554666453
-0.016942926940411884
-0.01667539657517724
-0.012353767120004135
-0.006041508286884608
0.0006117538625942319
0.006423111772104628
0.010621671293465612
0.01283487511705323
0.013054354474413285
0.011578125054799434
0.008985379737801355
0.005562750297595157
0.0016608293429503046
-0.0019247309102887254
-0.005124103859592391
-0.007707580187971812
-0.009548098473080658
-0.010977714013304307
-0.012432145410407856
-0.011788877213156078
-0.012037248861498775
-0.011072713410894285
-0.010165405646369988
-0.008445793007469306
-0.006917657056359717
-0.006810517796781139
-0.004204720877252009
-0.0026634359486243844
-0.0015876626571173368
-0.0019217957316069471
-0.007727998558813778
0.0020080034474239733
0.00611446986378808
0.004400803591998722
0.0029134169849571344
-0.006389280131737777
-0.0015882657016358624
0.00364832757162711
0.004123893609266009
0.00393893315517847
0.003040882460046485
0.0004968615762737687
-0.0020597793191049984
-0.0010427098353194355
-0.004692743778848787
-0.004611109852011174
-0.0005614582768464528
-0.02432714860316298
0.004060534441496166
0.0034249697249972657
0.003685128319211217
0.0049663014907592356
-0.0021310929726215777
0.002046306420415513
0.006153418147100634
0.008949350985398084
0.015764692506799228
0.017273229226802477
0.008268030204155079
0.004187237036744675
-0.00309442683144819
0.000979821473624966
0.003187850481974915
0.0077283698354686965
0.00786916323385061
0.006660395578357235
0.004627740965893981
0.004498315466881218
0.0036912923368592403
0.0024948621412809718
-0.0014899528599539363
-0.026128876165043252
-0.002200548150804173
0.014006755625223142
0.007665347175649967
0.002404685105419278
0.002031605642277637
0.0017140916643177669
0.00039097822645361904
-0.0023505685527816307
-0.007087344721158404
-0.013210745948213207
-0.01888184279348231
-0.01472413289695626
-0.0034743090599302223
-0.0110152289875915
-0.04137802992592644
-0.057236629916546516
-0.046797667054270645
-0.01659264785342683
-0.0006854034792899637
-0.010963366697756499
-0.01807457974702795
-0.01527313248021424
-0.009598841381135235
-0.006320379241135027
-0.015655864958260986
-0.008546600198079575
-0.00040875110193434725
0.0009760443927165356
0.0016174204714647792
0.0015492956703284
0.0014905159125353873
0.0016202689269785822
0.002213280447468139
0.004583188739568679
0.008813254595634805
0.0007307923067403831
-0.0028273445415609366
0.005222691132053866
-0.013303556086778424
-0.0007548496674452314
0.0005124644469800539
5.0506792509144295e-05
0.0010389473423046468
0.001545857697392131
0.002129950758393413
0.0035244238675606982
0.007879697720116437
0.010085731154123312
0.003019732645715211
-0.012440881311380155
-0.015883100581494745
-0.0008187547416193538
0.0012765950418093092
0.001516908516065904
0.0005882871469218422
0.0015038982971758942
-0.0044358185969985775
0.0009438218774148986
0.0006182279870965137
0.0014541022660005184
0.0009559010681412331
-0.000527585051737381
-0.013169955000120184
-0.004713861161629251
-0.0016549620169412106
-0.0020208543022536096
-0.0032320347776069237
-0.0040783754555399655
-0.005370276448192197
-0.0068000754209906885
-0.010305342660185754
-0.010974003886012657
-0.011631003660470485
-0.012654730037829302
-0.014587119651051354
-0.014233990908552709
-0.01297186984651021
-0.011735779293198963
-0.008813629810036168
-0.006653223050730474
-0.005302354543138023
-0.0018297790452591538
0.0024485443787350017
0.00726469842289358
0.012551161183666478
0.016007014823870028
0.01883947406464311
0.020245262394155885
0.01964797493199001
0.01694887227731725
0.01232935401291047
0.006239732103037098
-0.0005343297001197355
-0.0071925991886810856
-0.012605537546547666
-0.015332960903661118
-0.014028137919206868
-0.008485900889253902
-0.00020132330073468148
0.006944279442108488
0.014939269963681648
0.018464257858901077
0.010243314735070718
-0.0007838223618327817
-0.003662696420347039
0.004571880893584757
0.016948676340536144
0.023190821455935057
0.019337556562740207
0.008943986050583835
-0.002232105420836599
-0.01022007578237794
-0.013609282488496202
-0.012751063800559556
-0.008782427217350421
-0.002976737941449022
0.0035547398267345037
0.009869779568860483
0.015212345957629934
0.019052855171553116
0.021112480190531645
0.02137028080622429
0.02002152726242297
0.017473158165477305
0.014104130030300008
0.01396647490434055
0.006886806291297702
0.003049355432020904
0.00011513730355339155
-0.0023974316122678603
-0.003957909126321979
-0.004134654182114441
-0.0010246106586132926
0.00313174806072382
0.006053762316658892
-0.002588584830268922
-0.010185547547483749
-0.0059378033393364645
-0.010772878952202997
-0.010674814222178024
-0.00973103564486352
-0.008538966658305846
-0.007511944116007824
-0.006355187364609854
-0.004809663828022136
-0.003384286415863706
-0.0025353636866290693
-0.0019544213511599445
-0.001825783660839716
-0.003914774475090367
-0.00439759912228474
-0.0024220084425821096
-0.0001824465394173773
0.0003704637513638069
0.00048778592298616674
0.0018076963352757303
0.004051616894164825
0.008938618438271944
0.011716474790014027
-0.01927091894399338
-0.0459112245239121
-0.0012719774823221057
0.013178266651003842
0.007852162715489826
0.0043345597454985205
0.0034301556337430717
0.0033842129052860594
0.004114139946826929
0.003811204561068678
0.0037947361769911916
0.0038621821723635293
0.0037812455718658896
0.004069792171662957
0.0034193148682762266
1.159378917361656e-05
-0.08068171200201951
2.4862477386991598e-05
0.0035278830500511155
0.004503499954397838
0.003637786054463767
0.005298698822946418
0.006353257684839055
0.006263257227807287
0.007897896845959903
0.004990394082446612
0.025024045981656643
0.007605461173726083
0.009351683919411923
0.009957467571492481
0.007536757500949127
0.006725516155956719
0.00605748554230981
0.006398054178086844
0.006473864441938498
0.0064454236717175015
0.00636043597508048
0.006221471905970324
0.005693007056781534
-0.0005347099951610917
0.003585817672946876
-0.04129763120013425
0.007179400469146446
0.006563950380753537
0.006106047256214075
0.00497564214583792
0.0035103927520642726
-0.010518083700999997
0.0038265225844150794
0.003539303892311156
-0.00597576346606793
-0.0136029466706368
0.002920920850734356
0.004359516089653699
0.0051314590901120165
0.0057269967647428565
0.009059942919425521
0.012994711088063323
0.013942700252876404
0.007811997461256475
0.01508770611760729
0.0065983038999148725
0.0034958138812792327
0.003254293089913349
0.00294320825749508
0.0008982483248320791
-0.02227456230094273
0.0003625722257192751
0.0014070522077471392
0.00048462441125842197
-0.0014342759654299507
-0.003889461056255786
-0.007832399660467617
-0.012157755084906921
-0.012639298980855819
-0.010312194533942883
-0.014055525511603396
-0.009837528541086684
-0.012086044034219538
-0.01218165407165933
-0.009336392422573047
-0.006643652734946712
-0.004718627623876335
-0.002287174399046388
-0.003286592707618889
-0.003153644956113308
-0.003188973503245002
-0.003386976164213697
-0.0038325532703994774
-0.0043361269657866955
-0.005859652870677986
-0.009260254153255138
-0.00867878487943444
-0.0069855083353705435
-0.006396059971411989
-0.006718521514269511
-0.0069061325449454114
-0.007305562993144456
-0.007933305176007578
-0.008011010818349774
-0.008813340009385882
-0.0007289795765439815
-0.008500629094057292
-0.007844559528608967
-0.0073839332907302485
-0.006691677488859278
-0.005513545068643419
-0.0029216796754693687
0.002393089665590353
0.0015394792824761474
8.326947023192434e-05
0.0009270550353259075
0.0023294288457969517
0.004336407454998454
0.006680516888565502
0.011132702046425908
0.013095943714728303
0.012048055436000887
0.01354308984978233
0.014658342110733382
0.01512551265571859
0.01473148390024851
0.013293970647738485
0.010685572975986163
0.006885889299716966
0.0020287880875799564
-0.003544428066008885
-0.009128584041477913
-0.01388814205805215
-0.01642271198328356
-0.014996686368961083
-0.008183235380300235
0.0035958250806386017
0.01607431753252054
0.021601132695767543
0.01669103599289861
0.009862162111026937
0.011856162756604375
0.019482028007372663
0.020835955907906968
0.012456883678661799
0.0003048582592345043
-0.00945934095205941
-0.014522186763937952
-0.015446382645089901
-0.013733006132502997
-0.010749593941970009
-0.007426024783260114
-0.00429500273789951
-0.0016136283279567436
0.0005373708282346065
0.0021633530414918007
0.0033295121108292943
0.004076285185165647
0.004449114895682836
0.004503915594150676
0.0042653746355412175
0.0036696222840862107
0.002646386544913725
0.0013975509484542776
0.0006123909918891333
0.0001259693203490379
-0.0007131396135793189
-0.00200589701598688
-0.003743331278385079
-0.0060342718992305415
-0.009035844266628006
-0.012204653533074452
-0.013374879973180076
-0.01265805926586053
-0.01234374031832455
-0.012753550809374516
-0.013449915857396074
-0.01412047067558076
-0.014586632875067911
-0.014729512321333418
-0.014452293582956964
-0.013671518182303576
-0.01231229286143433
-0.010327582286237712
-0.007690560516699587
-0.004431962024954928
-0.0006481695596469299
0.003549374402442172
0.007949263805762823
0.012230359233393112
0.01591256999676162
0.01831914491254095
0.01866140158811272
0.016166958889271027
0.010383573316908321
0.0014024260063655166
-0.010028125138946667
-0.021857227735462673
-0.031022960659326616
-0.035147729472470794
-0.03396135439635875
-0.029693411612675778
-0.026268634653323648
-0.026482220836691994
-0.03045719730455013
-0.03646160510245691
-0.042237905732308914
-0.04610827314318009
-0.04741101049989168
-0.04603043096962839
-0.041767538496144826
-0.034652932870972326
-0.025317094138587164
-0.014910169863802737
-0.004726800494698772
0.0041357100771652
0.010977884715482307
0.015532871862514876
0.017884837724497258
0.01834941006273917
0.01735405012879502
0.015344773489702413
0.012726923916764785
0.009828328556166667
0.006898324689463875
0.004128365934899625
0.0016377480012926204
-0.0005114162502064787
-0.002295422115052353
-0.003713688628914245
-0.004778016589576427
-0.005504826937442881
-0.005913428242363999
-0.006013885244083544
-0.005796015346071479
-0.00524393053672333
-0.004328299173068117
-0.003010270397201937
-0.0012503998237232694
0.0009818163350325893
0.0036874336831960006
0.0068086855314922826
0.010194990854476876
0.013573432352369174
0.016516136782366478
0.018424981118986015
0.01857438863616939
0.016223169243966468
0.01082093740339453
0.002279404057320405
-0.008737822052749146
-0.020739056164241335
-0.03179308159503314
-0.0401137378540549
-0.04475959132221731
-0.04566769537432085
-0.04292981925042939
-0.0364321966200194
-0.026607807296233715
-0.014825595732642867
-0.0030188737236968247
0.007010025473634396
0.014113805262749485
0.017919068457373163
0.01867024474945784
0.016994884017957068
0.013643525933171896
0.009325468971611395
0.004658863144339896
0.00011077780627464999
-0.004004099795953636
-0.007493493162896693
-0.010265283538490344
-0.01230289337074265
-0.01363924761428364
-0.014341034039910985
-0.014495342749731771
-0.014194024840606091
-0.013503104176591153
-0.012488029910465935
-0.011252838883976591
-0.00987675788935484
-0.008419502796011127
-0.006945975999016155
-0.005514304578319937
-0.0041915100479523165
-0.0030799171835396975
-0.002369068480294826
-0.002537251513815353
-0.004073846695599993
-0.0028695927510009513
-0.0016067804538697117
-0.002093147687495848
-0.0038289487872587022
-0.007001637975600989
-0.011609141008883285
-0.016524227431209022
-0.018202803823063704
-0.011055183018379919
0.003963081547347684
0.012656208919276015
0.006615655870513257
-0.008112691310510955
-0.01732141409280054
-0.019905760963493453
-0.01566160980706521
-0.006148897000911551
0.002108529948494085
0.007863453681527395
0.011544336132669678
0.014124707279980359
0.016295949826506086
0.017864715712276436
0.018848956811284887
0.019501430903206253
0.01986374325489278
0.02008095778181627
0.020338928892331975
0.02011567451139194
0.019789485546259096
0.019062488723899148
0.017759723541683158
0.01573018423859513
0.012715835156678255
0.00837870321769267
0.0026415677398435975
-0.0041440020821651114
-0.010900217146894868
-0.015396459275303118
-0.014134987999578399
-0.004024042276088565
0.012277882083316169
0.023571693089469607
0.025651957862614802
0.025677157716158024
0.02569837032831463
0.02249936615769074
0.010874608491807594
-0.004609085473656097
-0.01428202444213204
-0.015278749438298087
-0.01014746952275229
-0.002379802929545472
0.005533463249646197
0.012214714286356355
0.017079971377640085
0.020066536832865065
0.02125001637215045
0.020113447334064036
0.012252568449404738
-0.011584105940395339
-0.007673193398629242
0.013016470973708059
0.01664397144281556
0.017069299230365417
0.017191332305848704
0.017127493758314724
0.016111213309525363
0.013926013763471459
0.0123100157747022
0.010871642814680334
0.009728273400124424
0.008809020854319734
0.008074646758828406
0.007468223772995134
0.007525078943125007
0.006715223987654472
0.006589880419830021
0.006553548171440583
0.00664111089834491
0.00686129624609945
0.007194212178049842
0.008121639919503792
0.00821894703760054
0.008929995020854469
0.009817831209251865
0.01083808035575845
0.012283866391028058
0.014630846704671846
0.01484178113472807
0.015592318457957985
0.01680493370587423
0.018114026514922048
0.019262501236451256
0.020332969056074224
0.02111399784945082
0.021516116077152647
0.021316929778269985
0.020695510162130636
0.018899568467063758
0.016338786626757914
0.01262530224757914
0.008147769097577315
0.003146609366364984
-0.0022295652873385624
-0.0074651617853087205
-0.011727359299234767
-0.013961924364963147
-0.012977185456757077
-0.007805988437994991
0.0015081269335260115
0.012771050833932205
0.02095850780099985
0.020049020641547115
0.008842977153040048
-0.004369487797464035
-0.00843692874624709
-0.0019220618651667517
0.005769283719720434
0.015271399576925328
0.01527936308326295
0.006776638884993402
-0.0031746599981001
-0.01040430294088914
-0.013719905906785292
-0.013632509982339436
-0.011343487795140559
-0.00841110789714372
-0.006623217217737253
-0.004609737817886649
0.0014528521818330195
0.005950955365950355
0.0045997548722934815
0.0010556270975104161
0.010974367171306648
0.01674818302543889
0.01862262880966688
0.019111961364461968
0.0188703776557431
0.017882001856842588
0.01574902203096767
0.012003447571912133
0.009112833872602444
0.010673951940115724
0.013859159409163348
0.01571129874230625
0.015985456339858532
0.01534883231439642
0.014606600162503714
0.013113258117882593
0.010994325484082135
0.008106517267555067
0.004616878706845639
0.0005381726866230258
-0.003802466175860022
-0.00791315666877238
-0.01161190338265724
-0.014395070626427206
-0.015355251436244124
-0.013501372491190558
-0.008097047052511538
0.0007209888431072057
0.011084699258621931
0.018869169169175786
0.018943749013285018
0.009466417624699958
-0.003827955825176941
-0.011684928099678407
-0.009339705241700412
0.0020937788796776065
0.014691593570787797
0.019855632668843454
0.01575729990715993
0.006303573269988998
-0.003633387496738577
-0.01095942730728775
-0.014638778743610331
-0.014946588303003279
-0.012741674027689455
-0.008887367977897643
-0.004219988236336678
0.0006218696730749754
0.005193142971034359
0.009192426104301243
0.012421152009217507
0.014784654610682622
0.016277016355982214
0.016958273350943194
0.016930822081484605
0.016411188623155742
0.015744432627961116
0.014331776047630114
0.014925104261642851
0.011418546996270913
0.009721676729560239
0.008290515272449514
0.0073003133457164105
0.006839444618700494
0.009134841725363578
0.005753194998357968
0.002440272619257888
0.0006128316663339638
-0.00021367146233692357
-0.0006276663190506726
-0.0005295719982023819
-0.0018327644844289724
-0.002858152667956236
-0.00419543359341386
-0.00518057571785131
-0.004091826181272706
-0.004162015649513939
-0.004143947758284966
-0.0033446173789368123
0.0007332970426978431
0.0009957936148838958
-0.003656533099534569
-0.004189574343581125
-0.0021661928153376927
-0.005138569259494396
-0.0046219022480370716
-0.005287211492596714
-0.004133088998219653
-0.00173438022100886
-0.0005523476693522796
-0.003614429912482077
-0.0072279032558993945
-0.005778695777490769
-0.004762563195868392
-0.004547739186665722
-0.0039684784544889605
-0.002061953964918836
-0.004208914887048986
-0.005281408506948358
-0.0036795088080404216
0.004358266796112469
-0.0023306806306377125
-0.00452955586060809
-0.004779458238131912
-0.004844459609958431
-0.012859602594164094
-0.004603551441758815
-0.0038837257763048873
-0.0020524963234528726
-0.0030118925871276407
-0.004119941708888624
-0.004348115109441225
-0.00441335290655248
-0.004371007323919872
-0.0043284444172265665
