4.3079219622849194e-13
-0.004554834661690736
-0.004461892632900956
-0.0034579536261430083
-0.0020026180548420734
-0.0002225415080724689
0.0018051836140039156
0.004044979657488819
0.0063218632498100395
0.008522300321751237
0.01048329494905337
0.012330460091490898
0.013696852605847753
0.014199204978074116
0.013536586037224702
0.011280951313936017
0.006702579785033477
-0.0010788570294047101
-0.012761873594090296
-0.027068273769731633
-0.03518728637728155
-0.01832328615080397
0.006667554528370375
0.012138474415776085
-0.02327637607723769
-0.04255621461867275
-0.03901622579495254
-0.02796822027285105
-0.016648573271632647
-0.006867316076988384
0.0008703485529124827
0.0067271630566356575
0.011400078719482678
0.014948797465814108
0.017588512523079854
0.019483373246772587
0.021214989164460078
0.021451254757228706
0.021661014360207124
0.0214543302580407
0.02078914262068526
0.019692242176793738
0.018129159484775826
0.016006925955170715
0.013284195192294741
0.00973255837476515
0.005093712629538459
-0.001048484305697255
-0.009260132636386397
-0.02043925131158311
-0.03584024860142999
-0.05170178537367804
-0.05617388956150921
-0.03183055050831269
0.04422488802404172
0.08492020480071308
0.029260686536832017
-0.026578421258106107
-0.06356568557316931
-0.07604899215445166
-0.0804248531055937
-0.07823993505816142
-0.06304667686701278
-0.01786911314657734
0.06279179815285837
0.1219661670892231
0.08272323451452171
0.00592114565385795
-0.0287222006029201
-0.031196432705412187
-0.022589486530290175
-0.014108828092181096
-0.008004722219819712
-0.004036121931473294
-0.0016341263083528223
-0.00034098262489114863
0.0001921612514304779
0.00047823418471859395
0.0011107089108836434
0.0031784392479289984
0.004446137354498099
0.004312495105777745
0.001572910192461479
-0.0014178381519489682
-0.003213255309249799
-0.004215994813377551
-0.004677274507359867
-0.004552210298818188
-0.004571854270397238
-0.005815644528378507
-0.007185290800306572
-0.008114419481863575
-0.00875297438858067
-0.009181948160689795
-0.007868335912748861
-0.009085391929302139
-0.00932102719473614
-0.00909400145775581
-0.009820327986410828
-0.010322035102952076
-0.010441897892056472
-0.010413329653367998
-0.011115944565574706
-0.009125479247914976
-0.008363315580221164
-0.0066857418280323174
-0.004823410444987581
-0.0023772632043369806
0.000888286722272135
0.005003169097507584
0.010220867091810673
0.014762348748132734
0.0272599550049237
0.03924125187418569
0.05229808379572643
0.0614137361868152
0.03853553286094547
-0.05193596755336783
-0.10708590402998493
-0.09691051486599646
-0.08954670143779517
0.028472888578881455
0.07672917251654511
0.07036632911429695
0.0494977519367226
0.03546417355874181
0.02380231112513706
0.014651709603683475
0.007073080734204335
0.0014592922793590269
-0.002854734301415827
-0.005590977313129871
-0.008761584986095531
-0.010506719078459266
-0.011664172558659655
-0.012453166757940868
-0.012413249877818566
-0.010935212148505591
-0.006898030893442662
-0.006430859590523456
-0.009316639380626058
-0.011052284407741787
-0.013378223338197196
-0.0006817249637735332
0.003066780345479935
-0.004037147561267009
-0.010060494548319752
-0.012347144932035347
-0.012909945179903756
-0.012936886491536737
-0.010358011286057506
-0.007372954419747773
-0.005758277116946415
-0.006923959862661036
-0.0023565898258067768
-0.006217198411874689
-0.004544338979297438
-0.002924293557122127
-0.0009081135833505616
0.001453505568448689
0.004161130102231002
0.006791584648078774
0.009491137783588498
0.012508713156904248
0.015468068208168838
0.022625626926518812
0.016018282904544472
0.0252681078578763
0.028187324954739898
0.030942121660642058
0.030071992859939046
0.0270474294933775
0.02040740294951046
0.008811798556355922
-0.007919424833992342
-0.028877992218201382
-0.04731514178898475
-0.053976601360867224
-0.03103303930883756
0.030572653839056375
0.09439936039767956
0.0611485236254207
-0.02848877872407812
0.004822227059588122
-0.0206464778352245
0.0018552345957395047
0.09048335890008877
0.085425839821159
0.023823474779042834
-0.024889615039598686
-0.044652745238022394
-0.04412334880094658
-0.03380365620737188
-0.020264080617811587
-0.006864449624545826
-0.004286519867682773
-0.0012499197144409553
0.00397767316404132
0.006229794292424706
0.007909461898822181
0.011544816987605374
0.02058116861239453
0.04081483408509988
0.07055654380155191
0.0644654825992076
0.03393611402060952
0.014635718047970658
0.006399322782881319
0.0001900587771780693
-0.00533697646403571
-0.0043810593690336444
-0.008726693633047952
-0.009220752440671776
-0.010858130546203272
-0.012532597745124219
-0.002644028615215445
-0.014188358320517394
-0.014909765615142942
-0.015404872526390419
-0.015977805126420833
-0.01610252420627404
-0.016035405574514914
-0.014917535522029811
-0.011617062837862627
-0.003249061118378875
0.013464313223786188
0.02861930547485419
0.008940216223809437
-0.0064428513745247275
-0.014121827227407869
-0.01752894032077007
-0.024665638340466284
-0.017255189210491257
-0.015697703024759344
-0.016676433157886437
-0.021395166998838706
-0.030132054337563417
-0.035959683660490564
-0.02059549317572747
-0.021378520886382594
-0.005250418461496501
0.011601787297800429
0.007068455604907097
-0.007849797157615022
-0.01823352810701844
-0.017293597858050846
-0.01877332387064497
-0.020347095731768704
-0.0341137839111014
-0.024322290337804524
0.005921320749265287
-0.018949812729074852
-0.014960478928581659
-0.009300929123189357
0.0014030984012248931
0.012777635260142101
0.003056962226085276
-0.0068509752420570285
-0.01295267569326107
-0.02133622971956334
-0.012975638734922162
-0.01247057629027812
-0.011740511913952499
-0.01318654144437628
-0.011695682570647811
0.0046314435985805825
0.015849337605280924
0.0021084009985973045
-0.000942463356521568
-0.0038626769920964902
-0.005169456829446916
-0.004846447534770339
-0.004503237841773142
0.013063909370989377
-0.006551700923895345
-0.004965259415802867
-0.0017963041997962358
-0.0006627584973322469
-0.0001938247785343493
-0.00021252634459856156
0.0010237259118220747
0.0070202729861623585
0.005119849986404429
0.0054418304891259905
0.007310515772631193
0.00583505702604095
-0.010319335503480465
0.004878376786847216
0.006984109452701375
0.04694209552009107
0.01008098919312338
0.019361112148591226
0.013181685979225043
0.004660812827909849
0.014038778045955722
0.017001453266691793
0.018292706306666746
0.019482000261498357
0.020648123306871866
0.02103796283989062
0.02019145505291763
0.01651817823240122
-0.002057517995952514
0.007847718752990753
0.021236544585584168
0.024480334793228566
0.023088242452330772
0.021929990380792325
0.021410343323231426
0.022093831874011885
0.027045421791160845
0.02290937021876302
0.016877948778517463
0.015650038903854715
0.011922400808745544
-0.005603278556232989
-0.029886268067825236
-0.0286921075328151
-0.03143556255253542
-0.02206256189480954
0.15316646600447337
0.06738533409012912
0.008047023084677078
-0.05718209149321544
-0.08184467975668284
-0.009310261529456056
-0.06246643233506225
-0.06961239419036237
-0.01050673889987527
0.005609396807686885
-0.009978979751390985
-0.02420670095332196
-0.031736359718213245
-0.03907688750254833
-0.019719922456549847
-0.008953019707692932
-0.0005494177795853849
0.00025493323706318185
0.000805815172190433
0.0024791539960019437
0.004409450414775687
0.006026259210720091
0.006958408109334427
0.0037737448200646463
0.007278058816377618
0.009684331178177486
0.00816012715370201
0.006830530537218431
0.005523787843342556
0.003923220091733041
0.0010634898516890254
-0.0016994578564668808
-0.014557934402342482
-0.01991054553968108
-0.0127100826425832
0.027616573875306166
-0.019475978081822255
-0.02609830938362535
-0.04170452135494565
-0.06139482674942049
-0.040718880688398185
-0.03856128631182401
-0.04183534249224917
-0.04422749412544175
-0.05371636623941299
-0.049004258999265846
-0.0438212060798538
-0.052707195038996374
0.04657491237727413
0.038854770051709425
-0.057070490265339405
-0.04503256785665418
-0.0502155228969092
-0.05364230749688632
-0.058584589641646895
-0.0550237248822212
-0.021720373805993617
-0.016318943389060602
-0.06420457044276988
-0.054741399216710326
-0.04094238192325484
-0.04504779105530308
-0.06961332523728576
-0.03142360999526716
-0.00803223187461133
-0.03030776263910701
-0.04682122540226127
-0.05224772322459186
-0.03661312865747045
-0.025023477806374532
-0.012998585141783299
-0.00708127769929253
-0.014207961092593537
-0.021190913365157646
-0.012935940218608095
-0.013026010067773272
-0.012833179446645523
-0.002319065433778425
-0.006981392367365841
-0.005231639934528821
-0.007442038051339473
-0.015216736921319892
-0.005925389566856569
-0.002333726747992167
0.005355365852542861
0.013004126407050346
0.01609067737714932
0.01770842703101167
0.006274225870649986
0.019425741229471948
0.02492024049920093
0.02715090459472092
0.02892203401896889
0.05419104100471043
0.002594496730354585
0.026385962939710572
0.03316219983359134
0.03421543148530534
0.03313043952872586
0.028167151986455034
0.016633777224287907
-0.00862389611896702
-0.03555004373041833
0.014900249196973026
0.15831210345521965
0.14494107485005533
0.10644220817258152
-0.030258542056665116
-0.045313957274879586
-0.03606956732082517
-0.020087691396615096
-0.007245536984625662
-0.0008728246015518988
0.0011032372481769028
0.000764261238325811
-0.0007929820149904581
-0.00562742987003461
-0.012322837365107555
-0.01215906880767924
0.03420273340608355
-0.0002301598377310827
-0.04346640220911081
-0.043546772571898526
-0.01282656743942747
-0.020157083683128015
-0.03696408814012475
-0.07757117919007388
-0.049027054543534086
-0.03840040695188846
-0.04882798664747283
-0.07523390557458375
-0.029598533065437097
-0.014658621863332062
-0.03299841267744989
-0.04001109879795447
-0.03249864267620224
-0.019247201625030633
-0.015192882423919871
-0.0010634696190075584
0.012936410093209406
0.019591223385695272
0.024734707228000093
0.017979175533577713
0.0009268773127972307
0.022091256411807134
0.030201328770077095
0.024791734975427113
0.01243235679075163
-0.005195183464468636
-0.0035659678361188696
0.012279821762705373
0.06522996582428207
-0.003566907730465872
-0.0228160570616935
0.028883538579109577
0.043093722428058895
0.0036064886478259484
-0.01086789094713115
-0.006363843271181884
-0.003658161671595798
-0.015482232774222567
-0.04637454912493172
-0.036448886795830776
-0.033627733045879585
-0.058803204556715075
-0.08943657112556476
-0.04617317675906087
0.10446484496992184
0.0629132753666064
-0.020831852910399747
-0.05204054021610659
-0.04410598554690746
-0.040961892350777115
-0.0263688818675273
-0.02044433730012166
-0.01906102968907976
-0.033545999815028565
-0.03840195884382695
-0.0260583451276588
-0.03056198429742297
-0.022859140266811594
-0.02246125805663459
-0.018882185486051292
-0.010885526934221549
-0.0050764086079513595
-0.019915880488891785
-0.026939602841850464
-0.030352374784770753
-0.04250147438375944
-0.00994355784167602
-0.012668055978395147
-0.01835529572345737
-0.01890798572164818
-0.015880827366908375
-0.012242850930544827
-0.004602809651585323
-0.00330358179904134
-0.0005825654303822658
0.005763999036414593
0.011743914474969376
0.007888147341903238
0.020308626452221146
0.020918369219257785
0.024153044892319085
0.028524741071965492
0.029913351768660584
0.029012278582289296
0.0272421791704709
0.023851159444094692
0.01972645770202798
0.0156072292644228
0.011795778844910272
0.008293951729244636
0.006095456463595217
0.005625665458264217
0.006143895690586835
0.008951952506181537
0.011363496860380344
0.0146978955618156
0.017357058607056913
0.018332132508090238
0.017083826699185265
0.013341756208240671
0.007551034175042805
0.0007989922955767736
-0.005557947719990474
-0.009752896559578825
-0.011230363950892991
-0.009683935924664076
-0.005815380578603865
-0.0002634152164924481
0.006076640389035072
0.011507821795030907
0.013821501445085508
0.011354747025058964
0.004681433857812177
-0.0025962312310738042
-0.005962093750860969
-0.0033159822020643044
0.0037128711683664024
0.01087188221120579
0.014370224718873094
0.013163084876422343
0.008528913306954457
0.002514409371006195
-0.0031370883942063344
-0.0073091675793052835
-0.009385349278219768
-0.008969609205688756
-0.00619500958868957
-0.0017905654373110752
0.0009333416240615871
0.010066610481931044
0.014736445815361226
0.01808321475212723
0.019377669073601507
0.018872476896884694
0.017101352476451566
0.014518488330325853
0.011526066037411553
0.009019935745412608
0.007308089756651239
0.008752179311372899
0.007057485400873037
0.008004101425872554
0.009916382131486852
0.01260193264546647
0.015675493910988915
0.01887769904128743
0.021958211176600826
0.02463945667044664
0.029688755117194342
0.028560044408099467
0.02947379719780903
0.030439457550789445
0.029504729900210552
0.029873864398626052
0.029305786766279134
0.02878628445280676
0.030361182267468062
0.033502538734125155
0.026339600928251487
0.020349011055497752
0.016400033940782124
0.012348031613277634
0.009319625372062332
0.0064492877003138075
0.0033783403837802984
-0.0004750183586328622
-0.0036161371163677338
-0.019048057805641304
-0.015136242082024473
-0.005800054310115243
-0.0022110910825750944
-0.00015834437993264604
0.0007486753698813624
0.005855848677880148
0.0046370810898676285
-0.017243720390827312
-0.07014617577854862
-0.07028635531912314
-0.04627512621541554
-0.08466639740105127
-0.03749861693169988
-0.004199040099389673
-0.0005424105153389022
-0.006050376189865833
-0.010292983009331718
-0.010691534158650986
-0.014130147267592492
-0.013692722743706722
-0.01348147408460951
-0.026868214698778568
-0.014288324725127265
-0.01745685913723536
-0.012745192020485768
-0.003979712853693067
-0.001409203678413189
-0.0026573519585595964
-0.03361028275165681
-0.011720102516142325
0.0025898458627907346
-0.008744382767884034
0.003146022923051126
0.00738412805854206
-0.00790843319300465
0.016579873146492008
0.013502191417298687
-0.01811455976139526
0.016776852811858464
0.016481762035982787
-0.0025537971158148274
-0.002158847506238271
0.0059647898059003515
-0.03500325734843336
-0.018811646284683067
-0.0010703166047127148
0.03667053307892109
0.07070876220094019
0.09260001801005291
0.06955952387657094
0.04734636443586987
0.04135813180770312
0.042297239908183
0.03959423666099262
0.0297815689184065
0.008916191896457887
0.021876915265561986
0.031629700561978225
0.029311443595376453
-0.019179066225604512
0.02286982175613586
0.007209536962006821
0.022807799323156946
0.0106647961156404
0.03231447386369448
0.024998734106269748
0.02660583129413949
0.03204924535064032
0.03017320616020325
0.030702315068389524
0.030014162507887635
0.02823307801381809
0.024446497350125194
0.016538060476075995
0.022791134700725836
0.021933188450862232
0.020519210516502833
0.018463940261680807
0.015891136130834687
0.012655498093097219
0.008286563521200158
-0.003381413505030634
-0.01064886576787419
-0.010212151985664596
-0.01571851348609792
-0.0139469887620305
-0.005024960735378786
-0.005727047030583017
-0.013832239878068333
-0.014713829451836953
-0.0499938040548902
-0.018238019150830002
-0.012391954317612117
-0.01566007601269164
-0.01634522299591716
-0.017268544803889885
-0.018372411383001788
-0.022940896349729033
-0.020939604644038993
-0.022518038036375226
-0.024118067408970947
-0.027108129133596826
-0.031099704895013274
-0.02605445682307867
0.04703584151744287
0.02713776363699558
-0.015351051400944832
-0.011402792418763496
0.0010807739434037797
0.0059281792631498
0.016261569984136245
0.020385931164841168
0.021666593951092532
0.023906631761262943
0.024684396112486733
0.023436535369778192
0.020900308729805358
0.018859846167616025
0.013460971008605197
0.010298239170081325
0.0076744571360918435
0.002577973360335923
0.0007812417783133463
0.0016285580109077237
0.006511675227506771
0.00751779127976876
0.011751063686791722
0.014935015201264357
0.015558089234324248
0.01248656759017163
0.006472927392867704
-0.0013261361159167305
-0.00844052730207382
-0.01248668796793288
-0.012365466535422148
-0.008377548949199379
-0.001676620749338018
0.00583838953605103
0.010948789897077942
0.010676164313908453
0.005863365983787184
0.002152283484874127
0.004084926792402889
0.009499635850389843
0.012315412900093742
0.009529235212070337
0.0028958717852309132
-0.004237311418709127
-0.009366113345262063
-0.011187584878938428
-0.00925295510143706
-0.004057127118505618
0.00287343485882347
0.00948040920327234
0.014040486027934522
0.016020341549559555
0.015874293340871592
0.01454563184302203
0.013506559003578082
0.013967292686765134
0.015423200067052327
0.010959006915338168
-0.0137691602365026
-0.029223407803735026
-0.003514717068153076
0.01647021676741066
0.01695212114637256
0.016026203080526265
0.015885145144038024
0.01666949595569098
0.01807998912839708
0.018071340707969598
0.017869341719756335
0.01705356323708189
0.014428643655041332
0.014936641182851729
0.014068557894491645
0.011977450525179414
0.009301751924816842
0.006665078580025934
0.004382101899360874
-0.000571008489419857
-0.013418722351243768
-0.006005593723184311
-0.006145194474136761
-0.007033185325838105
-0.008063750711350235
-0.010044799698109641
-0.015250839908471644
-0.012226794188606675
-0.012674555300681685
-0.01462086268210759
-0.013546899904294174
-0.013619084504289348
-0.014009359643041813
-0.013752176964237965
-0.018667013681773495
-0.025570010022095562
-0.013246434199508002
-0.014202935389403898
-0.02448401720831802
-0.014659896382694321
-0.0327433980205027
-0.008885318742043154
-0.0059909021869702555
-0.0019361058788854649
-0.00012369480254883933
-0.0008404268910763639
-0.002282214814398087
-0.009186893864310257
0.0021775215089686246
0.002956006020114654
0.002167251999806992
-0.001201809397950185
-0.012515104815580174
-0.04183745975867091
-0.013839704830964946
-0.01236516422577227
-0.029212393406651604
-0.053069107019063984
-0.07068983276625385
-0.10039265277826068
-0.017859565808660653
0.06540834344696737
0.028294633413417866
-0.08391835372169411
-0.09900275779061624
-0.09056173305882383
-0.06264836404904413
-0.08931738159979491
-0.09163027816839647
-0.12315142880077948
-0.05710443263220022
-0.03130165678767509
0.0053912325414617514
0.01780633684480264
0.02490491984110025
0.028219160630614512
0.0002657585925439409
0.027252847106009708
0.03518603644768506
0.03760861255025806
0.03819851384889284
0.04328842015081229
0.04423613809095652
0.045314557261717174
0.04312590671840806
0.02938431004964641
0.07910580190074143
0.1031159908500199
0.07671504190389701
0.05301979845913393
0.004416980976286732
0.04850818182790795
0.0471722417392419
0.0247553242458305
0.044575108500496764
0.04514749140862205
0.036892952913854
0.043499882780048515
0.04432569343639779
0.04413491720503604
0.04349531572681443
0.0411391223280435
0.04109170495980255
0.03982394910694367
0.039026034344650386
0.03772976243760703
0.03630502464848376
0.034753390687256316
0.03086770930794202
0.026133174416903836
-0.015640896858392254
0.021487105707546
0.022595852597401617
0.01322398004294827
-0.0006394602630701083
-0.019569160101974396
0.013347055075451485
0.01703408724408593
0.016194746791052393
0.0182769149888616
0.033089903181568826
0.03644724233497721
0.02398057328254071
-0.0200185178056416
0.009364664774591226
0.017039785516855692
0.025545999570655026
0.020906080202409357
0.008569443885674847
0.012674587511260984
0.012711027654441145
0.009427136391854761
0.018716626623421634
0.03645946812213447
0.01921540771189833
-0.002478872201282108
0.0010193135784985236
0.005591497976879168
-0.0022471007077063698
-0.02378836304410149
-0.046533984858710284
-0.03408362732847994
-0.028152998273489757
-0.04243899652247257
-0.0334371302299566
-0.026939638903519303
-0.04278529312152528
-0.03239117669496231
-0.008343365802840896
0.007285800579704918
0.010453874818206001
0.008482155200211295
-0.001663878257915991
-0.001871637968163749
-0.0026561785332669162
-0.003598981555964758
-0.0020871095913881253
-0.002560455120790432
-0.003328518405793036
-0.006330868608697637
-0.02990518288122331
-0.007851102879557172
-0.003101242004835276
-0.0024823337088139496
-0.0016230550234883222
0.0006378120480849793
0.0015226041777175157
0.001713546400387872
0.003196038966486553
0.004296524017384918
0.0053764686876160706
0.007114128982493716
0.007136577587589644
0.009905448142238
0.010979022237354683
0.011134879461195452
0.005262854569951385
0.013838410920379778
0.012982225277950241
0.018851112602779305
0.020972391776057923
0.022315283420346693
0.023083362806413682
0.02037614964966363
0.022300128555883536
0.02057923233952091
0.018898847582526024
0.016167097395778623
0.011824960331180185
0.006162726705095366
-0.0005108752299754118
-0.007392051510532677
-0.012780899677148147
-0.013815640467437615
-0.007700860012041415
-0.0009862503473341297
-0.015425917148165002
-0.030811701192194407
-0.025521633108190875
-0.005608580765294761
0.006275893517230266
0.01158226846912033
0.013744978493807236
0.01365966401613579
0.010767153440364816
0.005079752106337636
-0.002299760165382634
-0.009103514193599413
-0.012531042378196805
-0.011697883570119198
-0.006612495455999679
0.001138734692870731
0.008070216056070277
0.010001493847165992
0.006840985259010682
0.004716013202355879
0.00741276183807996
0.010151881962699047
0.00749024217661571
0.0003866992718931556
-0.007036107294219209
-0.011853100825458644
-0.012985653248390914
-0.00981882186929888
-0.0030301199142016137
0.004865675269199033
0.011309031424520041
0.015450082033721016
0.016604435587679628
0.015650419911133126
0.01428859008235983
0.010561064844520827
0.007911619666609807
0.0060452624014866825
0.004731774586739051
0.0045824007134767746
0.006215479020622815
0.005044905112171614
0.005015934043121466
0.005891393471607092
0.007040636828867107
0.018483328349201463
0.00903288293660262
0.009441544535325325
0.010174663769368065
0.012530583336604227
0.01187511054898843
0.01395083685926615
0.011842392502880685
0.012052988641669288
0.012153108267015914
0.01709311371045372
0.011780990121261643
0.012792141026533676
0.015897607325635665
0.022488343183435382
0.056374525879715684
0.010384848116633785
0.009528228777305216
0.02392948635178178
0.008707336060776817
0.007906380408465375
0.0072286574304474506
0.007504568829866958
0.007266384786508412
0.004984251899544418
0.004020969288176619
0.0031957615386517878
0.002388071756228635
0.0017140224818726329
0.02422107312920813
0.0011654457048570544
0.0027317825185606227
-7.231703868623696e-07
-0.0008386397766443603
-0.0013495460895301375
-0.0013543399858500001
0.00040271005915384564
-0.0008435178635822764
-0.00020358179970520021
0.0006998266932639689
0.0017854401242636854
0.003076719621981684
0.004815365306110342
0.007258047779285612
0.009890096793588743
0.01574274172058403
0.013672647158472087
0.006296121916741474
0.011133816381245448
0.014034841854785297
0.014856102907130578
0.015488352020241004
0.015874823792461537
0.015875007937824877
0.01538623391092664
0.01417696109381983
0.011691316585054099
0.010734288806107871
0.00850244017193173
0.00578093849841837
0.00285509137770239
-4.125532615619559e-05
-0.0027979391738034236
-0.005210718815970408
-0.007121073468564573
-0.008327556590890585
-0.008833419109192713
-0.008439422221975613
-0.0072498704323955485
-0.005256420281850019
-0.00251715347686735
0.0008522616789160628
0.004663714837807227
0.008618924375047531
0.012298790014632379
0.015152695647653307
0.016507503151020692
0.01570318246584771
0.012282201574329316
0.0062709550421849265
-0.0015520251668042673
-0.009641282816472887
-0.016154909607930142
-0.019673429483582847
-0.019530735981719
-0.01578506280404582
-0.009249205869945891
-0.0014755396613092152
0.005771034453212955
0.011270240558434957
0.014627818211255897
0.01616920319456953
0.016566780899871278
0.016443324412968988
0.01604469049966075
0.014946548701174851
0.01190586454399705
0.005588520610523381
-0.0030563969358284233
-0.009360257022022372
-0.00881129861608633
-0.0018485734434138135
0.006351714712167069
0.01055110331420976
0.008785271180055391
0.000851787378510834
-0.012694810528467802
-0.01884582030718689
-0.012033008998160259
-0.008285688557636884
-0.007764692293245949
-0.00815589617693569
-0.008595668358711176
-0.008889311928157244
-0.008882478161151511
-0.008755539212848789
-0.008556312368950894
-0.008369292103958837
-0.008276476047874346
-0.00836682838266887
-0.00875546137868156
-0.0095425542121191
-0.010571534300220155
-0.010827204374784578
-0.009961551079841726
-0.009179554878537267
-0.008700260941171128
-0.008246679642301288
-0.007552287155564783
-0.006422157178918547
-0.0047047913896994305
-0.0022856136907169885
0.0008911393619947199
0.004715450317826163
0.00887554560002241
0.012695132807099016
0.014869693743527758
0.01375608344403025
0.009245532911363031
0.005436084671422586
0.00652634984746731
0.00994143129341118
0.011649553142644245
0.010628299411803167
0.006961168459252049
0.0012249667033229937
-0.006144361924755979
-0.01361898413202815
-0.019036668728298404
-0.020958287146033056
-0.01891590768433493
-0.01330459000673828
-0.005353610937397627
0.0030607744394040124
0.01012854627973519
0.014793824972482966
0.016796118286248024
0.016467302123369682
0.014450726619551324
0.011355618259742309
0.007670369591087105
0.0038684690422258715
0.00021465883426620883
-0.0032512712516523062
-0.0068745424683236845
-0.011729008378621638
-0.015557694425134995
-0.012963944001467071
-0.01091250602559588
-0.009827050814351871
-0.008975539227774193
-0.00819872709127224
-0.007537864788845981
-0.007177224588408506
-0.007399211171547517
-0.00792223342545962
-0.00684891859217977
-0.006151822621482748
-0.005820902589847966
-0.006109412783513454
-0.006811893061524998
-0.007899715376654187
-0.008922147873681502
-0.00975417712523407
-0.009955065329395383
-0.009026673634386907
-0.006662425207166111
-0.002843616719400526
0.002558427592850956
0.00883884181022593
0.013861838845348416
0.014223175016721547
0.007962804291768624
-0.0006722698323125191
-0.0029857728872847997
0.003593038504334459
0.012121291362069997
0.015376516518345987
0.01288495845531234
0.007796697674877702
0.002763795725186811
-0.0010388745192261137
-0.003468131026821507
-0.004771891526552975
-0.005194109118128546
-0.004842906445499717
-0.003641625991012489
-0.0013931365914109648
0.00204022648807292
0.006523425069166156
0.011045444339802013
0.013651081915434932
0.012130075179136744
0.006118458670875561
-0.0008148894297734133
-0.003223764524574134
0.0009293056363182887
0.008234457002815538
0.01318935659699083
0.013108216011099719
0.00894300396135106
0.0030389767212645304
-0.0026265863419252275
-0.006919041134473033
-0.00935465669812313
-0.009832647252500973
-0.008485747552732887
-0.005676356384429163
-0.0019097034665754163
0.0022496390540901272
0.006258983297549423
0.009525371357461598
0.012237722639954068
0.014392891693232046
0.015405389997358016
0.015580100569698978
0.015120871603083778
0.014096823918669918
0.012757617184671532
0.011724767504737537
0.009430804419097145
0.007929854381060794
0.012033499393704818
0.004378859977477354
0.002630170653147876
0.0011673393440560867
0.000602988600346747
-0.0011239017745167028
-0.002045731230217672
-0.002747017221496005
-0.003030788434109124
-0.00023163718676174475
-0.004070366389908272
-0.0013390992649455309
-0.005094049238304556
-0.005656904496841716
-0.0039814476872103415
-0.006380769534726014
-0.009057082927742283
-0.011759118765267586
-0.0160059211464598
-0.022475521737471926
-0.029600575352109595
-0.028389486426904562
-0.014749811831520748
-0.024845212000661837
-0.036315564010485184
0.0011510189257210232
-0.00997080334249118
-0.01565598923609956
-0.010970727916475733
-0.008056371942129568
-0.006922789452615071
-0.005332219171222049
-0.006053951799041181
-0.007826078733761302
-0.010612811337809362
-0.014279250225964242
-0.01957200972745576
-0.02931558396813727
-0.04118599797687586
-0.04378705884335582
-0.02897252701020426
-0.033668846945974266
-0.044165595901748726
-0.03999440838612158
-0.02876675241647712
-0.019322520824623414
-0.014111153931188706
-0.010935850479992616
-0.009503256663182082
-0.009012078501932783
-0.0037745639669286455
-0.014556219445692265
-0.018989480774981065
-0.020912411608062512
-0.018721333962299896
-0.019774282407663126
-0.022476095714030038
-0.025676764710411696
-0.028150241201439722
-0.028431307708993676
-0.02430710527615873
-0.013488796951846729
-0.002496363377992634
-0.005044048515012546
-0.025095825362806662
-0.03409876134252178
-0.03365097484604543
-0.03390617396252312
-0.027576519170567502
-0.008307184983751013
-0.0003747185386127205
-0.010084486884300938
-0.02178746410064611
-0.027855515434482905
-0.02775005436477967
-0.022026378721862236
-0.021176864210996304
-0.019636037701503205
-0.0165066420044827
-0.013600395252631351
-0.011132229590812164
-0.009169469735823308
-0.007849393526192995
-0.007198481875858333
-0.006878137622303591
-0.006659083621150923
-0.006697691653684481
-0.006963447198511943
-0.009366812758003737
-0.0012874225901180418
-0.00769127617784209
-0.0053620373889226094
-0.00390093700945844
-0.003492837794087722
-0.0035139321776663673
-0.0038746927858393856
-0.004536498907407473
-0.005236357795304523
-0.005176301975379788
-0.006198937472022915
-0.004967181830725772
-0.0049499042969815485
-0.007695013930964932
-0.008684554786254402
-0.009573377019554952
-0.010011263029198124
-0.011450731741790924
-0.010873548532882454
-0.013328235255493055
-0.014059092203870254
-0.015463330236743298
-0.016355319596921346
-0.016879673364341055
-0.0138014982439831
-0.01733840707781521
-0.018586804928713913
-0.018919803069807034
-0.01874980823795522
-0.018665830626146147
-0.018109629161515508
-0.017234031742621433
-0.0152331266066822
-0.013896729421866568
-0.01214493311740574
-0.0098170129885791
-0.006489064749496551
-0.00044561274871714944
-0.0016325713951830395
0.00134554388231968
0.00495371690025772
0.006942966279908311
0.008628311263884579
0.010079781528468557
0.010717370677285344
0.010197787857296551
0.008231290650019232
0.0063193540880710315
0.003218681217073763
-0.0006171001710885006
-0.004410790598533129
-0.0075933929736169
-0.009983971289352217
-0.011139673310291755
-0.0101980047430387
-0.007974952167179493
-0.004323864983228547
0.00047240305055165383
0.00567541928076414
0.01007354833790439
0.01177506824155326
0.008725799613491299
0.007250664932847473
0.00334228806071538
-0.004648554453317835
-0.011197820369957836
-0.012621289652867388
-0.008097857888593294
0.0004718482532234213
0.009331764888295778
0.015134418693973358
0.016614281304284995
0.014370153706782506
0.00982170937991721
0.0044071692138650045
-0.0007861321925794171
-0.0050667696069983045
-0.008052962866376965
-0.009559911232574785
-0.009554248323004054
-0.008155818099242514
-0.005680537702409062
-0.0025129743253325945
0.0009114129566974353
0.004183944369211024
0.006881653790111915
0.008947845261858284
0.008859062954959855
0.010857025412292817
0.010872718473647774
0.010218392986636952
0.009176287872233119
0.007897313188546199
0.006419262732944577
0.003867953235739479
-0.00282110737821266
-0.007396390496078594
0.00018628384979374856
7.8597806777898e-05
0.005256212504920742
-0.005516392951703188
-0.00870191536539488
-0.010596179969375879
-0.011572533895389174
-0.012291712697818185
-0.012569413992282633
-0.012678102334808657
-0.012633827308036144
-0.012135680930120107
-0.01141844500211399
-0.01041507633744239
-0.008626014493832112
0.01609323345897943
-0.006101792629976134
-0.004652275930880955
-0.002211709467602705
0.0007790078628922287
0.004570501907478973
0.009785114518971008
0.015122498313408035
0.010926040648332965
-0.018642729634519323
-0.034451599646705085
-0.005193217256347508
0.015388337273336918
0.014421523919719839
0.010100994381357316
0.0070127663470492835
0.005323213607752313
0.0042500602539362435
0.0036765983268011978
0.0034857820799193543
0.0034949319493852095
0.0036260274287472434
0.003805247583796117
0.0040495381824792965
0.0045844182634169955
0.0714452864052957
0.005109452852414081
0.005115536341517807
0.0052232505146100955
0.005666231064307716
0.005390128845192309
0.006890821351116388
0.004467239027708894
0.003128761716797431
0.0042264999109763715
0.0058874737123846225
0.003047552259812227
0.0038576628631771925
0.004772063416414279
0.006008348332331075
0.008265647652819778
0.007364182656264898
0.007636530638867303
0.00786423334848595
0.00800922832628526
0.008090689986713645
0.00810446741291338
0.008032813984273317
0.00845872537080952
0.00775391531470752
0.049354594040413945
0.0076596852946777165
0.007634216127267614
0.007929888203943651
0.008171985790711643
0.008228434036870359
0.01207177967133793
0.008106026051733188
0.008069795427157422
0.00913684815264283
0.010427469036997497
0.008002521145104908
0.007900469223290291
0.007923035040027893
0.008331460865703709
0.009769517400973102
0.014494718054605777
0.017184684098536976
0.003173523407619315
0.016084015315686272
0.015459331742884861
0.010512103301115504
0.007545285134802279
0.005650886928578981
0.0044976342920565425
0.03488967756139952
0.0016330397042776327
-0.00025046104968406936
-0.002059692316025727
-0.004014658902399099
-0.006133684669304678
-0.007453731467449821
-0.006606781777680397
-0.004364209430712569
-0.012433393789153863
-0.022558775201003627
-0.011474428053038875
-0.0029992827784621518
-0.0034582888080078524
-0.0031970208462375658
-0.0017985132105511354
0.00016583804082884296
0.003330285981707609
0.002396191585303293
0.003108889867110792
0.003805317376157588
0.004422498963364543
0.005021734595178954
0.0055694203305090536
0.006317247156839315
0.014265220711960463
0.007880294428748626
0.0076955783893985375
0.00793699346804447
0.00839990308270291
0.008854963462628975
0.009411751268524693
0.010700597339228955
0.0105708891742827
0.011344899854523452
0.019588454352811088
0.01235251408806022
0.012699678936082351
0.013078690880561773
0.013259550629318398
0.013045747550808066
0.012096140075786625
0.01040990762408711
0.010663363585602229
0.012490336287887227
0.013440565918014997
0.0135071654417077
0.012878018267680248
0.011621743701787117
0.008660650137990358
0.006587267064893158
0.007361112581339116
0.005406153683618309
0.0029407295404522828
0.00022637979218631125
-0.0025715140759242617
-0.00526734008958589
-0.007611727398547354
-0.009330967026178673
-0.01014684804393535
-0.009889104767849275
-0.007995824422620744
-0.004790319914155154
-0.00022518705117978427
0.005258117682731732
0.010594929327849145
0.013966098243945447
0.013196062348530086
0.007339884465933785
-0.001093946522222084
-0.006551940433338774
-0.0050300320614832875
0.0023248782143669797
0.010285144616896271
0.014353925338649183
0.013750770169330788
0.010091862773061273
0.005317585852530887
0.0007796729598492256
-0.0028952754752428426
-0.005558984313894957
-0.007302279458156125
-0.008330130023265847
-0.008847644978408644
-0.00903712812353308
-0.009107865081205554
-0.008951383808310514
-0.008813563713533293
-0.008725722633306883
-0.008684800711130059
-0.008697466731484582
-0.00879671006681465
-0.008993069721574258
-0.009285949658994335
-0.009195225406709678
-0.008972150461399082
-0.008811100193727975
-0.008665925432836258
-0.008485338231655004
-0.00824203138049483
-0.00788532134291529
-0.007314213500665452
-0.006450197579954572
-0.0054603522888503255
-0.004448229889167045
-0.003366757343620107
-0.002150131278514204
-0.0007722141736481128
0.0007655293372371574
0.0024468789907029073
0.004248909801489757
0.006143330990622043
0.008075114137012262
0.009971726810923153
0.01176585867584871
0.013362519679492651
0.014669823630032807
0.015579801721427498
0.015958549360855407
0.015661171685725978
0.0145335409244699
0.012399900640389386
0.009154163482953497
0.004812239711734622
-0.00040681741061360157
-0.0062096932179381914
-0.012231225487550268
-0.017717952453842417
-0.02170931496773469
-0.023409997348961577
-0.022671720482409598
-0.02050530207213502
-0.018730010596209094
-0.018673284571460825
-0.020379118098232823
-0.023029414293766343
-0.02568134797435945
-0.027613373726626325
-0.028324194120789774
-0.027575015062115914
-0.025490200875164955
-0.022328139896003265
-0.018321376096356333
-0.013702342695506993
-0.008762622551306547
-0.0038173227410573233
0.0008430394431272557
0.004995473961810861
0.008499294057952073
0.011291250695009636
0.013375753329550839
0.014802414149074674
0.015655147553886254
0.016037353948851907
0.01605172558066431
0.01579666488626264
0.015364413060767522
0.014837515639336012
0.014284435501181645
0.013760872501155454
0.013312245207941518
0.01297813655179665
0.012782890452966647
0.01273439745621938
0.012842303602732611
0.013103488550612243
0.013505396086002142
0.014023697400045209
0.014612297720228613
0.015211062703721344
0.015736293187618027
0.016066947152072564
0.016057600299742333
0.015542851252606162
0.014349882749461312
0.01231055600514587
0.009300039611910232
0.005282195216163548
0.0003526288879639871
-0.005231880683657794
-0.011047096483860146
-0.01656619465101495
-0.021315974395302695
-0.024936397961127465
-0.027131460641359063
-0.027599322084124106
-0.026249723957301584
-0.023328825610790426
-0.019135485821199855
-0.013957366025510499
-0.008206216010866876
-0.0023856831051981145
0.003025014357313499
0.007656668660152992
0.011287825521232944
0.0138492823535573
0.015372835412842147
0.015944914613260967
0.015712432388340383
0.014839701950640443
0.013483366293441885
0.011787012834199589
0.009878347955591886
0.007864431486484594
0.005831020590202435
0.0038446585044294808
0.001955512692883569
0.000196033599125938
-0.0014156258683124584
-0.002865111406170424
-0.004141985875822175
-0.005246884458766661
-0.0061777095203024695
-0.006964451076030296
-0.00762618082204379
-0.008191709296465139
-0.008750406648015005
-0.009491235551910067
-0.01102982143657804
-0.013907961896515803
-0.012728928078593611
-0.010681684543874909
-0.009997255038378044
-0.009480461896397558
-0.008699693456678858
-0.007044320675212901
-0.0037623357889169915
0.001610481278219227
0.007803865047725416
0.010984994351965222
0.01073320240726211
0.01114700662062374
0.008956108512452472
0.0033179720989697284
-0.0023788502975587884
-0.007493917142928762
-0.010416432562409737
-0.011137015648159752
-0.010719934262191725
-0.00990940909287218
-0.008935377887880425
-0.007514019099950862
-0.006240008745441904
-0.005307952736913797
-0.004889491766346103
-0.004427002880462522
-0.00422901761454307
-0.004834230191069209
-0.004890808381982558
-0.005641304529355641
-0.006668801342368622
-0.007905113656340773
-0.009131375182447854
-0.010214313782482269
-0.010919582384165764
-0.010824201133199799
-0.009414118276749988
-0.0062101354593899274
-0.0009978759814109636
0.0057096512940440595
0.011902134243254968
0.014008811007933143
0.010610996747655276
0.007378675180514575
0.007961763060000421
0.009371852430162395
0.012198189855290118
0.014303680423701285
0.011714101031530458
0.005425910254357773
-0.0014988325946578714
-0.007021658146062312
-0.010437499987769775
-0.01182364523401674
-0.011644205289543989
-0.010575208553697112
-0.00939683019483221
-0.008717085908773226
-0.009836632494701495
-0.015019767835031944
-0.025002312360034893
-0.023100363026253904
-0.01246765526068062
-0.007483671608761561
-0.005937298807748098
-0.0010462409637215816
0.0027810847801013738
0.005702674048789899
0.00806598512727619
0.00939910277144686
0.010228528038302516
0.010715426999705431
0.011029819240783447
0.011232034929305012
0.011316458614246723
0.011227590525897248
0.011526414673155214
0.011618172248233643
0.011650422206801857
0.011647584373078024
0.011603698465891597
0.01144951552912006
0.011136568889942688
0.011295828599635835
0.011111746954790806
0.010779931254835262
0.010236507078988506
0.009298856646971712
0.007920699903795058
0.007763537252903188
0.007551457931889333
0.0069733291458447585
0.006099631667057304
0.004924657926752563
0.003348172091638357
0.0014729355282923043
-0.0006527660621762265
-0.002644299650561265
-0.005048254061346715
-0.006622795739910953
-0.008804388246888646
-0.009714201600243121
-0.0103846152279621
-0.010151872043086
-0.008959978304916584
-0.006675682338494311
-0.003263894431591282
0.0011474193308854447
0.006195503608035097
0.011143273033124151
0.014806286552646557
0.01565114746250404
0.012316347315542464
0.004696729162199864
-0.004935561788943581
-0.01240704910020698
-0.014357770863418596
-0.010761073286132771
-0.0050546745912803705
0.004726460495556288
0.012335003890383039
0.014643985121695012
0.012944848052175318
0.008995611845259266
0.004353578148450723
-8.963278649028474e-05
-0.0038082250574972974
-0.006658862648434643
-0.008875829157705893
-0.010617284280822115
-0.011121508937522773
-0.011209360426715937
-0.012919099920134063
-0.014730918258902737
-0.011472116773413506
-0.008200165102326053
-0.006325866046977734
-0.005240166128118481
-0.004786501478002161
-0.005104429597115782
-0.006748937509597206
-0.009342546033050566
-0.011361645755536786
-0.009905254507219527
-0.0073422597933175135
-0.006151386473676114
-0.00590417079245384
-0.006626846147037474
-0.0069718431472870455
-0.007805172554283168
-0.009142537371511897
-0.009540021721143514
-0.010017832987257126
-0.010016824499944161
-0.009334700073999839
-0.0078086596760396365
-0.005442766980902393
-0.0021987686642052097
0.001845841099355502
0.0063739173260144635
0.010746784349431389
0.013951443129007984
0.014688557867687189
0.011775616198721776
0.004976876429701602
-0.004047555918039733
-0.011901023536359131
-0.01575392148884832
-0.014611843227850035
-0.008540429337661533
0.0003567234510025173
0.008620056422255013
0.013658882148893093
0.01479682194840956
0.012773763094601664
0.008860835032577284
0.00424463314080821
-0.00023348785613449595
-0.00405768006368279
-0.006976091795179531
-0.00888690811068165
-0.009787576657143944
-0.009806374514796374
-0.00898534829011886
-0.007471825290607451
-0.005541802870960249
-0.003346525703261434
-0.0010556065481087597
0.0011517560507803136
0.0030679453589763815
0.004604995661562107
0.006331343039099181
0.006338519819266696
0.009208102739722973
0.01061214174158929
0.011166545315488876
0.011100558218350822
0.010509060823274798
0.009467572452288405
0.010881766684912109
0.01233550194186591
0.012997571150210737
0.012998010422241168
0.012693921869839047
0.012608545131202034
0.012156936049980494
0.012086529651776076
0.012242647746272844
0.012409392785414588
0.011502195966482887
0.011207696333383444
0.010847086560012532
0.010518067112739235
0.010583772558894415
0.010558363996386426
0.009355346743602904
0.0075958751322433675
0.005861491954932595
0.0062927483804313625
0.007255204077496854
0.008491452581350364
0.007868410181029859
0.008046877003667737
0.008272569134277336
0.007905634749078645
0.00883056413158943
0.008022423239767817
0.007657782000784519
0.007492418159388478
0.007399052722394171
0.008016370384956473
0.0072337404041470975
0.007388896658888262
0.00927818703467306
0.009214433269805443
0.007229561417388245
0.006884155197920622
0.007058899277284703
0.00720476747203031
0.015727653926227974
0.0072379866076499105
0.007254225114150071
0.007697940614782215
0.007414761033886192
0.007170365339053676
0.0071430181026005376
0.007230842042204339
0.007192845271381255
0.007256551860513513
