-2.1346541708857563e-08
0.013183310863686033
0.025807082817792957
0.039058655367384724
0.05195225973349583
0.061981184514306835
0.06692968140921235
0.06566153834778599
0.05760371708665302
0.04335058238022864
0.024114037217986724
0.005324613546790472
-0.013950322509563077
-0.034840978030603535
-0.052403673544787255
-0.06166803058704299
-0.05993236991381086
-0.04403297560735814
-0.013052280833751389
0.02871519544638051
0.07789488277532379
0.11635552523299585
0.023481883363612465
-0.07740075325921365
-0.06315681542033787
-0.05201289353362453
-0.0073530915964851624
0.013662900620821466
0.012733396580579438
0.009437001088583068
0.005107164313438976
-0.004601020867882457
-0.005345646590325356
-0.004589905452304539
-0.0022227087555849964
0.0011612323623403592
0.014032549893498779
0.008571170773899576
0.01279099685031182
0.015072569531032242
0.017038303999867114
0.017853798422257844
0.017153781531611838
0.015508399172187182
0.010490507520012335
0.005831186400353228
-0.002735825123614843
-0.013871977306538821
-0.028030825186897593
-0.04542282162911325
-0.05437312976301964
-0.0027792914400152162
0.07579436494395861
-0.042601307942105
0.032158320128551805
-0.041141376656780075
-0.04177718043206076
-0.00022328896594325497
0.01079615672983024
0.04024801167364579
0.011993105458164125
0.002947619972775766
-0.04138980032933495
-0.04293227875707255
0.0832762058503808
0.007705256677678744
-0.009517322502074424
0.006150989919242063
-0.02499784804144423
-0.0074332860343287455
0.008438190640878893
0.016381482683899384
0.021325733871827846
0.023106438560894713
0.023148979532066655
0.02230142124429845
0.012896008978284313
0.004924449341412842
-0.0019400376201449165
-0.01909525591214386
-0.05187098563704084
-0.05647348380028407
-0.0297503558806816
-0.013861021705843855
-0.006042903502901556
-0.0021503912327329963
0.00016925359129134
0.0037324780131772766
0.006087422701377223
0.0035135128071179787
0.0002493118554542407
0.00031906207103105566
0.0007994885925208383
-0.001001208986980709
0.03803344797140612
0.0010824442032933456
0.009843704740015708
0.0011170648656340337
0.0022947560991162406
0.0021587821871759845
0.005142182696197405
-0.0037478448039541374
0.00229189390686555
0.0021527740374430388
0.011819182189565356
0.0035878233531265982
0.0039584741547060666
0.0045445757837185245
0.006546843845547961
0.004176344470126324
-0.005616197908717991
0.03112816261726484
0.004960083156524942
0.007474542972675338
0.00457398229609527
0.013301538540533162
0.009924161075578409
-0.017262007715250122
0.03499218123963755
-0.015076509783485015
-0.03276402065760763
0.03889205886125975
-0.004705795082004881
-0.030911735298601025
0.03651772307737851
-0.041880827083353354
-0.025642943471724106
-0.011806209820130902
-0.014812050154611798
-0.015463636474966841
-0.013212762241504614
-0.013072099358910206
-0.014740248230548848
-0.014558075576584483
-0.01742598793462754
-0.013500084442668578
-0.016465090384552895
-0.010374677497734347
0.011718364784383069
0.015191584209562615
-0.011100722288754894
-0.014162543800498596
0.0019016729883860348
0.025862348140341683
0.06317949637281746
0.023573847835141368
-0.0037424087714441065
-0.003310363937067972
-0.007653265648210846
-0.009423231028275057
-0.002744215690098586
0.01220426935233666
0.011043638863777952
0.000993321967412219
-0.006744315763226745
0.0062582131241465475
0.009026427584206485
0.01226115139698411
0.014062014422841626
0.014099553958563046
0.015645587615811477
0.015596400872823674
0.017466462261824106
0.01839084934173584
0.010805337568949228
-0.030926610815895983
-0.03967341259258778
-0.008285330230651759
-0.0073182918794120755
-0.01735583152597315
-0.00916460640987868
-0.0017624615275623186
0.011435352749108103
0.026110423553496107
0.03552477654590597
0.020898275416290406
-0.011027588748327193
-0.041625599977466614
-0.04828339884342949
-0.03310672152819438
-0.038763435067591584
0.05679082355128129
-0.04165345533584199
0.05881016021014684
-0.022593545323756382
-0.002805492789358172
-0.011720212330320747
0.007471927413563265
0.06317497643312443
0.05003282540667765
0.020301251327534197
0.004492959405045816
0.0005861896928846028
-0.002069281987203051
-0.029280141798299315
-0.028906962728454888
-0.031998560919309214
-0.0005799017772432864
0.002746650779489102
-0.003516066225664235
-0.008496959968830766
0.000986965991503797
0.04076161241215976
0.07351167280179481
0.0838656904910513
0.0144469525531791
-0.030723896392577596
-0.019194779742901645
-0.03194558251750408
-0.03330533339845175
-0.021873585917971717
-0.012915502642968356
-0.0027945175510493774
0.0035247311701318957
-0.0006754794683203441
-0.05780298717446846
-0.0031617814611253057
0.00532766017903576
0.0019248274864293096
0.0015608260343543002
-0.0013137932701236309
-0.00317270928028213
-0.008240891236535553
-0.01708031287776495
-0.020714258485824002
-0.0014427058007727013
-0.052929714376629404
-0.0054468947865683095
-0.016908367510139993
-0.010009450160176113
-0.008260852079391307
-0.024742203479286087
-0.04146533777129337
0.004992858361642944
0.032625332378168455
0.019687793560933368
0.017613582378870132
0.014085915142472047
0.027593158747288273
-0.05937351508365523
0.019948271037710543
0.001821338317038527
-0.03894020560227676
-0.04298834898266107
-0.006508072701453817
0.04778782967901827
0.06627296999526822
0.06175686145098622
0.04891588642661281
0.01919555556525557
-0.0020331828649448936
0.03381941727667602
0.03223538464667335
0.006526447238376533
-0.01333603057684642
-0.08230771442450828
-0.019605534760202166
-0.007563451068729454
-0.011326791345218034
0.024842611633438677
0.027306313728778668
0.04054599465777494
0.03871148744661502
0.005605874558625807
0.0034226053883987012
-0.010292561912673547
-0.11748568442460401
-0.026766754576522896
-0.014346901939939488
0.013220604836579473
0.02443935157847418
0.026039252646511826
0.020468065816209524
0.0012030252781247124
0.014338988976507037
0.02306672823320599
0.02219280147162321
0.015118717513221403
0.02071952032493463
0.01739768203987667
0.010389555866762209
-0.10003434928969157
0.008643339228779974
0.009698292641449592
0.016664731876667914
0.009952435130727775
0.0239156471467963
-0.0018909804199218922
0.0047539089312577465
0.04700268382357938
-0.006353886403864028
-0.03579654805751268
-0.010947235528196307
0.00320642517473394
-0.021861909559515592
-0.01823287828277262
-0.017556071890716334
-0.013965109201510817
-0.01273861854716664
-0.009072776445912438
-0.010923756183584854
-0.028940616087649727
0.03276371612175993
-0.0012849529926059265
-0.0219594477468604
-0.023303092155116587
-0.01274183910442966
-0.012648096462223332
-0.008784141751033196
-0.0016904314660704178
-0.019394502885138606
-0.015543345809837704
0.04122706481161389
0.042416900913997704
-0.01037563045638109
0.04390317895598831
0.0292543732164481
-0.03810276228809112
-0.04343858959600519
-0.05387665605728484
-0.001961743060832115
0.03178415282033619
0.05738768444365058
0.06497658640325393
0.019481674894330638
-0.06365530822820957
0.010191931424073646
-0.022088447616774143
-0.10834244981259387
-0.041600712728196584
0.031514464739430724
0.031005153089321787
0.004763460453637907
-0.004287572053000671
0.016152665609095965
0.011114156904689225
0.030516680571995934
0.04736854440502121
0.028821876689624385
0.020592155917171638
0.016315396979190887
0.013673901099359316
0.009060838831817481
0.02656930847176742
0.0037529652853524427
-0.004173595832887247
-4.7892753200466584e-05
0.0006419009768954864
-0.0022506859428020444
-0.01218917771632549
-0.007121010758991634
-0.02784252022110469
-0.02268948754833371
-0.007971194529055346
-0.03736802832038897
0.0027407207912890906
-0.03304125586759037
-0.041669080902218755
-0.015527801915852527
-0.08260136313116803
-0.0053749137712916185
0.003868836979108186
0.03069863638053516
0.037252741739493965
0.07449704144832105
0.05176780108792817
-0.001029794153950161
-0.028595668036427203
-0.04565302380206271
0.0763397944111884
-0.002557945062972192
-0.009550634290758524
0.043950948985126546
0.041290575132384225
0.019882178468650365
0.03390853238035312
0.027298272736029715
-0.02512398959641038
-0.009416361149788216
-0.002912516389506363
-0.010507534545878805
-0.018594525963467907
-0.007957603747110046
-0.02601915960425815
-0.005944521513816064
0.04417110518160604
0.030599852673116417
0.03594191505280529
0.056360448440596574
0.06380455363177553
0.0069787692118078405
-0.09652575459970966
-0.009600103551496307
-0.0004666576999241341
-0.046622391359824024
-0.027108330591219774
-0.01959216691985098
0.060251292160663175
-0.020171205052318925
-0.018964607380812945
-0.0567601447355873
0.010881073447556856
-0.020234070422875318
-0.01780909289650783
-0.02264440112969565
-0.015116330972730206
-0.012144615665761678
-0.015025729873839981
0.051374946812935654
-0.006027571786481518
-0.00464380557756488
0.0005094565832085863
0.0005948472604340128
-0.002358150883632249
0.09575285053230695
0.011209355473591894
0.015356687649365758
0.019628670159162215
0.017017428383679124
0.0029446620566914053
-0.0302731887090059
-0.04473474256609727
0.00894867134819369
0.08723904442359569
-0.09503136333520075
0.11910692347896688
-0.09641671472196015
0.03730508488095925
-0.07351910316287448
-0.039823025586742805
0.016749728064144927
0.03310328605542376
0.044754191963097247
0.04447308628459127
0.014863531408710851
-0.044873317727919186
-0.09167179207247254
-0.0028483080271183916
0.07167592546285362
0.05302497132857963
0.014732878914600744
-0.0636734296072335
-0.030339527451584955
-0.0085275994247461
0.02738481697847741
0.04056593333943321
0.036948959890047206
0.03765864292000298
0.026146204596132858
0.03664624835718076
0.02844198809189826
0.0071754010928024034
0.0026992341959481527
0.007591260476696347
-0.028391196636994156
-0.05047914252162277
-0.04168234962625946
-0.0062160690641501135
0.006750679599018635
0.005993075572124702
0.008069293609159069
0.008379273748383207
0.02433269875255212
0.044435994696788744
0.014325711903916181
-0.0585027762246005
0.003770409736449728
0.012770935643118597
-0.028154807146378018
-0.011081684549895667
0.12218041764719065
0.0015691317782371636
-0.021773395787004865
-0.07674606181924389
0.03413530164709597
-0.009076058579117214
-0.08490141114284085
-0.05391090728187245
-0.05756135656581355
-0.03061345747090236
-0.017798486980179273
0.03176546667508175
0.017071460980224003
-0.004663967922295524
-0.0019460395058215284
0.03165574408052444
0.08751096294917246
0.017365990381830353
0.020704682715860248
-0.0945899448477869
-0.03047596018228238
-0.056655703750014066
0.00396174434208772
0.009585183876673588
0.014483286752294535
0.017164983487131157
0.04542970314037981
0.018593018599695813
0.012347720879611937
0.01788638117295474
0.007985925320605637
0.0030721762454132186
-0.00046106861530783677
0.009586783636785366
0.018142769659682173
0.007322170258922217
0.003956933809871583
0.012718759348389645
0.04143718311260317
-0.014173024380589526
0.0209444124046149
0.017482093252145895
0.010187366893310505
0.005272341692451768
0.0027429534447142
0.012783977414996756
-0.0036029817030084127
-0.00575281293442449
-0.012239445296361147
-0.01681987239821048
-0.005283913507956956
-0.02202107120595
0.0010651560564902628
-0.019226756714533933
-0.019402006961893675
-0.013493537809213627
-0.008160161092197634
-0.005427389323090049
-0.0007444905859958702
0.001130689166850193
-0.0014342856625192933
-0.006949801343265788
-0.01232661316962842
-0.018221041170780265
-0.021933463821698102
-0.023075610021210908
-0.021844345621367625
-0.017978292878211757
-0.015530881697772624
-0.013426184297937186
-0.009960467182601407
-0.001869017724698031
0.011341881736974093
0.024838362786921683
0.028825301353067687
0.013583761743246719
-0.008132208976302648
-0.027869517401287087
-0.028417253520479937
-0.01777441145265049
-0.004800497197704626
0.003991736467388899
0.008154460131975133
0.013037935382092147
0.016311943364727317
0.005827201560622685
-0.011320933694720888
-0.0168517752039851
-0.010806300430056173
0.005888400371278379
0.017387274920220748
0.014272155746716596
0.008275433495677298
0.00440691748258323
-0.0024653907356718893
-0.014698418704718856
-0.026714161718728643
-0.02905476966216797
-0.013608907127219615
0.008808632641183544
0.021221147029109683
-0.03530966847241471
0.024395212798468947
0.012266685189832852
0.0028844228365917245
-0.0028629269313941146
-0.0050890219861635414
-0.006247189417688638
-0.008146816869731633
-0.008998182963091876
-0.010976839980755274
-0.012958094370290342
-0.010405348029980332
-0.013411858818031908
-0.008691502254587504
-0.0023250838672737193
0.00268465229245384
0.006792043575967752
0.00965888001753833
0.01033619814541897
0.008781553002078302
0.004742436827729362
0.0014910200514106928
-0.0025410264230091412
-0.007654717138422541
-0.008927633695454608
-0.018568522137775486
-0.023305891536297765
-0.025868416358396634
-0.017496939364994323
-0.03836682631868696
-0.01755541462522195
-0.026094997291967917
-0.02370645535710975
-0.014347363431658345
-0.008180861447055833
-0.0024654230624543048
0.004185780259562407
0.012890215756046056
0.018717727462973854
0.04224737426128381
0.03290608231457666
0.02776211883658585
0.026650684489460858
0.025712149581304498
0.026790241948418943
0.01233841357119857
-0.004976112701484783
-0.017476491639737305
-0.0024333558121228025
0.001339748337481511
-0.04987106547100394
0.026780483860888403
-0.01597009720613483
-0.014880617203735869
7.591653685514458e-05
0.013162445407638397
0.010296123980481233
0.00203495463146813
-0.0029949310271431204
-0.008870957095222735
-0.013812483881734425
-0.0073100823169031095
-0.01790123751788673
-0.015101258896582452
-0.01809093581530216
-0.022689073250590622
-0.022253979296978053
-0.020972568442382926
-0.011019783190482295
-0.008374437472274367
-0.016629368293464557
-0.0011182816325467726
-0.010975687751711751
-0.011779347291195577
-0.012000950437168787
-0.0008703694466009842
-0.008062659313062265
-0.0032951021659785823
-0.007304078164486799
-0.005855865983008218
0.011649107303018063
0.009013883617417437
-0.010249410248366364
-0.011959733606610574
-0.0027386060918535965
0.022732129481048306
0.0201165214928446
0.04254688351200254
0.027054352746960452
-0.029368584885227637
-0.025279274933370885
-0.017209647085396747
-0.01433206060325597
-0.009869317482058751
-0.0018810800897468359
0.0233151421998156
0.0092637125659517
-0.002907672555719545
-0.003963098166628281
0.017989513186689697
0.0002253984769926071
0.019314918087780433
0.003187964722149175
0.006841148783118438
-0.009530629010406721
-0.00427671464590865
-0.006887047065171706
-0.015959779490232855
-0.013507003651701231
-0.014707338551010985
-0.01514838868451154
-0.015545203784166928
-0.015049316736406478
-0.006462280310626786
-0.017774099514252257
-0.01882739625138915
-0.020348337479377702
-0.021523157172874594
-0.022411213639510482
-0.022417463759307078
-0.017860731043278684
-0.03472593223136303
-0.011708787237491036
-0.01681704197261465
-0.00940177803385071
-0.010676603823434935
-0.02070141694221944
-0.02171681367413138
-0.020729468387825415
-0.017985110584883588
0.002995607945746522
-0.015367897266634947
-0.01829674628140529
-0.015526707758819923
-0.012275382313727152
-0.009443607814693411
-0.00690859105297597
0.0025730749978923966
-0.0012164296966880048
0.0017990306234903532
0.00446474664247108
0.005064087200830465
-0.0010931513730967942
-0.04635069898134699
0.051563137967443405
-0.006420372243612495
-0.03513089013415251
0.005232360184869976
-0.00018446652687519058
0.0021262584366387033
-0.010631210701215251
-0.01235738205169352
-0.005841145854869914
-0.007907743404733401
-0.000749292259275242
0.005270258272466913
0.009900313550382633
0.005121389990194208
0.011879025990635847
0.002197770021969786
-0.0010179186330928232
-0.005112604424450756
-0.010269228241564517
-0.012577948062682554
-0.01975899651788708
-0.010292431088981998
-0.010317935813605895
-0.011934010506142673
-0.010597551574645163
-0.0006112064797584049
0.014451293631252578
0.022038623994581102
0.007145520390650613
-0.01925939949125428
-0.02998293007657863
-0.01863545893128646
-0.004594298270819456
0.001953118469930181
0.005266063475746912
0.009308093095063212
0.0020124152312944615
-0.007858762166423231
-0.0014190659882006638
0.009557924879682683
0.007064229021369898
0.0022410015634568192
-0.0012316563806568832
-0.012078592783718737
-0.025480765673655044
-0.023593594951015057
-0.0024103418278063685
0.01805013153351983
0.020971709115348652
0.010342894137560572
-0.00012364694146094074
-0.0009181978549583807
0.005479941754185248
0.01569370339064746
0.02379418215202417
0.024211058580563657
0.0051666461106848844
-0.03341353039381636
-0.11034754309962597
-0.11718104010421644
-0.0022291003984148236
0.02176813546559083
0.026187442965029655
0.04370724898878491
0.05176915328066713
0.05015684995876971
0.044132328477752676
0.03301588203024302
0.02286418504638341
0.014720897050796706
0.008377620642519235
0.0018312659057830945
-0.004406789054567451
-0.007612026180873733
-0.007809768808610353
-0.008068696403763854
-0.0071718066975662575
-0.00043542689251515286
0.026900976029979876
0.0047541835440927105
0.004358090754078523
0.005946858326926831
0.004121785688850865
0.005631678240009867
0.014622629268455924
0.006430832106389564
0.005877464674674661
0.00626244209825756
-0.0019235963614768752
0.0013542383103021724
0.0040650472111783496
0.0019706293487748894
0.001800876831467824
0.004940815057887525
0.0014201715327107345
0.003031726378770569
0.018900084862539815
0.004045469660090117
0.0156340566457906
0.007563075344177356
-0.0016640528413382112
-0.0031438290418607435
-0.003978453014094404
-0.002248042465794636
-0.0011518501027130037
0.008090068478620725
-0.0026051437456202837
-0.002261210038787906
-0.0009350257859516227
0.00017479362378636663
0.004963185477526342
0.006349523648960567
-0.03583994543094622
0.0014182358987888377
0.010515809578009827
0.016069885022327157
-0.022462609258878684
0.008827485804010726
-0.05956510699737083
0.008497381917418436
-0.05667534349337126
0.029073566046542917
0.002996600658050325
0.0105122527433441
0.008596972560471568
0.0152963355806902
-0.021232620409130435
-0.0926261316419498
-0.0080683689404053
0.012679270744689795
0.02245429497534893
0.022713948977730478
0.02275594294970544
0.020667724774811973
-0.020940192612042868
0.025129429258137756
0.017963772714787524
0.012764794462338875
0.0052150643964651
0.004335377647053012
0.005274805997961412
0.0016405157220690527
-0.005238392689319584
-0.0037950163272664397
-0.0025035214771162843
-0.011194191951464663
0.009992076339844821
-0.013005697615914828
-0.0047249340243971285
-0.00182633622098001
0.0037078851151634506
0.02201213917123698
0.008683012371448142
0.009277188768250831
0.014431260576495533
0.009908343282902977
0.008657056188585725
0.007984706034302576
0.007461644201388582
0.008221756871628662
0.007055371851473552
0.006734010256408843
0.004841547509704584
-0.0013528636871321818
-0.00011188260082429507
0.0033971511041941483
0.004853914003196783
0.003572313044991606
0.045122636789337645
0.003012710296224613
0.004048958657885408
0.008978455226371735
0.01630169199905804
-0.008061415840703325
0.0007127601074012198
0.0010775504666763306
0.011452671489222918
0.03901214803709832
0.037046547138641875
-0.009701098571551882
0.04701978229586249
0.04354947743747137
0.002728570428692077
-0.0005308893094652775
0.0010063538423176971
0.0013617250917819668
0.004023023217506629
0.0028943134989689837
-0.003587401954626534
-0.01685098226371845
-0.03796635574704011
-0.07167962542240539
-0.03979005083372887
-0.0087584074350706
-0.0035051872605309123
-0.008937872096609822
-0.0029606339161335716
-0.0081645151226418
-0.026207773245583935
-0.009533616059813458
-0.010426267877859207
-0.02821847398879847
-0.016565339815427765
-0.012188392978119909
-0.018559942638063397
-0.01203889441250193
-0.004932266693268475
-0.016684309089972097
-0.02102733127920584
-0.01801156692098306
-0.0004563260064551803
0.0003507191563089589
0.003292834105242306
0.004880734023616013
0.003139555665006536
0.007984322534123671
0.01061003243746336
0.014574896697735942
0.028015420884338567
0.015318619139854016
0.012584649610215172
0.01109775674920963
0.008943265483663369
0.005792577103732817
0.004512308042633985
0.005065330905910324
0.0015095776455024586
-0.0006354364890450442
-0.0023091090480448035
-0.004693236844620209
-0.0034106783783333728
-0.00860242669244465
-0.009415137782134236
-0.009610239282516609
0.0010740527043858388
-0.010366359463683746
-0.005236746677962648
-0.012085919947322289
-0.013813496147362346
-0.01225078067241737
-0.005511199492332984
0.013546199682226676
0.01115030784284326
0.015036736897770646
0.021529569494742908
0.030853106418312046
0.033552996121245855
0.03131360952963453
0.023169888185361327
0.009962369363801602
-0.0036717766547336612
-0.009519778365967532
-0.012528660595992735
-0.02461600617523268
0.007568989930355734
0.002168030320327311
0.007515728787816278
0.009220449270707443
-0.028954534151037017
-0.014992730478903118
-0.009977686092963308
-0.004994410981649925
0.004005042638563013
0.01570518526356158
0.018591163571437017
-0.0018936643644936436
-0.021983885048522073
-0.02709009633336589
-0.01193137649853653
-0.00043260992005237373
0.001554383817303444
0.003718060390236448
-0.0010137780879195056
-0.007106341900037826
0.00029763297652902196
0.0035797933742156
0.0015380102463671299
-0.0007849286169466732
-0.012523994195094085
-0.026398782793549787
-0.024799481890495568
-0.0006933593267626922
0.018734698720354687
0.01619447210806485
0.002421500557627162
-0.005746887124873131
-0.007929896508608248
-0.006992965843449941
-0.012892203302745115
-0.00550326962759002
-0.005472932600887074
-0.007648580317655229
-0.008784213839267883
-0.011384570157707267
-0.007308819304434872
-0.006994171879585538
-0.0030770245253099204
-0.002865891720690842
-0.0020679903675926087
-0.013271562004120165
0.003890585366841973
0.00938173718988285
0.010518401381276243
0.000995870135679983
0.00980435638037952
-0.004322109037518355
0.013735962779432022
0.01617575120611885
0.01690075926315782
-0.002322630106608717
0.0152375116760008
0.009836241054292195
-0.01014911849644793
-0.04030296325126948
-0.04438214485359895
0.014872647896781865
0.02614916413798147
0.0021087340621642903
0.02107345795023062
0.021756218832047213
0.01987529777747024
0.017287484144473484
0.011891445978428302
0.015327581844831187
0.014832798118738137
0.013451447177033109
0.012109702484399921
0.009997086891604496
0.0048470316109023096
0.0034494147438394224
0.006818009214566288
0.004178403936920666
0.004317391288059797
0.005633933163776047
0.005526267732214737
-0.0020229406809862517
0.0075303657064545275
0.008978850498972216
0.010498140749344588
0.012714119584978886
0.016589546329888225
0.019310074109244662
0.020805175429169438
0.02051718215528136
0.013626101942949841
-0.026152445951468112
-0.10082631042423883
-0.04479661523196662
0.0018854423428759197
0.008796548152121747
0.006502220824560842
0.0032487062713939365
0.0007981990310847492
-0.00021061247808299165
-0.0009316734924758348
0.006142045610489552
0.006834894194571138
0.012746108640634933
0.017794055704428224
0.021260391218952145
0.022637336695591776
0.020225795004879785
0.014126298135080689
0.0048808020945831235
-0.003989887326919593
-0.013706376189382126
-0.01651310285593697
-0.01639907821452859
-0.012575118394238817
-0.00652838074264341
-0.0005965098133554926
0.0033883327287823686
0.0045814436225206714
0.003855361875981739
0.003751249044735801
0.006914172730752712
0.013876786764082336
0.0203820324152562
0.019110447316046403
0.00921587363581267
0.004233010240641542
0.0172022923102288
0.03520075066981065
0.03439032401823946
0.016294232802790347
0.00488734771154379
0.009761849416721724
0.018051868881789463
0.01935412280739438
0.014730595702342517
0.009249302061444201
0.0056223484417925835
0.003907321448631044
0.0034734207718621194
0.0038112272078119533
0.0027753515390332743
-0.006921732131013733
-0.025085763493162494
-0.03185131238960153
-0.034767671323676905
-0.03446990525451624
-0.030943666763829893
-0.039795514028561164
-0.048112596920219346
-0.039958492782818364
-0.019841593643531195
0.014115456524149656
0.07380865807901454
0.05914527029245776
0.03330989424095777
0.01441172246067527
0.002897212400362918
-0.005360748502138569
-0.00523160287196247
-0.0048589262672451
-0.0036720746739266424
-0.0024308620522669635
-0.0016634500150149096
-0.0016781666610828827
-0.0027719235751128154
-0.004404944086639665
-0.00807528379820319
-0.011088346785930236
-0.008945501394308253
-0.010837399096024629
-0.012825415840935158
-0.01435586245066104
-0.014740929446637449
-0.01332555825311502
-0.009749235949523878
-0.004407086473020932
0.0015118286791084017
0.0045823297875116145
0.0042950347926488
0.003022607059664362
0.004761546845248847
0.010598670637637888
0.009923520882498078
0.003724158995395201
0.009112527272206801
0.017911117765920734
0.022219589058345608
0.0256983781010978
0.026136937029683057
0.01976363510881973
0.010385312783353215
0.013074147931377277
0.03231222349106805
0.04389989202526177
0.03217607507095044
0.013366478034113583
0.011487349200828502
0.021384767525556986
0.02524279657886066
0.018518268620814793
0.008350589806879012
0.001837200039697501
0.0008266970713624571
0.0027544597474978287
0.004515189103341266
0.005879439580061108
0.0071641774074500345
0.010868692550423907
0.022474060157037193
0.044952979741481
0.04999679647010137
0.030533659084856564
0.008028258973893596
0.000594765443751798
0.0003860426791385874
0.0028227227451931803
0.005757251571873293
0.008163686062461935
0.008895144723360166
0.0027577435585802988
0.012042766518466542
0.01189931717739271
0.011726336071674929
0.009781398995113723
0.007471051104552545
0.0007377450123501882
-0.0037727583359776586
-0.009228030493235999
-0.015103883166069471
-0.018247173221051353
-0.011969842005495885
-0.005301077865409804
0.0005073648013437082
0.0009251338296048708
0.001652968017966812
0.013365322400844436
0.019749423975940983
0.004643966363653488
0.000937850724558083
0.016588865562566533
0.02179083756477067
0.006712996947474596
-0.0005756382472074478
0.000351719131375012
-0.0003471446306016639
-0.00392064461204428
-0.007794820173064397
-0.010181720739249233
-0.010854264498986323
-0.00983928547505282
-0.006649591422132246
-0.0019460416519876441
0.0025890432160112623
0.003906873376157715
0.0023581700221212997
0.0029275734121394555
0.006892717651851604
0.0015197055499339485
-0.013554392830651438
-0.018374525732945998
-0.00850884091316504
0.0055132480553571
0.005873080649542677
0.0016921985048936506
0.0027244066207715344
0.0027681739098665884
-0.003650611933593031
-0.013133097808876185
-0.017476285003627405
-0.012112546038306407
0.0004491677480664769
0.01256369413810551
0.01884572446345741
0.01814370435095838
0.01256929448520548
0.0052625243424235125
0.0007314726021553291
-0.001737108731755954
-0.0010859027825879594
0.001972088484442125
0.005645158462348522
0.010214541289644006
0.01343076813938643
0.01958725424618347
0.01831314239838306
0.01775222504421455
0.0321680198231731
0.016317665635966882
0.015551821528645399
0.013068755842639477
0.008495529021427238
0.008331648260336421
0.006911489675043702
0.005268345666128183
0.002231120005619423
0.00755334126970812
0.008035630607108464
0.008159777648625842
0.01057250126080455
0.005077346438524141
0.0025003982702010547
0.0013562484528642895
0.005481838174415499
0.004114554589892632
-0.001002052362258947
-0.009161092757351738
-0.005114672806151543
0.03011666306071049
-0.03968428014270504
0.007870728345094098
-0.012538272223779299
0.0035231144102672142
-0.011434707244562142
0.006886183774445381
0.013729461717914669
0.020297862092685356
0.022773219361508817
0.02102745979781969
0.021637668223470283
0.02418072742907763
0.03053734929555375
0.05135883014979764
0.04098907462315787
-0.005269154167673661
-0.03982495475276972
-0.005728601838732339
-0.052013137173070004
-0.018678424973746905
0.0007447250316569535
-0.027022094710808072
-0.01996884896640492
0.0005427950233048464
0.01335155670559302
0.019637154714423014
0.022006283350176764
0.019896997401823848
0.028515394999845522
-0.000805240845616292
-0.034256365428950664
-0.007633314075336651
-0.001983585011965962
-0.0035901707394715276
-0.01022758735243449
-0.01734355862648624
-0.01963144596249527
-0.010450785838198464
0.012283642681811209
0.027173076658690967
-0.0037358373300222167
-0.01396232564304035
0.00028287024059591066
0.013089802314797283
0.028194231187849098
0.016520834840257785
0.011978616464097801
-0.0065691678039275425
-0.01914419855219106
0.02462435440386714
0.020213076013636568
-0.005584161667276919
-0.020019282633924527
-0.01875341639109896
-0.019491203008208287
-0.007798113054883264
-0.0011883033000002052
0.004613265047298872
0.008413407052358544
0.01070156714148616
0.01133639083654913
0.011521188331799239
0.016910381578670506
0.015470528182274632
0.00900614512460558
0.0020304706633187336
0.00190021965190519
0.008565291858717402
-0.0023472370866867267
0.007956446347658791
0.011156233253595172
0.011396855338685249
0.010789920821362223
0.010512052052744717
0.013852302660070738
0.028732701889396375
0.030706390696237408
0.017958074567916534
0.0014840165515833455
-0.0011077154959136125
0.0006146735529380661
-0.0005425225788647651
-0.0029232250942306573
-0.005762931219793929
-0.007461175106695662
-0.009708983739963841
-0.012335580832940826
-0.013927710233040227
-0.015314532945468888
-0.01676155703104511
-0.019068021663050584
-0.016759239555577347
-0.02257540545415933
-0.018406388906066808
-0.016732967663117507
-0.014873152950035311
-0.011227131664291866
-0.006674393205186659
-0.001261687334451442
0.0031295659431012264
0.009526478031059998
0.017534902512122075
0.024221686570622594
0.027299966012279242
0.034792113639826
0.03250291589865731
0.030660256394971414
0.022185315947246126
0.014689633721476728
0.0017133255625394273
-0.010553516714302429
-0.021256753496219676
-0.027374947520455255
-0.0242235133856062
-0.024967601768403735
-0.016304699172903697
-0.009743509535950589
-0.00520322835846926
-0.0057829550942188135
-0.01347381708641051
-0.027868869840713302
-0.01645468080729835
-0.00970603735865046
-0.0020842051244701933
0.0037760725025333393
0.002633522112387439
-0.006259540336491497
-0.025771023953487477
-0.07530140370192698
-0.06210897436252099
-0.004584054189014281
0.013653491480020957
0.024495987379281523
0.031516009426945844
0.029739932569108025
0.03579669496911997
0.03709355303994403
0.02051536594072311
0.0015653368089979505
-0.00569681435889765
-0.0037515036159375733
-0.0013350479450595226
-0.0035056165549844833
-0.009030267350891642
-0.013221727452193539
-0.01242257025311976
-0.006813184266209229
-9.939394484229193e-05
0.002545476129699467
-0.0006431253424153576
-0.008747525196998323
-0.018603257438562667
-0.027570246533195168
-0.030829898277940873
-0.01580045900367158
-0.024975378788553885
-0.019458644801762206
-0.01377417156598697
-0.006841009561282518
-0.004500086845256084
-0.005723421575880938
0.002757923331200127
0.024199141922891087
0.030985912588021726
0.0188263984316629
0.01918962386910537
0.03793766468173675
0.03337403281099945
0.0283072788074313
0.017924265873156913
0.009573645837671497
0.0028742127555648053
-0.0027726899602783994
-0.007706321693173773
-0.00952230502482283
-0.011954660233945797
-0.013434777597549935
-0.014430221084342868
-0.017402408686436707
0.00791074056883402
-0.014944564877145135
-0.011961632754502792
-0.010095242608074076
-0.00918942140208235
-0.007725612507701191
-0.00564431465302506
0.010282846135272321
0.07420273140840346
0.024736270972165082
0.04852192689857127
0.07902278805296375
0.05317768335872018
0.0020080603247775233
-0.0055235048844546894
-0.0048445107875724515
-0.003387490856388155
-0.0036685505493549166
-0.005862126879676274
-0.0074193091938209105
-0.008603083312544176
-0.009588023331046375
-0.009967745233805052
-0.010555673317296144
-0.013565988775103248
-0.004650985350429809
-0.014560227457099739
-0.012651706765682282
-0.01327096125166763
-0.014958772603721552
-0.01413090259759834
-0.013490089599453841
-0.012828295195674274
-0.0026513647256164335
0.039504245430286265
0.05559742234740543
0.03486591324836569
-0.005843643198918302
-0.009379402158262096
-0.014426319099281302
-0.020137014713700257
-0.017170035019429566
-0.017575826860709062
-0.01841076993870809
-0.019268866792089424
-0.01999895080763924
-0.02052385123527678
-0.02093596968384963
-0.021001606961555255
-0.015557270927312811
0.030855214271657785
-0.006858773664969077
-0.018460379089018944
-0.02184588410487809
-0.022817352236049884
-0.024534809090240077
-0.021648865057017224
-0.0231388160253809
-0.022471480857746206
-0.027749238025100986
-0.02368730451681039
-0.021442639308928636
-0.01909169248492452
-0.01648693416893899
-0.008677453450480562
0.015379596778203383
0.024558205038067337
0.006849289405837798
-0.004543905924635973
0.010146819915729544
-0.02618588178394331
-0.01639084456869052
-0.01355465039464971
-0.014661070352514561
-0.017914692365431088
0.026124575343962203
-0.018584003526397806
-0.016187534063128315
-0.015065757125233845
-0.013014456242358344
-0.00857717425182449
-0.000401905886810558
0.009470416758435192
0.011201210996982819
0.028870819850945126
0.03587275082870946
0.027485668087854905
0.0077237840370139995
0.008551905602450614
0.0052924358848900266
0.001672243507552428
-0.0013638344090048113
-0.004801117341519482
-0.004271677472606565
-0.004794700540228401
-0.005165868475107948
-0.005186790708780465
-0.004981420133192862
-0.0042981599428388705
-0.00538462808890858
-0.0005198037699877663
-0.004188609282702925
-0.001819166122654283
0.0013449559460681586
0.0028992480853552846
0.004382032256139686
0.005667885419788891
0.00632043920928799
0.00797600175175074
0.007593112329484209
0.008250642192106791
0.008949005335894664
0.009628322749995295
0.008754823556536789
0.006703256436518852
0.0037406649808285164
0.0032752255558270763
-0.005979980778648691
0.002714694058652823
-0.002500670851500139
-0.004055801415640428
-0.004011610935310275
-0.009510494255480883
-0.007566058458424813
-0.013227530350271022
-0.006690905444879928
0.0001915491093490919
0.005355061457644614
0.009419148773488012
0.012568676083949775
0.01394604345003512
0.012405355588087367
0.0077367820998475705
0.0009826047911044163
-0.005611302119443806
-0.015233021929090339
-0.005338240956968135
0.0007947297382939949
0.005898555144529358
0.0052639591088517075
-0.0005860989265765019
-0.00349266159833197
0.0026980678695043316
0.00591550132373754
-0.0043415562654988684
-0.009972259592785455
-0.007594299470567936
0.0028390699074576976
0.007963169512804314
-1.9262296214226462e-06
-0.004077361130789276
0.0003234531672778703
0.005448115282092732
0.006213804628809596
0.003050474082916911
-0.0014314506771903423
-0.004926343171545875
-0.006558790683920437
-0.006606615068650283
-0.005822201538808164
-0.007728973719410908
-0.003928364223254734
-0.0019524860338915513
-0.0011867113378799868
-0.0008158638761044433
-0.0008927618901373996
-0.0014214716232714094
-0.002033152174035643
-0.006347429959450558
-0.004527343056433391
-0.0039133783446983735
-0.004578328861061489
-0.005022862223316823
-0.004933554505510927
-0.003910145349496179
0.00012989409317989484
0.006834813494089914
0.009393894573865354
0.006047300844795336
0.004468895781327007
0.005286357511238477
0.007005885805735608
0.008859779573286403
0.010407390020366275
0.011381295346757869
0.011648350569562881
0.01119552561438283
0.009757023780342232
0.007131704876408257
0.004139523004315214
0.00091309854908962
-0.0020269883282084352
-0.004175995130950671
-0.005156048155309161
-0.004739754190528067
-0.003168802523546913
-0.0018495230608114312
-0.00257052216520693
-0.006867302697298071
-0.013957550642906593
-0.020044970382605536
-0.01871204064119634
-0.004249016671960418
0.016036976490711737
0.024301339754509453
0.015293731109202208
-0.002241817393162792
-0.015291840776502193
-0.01952269049951573
-0.0157782884138079
-0.007036180608068717
-0.002905954189391195
-0.011073049042063044
-0.01883009324412219
-0.010287499578320135
-0.0011259331137077073
-0.006346450509461162
-0.019440212820240617
-0.028729345080624354
-0.02999403584316614
-0.024988103616070064
-0.01765835672386333
-0.011113839499728578
-0.006912186219747317
-0.005088708553155978
-0.0049106356592669076
-0.005523732251531366
-0.0061797207060219125
-0.006438549286683374
-0.006189349789795881
-0.005442071047680787
-0.00433211206675544
-0.0030200723672194995
-0.0017197967190790892
-0.0005681253541926847
0.00038094011777862786
0.0010975122630737595
0.0015297282687583616
0.001577642605069205
0.0013286577464108123
0.0007252494613652118
-0.00021287520615471546
-0.0014299387309416177
-0.002857878560562455
-0.004283193682395
-0.00543460815303812
-0.006068289957649496
-0.0059005103973338215
-0.004824495088214637
-0.003083150651190837
-0.0015421632804713467
-0.0016935208057652525
-0.004980855216898076
-0.011645690971538553
-0.019233937367512045
-0.022062034779423065
-0.014344588903924926
0.0011158392719514013
0.011067789097282787
0.006060887971970245
0.002574322953442081
0.0101946148934982
0.008228293140019946
-0.006552217998444535
-0.019095284032415623
-0.02139625930135566
-0.015740296521916247
-0.008245816211938397
-0.0033375267470400582
-0.0021761359323741406
-0.0034400174036982776
-0.005334145312191563
-0.006489721509850523
-0.006184631507324049
-0.004250990355005563
-0.001167899590984562
0.00239617914406245
0.0058939121873201085
0.008841940134478253
0.010944013204172095
0.01205087625516554
0.012274841399038113
0.011767228880630021
0.010467506031959005
0.008488893901371895
0.006414234411615573
0.004342075375411621
0.003134721006188284
0.0020404074723246466
0.001576841041487736
0.0026366521951901433
0.004963027699028206
0.01036966232418388
0.02202324943464719
0.03437803663374858
0.02961986551252961
0.015505625829499822
0.00526525915321476
0.002625577929937795
0.0011812353036659993
0.003323187504162595
0.006895595702959516
0.004095628602621997
-0.008653729907326404
-0.01426711951509626
-0.01232849448026337
-0.014332145189023116
-0.012742114112911887
-0.0008759861052362953
0.012028190641587605
0.008921608783524583
-0.004151202944614959
-0.0065380635402872405
-0.003783352572306128
7.735106579992975e-05
0.002278978483093814
0.005102523726543435
0.0051072684871462486
0.004437487927954507
0.0011904444517414348
0.002009470211484012
0.0029221045756777928
-0.0029455316150866413
0.00215944835729479
0.0018921551411742279
0.0014042843580294926
0.00028017528487827274
-0.001295954125049567
-0.0038124040257506665
-0.006553784323650674
-0.008233344139614154
-0.006711232002650184
-0.001815488573151294
0.0010307058347151451
-0.005247062686077212
-0.01443853244688185
-0.006534447869789744
0.00974118411650323
0.016777149642839103
0.024648304873615155
0.02363440222395484
0.013585129158602254
-0.006734857611158493
-0.015706210421435916
-0.005994812660103945
0.0022973104389215015
0.0012553601945328372
-0.0022337068847550694
-0.002665748919385251
-0.0011970516336196502
-0.0015582926605064295
-0.004159432245732662
-0.005125328108679094
-0.003969832560407251
-0.005324799758249939
-0.023585740858851737
-0.02838250397500243
-0.010330873527341002
0.009528985543515542
0.017175576943169395
0.008369935059932743
-0.002156408563780868
-0.00614574805315474
-0.011967454293622115
-0.013456431680327072
-0.012870451828025814
-0.01139581275459256
-0.009965674515587266
-0.008796457763517652
-0.008082454531378243
-0.001989074404255867
-0.0074746577205420765
-0.007250135712872187
-0.007501017200732252
-0.007930514806919562
-0.008584420070196597
-0.009211944761921453
-0.005195352904436078
-0.012121060616178753
-0.013558173108920381
-0.014904732199683529
-0.015595326446955205
-0.013156050974742312
-0.010992300703757353
-0.013234235757438068
-0.01830611851171574
-0.01974692394073901
-0.01939767274653404
-0.017388648334304792
-0.014332475103507545
-0.010080833519745412
-0.0055987277188562475
-0.002145118192390809
-0.005582916637674824
0.0011768949484609768
-0.007035847529385767
0.00011867870505061017
-0.0023834511239381137
-0.0034665976541132996
-0.0026236623443370633
0.0008255180386446167
0.005013108374741877
0.006061522795398074
0.0016993268911358469
-0.006382278453950008
-0.010618614881742408
-0.002281711181627695
0.015891727367171923
0.024932116491336552
0.0194080654074134
0.020295925086054618
0.013953771766183466
-0.031711537774629525
-0.10271898975608644
-0.05700982301502817
-0.02205944194106885
-0.01755517420702796
-0.012502340932474853
-0.0029588282928409656
0.005249425780561816
0.007944082880815067
0.0065601580612288605
0.004297327534385972
0.00543062755375219
0.0050036752664257104
0.0006371616679495739
-0.0007221787264902763
-0.0034712551241454516
0.013058747678998407
0.008495739822069387
0.003905065789522062
0.0036888303276158842
0.0041008165997774015
0.005001130273396413
0.007171919165649087
0.009015347977921336
0.014672836576817052
0.010297991243072374
0.015217648570291722
0.013633248681763159
0.007282855169771915
0.009520748697509915
0.009765076779938127
0.008857563074110583
0.007180106485830248
-0.005375641474167588
0.002882300187774457
0.0008420783360181825
-0.0006593643323552148
-0.0005097776915470747
0.002684837669033528
0.00666603031155091
0.010281319401672442
0.010961501920365786
0.0066540395355508385
-0.001349629309465544
-0.007954112464363882
-0.007195980042442074
-0.00011695507739591049
0.0014692004784848042
-0.005252714498981146
-0.0015768285129584634
0.009117954208471958
0.003333744462188774
-0.008660939577641115
-0.004891302598157861
9.141908310355045e-05
-0.004739824224445643
-0.009208330573800053
-0.005698972621594073
0.002706693238017636
0.009659499160438503
0.011566185564849762
0.009119431816598493
0.004193470810840129
0.0004202876797952745
-0.00045740904552362375
-0.00013901286904151542
0.0036276384155083134
0.008390621341644549
0.010388028481300425
0.010197342523047326
0.008287347857893998
0.005283557149801955
0.001904785380663825
-0.0021948679480347437
-0.00987480898748139
-0.013276796460812272
-0.010616637578757256
-0.008090576750852485
-0.0063600094138035355
-0.0030047359112810898
0.007051726966304915
0.017331775364514076
0.014339949672737946
0.00557283436519595
-0.0008617068072416965
0.0008824933322561275
0.0028193147119171193
-0.0010967322194309719
0.00480343679697542
0.004071587537163961
0.0021931836079215825
0.0038169133594552034
0.0019518491770936152
0.0019807675204155497
0.003027812575153992
0.01128129177682641
0.02907168460514349
0.030138679795722927
0.01523434770985512
0.006667353964351462
-0.008495390137002989
0.004388409477123554
0.001629189961339202
0.0003742926901105337
0.002869003311007275
0.010845866857116516
0.008336945237646321
0.0005759317262224953
-0.006845535974290725
-0.013294578999183307
-0.012546150753750963
-0.011570586462201816
-0.005957189011833892
-0.002734526264277414
-0.0020735249171809885
-0.0002356499894594229
0.027557233034445957
0.01794390598602407
0.02119712909648444
-0.0009232995987057649
-0.008815620688108981
-0.011519124497520862
-0.006827945180376836
-0.009916400686778829
-0.003474620450197588
0.00475734053749547
0.0036196132628173584
-0.0029076467625466307
-0.004250026404426297
-0.003072324802804125
-0.001517322335480039
0.0005572788504641254
