-1.298459763134732e-09
-0.0016969622921329706
0.0077494468020628
0.018141994580820643
0.028995312340737357
0.03896628136413555
0.04689887155812949
0.05235200829223048
0.053917014059598777
0.05137045358169085
0.04469714748033471
0.036148996708563017
0.025543605102313172
0.012874019807857512
-0.0009121805058977263
-0.014059287201797796
-0.02510235997521741
-0.032631670082360224
-0.03620459512202151
-0.040016553797534674
-0.05995643322280158
-0.08842246285460395
-0.01115597746099048
0.06288634141176003
0.03745434736178132
0.0587260510802904
0.05184520490295047
0.0304457034376364
0.00897676770671087
-0.010985086987243651
-0.02349694134322009
-0.029848890388442767
-0.0341418198147056
-0.03497189910342412
-0.03321407818339569
-0.02939463467928841
-0.0306054811834689
-0.01694510803327888
-0.00884160321216591
-0.0007309901393317188
0.008143863544206103
0.017109620182319655
0.02592032393933334
0.03433924874153804
0.04136987513680143
0.04540105908006182
0.046350041318036855
0.04171331385561917
0.028372444955576816
0.0036391534830371823
-0.03058254445952395
-0.03805814927591396
-0.05435921106974279
-0.04598490241689525
0.07139241125031474
-0.027723418978757547
0.04662008922360402
0.008656520800897384
0.0030192842866917334
-0.003164287599588282
-0.006017937246520894
0.012322690480870273
-0.0007106378754377178
-0.019631954349834942
-0.036482367917487615
0.004376473776214243
-0.06316052663976439
0.07198476499232238
0.0681340364619858
-0.020025820006377107
-0.0335246765534385
-0.016200349968293632
0.0010475640123328185
0.013164858303752315
0.019754048902992146
0.02183744428023442
0.023811071875896428
0.019697419993492667
0.007667502186462432
-0.02393966206223658
-0.03491738100212839
-0.0426084496880556
-0.025192539105232035
-0.011784172902312012
-0.0050823310267367125
-0.0026764648626680823
-0.0027916099182881907
-0.006127772381179567
-0.011482778003175891
-0.008565356198897724
-0.009111931381739642
-0.008710086008436788
-0.009569003904758597
-0.008571948461484206
-0.020492080311096294
-0.0024157587561962333
0.003926720796464889
0.002088325950255421
-0.004192980753553044
-0.007438403551196323
-0.010478023646898633
-0.006882391283315038
-0.0018868372958637586
-0.007343145106759505
-0.006287484713862226
-0.0005354113041914988
0.003960614885854562
0.009107573017628049
0.01391004008906461
0.021912117945041158
0.032831114357607556
0.033316384035867605
0.03924350020665719
0.03516384122540414
0.008162666322200073
-0.07983813407467708
-0.12828161181073597
0.08018708498396933
-0.23390502573600447
0.10775987741921222
0.16640959748205322
-0.05682220638382357
-0.06060978917861886
0.021535627829481912
0.033680841187429734
0.07007589919461824
0.0575334649176635
0.04373093888203378
0.0389631244617303
0.03201006651010931
0.025412496864231377
0.018931093116945633
0.017397265891249958
0.013848821694669724
0.0076281264034093995
0.006700390053962242
0.0024315449994132027
-0.008401185492040449
-0.018603731360850532
-0.021222566364518518
-0.023132413230885693
-0.020459867526753533
-0.03900131539676331
-0.045622650845531236
-0.050544514305863084
-0.05053725773708541
-0.021079919702888448
-0.011867339263227403
-0.005234479369903343
-0.00043310386822721365
-0.002967179450732769
-0.005012878653914996
-0.00674038020203177
-0.0014163471287460727
-0.01194202635614615
0.0013541560135758787
0.003321372001878479
0.003765299409247571
0.0060565822181108
0.008253967612780938
0.009636084518134516
0.010186627618949519
0.009832349004081482
0.007878339182562952
0.005781164969605937
-0.0010946953479729477
0.013093920970577034
0.006680748525295225
0.008146884962836167
0.0075428196210338095
-0.001890369008328734
-0.009994683609739114
-0.02244904808958806
-0.03153148156967444
-0.03214781257572817
-0.009149528145973815
0.019083304758108023
0.03610495872742373
0.012640735040499671
-0.019401741152771844
0.0445222523049809
-0.004561206679175926
-0.003979995777315008
-0.016636464258531117
0.05865035156158846
-0.03779513885939516
0.021560248600538567
-0.014562797092378343
-0.053484197300760074
-0.013872507679131575
0.01788350893503092
0.01830063227846769
0.00390806805631381
-0.002628550861977029
-0.007329363163713521
0.010287956655980753
0.004449319970820838
-0.013664214292202888
-0.010096529666079332
0.0058465546829663834
0.004629492004191096
0.010713679839753928
-0.00971215741709606
0.037529402620341226
0.016361652471678634
-0.01815115584160162
-0.0029442503693808053
0.0018103892377249692
0.016147010730172547
0.024165522658587624
0.015923932367591865
0.00888900614734589
0.0065660427205001025
0.003976449625321401
0.004061290975033315
0.01711201551787344
-0.0015974338417579915
0.0029326124213380003
0.007019719722154868
0.006126730412037412
0.006677232882651624
0.005252807819176106
0.0028559271251114853
-0.0019214894326572475
-0.011140808035171562
-0.011409032072412992
0.025472508283799176
-0.01709174026009392
-0.013282588602428213
-0.0038844638305089788
0.0021801916872017687
0.04041540909014341
0.022581281960185887
0.015008468199030615
0.04989813760718411
0.001105954928302328
0.020173766817598384
-0.06827972923858155
-0.040677647772510525
-0.047517613420222926
-0.040997426161374965
-0.04427547541446946
0.0015073798758898213
0.0024217069097198563
-0.018639260957839545
-0.038012993670250815
-0.035939161051171134
-0.03341952202005807
0.00517179117622519
-0.0135498526733396
0.008931111209509571
-0.013074465939907808
-0.007165110148203399
0.003910689836705806
0.0017593437302815091
0.01293325102353221
-0.00026360051905051466
0.0036782401255198885
0.027383049169550124
0.02715679627694161
0.000610474800773922
-0.0038050470366078255
-0.007766143649764173
0.02243879413638192
0.061270793133726735
-0.021544811905219268
-0.002766414691523814
0.002815058784816991
0.005016847355396761
-0.0005807503263410745
-0.00017216671603105676
0.005531614117005947
0.0016156818392907486
0.0842829183247002
0.015341336741034616
0.012412192492480495
0.0026371899712592244
0.015304419025122128
0.0040531799106158116
0.01090819882368547
0.02106796602235445
-0.02916827549613052
0.0025399751240435973
-0.00020936352779517015
-0.018774393154328564
-0.022211177886279576
0.034497907619946096
-0.015147455558866978
-0.028146425377771272
-0.020943547174410528
-0.014501175924594519
0.021255115131520775
-0.008231158025198101
-0.02518913185435768
0.008099544499314012
-0.002373039545114448
0.00029526961302135625
0.00785558638514536
0.00434380684886857
0.0005043734877210922
-0.00497256587252018
0.012665778371474897
-0.021615472779084495
-0.04871674558515457
-0.005129447600311725
-0.003574940757419145
0.0004885273113093263
0.0071841703959093
0.007906531398605489
0.004879767634373855
0.023957911135235665
-0.004916402183987526
-0.008427127540327558
-0.02293014606454564
-0.03295403064282647
-0.011642132468122322
0.0376774904918371
0.019583063602307296
0.02863466526949319
0.055739596738245835
-0.04499446605221836
-0.016942160330246068
0.049847840970574646
-0.054389143755274295
0.011747361253290633
-0.049658093943718305
0.02792370609776846
-0.03274052365400382
-0.001223827098098491
0.034249755359119345
0.005839353004392287
-0.015784823368253906
-0.003981771732224443
-0.05151730260697951
-0.019507409329812226
-0.02032950002428245
-0.024270353052364645
-0.012622554443103765
0.0016740746833411166
0.0055117046182084125
0.0033758950901638936
0.0024155777294314665
0.002010520085947597
0.0240772853464914
0.00929258705402053
0.008926738278482003
0.004542553816051675
0.004807100752611204
0.005784769709316255
0.0025132973594877124
0.0013672451673540627
-0.006476094743322439
0.027623557405265467
0.04037934144304761
-0.007430115821864528
-0.014674591840451329
-0.008023405375568228
-0.004293923442145596
0.037700105544431754
-0.09929217342606725
0.01908079923873272
-0.015744602017253032
-0.01366108629134582
-0.00410808919301496
0.024192937522033487
0.008265021200149212
0.005468540319045525
0.055782423360466696
-0.0209929300879277
-0.012442417438832723
0.051908627664197696
0.08913723633238925
0.009237704340250293
-0.004478216675459212
-0.01158408959968355
0.020750306367797188
0.018920114029580944
0.023458318352637283
0.012283251473423415
-0.07728923045277974
0.04055021266802903
-0.05318582378718676
-0.025446690372628634
0.024509507777054653
0.010859305979458398
0.015912204813344728
0.004464349423738085
0.005034473128423902
0.013140162414174653
0.016750593339363632
0.045340196009623183
0.04915209875721651
-0.005731193389867228
-0.020464007548152453
-0.04352418582439639
-0.0367826713326217
-0.038174286475521325
0.1066802145211072
-0.0433745984458259
-0.038462107972761055
-0.06176586878322152
-0.03192202275455586
0.026914209629591367
0.009212910461096966
-0.029837923423426584
-0.00982007213518964
-0.005169033154887373
-0.0007947798493650067
0.02233659077946686
0.022725300899353772
0.005924549672074308
0.008285123548188784
0.014583709362638109
0.08716182415179251
0.009518739129372292
0.027319960255261726
0.0067135232438336155
0.005999153453002364
0.004077758375434478
-0.01091824899158392
-0.028712923298196618
-0.04645288788693698
-0.008118550931476004
0.033083262554836235
0.015313360737555935
0.010616018710984686
-0.05762517196330329
0.04498104683095051
-0.0009061913418749029
-0.017777122043943716
-0.0038894614917156095
-0.003340283464527652
-0.00957466494774424
-0.0012586219775515
-0.0010381483971893034
-0.0009875047642818387
-0.008761194936227837
0.029355794775545344
0.016029382233568753
-0.021146925401316918
-0.0677976294161111
-0.009519349804603453
0.019479139502175887
0.00771049572186556
0.00425374353052116
-0.001270618930647864
0.0038879866638517713
-0.05225844368657288
0.06198944073208979
-0.04597611846029498
0.008574989274726797
-0.005513964900666994
-0.008986044578237325
-0.023219459162248123
-0.052432203287896544
-0.06550181265439844
-0.06019641349536538
-0.03136798986526529
-0.023479721641076978
-0.030154112638147507
-0.02841230257505879
-0.028040558070265658
-0.017261658748791694
-0.034871848151284746
-0.014603914662877526
0.003200208668806214
-0.004562384068559928
-0.0007259821799165265
0.013813421309598646
0.020228300455745
0.06465953732366786
0.06618408927720508
0.030224457081417862
0.059636950093313774
-0.041284922375266944
0.0466626746251087
-0.04228373068077313
0.014872381557690835
-0.010692120714558872
-0.016043926007963363
-0.006743504817346475
0.006865115027643164
0.01251292922395948
-0.02038858783734442
-0.013722786207937692
0.011354124305861999
-0.0034100056084531453
0.07706870158318313
0.0004879750296880075
-0.0582565719253509
-0.03880357618422269
0.001901799029670215
-0.007814822563987953
-0.00352269378110597
-0.0027269904744437776
-0.0005550752084666466
0.02072031892480211
0.0008412203108485572
-0.0007440812053800006
0.0034166878718560976
0.007507703020071403
0.006936715906094701
0.008198301665980116
0.0017716646392163984
0.001225454111732842
0.008686950122273957
0.013920438496000734
0.018664324580589947
0.00937726107203001
0.011028044483396598
0.007044000271619247
0.008840226369441878
0.0113250109670267
0.014046180217546573
0.01425451906507993
-0.017149417659636287
0.010932679571241891
0.010965759882072393
0.007453368030973706
0.0017503216255299917
0.007659153873165023
-0.004395664770578855
0.025603913715336324
-0.010791084546962515
-0.0078118803786765435
-0.006430656934155067
-0.003978459098017983
-0.00020639085803844122
0.0012388486707624773
0.001292806037872676
0.00018987082487623467
0.0018427504282101592
-0.0006075005507747694
-0.0033844137826745543
-0.008833059390117233
-0.008984823264669943
-0.006612619955283334
-0.007756711171328669
-0.005257973282953952
-0.0030997461263376535
0.0007043212457981651
0.003619545610780594
0.005485525057387748
0.0080048054272875
0.01244337902273086
0.018400884056604463
0.020539111390527377
0.01567599784142466
0.008037156179006952
0.003434113101780001
-0.0021021707517082963
-0.00525610104654589
-0.0019115102139546172
0.006561408427137162
0.01560304453813571
0.025583145083369254
0.039069942396503896
0.0475761972629684
0.0415056640651306
0.029846193022783084
0.02244121148984742
0.016096912140538423
0.008053766782593558
0.0018016455932713727
0.0009136961555238862
0.005275823909720326
0.011755548688046156
0.01645223611631261
0.017089400084931393
0.013416922532195443
0.008918324221584563
0.012617782251495563
0.0007491713749908906
-0.0002915750997576778
-0.0007546196388501454
-0.001198297248137846
-0.003333241599970238
-0.0055980721838779736
-0.006279774570218536
-0.007608660605555759
-0.008194513248662752
-0.008327117653893698
-0.007127651824665303
-0.007108536380111841
-0.0034061956853085706
0.0002577432554287926
0.001690032083021661
0.002238692953458129
0.001975901511309151
0.00019475480151544332
-0.0024665778371317703
-0.019377232715063836
-0.005563050985949805
-0.008875390308610578
-0.007041353886788593
0.053062173078416354
-0.007982252307705644
-0.01032675290188085
-0.015281835047352152
-0.021245400462244306
-0.01964423259135339
-0.019927238451918985
-0.007920601053373916
0.0019010994012356225
0.00348384508915548
0.005807046707662443
0.006887761550821673
0.007229637798400866
0.0067830981813244645
0.011408869875676521
0.010843685490516279
0.025461887078030404
0.01832492501885093
0.017099592200158664
0.0215911845810704
0.02220309296887695
0.025152559693777353
0.010568534634157321
-0.014496329637760003
-0.008085920891677862
0.029295657030525477
0.056585994020004
0.006711336785078072
-0.024921198535270667
-0.005402566625073576
0.018384801967442257
0.020358574579957014
0.01227813213168613
0.006871843824533795
-0.0024579683170744757
-0.007927004111718476
-0.009978411243031714
-0.021751136417536048
-0.008740495855035096
-0.0008028340222721949
-0.0011083356409641396
-0.009379566113621776
-0.008389600067488585
-0.002431660931934177
0.0037420281358029584
-0.02185575684797458
-0.002522736264331566
0.007812375053831258
0.006106612350652368
0.00454869614217709
0.0038068723314879744
-0.003976733696100902
0.0018378041069882507
-0.019280282048613057
-0.004210168097172945
-0.00643936680836717
0.01446832990554905
0.00788679834820584
-0.012112827829004745
-6.556405735646178e-06
0.05425654099149369
-0.008290661110319794
0.009987928826316992
-0.0482301697431764
-0.03823219554729008
-0.02045737613253623
0.003993481557002663
0.009788715030776579
0.0035852630810696644
0.004508040087364248
0.011911344486172286
0.011143192030727637
0.004936643451806713
-0.002046239275116962
0.006576401939594552
-0.04886304188771304
0.017019875796705747
0.008696561274275125
-0.0010118830919998657
-0.02205148731537421
0.009086127576906817
0.01149346436570215
0.0039750777933447385
0.011156799071120462
0.01326552171639317
0.012464285703219615
0.010884431839882117
0.009339711801937073
0.012042565106268345
0.0074260495431402555
0.008324704439715485
0.005883291593924939
0.005771678836751625
0.00461718939337136
0.00284837175866693
0.000177034324522832
-0.0024749046740517007
0.013146528820061096
0.02103281504653356
0.013303219652235358
-0.010014418961736191
-0.025398719803947086
-0.008261383163531174
-0.006180302788004732
-0.029898942576684552
-0.0021026102714320773
-0.03227341217042714
-0.00041667365004830083
-0.014846770946941671
-0.0028768070394683057
-0.003750699329481882
-0.004097471440758106
-0.004178144222174061
-0.011840541072207732
-0.0027476426174713464
-0.001810245612293917
0.0008094026627763823
0.004344277235645025
0.00933421374573604
-0.007846507561697483
0.07365514491415376
0.005699937976535188
-0.0013354548586485522
0.005888034498491917
0.002210574451975771
-0.009057181208813565
-0.009479614872446614
-0.0112220127882021
-0.013787110283704935
-0.009948859713208939
-0.008751603212008347
-0.005360330386348278
-0.0025383896418655462
0.002833606499288729
0.0058554182017519045
-0.0007228018539624172
0.006224074614884711
0.004687279771687734
0.0028357074120593344
-0.0019102646788160774
6.70425472290466e-05
0.0009258418477611724
0.003981291656983486
0.007222799037010011
0.009328675291351507
0.009737386335710354
0.013275917226857344
0.019333412044359788
0.027217089272341687
0.03020422176221342
0.022746742781761566
0.010580718123950502
-0.0014030554735032174
-0.00962485825234272
-0.009292191405973992
-0.0021349392897040127
0.009554398471957293
0.019791585955665436
0.018333199794905098
0.011279733797351948
0.0062993341026651405
0.0031190545881072903
0.004720841829969605
0.012595907492778231
0.02247468917062468
0.027738342081151966
0.025340011955449836
0.018664087296016055
0.013347876257044821
0.012037326989627731
0.013530989489389621
0.014284335356891475
0.01883878931757413
0.023420506694032322
0.029260627246393955
0.03410070539007038
0.03389650241917267
0.04989601981973018
0.07822452406933696
-0.014440493869460187
0.07283541201552332
0.0030719765442340547
0.00019229331812181718
0.01427521588919466
0.01693853540249381
0.010541666700401802
0.010088093341624313
0.005918612674072313
0.0015539324074594358
-0.003277498957783205
-0.0020640627379015703
-0.008165665963568703
-0.008450265889702975
-0.008822059708987877
-0.009759998470560373
-0.008756402831010845
-0.009935425074046655
-0.010375698304481986
-0.02006967426371607
-0.006270425429760925
-0.008040995066822806
-0.00699875741055437
-0.0073618477201003426
-0.00631230722367578
-0.011934932913025392
-0.00549605782048077
-0.005138535692650321
-0.0028672515521827742
0.0017168812539069783
-0.0020018311941490024
-0.005438583564128439
-0.0053758282362774985
0.008823395407556955
0.01525378610059262
-0.006649052195191751
-0.008539777805004823
-0.0052286208079067665
-0.0066629274632356225
-0.03237125257906642
-0.09507822113995974
-0.007758637728792905
-0.008727721946268804
-0.007473828434715634
-0.006200550560558297
-0.0037513298152795586
-0.011995113525181627
-0.006970904919396913
-0.007550941086314836
-0.009226025283345545
-0.00990665658954134
0.0022383832414480435
0.01805473525794343
0.0067016798564887075
0.042141714830995575
-0.024351845675639288
-0.019113411143944704
0.15930082710113228
0.024801911881682136
-0.013129234032223526
-0.059221289799704493
-0.03245205725672447
-0.006181494011539328
0.0008219905326926667
-0.020826926001207488
-0.014355552138595679
-0.018077735261251685
-0.006850946011449227
0.04816464775632364
-0.13429481809669838
-0.0047831481136485915
-0.035261335139143424
-0.025998443715513783
-0.013713115254351196
0.00021894757418511947
-0.023600244842153957
-7.033920401405483e-05
0.004298098990576584
0.0068629603692662395
0.009202570561342938
0.008937590508426362
0.007997906498567133
0.00707569420387499
0.011690538994349428
-0.059886993677413285
-0.007457323261977559
-0.01157564818066552
-0.011027040563239396
0.012374129381541362
0.027501954971318965
0.011681928289603157
0.010926655698764135
-0.020117529765429392
0.010983266900769692
0.010262651169184941
0.005486801055924679
0.010917936607392978
0.010909274502943645
0.010759809554426812
0.010593553818307143
0.007395799960911159
0.010859010591336161
0.010753984691347463
0.010930006737854093
0.01405970362723573
0.011854599360546711
0.00726314343886127
0.003078132439312259
0.01104962726683738
0.05695629011595279
0.009343591706360706
-0.003217032868620073
0.0023527006700196137
0.003297076511621371
0.009436225302331094
0.007775262893081961
0.0025543922161913157
0.004638452972010314
0.003510695303901673
0.0034591269466311848
-0.0004383217132166111
-0.0057030716931978824
0.05063273595309209
0.006019483265028506
-0.001199808866228213
0.0014907884029060185
0.0031654676126177715
0.0003288541557970433
0.011482725584860309
0.01905759979246591
0.019692066340438442
0.008384287665553812
0.019556791573940253
0.00655253010835898
0.028043317153510404
-0.005571065810550745
-0.02207562877936224
-0.021147119775107484
-0.003939429496788707
-0.0062526900314438735
-0.01725337417764006
-0.0176369576066388
-0.0019557186414678775
-0.009910597035497532
-0.02656598076000502
-0.011630951833361752
-0.006686428776027465
-0.017284084829408772
-0.018642141321540164
-0.017333846554032684
-0.012387530298242317
-0.004166435685918278
-0.0022009658749279075
-0.0029933562052509013
-0.004199382625998427
-0.0034254347232173764
-0.00606033733481986
-0.006182674750307521
-0.002670916275727839
0.04534340841528744
0.0028353787725144326
-0.004990966087884621
-0.005065084868861681
-0.0033120085212692877
-0.0037191280755530425
-0.003948200390754217
-0.005808157708570015
-0.0035854353402065557
-0.0038490204807535237
-0.004506694145673522
-0.00588754259630644
-0.004112937977527862
-0.0069307631603769074
-0.007030858279522563
-0.004857876680132795
0.01191898391975519
-0.0056758491306559
-0.009603476552779542
-0.007577975034091836
-0.005179713813805827
-0.0054017047401762825
-0.0063803175798823435
-0.019614904765788543
-0.004176192122987908
-0.0015665392117701021
0.0005163032571566259
0.005279690425622667
0.01117673722083018
0.01440870956317445
0.016627242007811575
0.016867728637182774
0.015542640202335697
0.016831531925699455
0.024711410319782676
0.026782240482008203
0.0114020641435941
-0.023474956669726037
-0.010284762987495909
0.013227646675502412
0.026334444339531454
0.018431634970143107
0.013008402801313481
0.009062969790256845
0.00805834422827635
0.011024131849515074
0.018631169513547662
0.029501128244343523
0.034406616692718515
0.028162607859527653
0.011628479929504994
-0.00527787438392718
-0.0137831666899246
-0.013218660420594146
-0.006326238457403086
-0.0017156635487034413
-0.007385262843894921
-0.013559244115221828
-0.013095635515752883
-0.0037536028793606164
0.011761934122141424
0.023834817793901626
0.028132505898914844
0.025923481962779247
0.018119208609597173
0.010317312751800683
0.005480454103474852
0.0028028746050256436
0.0005095029506660262
-0.001265925195620531
-0.0008931578304384997
-0.005581281737278391
-0.005796721013353869
-0.006754714520669647
-0.00584081490409428
-0.010056781759964032
-0.020943093086335966
-0.007469478369777046
-0.0029884625493630333
-0.0020748308038278113
-0.0034274019249724654
-0.014833418143888954
-0.002683875301112274
0.00097201411788617
-0.00021079439259666803
-0.0008447029435903964
-0.009934090666297
-0.02484343069899752
-0.008439158002058885
-0.011949317191752531
-0.015365781046109313
0.013470369296668406
-0.022829141842203162
-0.03533868416899097
-0.05598844672342196
-0.02107879668089007
0.0023753096390603016
-0.025264063053660163
-0.011262342082832597
0.10128726296706511
-0.0031600335174830226
0.002288450688036403
0.003928883931313377
0.0041069680244818245
0.005533690220094456
0.006554078911226962
0.007507411722953626
0.007136671577984877
0.007095014931014548
0.005351911847759459
-0.0139307606641753
-0.002005976510372799
-0.012242898536463135
0.0019550476661281077
0.003895320304737075
0.005993577277490795
0.005966521851522536
0.006819955706696186
0.005831341122902552
0.00563528685030817
0.005924369615087887
0.006909506158356225
0.007301671372253608
0.008011007967973301
0.00785589009039474
0.009413052827351769
0.019829952971374933
0.007703433764887795
-0.03506625556796136
0.005035200985371748
0.019614024497987898
0.014313663887122142
0.00967254002677195
0.006272403778288439
0.00336343902056682
0.00039302642255195744
-0.0030111608483484606
-0.007861773057449832
-0.006622626311160513
-0.008153915465538654
-0.009047144853036702
-0.009139906726439155
-0.00826404685176314
-0.006616904931864414
-0.0044542860077836765
-0.0021628569753017095
-0.00047230788778054183
0.000561993797047303
2.5739591320940847e-05
-0.0013881112701432366
-0.003485133374777737
-0.005512589844088808
-0.006621857699138724
-0.005995627351240701
-0.0031779138550773445
0.0017070197713092703
0.007694858792451134
0.012613817679805185
0.013839584466536924
0.009700050068169774
0.0018705369878108092
-0.0034635136460394946
0.0014580358027489015
0.017518310214713412
0.032271369972329864
0.03052268122168775
0.013332636232401943
-0.003104121533149882
-0.007483485221246255
-0.0019653991071446105
0.006351509485961438
0.012024267887383517
0.013638634566160915
0.012420415330086268
0.010112393683959732
0.008118741583875582
0.006147033041990777
0.003542076565837175
0.0025965867328433933
0.010741428261557752
0.025597037010407987
0.025062162385865536
0.011629937037950589
0.004436242683337325
-0.00028624476665787456
-0.00991817789570198
-0.02339027236077608
-0.06448841146850551
-0.10331932392680203
-0.012052640133469896
0.008840922406377235
0.009913577610446384
0.009032339745404894
0.007954113366190318
0.007003479516088391
0.005325588534487361
0.003848293754703706
0.002451694571959743
0.0012511517602462662
0.00034359703328528724
-0.00034392428636222886
-0.0016386529961998082
-0.00709780787223143
-0.02138936338482189
-0.02796459381565482
-0.013805581768969174
-0.004066272191061326
-0.001774857739078912
-0.0016812857493343344
-0.002168757235231396
-0.0030047387813787424
-0.0042341236926728
-0.006036954732457709
-0.00868801861931884
-0.00899109448917366
-0.0071365139596740465
-0.006349052163256112
-0.008429244293537481
-0.01861363983654711
-0.032623632827845694
-0.038657266088329555
-0.0314609165793088
-0.012553914052261264
0.002045755586900908
0.00256228698212803
-0.006078809624460407
-0.01121091421356886
-0.01167564654826319
0.00010943919090160699
0.02060919026590204
0.03081306487896387
0.01969740189385267
-0.0009238159667125678
-0.011576677917812127
-0.0073735393270929405
0.0038798466807136254
0.013491230074905929
0.017284232027695405
0.015163217345436086
0.008412716142528453
0.0020476470311807994
-0.0005936885855678036
-0.0029567383570029237
-0.0034077675611881146
-0.000991939471528572
0.0050869937960050845
-0.0019954161230019674
-0.05042879032736971
0.013748590437186178
0.012912332062751494
0.006882394377308515
0.0024272512339895344
-0.0011547197385106548
-0.003927805466637436
-0.0066510318711051845
-0.011404676849217456
-0.0147739674371073
-0.012480603936336264
-0.010049422771865777
-0.009269603308507544
-0.008705185775297823
-0.0076735900656448724
-0.005616274992272137
-0.0038351310571004184
-0.0033509936928649378
-0.0049002506921117395
-0.005546407070697786
-0.0018385978088854814
0.0017252492023992559
0.003313906100745554
0.005799764014065474
0.008894669894025901
0.008489325638039311
0.00627344736546685
0.013440481268264429
0.018204197733260766
0.01151857619861448
0.01366119391503324
0.018359473985066176
0.015532562125184113
0.008907852031185525
0.0037019326597614853
0.0010385189686932617
-0.0008136785825207972
-0.002593623479114608
-0.0024848488776287904
-0.001872115038530393
-0.002429174009096699
-0.0035622403480924073
-0.005440131636374572
-0.005637054267324074
-0.0035808274280531337
0.0004655276143552436
0.0046963038331635275
0.010684481232268447
0.021675717690643703
0.027622526490252847
0.02055770467410115
0.012810395794558919
0.009219895043711877
0.004726758985107691
0.0001166554352649355
-0.001043155049597624
0.0018358263440559285
0.006467524913374198
0.009823496210849075
0.010023979747018947
0.007037285202245158
0.0024187101815650496
-0.002015168309729819
-0.005004515107752295
-0.006235420422491104
-0.0070365402802172235
-0.0065455506413571885
-0.002500353972796066
-0.00028993545311837627
-1.2932887165869997e-05
0.0019532069800938345
0.0033465410849557384
0.002219592716251925
-0.00475097072524709
0.001451911803294181
-0.0020988925239269485
-0.006876554574845889
-0.0004659104158027571
0.001947228948657785
0.003118389465083308
0.0029202612449210604
0.003989165278600559
0.004875301159947322
0.00492134033896378
0.0026018118913034185
-0.007620203491396691
0.005226003338151761
0.0072111345708272545
0.00816765275920838
0.007134293630276487
-0.005512422315375777
0.002926162049190321
0.0110585137474225
0.012508936252792847
0.011936433195664982
0.008325782131795943
0.0025906141645722267
0.005869637793768185
0.01539157877797927
0.01818386158317443
-0.0068230123705666414
0.08055168210116125
-0.011796329741480155
0.010939188912334575
0.0111549021183316
0.01529951604681618
0.015897988106416003
0.008699972514338631
0.013539317876687672
0.015341336812707992
0.014637266099384932
0.023265655908553926
0.02472383223707269
-0.0009317189661414533
-0.01647898565576059
-0.014727827914938157
0.043977980240643054
0.03703148628105543
0.0021109773231676697
-0.011976089628275984
-0.00520661916540109
0.002118088946755015
0.007361443989559172
0.008796077354302123
0.007898077900400305
0.005074882667707114
-0.007166425808859835
-0.003641970780751236
0.03969349967864583
0.0002834882905287876
-0.004254572319487747
-0.006375708263769989
-0.009721603601013085
-0.013352418033244655
-0.01547653605446821
-0.012831694781793518
0.0007255367231066191
0.021724378979912543
0.04746090494793143
0.04878992172757922
0.05865579922938847
-0.0067037853664853025
-0.10591874485902375
-0.031187930066579723
0.05691060671686515
0.05261849272349935
0.053853595729937385
0.03442702086477429
0.004994846833390247
-0.014212369275911373
-0.021572311619703095
-0.03852594561625228
-0.024776392516868424
-0.014400185460388135
-0.009357648074393408
-0.004361948549982117
-0.0020932856469667175
-0.0010268962287618283
-0.0004973020285868364
-0.00022025178333010106
0.004618546689709817
0.014125206502565112
-0.0014682276449424709
-0.005458125998986352
0.00637217678535247
0.027106946386460856
-0.003890221191329363
-5.084255566785151e-05
0.0007210975939440344
0.001832954376123276
0.0017786764683334463
0.0013498821488529174
0.001156078553734145
0.005902698801187204
0.009466754413930283
-0.0015914647594508593
-0.012355167645914383
-0.015435407095033006
-0.006121749399450903
-0.0047538103775079735
-0.005029241573957927
-0.004878619255127278
-0.006566029292154543
-0.013878008212746172
-0.008784685878810117
-0.009038475822713077
-0.009914378698319319
-0.011218279304617728
-0.012888279983483597
-0.030270104773551253
-0.01910503160089458
-0.014322734816693132
-0.013606280041345996
-0.01336929214882098
-0.012908679168626366
-0.012419591840852765
-0.01181062945091915
-0.015298258594351475
-0.012018475339040637
-0.008477953289803816
-0.00636339255158379
-0.008913975654153188
-0.019630378110210567
0.004901863180176796
0.009466254477858763
0.00994908045293774
0.009863684117817993
0.012592974289645462
0.010686317304988422
0.006376724759770976
-0.0014508777145310747
-0.01011122677068279
-0.009956867153293057
-0.013052400050460707
-0.0135948856796766
-0.011814342773689908
-0.0073110195310293205
-0.0018972186356221658
0.0038864129963541876
0.004930006943651572
0.005728568724861103
0.004352837687223661
0.0012545755456106985
0.0016808740169168871
0.008457122130873683
0.008898155675997162
-0.0060994103176214435
-0.003304068613458608
-0.0036680528340302504
-0.00037999184552505556
0.012444199264729923
0.016708688874256767
0.005368756676845223
-0.0013319784123013339
0.007227861018939377
0.020425220609847496
0.02687923437524033
0.025154974642347006
0.01938756480962201
0.013599156759276986
0.009447050865205598
0.00666450024089785
0.004107999064161062
0.000733390985409126
-0.003938553412090053
-0.00928511279487779
-0.014039775362931502
-0.016964536128115156
-0.017413399094146968
-0.015495543706986428
-0.012027969548431165
-0.008477119010067488
-0.011435926632964201
3.650318845402214e-05
0.005646903846305478
0.009595004149583065
0.012082863491429917
0.015285741716326018
0.016755904988967233
0.005661952412874978
-0.026611005063338248
-0.04340012867230969
-0.005544957384073571
0.0153525134612316
0.02058443974423747
0.004178948388703543
-0.0011202272923569517
-0.005025282332837445
-0.0073184307556731715
-0.010099027353539276
-0.010665725329042612
-0.00939412218905688
-0.009201234158681855
-0.009033323384470535
-0.009076060221226272
-0.009689190946848782
-0.012965673125767914
0.06265846498461342
-0.011374505687810609
-0.008816265729462586
-0.008990647530354055
-0.013159618762437215
-0.021245825036962616
-0.03629843633290364
-0.05330590448587998
-0.018095627812138977
0.032126413157316146
-0.06760191765490133
0.03510565551439515
-0.04956455251898314
-0.052407782108683146
-0.030381317005358514
-0.014136748467640046
-0.003874729084028381
0.0024841072872205695
0.0047329279463683505
0.00648696215706288
0.007732792443199935
0.008379605227504182
0.009434197579554908
0.008819488283119075
0.006320438036482124
0.01784281695527543
0.007216064754707298
0.010751505810438475
0.012005168882149515
0.010835888920549952
0.012935263764802156
0.011171880376440707
0.011330092288845219
0.007966858753780054
0.0014480396911506672
0.026123477011897447
0.004211847851029955
0.021235241082858975
0.022201415461221653
0.019392165387042297
0.018277381296302134
0.016958453745400698
0.017090334911055542
0.016702053873437085
0.016295910975413695
0.015855152723326014
0.015297827569483493
0.014013303627780456
0.00546316141901454
0.009027702355101776
-0.03447357409601835
0.012590701859778734
0.012214751309297575
0.013234171405159418
0.012579413228668035
0.011270782590276177
0.006427088917898542
0.010694038458756624
0.009868035137973038
0.001009891374940946
-0.008367831873066056
0.008513048461165884
0.009654043188799161
0.009469446767362817
0.0070465548403930685
0.006066472737591656
-0.0008324722562821857
-0.04075408795251332
-0.09674555210692462
-0.046231907054687875
-0.02313055429969153
-0.0015604999954890338
0.006076014667120333
0.007705646846424239
0.005305681894170285
-0.002812693195671819
0.005168161468555065
0.007661385585721418
0.007662533659826324
0.006886350463613018
0.007592516203123913
0.01043903006545148
0.018231243472219678
0.018261067568516007
-0.017684056216214168
-0.038107359137152956
-0.015244804915707023
0.018961112216422972
0.01913984861159896
0.012057055847000227
0.008280360616660282
0.005621217047347641
0.0020960763591477945
0.004532083828559186
0.004102685264864018
0.0033613063706323344
0.002593119855453184
0.0014920873041186005
0.00019379008965102006
-0.003607377178414991
0.00015649201327301378
-0.010477318746470213
-0.004493870996088221
-0.0016536328060204064
-0.0015894512500900905
-0.0009927884480816157
-0.0013065848318893965
-0.001047318816049751
-0.002424492567505206
-0.005561276680740051
0.013273870837811673
-0.003970444331540458
-0.0007960380456688528
0.0005337087757023345
0.0017694099921744494
0.0024072482001183883
-0.0005993999164470606
-0.008473373201430566
-0.006480864521259342
-0.0008173029677497849
-0.001657809462694278
-0.0052033528328417795
-0.006358834942497201
-0.01104377326486054
-0.016832332529855623
-0.019755192274633435
-0.008574952920012322
-0.006770755130596865
-0.00591189329174991
-0.004680839708053405
-0.0027689322746007774
-0.00018369768917040908
0.0027621602276528645
0.005441841757860856
0.006906269716440698
0.0074945214240938664
0.004724861587214675
0.001856881684783864
-0.0006489413183157336
-0.0008254335319967386
0.0023884956618370587
0.006706378043520538
0.008007212991653379
0.007026464476430675
0.012600341737070496
0.022380130260660956
0.019293137196580455
0.010326997587962058
0.010014866955931042
0.011407260968239748
0.008758228578747015
0.004519847078364636
0.0008998121743479197
-0.0007234511753373118
-0.0006620835459799284
0.00013717131913816832
0.0011409372297791689
0.0017267254394635844
0.0019056141022531208
0.0018439486279508998
0.0020425289719890392
0.0015678880326894075
0.0013852726618145505
0.0012658184290106455
0.0012147147216915342
0.0012931196917234326
0.000988604662767717
-0.000737135645283633
-0.003371011898469026
-0.0032764171472940366
-0.0005042315931394806
0.0006821326893098602
0.0004843388854086516
-0.0007238233529595686
-0.004195984021211949
-0.01417015579394751
-0.03242189703356642
-0.03536085123037282
-0.01961433210543669
-0.011347505344822914
-0.010116679406177448
-0.010958032027771248
-0.012094815155737314
-0.013048434205555876
-0.013655521436938248
-0.013846766527444373
-0.013555709563494618
-0.012668223778683653
-0.01119504107143712
-0.009685107717316338
-0.006351259754667339
-0.002061345036411056
0.0014745689613007737
0.0042175489395578575
0.005186209434204081
0.003740264591469557
-0.0007793600203478196
-0.008479849932809256
-0.018215187151547654
-0.026494580363028247
-0.03024587563462278
-0.0267041986988332
-0.013341278289109774
0.0038183339061848218
0.011161449935752984
0.002078712918017905
-0.015084566280389807
-0.027497525514163974
-0.030349149457115424
-0.023808933848058503
-0.009660145385271495
0.0068065507309727396
0.018052070617418925
0.02143865864666818
0.018402449769404108
0.0071216418541965735
-0.010595189113659687
-0.027625974971317083
-0.03818691590997338
-0.04084529497805479
-0.03710563326837784
-0.029523177274780897
-0.020518764809777976
-0.01190581508709999
-0.004808318052166051
0.0002749406775012707
0.003313106088791509
0.004505839937398945
0.004444925917634668
0.003727243002494328
0.0024294019658477432
0.0008501637801881757
-0.0007477397245720239
-0.002216032272330039
-0.003433927226775895
-0.004395636526042073
-0.00506148874005262
-0.005315884589485587
-0.005218181980145597
-0.004871755101549317
-0.004201462471721081
-0.003197650448917311
-0.001860519093612248
-0.0002489869445509809
0.0016005863355476552
0.0035427038189552464
0.005217493058684647
0.006183873104610912
0.005841761975207421
0.0035434668630392055
-0.0012899874771727868
-0.008889708005611086
-0.018630821058933145
-0.028744946792632006
-0.036200808151366615
-0.0370945123473137
-0.028314594120508327
-0.010396446069864696
0.009695908897761965
0.022437090153201094
0.024869775043071522
0.017720824723833413
0.0006596541634135214
-0.01935176119723971
-0.03306051633697832
-0.03680814961686147
-0.03214282291311197
-0.022761231140249458
-0.012263772286116165
-0.0032921866997890487
0.0028473350415394554
0.0059019079464211486
0.006189523081517104
0.004466963973019662
0.0015540709382634273
-0.0017630990350159335
-0.00496996426288927
-0.007753638150573981
-0.009884293686419566
-0.011274661622447989
-0.011959756879089862
-0.012078619212247493
-0.011855426311193159
-0.010961795530677472
-0.00942767491172157
-0.007919236783800049
-0.006396868401675653
-0.004849713596496948
-0.003315606524126849
-0.001719037061990336
8.379124611148343e-05
0.0027764483120766878
0.007744344071082843
0.014833540258332195
-0.019001615124150963
0.008293563727184526
0.012445734015499364
0.006761090650015878
0.005609322916394605
0.006892439399805848
0.008165163581582868
0.006872507243478966
-0.002588434532614456
-0.028014453030528026
-0.06638438525574089
-0.08675475643132086
-0.0671918696004714
-0.026085150643442623
-0.0039721970902655
-0.026742346421654014
-0.010459469923894453
0.008260840000598468
0.006926422074576081
0.001582309297522939
-0.0040196692771133245
-0.007838863419227893
-0.009122934104360412
-0.010162152178853821
-0.011435234749259013
-0.012338552001911534
-0.013148916371004472
-0.013549722048081757
-0.012638226932597271
-0.01341454556348756
-0.012848584051898348
-0.011853165318055766
-0.01026341654638601
-0.007554135288428326
-0.0035207818993963653
0.0012506993846751178
0.006400716887457695
0.011197994901543403
0.014913423959754398
0.017099225685941057
0.016551441127970523
0.00882445064401893
-0.01087369248558703
-0.03132763336436111
-0.027442625913802067
-0.013074637617420887
-0.02789993819271007
-0.03262886276235446
-0.008730953135376288
0.014633011848307521
0.023666041295429235
0.024661231637331638
0.022031250241076633
0.01752691235615085
0.012380614636781742
0.008149504019038278
0.0069231559203320045
0.010815147827598223
0.02321586660568372
0.0523811242126439
0.1017757278379197
0.012949279814657412
0.05740236202666458
0.0966891841150253
0.03767534239193892
0.004176749142367797
-0.0013152786039590124
-0.003624012334981239
-0.004579387873041956
-0.0028086089250837025
-0.002410772258049915
-0.00217309198941175
-0.002406956110851914
-0.0025874533530934668
-0.003076996948475462
-0.005758586556047905
-0.013291315883510381
-0.005087954210460897
-0.00300706512207078
-0.0026439843003631626
-0.0027817512447868634
-0.0035399705441138615
-0.00709341452665123
-0.012733476393048898
-0.004500478785065164
-0.0038582294236527963
-0.0039912914984295686
-0.004872977688803378
-0.007633734960665732
-0.01130460550469985
-0.010731526386393478
-0.010128412305309186
-0.010428888960153888
-0.010332610661137411
-0.011204033053190898
-0.012218946995208323
-0.013181637786105732
-0.01377134246634643
-0.013028805992251168
-0.009930273034747606
-0.00890328588335438
-0.0046043522028875634
-0.0033095902288647378
-0.00044612605178857633
0.0026582859602411204
0.004914096980319523
0.006293713918357071
0.00760797348816083
0.009929738136015429
0.0139269966862056
0.01892770286067378
0.02235444852883089
0.019723614824547767
0.008167173415583045
-0.006454548238045247
-0.0090970568672721
0.0036074602311171196
0.008012553311852022
-0.0066875984796761325
-0.0179236109261205
-0.009714670534975833
0.008429114078461402
0.01883425103313245
0.01996943469253182
0.01611969630391192
0.012152531534748831
0.008881828982477951
0.006665993729543028
0.0031321585371710215
-0.009502056311546173
-0.01994819608746395
-0.0030553788876721477
0.0026928873537879973
-0.0033324249040478657
-0.028761545681838297
-0.003820216546574321
-0.004608151348873474
-0.00768629918736474
-0.008686389846842793
-0.008573096644458125
-0.008422132008510849
-0.010677086169979534
-0.021169240183531033
-0.030330641038081366
-0.021262046753771465
-0.00871382058282708
-0.0038617532633849387
-0.0035122082040140693
-0.003685787446246556
-0.0018251992711204625
-0.0004277366693520232
0.0029934637907469337
0.002749221098102072
0.0035678202964107893
0.0028853843418612957
0.0010540080620944198
0.000183627628873577
-0.00080673590411163
-0.0024764553112009975
-0.0031139100640142393
-0.0014617690494437973
0.0027216887279150497
0.008022968546553055
0.010956306878780455
0.008028077069089532
0.001260981898192712
0.0010218402757831615
0.014277683166831546
0.027619636039208233
0.0229005779710429
0.007047064252334008
0.00027598822270277323
0.005441899464256805
0.011535264252065115
0.011630125080936507
0.006928851784481895
0.0014728734155083493
-0.0017689109516441815
-0.0022169675815388473
-0.0007682806795275005
0.002041760887165445
0.004364315800152434
0.005670199444792623
0.005754418529031248
0.004430630612088639
0.0022928334060726206
2.0485497568190186e-05
-0.002094128252055535
-0.0038222277431680302
-0.005224124846763479
-0.006842071638365057
-0.00868409614419656
-0.009383923689501968
-0.015383252476613126
-0.01081490852711471
-0.0060856731261077456
-0.005180213183688429
-0.006611415505323982
-0.012967160686931677
-0.02231191489633423
-0.017607411533949107
-0.014627498251107547
-0.005185552064249622
-0.002152705858400997
-0.000973255339252551
-6.439156330307603e-05
-0.0012257156345789517
-0.0032668334739383163
-0.009506241417777821
-0.015173017227029397
-0.004817394889763358
-0.0039304035177639375
-0.003931563240055075
-0.007577523366761572
-0.0159338145333594
-0.018689564673705448
-0.008931980064500343
-0.0004240258150683891
0.0135675784752146
0.0017064426325438865
-0.001281806151850474
-0.00571423987472367
-0.005101023501376001
-0.00401956306391225
-0.0024185954877990546
-0.007333702644941361
-0.01750971760966324
-0.009240084595413187
-0.005501838409330716
-0.0048935041553372
-0.004779199788323876
-0.002657144343126647
-0.005929096423855273
-0.01223533593061711
-0.030328566268163094
-0.019093038300417708
-0.014496253373552861
-0.0065671099390300705
-0.00486864112404783
-0.005596567325010288
-0.0133707444882387
-0.006324846068074622
-0.006191004530550043
-0.005199659490293486
-0.005861976189313844
-0.0056934913497431044
-0.005330820494949201
-0.005298902465652221
-0.005423932013562548
-0.005556023502528526
