-1.6847918008811165e-13
0.0016017610647011198
0.003147145260946532
0.0052054887327075096
0.00788592272936535
0.01115251740083732
0.014838720468197413
0.018591258596036418
0.02253008097516825
0.02649023644245865
0.030457745134708298
0.03330826861115373
0.035006220318327945
0.03577651437085727
0.03462671586136639
0.030311555843998497
0.02101503820628919
0.0038713047792928363
-0.025551152314399844
-0.0720797079080707
-0.1272077535808752
-0.0996500572802055
0.18659705855657374
0.02069951078426161
-0.17172960334391418
-0.16184067569247687
-0.11225698135662299
-0.06830236859202533
-0.035569834891265986
-0.0111892985983086
0.0068059942378819035
0.019148562591704072
0.02878752956216388
0.03598673646292403
0.04131947397741196
0.045213068267644874
0.04864175463351517
0.04976274902599331
0.05110616033779492
0.05118008466244066
0.051013419680868755
0.050410120619373625
0.0494402516217469
0.04831553779039242
0.04664151073739156
0.04475017159619188
0.042598477264249014
0.040481688885945395
0.038640853659839124
0.03841209878972213
0.04153386280780307
0.035177114011874094
0.01689129760044618
-0.03585735244889235
-0.05433757152236481
-0.0036676622944977083
-0.017576233831343862
-0.02340828762143115
-0.020944229272645398
-0.018399902943327284
-0.016731890395634465
-0.015020083085533672
-0.01811007086298287
-0.022841941445140866
-0.01096551884198941
-0.0204980289445255
-0.05480673237994857
-0.029786701443376654
-0.005981982182458007
-0.0022815703391059977
-0.0052130443350603285
-0.008546647109202232
-0.011449454232724124
-0.013974668605064258
-0.016155121896687982
-0.018098096763876966
-0.019247103383108283
-0.020553862335856942
-0.021224231173470602
-0.01696154938236431
-0.003646399862799017
-0.0009693429831930457
-0.017908307613439138
-0.024984627209365284
-0.027104656903441816
-0.027858288337035086
-0.028091582832734
-0.02719506359659287
-0.024918423191307486
-0.02720505583615568
-0.027869092560582235
-0.027718994711075133
-0.027398050150045213
-0.02683165932622527
-0.020228059655749184
-0.026040940617751505
-0.02243966138780236
-0.02474319074609407
-0.024306774818966807
-0.02346608938499991
-0.022564468971111258
-0.02084003271208518
-0.016031436174042936
-0.019962349985259684
-0.016863283468942496
-0.019041696440437468
-0.01861220044448512
-0.018241395740362237
-0.017959033804371072
-0.017678175049752134
-0.01715586308387992
-0.008938572026122438
-0.021021890779520578
-0.02372124879192625
-0.026351767187492006
-0.023450176186984143
-0.016884827148997254
0.02724367488568794
0.08623377398042677
0.07779316117478709
0.0685539502021165
0.013038970345759349
-0.011901306494763984
-0.01382189115311295
0.012531121452234348
0.0007022974258833289
0.0034967655010699566
0.006539889112853222
0.011831816815905989
0.013406986536689907
0.015863723383418515
0.019244473187628848
0.02038880502259234
0.022386657263015922
0.024192887006161335
0.025746396066262115
0.02769067175300977
0.0340105000346542
0.03955195120473904
0.041156654513141704
0.035302682878593235
0.03455007732549511
0.05553879476414198
0.05231629356212723
0.059157613342211014
0.054897589053199476
0.035698849952589096
0.033207588909601723
0.03260601977619958
0.03388263893019353
0.031665124337227527
0.03292951172429654
0.0329487220388746
0.02882018273197655
0.03950993830421425
0.02467878241660515
0.023166890871828997
0.02030517624522019
0.017757124684286675
0.015051992823603783
0.012200440851479423
0.008910569761085207
0.005388874992685168
0.0018848224971777631
-0.001227245595599741
0.011069002766480021
0.005989979201873391
-0.011623892441432769
-0.014467550616501791
-0.015248872955035499
-0.014875567366231801
-0.010753224596961111
-0.0027424267180794324
0.009555459605830275
0.023916607843428788
0.035966155842045364
0.03193526082853481
0.0037768789530680225
-0.040606904590684674
-0.05179445934297002
0.0013779531027485505
0.02690148404121643
-0.01564577620309311
-0.05265314139419126
-0.04086307093573149
-0.0003303504408294915
0.02671384517037853
-0.013701766193961075
-0.05012210053100624
-0.0346865638115046
0.0011824191823878994
0.026869925107492414
0.03629449122438003
0.03684609314518828
0.03216287825717705
0.023866497057229374
0.01156371514296809
-0.0017463315093859504
-0.008347950984076407
-0.011887796956436164
-0.013459393964994727
-0.010267607974315824
0.008998898320510568
0.05123289972789677
0.04175448800964072
0.0011714069847084312
-0.013274685345691243
-0.020607532234503918
-0.02195752184292481
-0.02063855481886111
-0.025782097467012658
-0.023384141596388033
-0.028757974596396303
-0.02935219721934228
-0.029305937613883924
-0.0023923296196001627
-0.03022054163397948
-0.031305441844458465
-0.031604042547679234
-0.03230640833379011
-0.032577787189033605
-0.032875133555643275
-0.03257476787715346
-0.030804961276296974
-0.02445783664760464
-0.004981408882361535
0.023914815869642742
-0.011273399606432855
-0.027965821288748322
-0.03330027524134664
-0.03461053486830359
-0.024132927386695115
-0.034796728868486594
-0.03645151783441676
-0.03909742821165869
-0.03297245276644784
-0.018446411969365313
0.001941501603793355
-0.0317307857460703
0.019067435003525
-0.022798230832219837
-0.004503858427591159
0.0151246304684215
-0.008991619536338008
-0.01980864518646021
-0.033512946805752133
-0.03503787403699091
-0.0339097446702544
-0.0053257855903706625
-0.028088584350722617
0.05181270271858535
-0.030910502448385016
-0.03151487390040412
-0.02885297747560896
-0.019784165208425214
-0.005690691627554993
-0.017051535308476338
-0.02462722571722396
-0.020025441043723877
-0.01217217061036518
-0.024928053434249833
-0.02432929255341012
-0.02231258579217209
-0.011304510268517755
-0.002653800761490238
0.002114072098542761
0.008449808083875632
0.011762221637040207
-0.006987922233295268
-0.011758819279892448
-0.012048166976557707
-0.010395058642715492
-0.008340693127243642
0.041013064658497383
-0.0020837973234065963
-0.0020144554089713534
-0.002945862073550833
0.008842850444137523
2.5681309059512097e-05
0.0025935403987096166
0.006299925199833466
0.0066626889392288145
0.006951239803229922
0.012537525698160369
0.01066145694409873
0.013006000374616305
0.059675806143060145
0.018393536050539706
0.01877310635731678
0.07772017956795303
0.021450047381045237
0.026311750869274876
0.02344370529451442
0.03807225663516924
0.027660003647142474
0.027129491933000138
0.028348089329966443
0.029839491785005848
0.03153514651634903
0.03272040871067354
0.0338224933026355
0.03857531946025524
0.061075102699966924
0.051092206057797504
0.03528758722657246
0.03371026503156772
0.03191491883034991
0.030000734857380227
0.027762911877063676
0.025446917581873205
0.02928277892230912
0.017554168812865454
0.007358794919228879
-0.0007576779918877872
-0.011980865366714409
-0.030272217043858896
-0.03595696764835679
-0.06351808232082275
-0.07701729184065649
-0.06627548508864325
-0.0748440740066449
0.07383824000365928
0.10013571977162648
0.05987210569806011
0.007762734185858551
-0.03640972857299138
-0.007336519479546983
0.03941455114263154
0.08091318309812616
0.07152785397350282
0.022841096212203642
-0.018419271495359997
-0.038609640281005934
-0.0367593242346716
-0.04234421296933981
-0.03576517411699373
-0.0315626467953291
-0.027617762642986526
-0.022421194721273695
-0.017882006398523248
-0.014473058350638503
-0.012063364076139907
-0.01041621197441236
-0.007506023592583087
-0.00884860746471848
-0.00915602029289927
-0.009830000603962843
-0.010860611539336913
-0.012031999272002047
-0.013266740766531929
-0.014391670926180145
-0.015100707010642433
-0.012386152239845379
-0.014420997231006361
-0.0188386822850719
-0.018083348603228407
-0.018814072278760877
-0.017417477951063805
-0.014001778652019304
-0.0033762774752744158
-0.007336383073284747
-0.0011037747729700175
0.0058915952311835735
0.012764530127333805
0.01959600193219015
0.02337049640927416
0.021722079527952104
0.016229611470307426
0.02431050847516998
0.009209719347325864
-0.028384587854145722
-0.04331187902708697
-0.03437302089150582
-0.0016804728015391906
0.04062590676285154
0.04484271203183855
-0.013203766321760034
-0.04314246375435029
-0.01652417380594516
-0.04313523758475482
-0.023480952692568557
-0.03978672556428148
-0.022125043992442105
-0.03243889453842993
-0.0344815999413082
0.022179241563406216
0.05055224006881761
0.03031619836547659
-0.009021110216540267
-0.035038475639958565
-0.04282973116744108
-0.035999219584075794
-0.02087901824565308
-0.005258795754530829
0.007250355536128198
0.016143528367834437
0.022434144588689184
0.020872378627621892
0.027458347207524273
0.027730719632795792
0.029678251124820577
0.02684820232228897
0.02570953892296782
0.024789315197949427
0.02377648632511306
0.022414110217111476
0.021573485256274862
0.02078609571639022
0.02009871579845205
0.019162246390127643
0.018693055684180757
0.017976270970734384
0.017166943415574742
0.007206690007125303
0.017015725951755344
0.014152809982230306
0.012425273916032448
0.010578575141765646
0.008640590981055492
0.0076332956323475675
0.00941654609210414
0.020089717128297276
0.05177489289247041
0.10532585257779502
0.08915601145871654
0.06778761376913256
0.10287443511737039
0.06440251494104776
0.017512101220475872
0.0010709256971824551
-0.004484329733668507
-0.007069758362501851
-0.009075220519408471
-0.011442029852091432
-0.012136701989669766
-0.0073088335905107295
0.011792985171040596
0.04808938668974026
0.06464647797906202
0.00541619134623024
0.04127874706408585
0.07840929014330289
0.06362433261001599
0.001540416818454176
-0.04586982459785953
-0.0468054008703356
-0.0163386599251245
-0.04386432221688849
-0.010012042820038525
-0.04052629745543409
-0.016117507932418767
-0.04706122591070716
-0.032843631777314405
0.028451486828864715
0.06293331797193763
0.057111019305503316
0.031806007744817975
0.006893672051095373
-0.01601534190945053
-0.033441430568164704
-0.04411279450606629
-0.05027580503998302
-0.05241045982953175
-0.04956020936298792
-0.05460306246075414
-0.05694991309703972
-0.05231379981193338
-0.042110200265977456
-0.02285267230470493
-0.0016540263141117495
0.023726945069741785
-0.014648846828135298
0.04907924573645712
0.042477262994711204
-0.029361212672080958
-0.0489765477038743
0.003168092377380997
0.0274593375530541
-0.0006338760893615792
-0.026108799174855434
-0.041222692656428
-0.04171480120586144
-0.054179101710836175
-0.06393949115504242
-0.06591381773094873
-0.0627191051264517
-0.035100217661520904
0.0016897889754890125
-0.01764007373874997
-0.06662076502998057
-0.05514724610221844
-0.04664521145028928
-0.04110851774420839
-0.03831226651180244
-0.034279415786930924
-0.028770419759206894
-0.020165647023482534
-0.011120546276747165
-0.009070105960771823
-0.0006785444924428266
0.003720971979553407
0.010147014630387526
0.01645006515786646
0.022694922324576566
0.026892119136083564
0.03047518832208371
0.031441701194209644
0.03178525629834323
0.0324910362798729
0.02289251823868456
0.02208942026839191
0.023277478701054777
0.021745519382315556
0.018618064507709222
0.014559791291855105
0.0021591263806558045
0.005414834218440395
0.0023908966824784405
-0.001970394564027457
-0.005514676720094546
-0.0004830014552479122
-0.007137362718779688
-0.0025978919219347557
-0.00043127260276288373
0.0011288317315189865
0.005451545760354277
0.011666442300254432
0.0184678917831043
0.024974761640509567
0.030686795252236877
0.03457328161857905
0.035673335213218554
0.03347649305236097
0.028014467925713254
0.019729164677002895
0.008120319132133234
-0.0033335057490443518
-0.017210780877060256
-0.02753267121007047
-0.03326447109795085
-0.03473953719620117
-0.03084716465060413
-0.021965974499764795
-0.010473934879435595
0.0006772239244619283
0.009090177675197316
0.01189298764704598
0.010557279700429668
0.006194925116751306
0.0006896543987073916
-0.005305458957590669
-0.011027603045390567
-0.015248030043649465
-0.01661441698359067
-0.014247517726192697
-0.008750131068275133
-0.0028357691693519935
-4.439847491978348e-06
-0.001965281297912547
-0.0074130343327755074
-0.013043023636576702
-0.01600489787633544
-0.015385881283250313
-0.011818756368774278
-0.00649053773722861
-0.0005088779152294989
0.005229731654816701
0.009828492439343214
0.01193569887830554
0.01067653637685275
0.006645515653758172
0.01267648851187061
-0.012907434684742725
-0.021615870754773277
-0.03023127249904664
-0.034470268156207656
-0.033570222418007056
-0.02908138066332414
-0.022057292506199675
-0.01304939630297709
-0.002362334585496355
0.008359200924915107
0.02048607813494474
0.02602271308984157
0.031436688915411744
0.03465391693627795
0.03582102938447329
0.03499195724227585
0.032517594427963266
0.028835083836725853
0.024342636832502342
0.017132708538291453
0.014063484311172053
0.009178775656429208
0.0039674028112512095
0.004771286908723348
-0.003761577603083318
-0.006999026539199968
-0.009323546212430226
-0.011526733638979004
-0.013452477869571627
-0.013634975490571407
-0.012782914497388085
-0.011260995948225851
-0.009592595230943678
-0.007319511584906743
-0.005006108347301628
-0.002596169062897227
0.0001052505975762574
0.0025569560106298047
0.009678853435156915
0.009426119043521185
0.004483562883429367
0.0010985215906547773
-0.003654118177488285
-0.011618089667721201
-0.026451480155344455
-0.04284200708377128
-0.04458880396191327
-0.019930065290167744
-0.021921395198996427
-0.019436629126291228
-0.017160563408039828
-0.04179766720684713
-0.04890397652698568
-0.026362070905205846
0.0008398342543263265
0.01930658798321688
0.02978764871169473
0.03669227612470888
0.03945961572785427
0.03981890321286938
0.04083356851124346
0.03690778819434669
0.03529747323101238
0.03160809862181397
0.026628575969166866
0.023192678131085356
0.02095736001833473
0.025522492466132484
0.016281071212097188
0.011966541502723742
0.012522297291175922
0.0078032896081842665
0.005306429697134446
0.009409780096682436
0.001580811266565119
0.00023437800797873766
0.005050328784116142
-0.004654154029101914
-0.005330370588067173
-0.0001234460026769974
0.000497208889353432
0.0007780527549741048
0.01633352220805931
-0.036599903191680216
-0.021791472402305997
0.031994371696721216
0.01911463982290751
0.019504156617943632
0.01108539744892974
0.002024969913424423
-0.006651129338312178
-0.0136992178257648
-0.01751937514165218
-0.017987280008422906
-0.01526527068607666
-0.020105853205843315
-0.023358518074271514
-0.022943271152188954
-0.013397948108868608
-0.021389114640717063
-0.01785002174106466
-0.022412316811183178
-0.020293298002490943
-0.02337137502095659
-0.0207287252562086
-0.02173391426245994
-0.021368439693838382
-0.020228684160425992
-0.01857060414865121
-0.016873321188022858
-0.014958747407201312
-0.012572333623536647
-0.009262783922829284
-0.008743396347276866
-0.006864313780427135
-0.004643399413556083
-0.002222133275103092
0.0003968859648225209
0.0032051308213381815
0.006236626418300427
0.01036121090503
0.015583368291818613
0.016750088528522823
0.018061440936556573
0.01785470275102512
0.018321074952363875
0.019766657685168415
0.017192635503923675
0.02342936104435345
0.03005817084538851
0.023704405480480584
0.021041962930854564
0.021534025317163485
0.020765958868307604
0.019062484979382992
0.016687978018450168
0.013718156756325215
0.008703346543259933
0.0025147623643961632
-0.006417176643029196
-0.018381985022679785
-0.03526837682255582
-0.04781899513533786
-0.00815679900372241
-0.019531454233172815
-0.04826933349215463
-0.037228039878998156
-0.03211624980060522
-0.025154176725748423
-0.026380521027795634
-0.023080915743793663
-0.017250048424000953
-0.012549868424999343
-0.007287991406534965
7.733115791129535e-05
0.008097093458717607
0.015838332479106213
0.022032916706456913
0.025847503708515497
0.028540935367794493
0.026004831313408566
0.019917145533218234
0.010407557173064925
-0.00015422951815205683
-0.016423604321263423
-0.027635449204821895
-0.033653843819164996
-0.032402905325939556
-0.022660397119850774
-0.010962408185369235
0.001614414812449481
0.010012018368175649
0.011596988290251626
0.00755034143270806
0.0007042461807510411
-0.0068691479041278584
-0.013694707875167411
-0.017698752138193555
-0.017251967780250597
-0.013351986622469537
-0.010276285404659764
-0.011491727089468658
-0.015392696662548692
-0.017430076755361484
-0.015157371483820093
-0.009303068410887667
-0.0018095769244263625
0.005527497579956749
0.010907143956789154
0.012145175125559508
0.007771773215425964
-0.0014494290670939733
-0.012349967445826582
-0.02045101919672916
-0.023222077742275117
-0.02223897861123153
-0.015499113564691209
-0.005966400718573678
0.004304616384282657
0.0153131849059464
0.030708507698720744
0.033884686856814644
0.026762966238741685
0.03221330379405564
0.017739958795404416
0.0014496383542263432
-0.005636362909081383
-0.009610097489987436
-0.011915114235565833
-0.01719759397763311
-0.018617237208536117
-0.02233278978627312
-0.025312435493424074
-0.02456715564050322
-0.029293698142488493
-0.03041098786964322
-0.02978713295109527
-0.02826872079410513
-0.02617113885831219
-0.023172266568380923
-0.01967039205829279
-0.011949434829216248
-0.0122622492005502
-0.009487049471460403
-0.006449930250899979
-0.003111443628817344
0.0002995861967873503
0.004255982456317637
0.006113333370711809
0.00838193745804704
0.01067974144615126
0.011861800278028944
0.013414361771961538
0.015056511946622865
0.016423357303684646
0.019668420881700455
0.023013847016314534
0.019132730828602253
0.019219751605788274
0.0211569595398931
0.019637596725375964
0.022084142601431385
-0.034751267490424634
0.016524523138405602
0.014789018211794566
0.01353618124503895
0.01267986445461715
0.011855849407657541
0.011647703185132181
0.008071100176101955
0.006065987104230091
0.004400898293836461
0.0027721584551440555
0.003249102127361684
0.0081186892858037
-0.006519270825607905
-0.027332755337516657
-0.018109375560665747
-0.02461171143511376
-0.03496323859737136
-0.040922635947603925
-0.017291919908459175
-0.0019648035084976496
-0.005520346617765
-0.043316896812742464
-0.0335343583556948
-0.018584597873098182
-0.012247136550695264
0.0050786090248312165
0.017041903244483878
0.02635068614286196
0.020176418897310595
0.004339382343495195
-0.006077097997337887
-0.008965853934745466
-0.010131838328412099
-0.010926392392958326
-0.008240599059475726
-0.010121950605793517
-0.010030239442109692
-0.009666938937333511
-0.009073416383809417
-0.008278075210996999
-0.006307733198029856
-0.003636049997481616
0.0011135183174701285
0.0037902254210995714
0.008214001463955536
0.006796781905801767
0.01117904033154319
0.009905287499481767
0.015341094659538684
0.0002722498541110731
-0.0028012758742839185
-0.0018307214659529112
-0.0050874242498051645
-0.005751860073519244
-0.004674866248501012
-0.0056638858852600844
-0.005533203888368782
-0.005170380969020461
-0.004631502202028103
-0.003920119666071179
-0.00308746489503604
-0.0022911760873861927
-0.0016310315776345069
-0.0009458615599594488
0.0002317041734190488
0.0018214970320932816
0.003782591218367718
0.006589192250510731
0.020036128436792162
0.009853368193328263
0.0100757977299157
0.013158167554378408
0.017150140510103013
0.024040217621875613
0.016643487482527017
0.015737744601991895
0.015212362503507767
0.012024697437394023
0.0035719031395396806
0.000988764752164925
0.010528479817999911
0.024100628366494067
0.023316266448968954
0.024666481865648987
0.023666707494302625
0.024192151734312797
0.024446384471875707
0.020247449012076684
0.014169947033319932
0.006441101140899246
-0.00969193175193152
-0.03205822898476674
-0.03402257908339231
-0.027945043905967172
-0.04144596227262133
-0.04926703626488276
-0.03714831614031869
-0.009479385685686103
-0.002374638008971011
-0.03599765745544829
-0.02028931985861873
0.00022382879231552428
-0.008562029663672976
-0.03867435740207219
-0.010158606958033833
-0.0007542812216518064
-0.023248032585794626
-0.04128965688317963
-0.04668619697987529
-0.041889045815009504
-0.028536467595303747
-0.024185694563898713
-0.01946684730066323
-0.01571630564599628
-0.012994330537098083
-0.010406375080628503
-0.008435849781127075
-0.006182087049081472
0.008226024754254702
-0.005018214372689109
-0.007685254490761439
-0.00881701226876935
-0.00975034169471072
-0.011897031110016887
-0.013537330386815701
-0.01513142006717039
-0.01700500574924454
-0.018938487867168813
-0.02090442553335655
-0.023138814725195987
-0.02410344293477167
-0.0269083980355713
-0.028365598882359355
-0.028739828402781713
-0.021389979819469593
-0.030345147482182405
-0.02822150828766162
-0.032347692930575614
-0.032238505169014615
-0.030693181891737968
-0.027836708810338156
-0.021965151460438648
-0.019344155888232392
-0.011181141748355777
-0.005082041644096303
-0.00014999152460661494
0.0071941869320769
0.014444435226577566
0.01977322814150423
0.02103044970427438
0.014885791588386573
-0.0022458751821285003
-0.027938177195037706
-0.037479149801749954
-0.00037808438248841854
0.010706324044367246
0.010290368994127825
-0.011290229031692904
-0.013996936995263594
-0.03210532364348917
-0.030199484564792132
-0.025467973452909225
-0.01718294627440946
-0.0062184701005319545
0.004838906181430741
0.012009494097541085
0.011683059224678029
0.006295938891402331
-0.0019049750259222504
-0.010412143512353842
-0.01672224314504696
-0.018496146593055582
-0.016265872776270833
-0.014705269811846321
-0.016640292687865356
-0.018508474068367194
-0.01610716310333396
-0.009531660173331125
-0.0012485105032081082
0.006451966764165235
0.011901341446685273
0.012398251491975276
0.005998188886516239
-0.005018118730175465
-0.015493932836772306
-0.024882938574821722
-0.02826818950055531
-0.025455905553572848
-0.016436441128772735
-0.013016224329322857
-0.004703388599929331
0.0037534941504225898
0.010803742635410441
0.017205586538256247
0.023235259205554134
0.024011404243543664
0.02505321779697614
0.025858177635323075
0.0261738603617687
0.02683635230461174
0.02490541550766499
0.023129649212317898
0.022070021045317103
0.022656435679087976
0.021913947179101407
0.02151976918800773
0.01886957221382318
0.0183649481918663
0.018271054650618276
0.020543380655075126
0.018961399305957017
0.021924152832616634
0.027304968502711427
0.03341971670078819
0.04051113873304968
0.021088330515062436
0.018503265635380125
0.02773509561235429
0.018840500915839924
0.018765761500630192
0.019356105672851325
0.021094872627840155
0.02122401671264635
0.021338908115679272
0.022007958141789213
0.02259562949333659
0.022991346061998562
0.023400776435335845
0.021908526429717322
0.024341892212794328
0.025576914952490485
0.02249204340570636
0.0207953808938234
0.01898767639697455
0.017136857023719938
0.016109203506990227
0.012304102896931502
0.009437299502229128
0.006286854019391819
0.0028288655368224457
-0.0007476938898513195
-0.004035156723059759
-0.00598413870052817
-0.006497703757718572
0.008874362431736948
0.01632019422354821
0.04097107940032669
0.02446274958990277
-0.006005213370999051
-0.01855316645660834
-0.023899771103615314
-0.02600412961134225
-0.02604938459001159
-0.02448720611749293
-0.019779279584038138
-0.010023417703870935
-0.013007961197394112
-0.00931348401114646
-0.0043786372508329155
0.0005261213544788142
0.004790741762672286
0.008424388941843377
0.01109984742801744
0.012703286133375244
0.012997206641736557
0.012367009560293605
0.010530872717440194
0.008033030119062154
0.004983401346892317
0.0015676653451538838
-0.0020256481496013943
-0.005602958944861071
-0.008932383452381919
-0.011729340374963333
-0.013641909776631104
-0.014251012585960015
-0.013154494719130631
-0.01007916264870273
-0.00505883226279525
0.0013650257475474388
0.008066262655504414
0.013590674567512954
0.016670750355559566
0.016606683132147877
0.013454320140097424
0.00803650278999496
0.0017118511805200398
-0.004128886371660178
-0.008581628291089374
-0.01138246991062768
-0.012785500035112784
-0.013298779453616742
-0.013409387297107946
-0.013326303262229852
-0.012751614005949558
-0.010739882758726395
-0.006223939753885019
0.0002107034418326089
0.005053947814063342
0.004648806565007529
-0.0007001711680775362
-0.006885461360401171
-0.009888745070549796
-0.007999412682196255
-0.00046675404161432966
0.012113249618021585
0.017888167485510104
0.013398722360964269
0.010100166046952066
0.009802310787401706
0.010715159161700566
0.011869818819717156
0.01299714208810131
0.013589465777005124
0.013984574180719573
0.014139547165132303
0.014128835329751996
0.014020917979079636
0.013866658184173087
0.013695609667267523
0.013455766024416126
0.013196710667237443
0.012766338943222056
0.012204264523827382
0.01191819722240285
0.01139210147807262
0.010429495716671653
0.008953009839804677
0.006920685788203577
0.004312458817125603
0.00114156400881762
-0.0025039196471126146
-0.006331589124475587
-0.010105001135711252
-0.013410018582057162
-0.015344579496847564
-0.014860134036305633
-0.01183333788080127
-0.008839698806089669
-0.008614938094954304
-0.009643968335280903
-0.009715530424915493
-0.008300329324817581
-0.005175394478849838
-0.0004003018852237922
0.0056451612760481116
0.011838808249109647
0.01646057034212153
0.01815490988723272
0.016410366667008347
0.011655009239354657
0.005072715728584863
-0.0017850659322889663
-0.007569527364006476
-0.011534414859314853
-0.013496457312392882
-0.013683070689732332
-0.012534772234956486
-0.010347451780280037
-0.007338946144405728
-0.00394201452279704
-0.00031907123168555993
0.003571808310921177
0.00811836660466518
0.013910210898961576
0.017735462492601762
0.017120335543723744
0.015712711171054345
0.015078663932685017
0.014634653954783212
0.014093392276989507
0.013457364773794032
0.012951803786638757
0.013138955191120787
0.014323783160621852
0.01217423679277586
0.011363150633353135
0.01092961530806544
0.011222860333984716
0.011725170933694927
0.012641781813027112
0.012799287937904918
0.012335276365734735
0.01091373472089651
0.00832996711444468
0.004518516027403414
-0.00020863118261622298
-0.005810780594426186
-0.01141558329741452
-0.01538189344463627
-0.015491226388029421
-0.010636411957055274
-0.003973529037495367
-0.0020375302820992247
-0.006851959607912565
-0.013135700142269892
-0.015578175734316142
-0.013666870348524767
-0.009426780354968743
-0.004763267869550134
-0.0007790923143875416
0.0020748959976023304
0.0037247960226733444
0.004241568016106849
0.0036231749821963133
0.0018220115879156273
-0.0011043931122282282
-0.0050061599424656225
-0.009462687531332127
-0.013499295542145425
-0.015656515678299253
-0.014489543730467893
-0.00989876618193292
-0.004561575006026585
-0.0026424056070824464
-0.005768866831779205
-0.011305614478685621
-0.015118402390130348
-0.015152880351633735
-0.01182843282627675
-0.006549691470111726
-0.0006177913729579577
0.005039587966240014
0.009693341283291967
0.012656323669555233
0.013322290305599928
0.011493993767904928
0.007409021823084779
0.0016996987778613826
-0.004681671466926375
-0.009743513923816068
-0.014924521784054045
-0.02147280900814967
-0.024866582510949524
-0.025875797092986767
-0.026764507909624032
-0.02625352812318515
-0.02383777364918826
-0.018043925848024948
-0.017851421748297767
-0.013344075586821616
0.004316168785448102
-0.006666668935702525
-0.003611244736658457
-0.0003670483221636
0.0034767119765022427
0.005598697035240813
0.008053595206782916
0.01024848496873972
0.01242291789606146
0.0169571625049567
0.014323086337884065
0.01683040141823613
0.015654173595551255
0.016418053880366167
0.01909200249417831
0.017579858073849472
0.01575259437388114
0.014439749828598214
0.012131673420077291
0.007303782360463166
-0.0032041609872655794
-0.018618825002128234
-0.012636410089235633
-0.022695120835617286
-0.010137270529959422
0.02290176783839916
0.011943623976549026
0.011083076256024223
0.010249443546484034
0.00982306289004864
0.008539675281038621
0.009051965714542313
0.007885743403196968
0.007092321427127925
0.007324716906541422
0.0083214371523691
0.008363068393456416
0.005916015258700557
0.0008539610661888283
-0.009283541766479107
-0.012759511874342554
-0.015671318747970994
-0.00775097075662335
0.0017079771853417633
0.003956500533535343
0.002924020640406004
0.0013965399166434005
0.0003393374543590614
-3.1547286520926486e-05
0.0009121126583747318
0.008861005897230167
0.002227454221222638
0.0018999409165201863
0.0030053679121420595
0.005691026666002936
0.007732797168553646
0.009473285918076607
0.010181730119276481
0.00841884876104877
0.0018677391137396292
-0.011818562089094065
-0.02930171334480967
-0.040471979098863305
-0.02142792561144774
0.010244876532417712
0.0032814143270984437
-0.004860555290620056
0.0004747600208960642
0.008304276125575452
-0.013795459810358837
-0.04059905863625739
-0.03588220259053707
-0.016794890247418065
-0.000951143794881869
0.008225073400337748
0.014025733050736637
0.011737472811381756
0.007793021909017729
0.0048122316664604625
0.001929804090634572
-0.0004703406956061537
-0.002377045800250077
-0.0039337987660657695
-0.00492431902689453
-0.005128440821146126
-0.0056799947052967375
-0.006123415052385781
-0.005980425251928041
-0.006117174085744238
0.002738469537705263
-0.006082282128953494
-0.0073295259721138165
-0.007283629232372628
-0.00704915538239898
-0.006390948023397148
-0.005374931222222395
-0.003925661013146704
-0.001982664370380038
-0.000285371216499832
-8.967515614822663e-05
0.003018276676429336
0.004404295600702141
0.0019883347154991764
0.0026678580595468136
0.003809031229156591
0.005391606737607872
0.006284541979172854
0.00881902265966908
0.008728357709758335
0.009913463086466975
0.010535842515425721
0.011318156472608351
0.012138326563669763
0.015699407234773782
0.013239658300439406
0.012054174997219126
0.011243587490476692
0.010231888557856561
0.008562752160462244
0.006552452694709818
0.004073828195533879
0.0020307166714755905
-0.0016624431231695165
-0.005760565492937307
-0.009783173035213897
-0.012599973703733674
-0.009676182917377709
-0.023364156596805213
-0.02758703696195655
-0.027288591309348992
-0.030120230394222052
-0.033644749964922234
-0.033263610436481385
-0.030709246204645223
-0.024768728173306793
-0.015453748518873633
-0.012708995709516906
-0.006247849424725828
0.0015844479804993734
0.0077722250360984235
0.011621850797153626
0.01375639165839513
0.01388103583499706
0.010480952074423556
0.00659875412929874
0.001961084924104299
-0.002990875762574664
-0.0074655814149253855
-0.010581040263820002
-0.011256766289686467
-0.008421270327044771
-0.006969653884129999
-0.0038505310608709163
0.0024828776541599143
0.007808882818276489
0.009060268390433127
0.005495178736951225
-0.001252865785173718
-0.008211638656085363
-0.012929918321183181
-0.014491303393119524
-0.013202076124409465
-0.009894464976810567
-0.005448114223868511
-0.0005844681059018342
0.004132389667467432
0.008214885146216483
0.011164574476680256
0.012471290676738226
0.011738779316259445
0.008984166766377746
0.004445736212852295
-0.001348017218452502
-0.007735711496161267
-0.01338703033484709
-0.018862061238532644
-0.009550181996250838
-0.026746057453827434
-0.030601818166730823
-0.03205364481179736
-0.03305242572309982
-0.033815665156706
-0.03340591311296128
-0.024189549525941843
-0.006067968187038471
0.016146544788300042
-0.021219207678249287
-0.03141310169754081
-0.0028058911915774054
-0.017133560188040825
-0.011980695751314186
-0.0064073722755182685
-0.001713191901487705
0.001799677130696495
0.004487453653500205
0.006321710839568927
0.007689246846190806
0.008768472011324845
0.009476045551643539
0.009930812110723726
0.010666656357081479
0.02671129082826758
0.009432159657837322
0.0078969865666546
0.006699165336721752
0.005391652494872188
0.00428750200715144
0.005367331036968421
0.012828780487641587
0.029797110464315595
0.03221875218412003
0.026321373773667854
0.03415696919256149
0.021172976209065678
0.005578580303466602
-0.00021874540112181405
-0.0015829341406061698
-0.0015080596380310151
-0.0012214211619349013
-0.0006420337931840308
-0.00021252784304561244
9.140960708768829e-05
0.00033913939578613197
0.0004998991080766222
0.0007617269411292784
0.0016310734854802654
0.023946221953032455
0.0018730852161524987
0.0012950291144258033
0.0012874463884058522
0.0015966594376087952
0.001993759721424802
0.0036805939122897097
0.0037695719010114753
0.0055934871971243935
0.010877891396615534
0.012344561675134043
0.008975078222470897
0.004945798274682599
0.0032259285587731344
0.0030384607151667836
0.0036987039991561296
0.0030061529349841125
0.003080298213683391
0.0032618074168962153
0.003506522488707696
0.0038270623592753543
0.004239281068712315
0.004830531389626762
0.006715684842882494
0.007064940368965858
0.021371342487284384
0.007769682408734235
0.006968245833298539
0.006952223372409595
0.00732113902653395
0.007861619895246752
0.012846480659251123
0.008376166356644019
0.008742771570661728
0.011202406655535575
0.01341689608889296
0.009345147803414396
0.008887337716496886
0.008378824679474314
0.007725368638289863
0.007009972371202264
0.009316241994757522
0.02110031369800085
0.029032542833840012
0.027411421995771696
0.010624346203349575
0.008485100035573555
0.009916772445178055
0.01143362439985271
0.012934225987813078
0.030126765440458034
0.013272487087758007
0.012133360818677007
0.010564250085092907
0.007697601175972448
0.002292395315147147
-0.0069180621696370665
-0.020392524677087367
-0.0272877033419787
-0.0037274096321680255
0.016038348926302876
-0.005020166112718817
-0.027212837761147433
-0.021907987314591003
-0.010970181024961704
-0.003456787848469487
0.0013075046149672704
0.005729158006732316
0.0049832679403174485
0.005577729511411368
0.005775660158312576
0.005648445939235384
0.005344490439177178
0.00486664697513498
0.004711162912335398
0.015916734431816633
0.004149022674650541
0.001637518327010473
-0.00023050205540944724
-0.0016475815781655525
-0.0032293286802014356
-0.0046483968960279775
-0.004251043297673817
-0.00752907632472759
-0.00818884222451071
0.016721797789618277
-0.011630015606710016
-0.014085200863931224
-0.01585612186773046
-0.017602030021840888
-0.019053635635891537
-0.018397734034282392
-0.007104964282500379
-0.01351869769392294
-0.01692598843637074
-0.01610952236919601
-0.01373361411686795
-0.008496753316692566
-0.005027444957565366
0.009485834402577983
0.012041496639352037
-0.001998628227986628
-6.799043078678105e-05
0.0032505312688038556
0.0067288740856049686
0.00993540177682805
0.012558148528219248
0.014212352944482804
0.014615897044426274
0.013619114817771814
0.011522964236875726
0.007473684582071348
0.0028658074134327895
-0.002324906538026358
-0.007571359695071639
-0.012037867270224318
-0.014529512648984258
-0.013706752816425355
-0.00907463325989961
-0.0024995727715183117
0.001836396741008759
0.00074986161592735
-0.004847937208179903
-0.010907731512076657
-0.014109657123266187
-0.01377510335232026
-0.010871636437556793
-0.006694522870228875
-0.00223997969296443
0.001912601151968799
0.005476251197830011
0.008342659083843318
0.010533674991243238
0.012132419423078813
0.013260373920000453
0.0142396524855706
0.0145568125090171
0.014797991944017473
0.014979225375315939
0.015073182096983329
0.015089391375573706
0.015045809647544978
0.01492712450939692
0.014999665571412647
0.014505951897009269
0.014031063532417657
0.013570130215325776
0.012935826758408568
0.012056719214968321
0.010855216726402817
0.00919364029468234
0.0072692363160658715
0.006014022090669928
0.005613001666503482
0.0050662785744597545
0.004085605495097201
0.002797467616488161
0.0013214558509949952
-0.00026919540609536086
-0.0019283897332338707
-0.003622958158821497
-0.005321438686793432
-0.006961023395834605
-0.008480293090995366
-0.009845966281436634
-0.010957199970347985
-0.011765889387966237
-0.012228694530240445
-0.012251881274293157
-0.011744578072294742
-0.01060197817086204
-0.008699135099590284
-0.005959641334732005
-0.0023783296355011745
0.0019280485858873759
0.006749835116003817
0.011780320843954495
0.016440412634796567
0.019932591835926224
0.021532865202277773
0.021078916159563157
0.0194605959105631
0.01817997181858788
0.01827429323571099
0.019800401881141273
0.02214995267963175
0.024569623200568054
0.02639482040053243
0.027080715772210964
0.026360288551935444
0.024372347188106634
0.02144383926752379
0.017837962573440884
0.013797298689948273
0.009568074032883905
0.005398776284976451
0.0015034790875784192
-0.0019617754719652007
-0.004903845277824145
-0.007286042503112039
-0.00911859665011131
-0.010440488406891926
-0.011314231204142504
-0.011809372486411793
-0.011997102429082175
-0.01195370754245386
-0.011749970739023317
-0.011448633657171095
-0.011102782765354171
-0.010758532247881623
-0.010454989926624041
-0.010228164436613523
-0.010095349638638578
-0.010063889757223813
-0.010146528844455594
-0.010338074289218898
-0.010624537263228035
-0.010982726133925182
-0.01137109923847034
-0.01173857927926826
-0.012015357697366107
-0.012108292904638383
-0.01190708345014977
-0.011291090300642423
-0.01013401420485557
-0.008315063642013698
-0.005740530029271378
-0.002376308341536855
0.0017217488625403724
0.006381422710450974
0.011298421721082441
0.01607108069376901
0.02030879817759632
0.02364596980320279
0.0257370051648552
0.02618593642668589
0.02488208717628349
0.02213143197224979
0.018317944948604253
0.013764308412361825
0.008839271845216646
0.003942720739821433
-0.0005712988223205276
-0.004446824278268005
-0.00753889663906964
-0.009808932499810036
-0.01128321686918055
-0.012021145744122741
-0.012119673053230267
-0.011688037143046058
-0.010827070947141672
-0.009632886122830446
-0.008193919617910229
-0.006585161003492997
-0.004870414797432868
-0.003102907439560424
-0.0013298916626957873
0.00041591906221918965
0.0021326135918139397
0.003806276704671696
0.005392485140913425
0.006874220561759701
0.00821825734393426
0.009456314116088221
0.010586554278316972
0.011611480881585793
0.012650070332091945
0.01392509291571819
0.016037173476923038
0.01847076165887452
0.017453836689021313
0.014552374398616438
0.012657066945540618
0.010719347224312146
0.008292401918366965
0.0046442433013857845
-0.0006620300140161692
-0.0075230700690614005
-0.01449327385580409
-0.01859333631066936
-0.019204292825689192
-0.018799995745034017
-0.01555085784052361
-0.009717560332559954
-0.00454050307370082
0.0020305310292090084
0.008367736007606711
0.012113736127840669
0.013839831671449825
0.014436258548599396
0.014511370517327723
0.013523206142483797
0.012606400645524067
0.011916553499315462
0.012123804176749796
0.011309437921374541
0.010652252434879564
0.012209594985860387
0.010883993851566286
0.011371554904855188
0.01210882403654613
0.012979950804878926
0.013574890030899634
0.013746045611298656
0.01316796414872416
0.011417229698042488
0.008183623706845708
0.003417941289695124
-0.0025695269389652627
-0.009007106779358847
-0.014347273395954761
-0.01628714823226325
-0.013999483194053064
-0.011228361661717923
-0.011097026913388045
-0.01260622238920459
-0.015170783155017095
-0.016573693999035286
-0.014277535354919794
-0.008863602466867593
-0.0022093314202016115
0.004179764662303087
0.009398058228137841
0.012988248020161183
0.014972012195863417
0.016014583933292807
0.017412598657355578
0.02007813283097122
0.026284989050687095
0.03571092879805212
0.03689977772914258
0.037734393263689485
0.03521550928338461
0.0256763960034376
0.02238694326908674
0.011581754999241087
0.005592468809575423
-0.00031986352032437916
-0.006407136049013211
-0.009253211180441775
-0.011635778021436635
-0.01288816457969736
-0.013763678076889281
-0.014217109565997848
-0.01332946184639814
-0.008595062232520535
-0.014281399969193066
-0.015488809203749062
-0.015753589936956948
-0.01575564832861234
-0.015392833298902491
-0.013473490955888075
-0.009393736112384485
-0.014619528254517775
-0.014625162786179393
-0.014066461488494492
-0.013164659024920575
-0.01094943557376657
-0.006036705285474855
-0.007335540365859254
-0.006921131697536775
-0.005800959096618832
-0.004564950318618018
-0.0030072949531538824
-0.00043085234979353416
0.002519729057448669
0.005814000752666939
0.008327994388696643
0.012277286664285524
0.012767204744578084
0.015546271834324032
0.014624971540047419
0.014139093519492335
0.012525061215868733
0.009961618471392984
0.006512687950242219
0.0023922999153522737
-0.0020959203760495325
-0.006570013402038266
-0.010469397591432596
-0.013007543765400503
-0.013227813356807403
-0.010308426729206639
-0.004230711908759517
0.003397006587367376
0.009426761749146686
0.011066182248604525
0.008257829927901833
0.003775219726739527
-0.003953067060920335
-0.010139306885980859
-0.012359283363444528
-0.011458014990316519
-0.008582576339176917
-0.004781543621341942
-0.0007172855409774287
0.0030830419223286626
0.006167530125882856
0.008238677772712415
0.010191409654540353
0.012414815148379903
0.01357658258291495
0.014442496097564343
0.01429667539603105
0.014288471882159919
0.013499800344494587
0.01261327042711529
0.011927827261484024
0.011664152915595976
0.012075793400352811
0.014291906030729402
0.01676137264926595
0.019106389451463094
0.017138459341383947
0.014518042329764932
0.014160995280477049
0.013647271345459839
0.014509943062399215
0.01478909122675659
0.015480212878362569
0.017158336297238258
0.015740143322118316
0.014991698764752145
0.013568421176063397
0.01142333682228371
0.008588349810679729
0.005224737317034959
0.0013696492203075694
-0.002770605749615849
-0.006852887612639125
-0.010378661569301072
-0.012656023231840584
-0.012854525756258268
-0.010246219806286781
-0.004722576521193654
0.0025312759083820926
0.008981593358882253
0.012244777340210495
0.011293776243242185
0.006308275500608793
-0.000842637765559233
-0.00744925879034732
-0.011624041848222175
-0.012864223331178332
-0.011603221233221493
-0.008626753320345966
-0.0046970224795577584
-0.000395921662005917
0.003841982895300452
0.007800941778705196
0.011210139348851728
0.013831703924955916
0.015666696555270455
0.01638288797920824
0.015938645149631413
0.014736895367300579
0.012855585920890445
0.010500224255176266
0.007989155280913493
0.005986505334530761
0.00541135249600557
0.004140753489885647
0.012823714995419826
-0.0005121259638227699
-0.005530110626024848
-0.007039937500360838
-0.0068096605374673045
-0.005268229743785995
0.002061988088204513
-0.004215479479997045
-0.005115369674252275
-0.01043268549579861
-0.01171057606295444
-0.011850046743201557
-0.009926097789351244
-0.011117237200113822
-0.010007569272815198
-0.007111887714921575
-0.004375464310412213
-0.007713557091417937
-0.007566647849174322
-0.007814388016762068
-0.007730503279005068
-0.003749744882462744
-0.0019054212218210717
-0.007223368172010163
-0.009674546401268613
-0.01065573646566416
-0.009061943649728938
-0.006482785559708547
-0.003073058829609145
-0.004384722048437302
-0.003313544541425733
-0.0019693398917137
-0.002444395963898791
0.0011982020498002032
-0.0003586946720712257
-0.0009823391373778125
-0.00133540999167862
-0.0019100755950494327
-0.0008140464811970629
-0.0031831668358825393
-0.0032054641442921766
0.0033668786213350115
0.004498948283406132
-0.003990251789443442
-0.0042980907955271095
-0.002647803177880502
-0.001546648939978369
0.012989465924053553
-0.0013410241964587914
-0.0018378499135819886
-0.0011764635358731345
-0.002254107803628681
-0.0029938745618589314
-0.003339339446260205
-0.003713916868515035
-0.004573584378730621
-0.005421109618171036
