4.1623242326587635e-12
0.004311145523730253
0.0042828440721273476
0.002379853229804663
-0.00046423004322409855
-0.003922893807382483
-0.007719353265429586
-0.01180219618804725
-0.01570685565014296
-0.019357233580928432
-0.022041596572224268
-0.024322732594283778
-0.02545469300756237
-0.02457559995153925
-0.0215727470034321
-0.015763418212874473
-0.006434731146089559
0.006590629028151905
0.020629924020064836
0.02307025361917621
-0.02030716254540192
-0.10718733945008715
0.11386159725989474
-0.06044766309323092
-0.07020503772326034
0.0332056143458165
0.07163006234822249
0.07205968633998705
0.059394638124731246
0.0454591403666028
0.0321362950369198
0.018938315499523625
0.009109551489352647
0.0011361945044156799
-0.005268653535059122
-0.010316367679796322
-0.01185596770468662
-0.017169980267849723
-0.018880277090233037
-0.02041203557780457
-0.020841288692789485
-0.020429168928839645
-0.01915772437401853
-0.016852505102998107
-0.013905859689137452
-0.009971322855702031
-0.00523171862617361
0.0004218399864721508
0.0064123622329002984
0.012780270496955726
0.024705093533916263
0.03440046606982247
0.05727049146193966
0.05327551840743441
0.0791796264840997
0.022944418509868378
-0.05367267785128526
-0.013377362684452807
0.016584285260310503
0.0294119371092351
0.036379892929589853
0.04046709055722863
0.024541494783129867
-0.013255009589612265
-0.039944655015877566
0.0474399907494422
-0.06059911001223276
-0.08686688213799851
-0.043421428522914605
-0.01983599642252059
-0.011608913822951622
-0.009791970737420028
-0.010408266355923663
-0.01176395769611664
-0.013105021816887313
-0.01440835173510536
-0.01513546093097032
-0.01707839619407196
-0.02096917181524932
-0.022601337810683412
-0.021513922581857983
-0.018336554308591952
-0.02495580319091038
-0.01906638749677874
-0.01364430369278402
-0.010243704956275478
-0.008302502995886958
-0.007156842746546898
-0.004126958182562544
-0.0036262666261696573
-0.0006444843985501189
0.0013903462407191833
0.0031528869527754433
0.005152310233075473
0.019314571910989602
0.008589286710749548
0.012361094496057757
0.011388184735056511
0.012376117996831634
0.013218410764023449
0.014324132665882646
0.01636907463873478
0.020010207187719963
0.017839323166598694
0.02160676504587089
0.01950726662417902
0.020595547474112397
0.021903492198823996
0.023685088713316964
0.025664597212261653
0.02863118422448076
0.03814384869194513
0.03151663835380543
0.03265487241352998
0.03244488368302047
0.03815014680954719
-0.000949842301374697
-0.03071891264867484
0.01211277822590862
-0.02220859332500496
-0.012433637908190855
-0.025002168124757897
0.000872065727890972
0.014497518992484073
0.04555644855609642
0.018140089263866933
0.013073686880671679
0.008278024485474007
0.006755965518789109
0.0020805830391359007
-0.0007841041515705108
-0.000513186669424817
-0.005306067732994006
-0.007076064920631831
-0.008739866461314829
-0.011693962804300233
-0.014028619412977823
-0.013685610084968911
-0.014024756383835435
-0.014906916682194701
-0.018911261642679318
-0.02217391628864213
-0.014155434599319772
-0.017930245987827696
-0.012404871833065373
-0.009654639962636007
-0.026162290655132737
-0.025953629868800794
-0.025447430649079318
-0.02470456321627174
-0.0251704272109363
-0.02347470859650214
-0.021898867170369714
-0.02384738669512022
0.0018532862598230162
-0.02217876856504187
-0.020049281943197484
-0.019133754698475947
-0.017229760728926083
-0.014744763347217313
-0.011759342933700102
-0.008625286496462171
-0.005312427752478132
-0.0014875800120767578
0.0028568499386893414
0.028468183006843686
0.011524964761987885
0.013980076531982478
0.01588093536541766
0.018217248144640513
0.013736482414688332
0.006196728804959423
-0.005940521119917315
-0.022992389593517102
-0.04172686045849095
-0.05550665410356594
-0.048643682700377236
-0.01940176835420903
0.01709171287423671
0.02281454456576834
0.007190808246541838
0.014843766343031816
0.008823569023698716
-0.14269188724745727
-0.0849535056030385
0.010996351695192733
-0.003105250708087013
0.0007291368338464582
0.023818186126701345
0.026434265256552375
0.007421635516315643
-0.011901872885891259
-0.02084543818897007
-0.022233336013150886
-0.016126450316617916
-0.007166271751429805
0.003316236841098764
0.013160084492405027
0.019120814163051256
0.02058711150440122
0.022558654932338204
0.025692395049551953
0.02839690133387805
0.04147450284904858
0.03965805469987068
0.026096886955697698
0.020830252599681066
0.018461471521367585
0.016282408755526414
0.012986895136790003
0.013377305993225938
0.01021360717344745
0.009216532001248546
0.007759961480186163
0.006504759176210788
0.03963667773396962
0.006150658547475118
0.003860856986578913
0.003422054451099787
0.002698030206773232
0.0025407948370668354
0.0018945732450173203
0.0017924885354237768
0.0022913401418666363
0.004656009033784514
0.013173634064600453
0.034350739704786894
0.009712746510958681
0.0024928380691811515
-0.00013609037580268935
-0.0011972976978197028
-0.005634304254242525
0.0009518633675583384
0.0013756223718898923
0.008746855198707187
-0.003791749246121829
-0.011152288125076132
-0.013091780006482673
-0.005945616831889372
0.0061376503690747704
-0.0003679644612663053
0.004818031920829839
0.0002593591386226067
-0.0031691160753051033
-0.007209922379837919
-0.004875430070676206
-0.005373815350884654
-0.0064873446039131494
-0.018810975033073038
-0.008996601136371261
0.05646107365219352
-0.004496631967231713
-0.0036494578348908006
-0.0019465100628308911
0.0011105702944116255
0.0034697104006432885
0.0006520280873122774
-0.002271996602875403
-0.005848576122637052
-0.01379828719235849
-0.005209197680135868
-0.005765833043277039
-0.006744363676405061
-0.01164378932971838
-0.016356529240418284
-0.008258361021084713
-0.009687211288739114
-0.01697501422400166
-0.00792310733341305
-0.006646796536863251
-0.0065050653912697085
-0.006666921957912936
-0.007499495309400208
0.0095919900035224
-0.011103390363379756
-0.009625112741147112
-0.006198986929047187
-0.007769363608156011
-0.007494779430476038
-0.008613378034447243
-0.008739887444376013
0.007836357997387104
-0.006562524139486614
-0.010001858024082681
-0.007935418144499414
-0.010427615431916577
-0.043428265909131784
-0.01327542350300129
-0.01089001357268111
0.015559606052565874
-0.008080213969586667
0.002857901433747845
-0.005530598434396919
-0.020246121598970438
-0.004940145198147164
-0.0016004079127669851
-0.00027974647617895053
0.0005473426606844493
0.0031293522026229407
0.0031924485420355584
0.0011316212745885593
-0.0032206108547275826
-0.03641137739782648
-0.020063703427668132
0.00676539855073416
0.012466791553011395
0.015875443058632577
0.01945992059693028
0.022216711368749
0.022748146716620152
0.010664286846657565
0.02019219458447923
0.03062096303486299
0.025130454952273597
0.019025011318413408
0.03149410517416212
-0.014717452724782198
0.01021944754666504
0.005587830235421345
-0.03230014691760975
0.05888675056980158
-0.19408755361445226
-0.016160401751272643
0.07186963696673879
0.12504005306787333
0.018321997455876104
0.0974900615754655
0.029302104911164247
0.015930921542729612
-0.005043612048293241
-0.014451412189863285
-0.008892851236646394
-0.0038673282008569853
-0.03253959911924813
0.009779672346048329
-0.0025076449866465273
0.0034391168284103662
0.016533441996393002
0.020911325038333275
0.02124330408053146
0.020672405924450493
0.0191831718246143
0.01685169504555134
0.004592613168567917
0.012875764349457329
0.017823272721662477
0.014150282215526484
0.012126251562263936
0.010693193310903688
0.009741967700840792
0.0063765408906755645
0.0049183374865505725
-0.016400833289037558
-0.02802098119629197
-0.0017046093661451042
-0.027029774979913
-0.0009486636078016778
-0.005068320511840246
-0.030281827001294233
-0.07505249147622554
-0.0015516456624948668
0.018762417821703268
0.027442100380490463
0.03841781512740213
0.04126864829615284
0.0665762084032477
0.08920218578863395
0.09386770013117754
0.20218742022640454
0.18622759549981366
0.06894551042463169
0.006954454294609395
0.009056718197080404
-0.006166702986750072
-0.0013283688349895154
-0.0027914687300464916
-0.006753029614674255
0.010903817670312467
0.004478023054271186
-0.01012953470179859
0.03112780721281742
0.004589395243651534
-0.007505806292112833
0.016694422940552442
-0.002540533422614583
-0.001686796481712047
0.002484767763496097
-0.010123034527657487
-0.008977344199434028
-0.0017376763015950957
-0.005887855777093178
-0.0009001275807934202
0.04358622731849001
0.05691124036900782
0.06827782738331337
0.05620652939357383
0.05398245849746191
0.02336254856897041
0.03409287470746541
0.022463396413567444
-0.035707263802680876
-0.019187923858313784
-0.007438600976729958
-0.019631611156626264
-0.025314854697499264
-0.021236721889174418
-0.024775074674026034
-0.028982019940837746
-0.05027451768776173
-0.03633033787363507
-0.03275016404525035
-0.032158594674999
-0.030581596850423585
-0.03555818198966964
-0.06025601562321399
-0.02836438210500849
-0.01853634198903022
-0.011698778863305911
-0.005027455029998447
-3.583786076475697e-05
0.0004243683401155709
-0.011028267474436408
-0.04083109491589604
-0.029174834918761713
-0.04578803617542221
-0.1098522140449982
-0.005158294059300674
-0.04115788737110962
-0.021926586553636447
0.0066461143086388825
0.017053427376620068
0.018162005582573842
0.011512371679031913
-0.0016006897953137762
-0.023397715926276264
-0.04898524124513535
-0.06365202582542738
-0.026931509753160675
0.07418545310276732
0.06868052638879216
0.07030152455012739
0.024222337278085253
-0.0018469264674851763
-0.004601052730487563
-0.014637942062128989
-0.0024966197644806583
-0.012533870205717237
-0.0008595408796947024
0.04436220592004141
-0.00368960210853238
-0.007984232673331657
0.0024232028399038853
-0.008038069460383523
-0.002858146909044285
0.00016611467447149117
-0.010836332367979604
-0.02330326890136039
-0.03171272148913649
-0.03345122441085796
-0.03255945752291835
-0.02920008792578834
-0.023046837397991436
-0.023436287686928726
-0.03747043204790076
-0.028346190093827064
-0.035171430576824286
-0.03182952638395656
-0.03853521221198318
-0.14531317515769393
-0.06217625427473852
-0.07649216593425033
-0.036728197811303105
0.03539350797951611
0.02922576966565171
0.03536023762986099
-0.0018222959492024014
-0.02991568258293129
0.018944447651645747
-0.019362164033279384
-0.024951959796337693
-0.02367666323019072
-0.017227595445616153
-0.005502552214811165
-0.006688248709384819
-0.013952119476613702
-0.03564172419121058
-0.02656805627596572
0.08325354323480497
0.03624514048525911
-0.04994976816110035
-0.03236179941874953
-0.024838430574165914
-0.008321307984652021
-0.008399370630114419
-0.007375372982277869
-0.005584975765059883
0.002187009875257191
-0.007776501880465675
-0.008312473141242433
-0.004292477342210044
-0.006031968844964367
-0.009154544850514215
-0.009741888757418283
-0.017652857074180132
-0.020857501592610905
-0.01523958112109069
-0.010689865286564038
-0.006796242326423604
-0.013116207698597022
-0.019034321168633763
-0.01787769510612405
-0.012249846707175526
-0.012378437223524844
-0.012109168660865331
-0.011419375349914405
-0.032469972314318134
-0.007789128674103864
-0.005760850280114508
-0.0014923793361027386
0.003506732055238168
-0.01314858151704911
0.014130054818625518
-0.02031124410981375
0.01960530682825958
0.03018246551733917
0.03568023238684862
0.039052006967839
0.040662966012400256
0.040380494671001764
0.037421989472337804
0.03173048014211882
0.023163220022625778
0.01539039066100275
0.004683669574477995
-0.006966908381333216
-0.015929330445931866
-0.02518178082955703
-0.028530392510595387
-0.030426386221691856
-0.029614076075532358
-0.02704797843587475
-0.024183039382400604
-0.022239215023256036
-0.022131428489949513
-0.023935882250577294
-0.02671440259223779
-0.029373086417784914
-0.029957087040450515
-0.02731059150555216
-0.020720262760354925
-0.010968774941526335
-0.0008924568177747655
0.004383526646907375
-0.0003381609868114188
-0.015423089129884505
-0.032718306734513994
-0.04210615326751453
-0.04355336712924872
-0.041542576405570394
-0.0328566500469049
-0.016096580756913403
6.996955911867603e-05
0.006883288482583074
0.0032920606272431856
-0.0063048544575308
-0.016771545884061857
-0.024759805216360762
-0.029083380165712235
-0.030136739821187204
-0.028814644770677196
-0.026071001182156498
-0.020629373638777183
-0.022614249597642952
-0.022659180542375503
-0.024378276906760435
-0.026695138277023692
-0.028586132383936532
-0.029573029075389504
-0.02906359319913797
-0.026997994846193574
-0.022605305888889766
-0.0161369586856691
-0.012940311141898534
-0.00043824582458463666
0.008260586212810811
0.017169790431952044
0.024482972302147816
0.03046879252748856
0.03528334302869841
0.03750779010233426
0.039143327543279066
0.013311503595588478
0.03843041630897972
0.03542603140247329
0.033933834037108306
0.0014836174832920665
0.026949493421843558
0.023613494897095168
0.020223016632656802
0.014826559768097273
-0.014537506319733315
0.007075127316255823
0.0051883490260549074
0.0017843946735019577
-0.0017915760337824755
-0.004219014106000694
-0.006156608616435787
-0.0069568787180513065
-0.008423680089418484
-0.0061297927114721965
-0.006498858705576081
-0.00868797869251146
-0.008965493965036708
-0.011688464502325527
-0.012387813171609469
-0.013726976041710467
-0.011413577412714388
-0.0066038543694499
-0.001253402537581365
-0.013946654203522584
-0.02846741319045815
-0.011933661902740374
-0.025095041207244415
-0.00443559710182369
-0.009991150706164895
-0.012754723243106782
-0.013463299762954893
-0.012344469781381578
-0.006201518507775661
-0.009385360146225104
-0.007866399590294953
-0.005109595853956998
-0.0023844601765038247
0.00047923318810572796
0.003723960249248585
0.0029790780453069583
-0.0009797040572480235
-0.0009182728189985378
0.002093408652383058
-0.01788572582293388
0.005657270357367017
0.0033788974507001144
0.006388449921644986
0.005323061526436374
0.0022616320203752423
-0.010496193313318247
-0.0023900158761180337
-0.00025916772948575493
-0.006664529030302982
-3.618018952703281e-05
6.23628365303252e-05
0.006018523034766994
0.007569988183946805
0.014056651825552087
0.014299887568216214
0.08896966062192323
0.02855617533627589
-0.017114376377803137
-0.06419126914996472
-0.04994128160543716
-0.04640947356689932
-0.03280630926458774
-0.0235801942736923
-0.01943551625376402
-0.013384800851060558
-0.0041772603295522626
0.0042029003065296566
0.0038839625197957754
0.00035991633906358613
0.0034452758524120284
0.006566895805436642
0.007031532586579532
0.005861020420049059
0.007812799280435209
0.004764584698450911
0.0019044916538527052
-0.006409698438243348
0.004888781425651129
0.012728612407577675
0.002218190727189806
0.0011664093996562892
0.0013921549018669687
0.002358226336665311
0.005401892716121
0.007461617726085636
0.004459654104959601
0.004012247972360835
0.003935178498484786
0.004304196099613512
0.005034436911804639
0.006461314833749841
0.01033376807755471
0.011157375190429768
0.01654750077536352
0.015877708048456868
0.016107594649292085
0.013082250783441003
0.009550542219835405
0.007972846235795271
0.006913368354564173
0.011655923608514902
0.011563714158964643
0.009047335610025974
0.016851028145243523
0.0015578772729451706
-0.00038552209838778773
-0.0019363973782999294
-0.0035701374280311185
-0.004816392556486102
-0.007895939415539462
-0.01176399994842154
-0.01642206780795259
-0.02513957201608153
-0.03975827489639742
-0.05372680787065086
0.00117645771059587
-0.02029339648695232
-0.047851898226262735
-0.030358133064695682
-0.015233343587989605
-0.013831926425926335
-4.2244961169141766e-05
0.006538894344413219
0.004416661730642326
0.01745748067213589
0.023506796359472722
0.027187962924093537
0.02786366813122218
0.029075757110961848
0.0273649062031844
0.00844424903857958
0.01667348294580661
0.007325759858581085
-0.0026180976389125173
-0.012623405373470193
-0.02808266799910365
-0.023595047512346583
-0.02432179323019603
-0.022059782393780362
-0.018398416639953254
-0.015360878141335077
-0.015258009967465944
-0.0179962010915895
-0.02215959829838014
-0.025208314756837023
-0.024462682264103742
-0.018266319923532188
-0.007634318713531146
0.0017423063993262627
0.0008001158733429259
-0.014484190659389518
-0.03384714874192685
-0.04279255844997113
-0.03761491286234173
-0.01996736890788308
-0.0006181530479282118
0.0064007393939033526
-8.438400465540666e-05
-0.011698343539230754
-0.020827650666396427
-0.024551001720973742
-0.023453158895664777
-0.01955347839115006
-0.015160730778751791
-0.012005491423581241
-0.010535782792323697
-0.00996272573932482
-0.008719941249356815
-0.0051498034702897825
0.0015862304332274293
0.010847199494384747
0.020082827902954712
0.019781346286717755
0.0012491585217938724
-0.017825753780405858
-0.009398732423589367
-0.006422855195446876
-0.009452293100957488
-0.007402196674831047
-0.004192358391029168
-0.003720178122336477
0.0013290818393678731
-0.001116418762688848
-0.0003906234585642701
-0.0007151870244074783
-0.007172093678777366
-0.004310386361822943
-0.006137624149652448
-0.008192731170145429
-0.009866170283712929
-0.01111439800603594
-0.011024909889331148
-0.01083946984396171
-0.015572747088562313
-0.008863789100534368
-0.010005427423496678
-0.009842085637452917
-0.0091082016032706
-0.007174390038511919
-0.00455704312062028
-0.004579377514729945
-0.003627272925388933
-0.001829327644226654
0.0024438247302896975
0.0013889134515483144
0.0030347253278687346
0.0050182070516774984
0.009753096138801346
0.008087468405708377
0.0107164750745431
0.014139783107858277
0.011451708678261471
0.018559333757003457
0.02047603101162033
0.036794680326642265
0.015594955933722914
0.013046785567306296
0.01285915110428735
0.01445172387531194
0.017198999773978527
0.01938504421010445
0.014385935702664665
0.013972311249550477
0.013860256757488188
0.01629925535964714
0.022728074433698356
0.018754850919162503
0.016472334965361136
0.04301464901590968
0.011749798150928711
0.009074307349688152
0.009323434401080109
-0.030707810585848545
-0.033273349161048696
-0.021680745593460997
-0.013642672711000258
-0.048731959573670075
-0.005472816888976961
0.025068167268161433
0.043058989775242605
0.06433267198067824
0.027288203648216124
0.08497581544240325
0.012461132718694626
0.05397033737342459
0.029359880660561676
0.021131204097994887
0.017209190957433895
0.015696749524439918
0.007909449596619635
0.017496850483718875
0.012368123179307874
0.010084440039948175
0.011677039705910375
0.006261520466062594
0.003668027051378159
0.0023981922177488996
0.0034057862425086022
-0.10948817589489307
-0.015557551567789195
-0.021433558434404563
-0.011619443779338068
-0.002722302221570331
-0.036628716232819505
0.0006826857357899637
0.0038225307716568567
0.013745089798798658
0.008087146688020661
0.00803693840410881
0.007450351797010039
0.010134787911707271
0.009212902033370053
0.0091877231477341
0.00964755402440615
0.011427837984276228
0.01087515819426269
0.011274941621772946
0.011113724900822805
0.013832374521140863
0.013473060071006657
0.01315752058951478
0.015530052392050976
0.018612382984013805
-0.06508152320457385
0.020686163724912523
0.019914224006154713
0.026741365582397203
0.032868663345493807
0.011479641110121964
0.021534746013936776
0.017358534632767885
0.01691007448673498
0.01529112575844476
-0.002993835497232345
-0.01278429612401569
0.02775406633533483
-0.031629132364574014
0.011683223309552584
0.006284892004673268
0.0028396810240878096
0.0024906850509761372
0.00391886544920699
0.001088626952426444
-0.00031672815567010913
-0.001933547317678785
-0.0037342516164445877
-0.008505053724241896
-0.00856350056682024
-0.02076931507457471
-0.010714001083089907
-0.007793652149105787
0.004386322461557899
0.00032248338129333977
-0.006975538106853953
-0.005929840058446255
0.029638228144051367
0.03903492173997531
0.03568510430858693
0.004468689468087628
-0.012453945038756848
0.003822465905577814
0.008744585744027875
0.002466564444303729
-0.00588019140989375
-0.009356833889095875
-0.016677374544307004
-0.009121704580201298
-0.007176463027643039
-0.006270342131174352
-0.007071547294591533
-0.007046372746736634
-0.00569816562350693
-0.002740178697273616
-0.031043588546485503
-0.001159881080020463
-0.00496793992315552
-0.006972521795348721
-0.008209158205048096
-0.007828665312655811
-0.008403832629799605
-0.00875987368136638
-0.00938527811811849
-0.00953700467956564
-0.009844599174812185
-0.009343330685042827
-0.013547017242422002
-0.008797406649011885
-0.007973577308895984
-0.0063160348074038095
-0.02445385891900093
-0.0034317456465116944
-0.006980600917636212
-0.0010292658816594114
0.0007890797530815816
0.0034853273504677736
0.006783798709083794
-0.0015900276224574406
0.0116830796486528
0.01276433700807744
0.015148936694220102
0.01941770717261766
0.01986675164257782
0.017215452296842328
0.012046241594219052
0.0035760000624754664
-0.007452100377730754
-0.01688936362158058
-0.016013378101189826
0.002452086306433143
0.01956060187493496
0.015234267873707703
0.014256244721437787
0.00979398797106661
-0.0004290301850995836
-0.008629293358966473
-0.011077396226875955
-0.011447968358281557
-0.011730158354180816
-0.013483683085443943
-0.01723082070739544
-0.021755225078785655
-0.024788366228802133
-0.02287628079540774
-0.01460878832528067
-0.0033621354292934533
0.0006443557516035023
-0.011394634775636589
-0.030878208348732956
-0.038760530231521775
-0.028415279468351543
-0.008847719512015075
0.0010394260305349957
-0.004352971742140233
-0.015448526718408493
-0.023188045049553022
-0.02492160789001063
-0.022206913445660982
-0.017772295479881628
-0.01414439710363499
-0.012494107913112047
-0.013794380252363483
-0.015926132497931185
-0.017980225370546943
-0.021400971330721025
-0.017828898032743228
-0.015622248839508428
-0.012570160444793761
-0.008322975524763819
-0.004876958183222482
-0.005219456503933323
0.001934737674442887
0.006683403434922365
0.009600119903629327
0.011312339988348232
-0.04278976993911362
0.014092894447095744
0.017640117048345925
0.018179277647392376
0.0014174254207816991
0.014848866717703942
-0.007826373588995843
0.017302534044036595
0.01582154388543468
0.014273123869159236
-0.028572477808662428
0.013190409662852924
0.002842416043298433
-0.016593265900094162
-0.03402139671150057
-0.0697845887846105
0.013196306669386908
0.0165703403725626
-0.055369337484267804
0.015522244301942009
0.016344903703461273
0.01560626741170205
0.010405404279437813
0.014203846408297053
0.012715556119925019
0.012186561889327345
0.010792816252075968
0.009361071162741442
0.007565775948312155
-0.06738738025827136
0.0028702122544358682
-0.004875051910352679
-0.0009506348172774469
-0.0017590485419689615
-0.0024538804852244885
-0.004390776459404049
-0.012850120918297984
-0.007848027691649415
-0.009426153779945849
-0.0106556624691812
-0.01140348588198656
-0.01166841347148938
-0.011044802049380737
-0.009421771516906069
-0.0033176135741556085
0.004904252576662187
0.025846684309259554
0.027941857723167825
0.0291695609370861
0.011952688259966378
0.00043803537822548975
-0.004481992748667777
-0.006454272136200135
-0.007162681143798729
-0.007375547804060783
-0.007456199780656678
-0.006923497559315478
-0.008521636766076276
-0.00975608956017038
-0.011270429259062404
-0.013110357132950896
-0.01519383460802012
-0.017313795650931336
-0.01926965257125773
-0.020815050120779048
-0.021762212495783317
-0.021755016452269835
-0.020724124902235314
-0.0183191961411054
-0.01445824675696359
-0.009163729992017564
-0.0026747989621568207
0.004451828487592861
0.011263700253033948
0.01642702390871502
0.018382922782163413
0.01570270938411193
0.007854750454755999
-0.00387359083648871
-0.01574486943373616
-0.022387863327808514
-0.019981118782075313
-0.010432270293696208
-0.0017547841116190756
-0.001701722766913536
-0.009957051846961485
-0.018628081832383757
-0.020518261038589565
-0.014705154589175179
-0.004948309285376465
0.004294874561703256
0.010517748252017822
0.013351375229542243
0.013373192011770377
0.010826033559039204
0.004650327289040064
-0.006841421176478094
-0.022074291252267318
-0.032679818449285705
-0.03391047744577826
-0.03350751523543613
-0.03010186064499423
-0.01604918242867584
0.001921483775893072
0.014102582476871886
0.019146848892169072
0.016907018439466442
0.012889364946894865
0.015375097546477343
0.005419095197136287
-0.004253208866398931
-0.010894003638751521
-0.015136984121957209
-0.017668030776235757
-0.019235219991503485
-0.02004802666787122
-0.020428648034039494
-0.020558706555091767
-0.020564601101196362
-0.02052015895251642
-0.02046252494984354
-0.020444920758363936
-0.02048820734965804
-0.020414689065146138
-0.020174308812682912
-0.019895569702056755
-0.019488584839522028
-0.01866607770170645
-0.01718679441658696
-0.014798786831099099
-0.011240350626449944
-0.006316215403839007
-0.00011192806440606097
0.006822589999290581
0.013236792176861273
0.01655231219045428
0.012798461064190279
-0.001158021958719812
-0.0203386849513782
-0.03072438413345663
-0.025636148774903954
-0.01302186287603775
-0.005233270069223551
-0.00620802164392215
-0.012783847146708516
-0.018546694492867773
-0.019441154624872874
-0.012298187163186789
-0.0009334653302340207
0.004740288679020296
-0.0008125823298620733
-0.012187005996776185
-0.01918449359707438
-0.01647224711566648
-0.006118964198964025
0.006473280628680212
0.01661870494165302
0.022039491335509157
0.022703421226495563
0.019836346979093263
0.014705133438086757
0.00869225062392504
0.003210076657114576
-0.0005730224867325073
-0.0013040756791829037
0.0006711416744942157
-0.0014079844253674144
-0.001655363742279237
-0.008087076834010047
-0.0121594878114005
-0.01405663759619366
-0.01476893668196284
-0.014863158793069533
-0.014663301222355103
-0.01433768535367103
-0.013729403780642998
-0.013604849373696888
-0.013326500014543573
-0.01343466166828744
-0.013698057010766354
-0.014122850994591428
-0.014546393210614376
-0.015011784992232803
-0.015089530506601187
-0.014249118277734504
-0.011819554211734834
-0.007176343069143703
0.00040758801791007594
0.010401330580413114
0.019636402356880828
0.02087380281307983
0.0064972628287348864
-0.01910757640843513
-0.036405229353719905
-0.03851013938698779
-0.02812366746053712
-0.003982162330753721
0.017482872423086174
0.023745800268925463
0.018521784614737608
0.009664733050630939
0.0017652639731628157
-0.0039008318665932707
-0.007428657677489538
-0.00911795405862928
-0.009136479080122831
-0.007388432295686818
-0.003631352854651897
0.0021064443489520177
0.008691935392020313
0.012599658006446768
0.008491033118367217
-0.006620112428994319
-0.026610090463181225
-0.039341629968231734
-0.04184067750249473
-0.03627795776213898
-0.020270617702052178
-0.00026238039172857763
0.011454653798182942
0.011080179422454886
0.003031153473364461
-0.006803056462835078
-0.014666052382155521
-0.019216201107959782
-0.0205979026973587
-0.019578247759409757
-0.017035234697142135
-0.013810663837082033
-0.010598973141536927
-0.007880097630592442
-0.005824878836543183
-0.004740369844773235
-0.0046763159201181626
-0.005101930905494448
-0.005915322427998155
-0.007004962319343423
-0.00813631762051026
-0.009158572623447502
-0.010368900437345788
-0.010603535584450822
-0.010823760227191254
-0.013642718064013595
-0.010888131161432118
-0.010640881107554357
-0.010072805717536895
-0.01162469027612976
-0.00849839526564804
-0.007453839504570237
-0.006456897574609561
-0.005876920468169355
-0.010676314234758356
-0.003861034721292831
-0.00205830295770081
-0.0025104813642579347
-0.0021971117604359263
-0.005899572637737427
-0.0037034032809091727
-0.002978697978313694
-0.004490578880604518
-0.007137844558283583
-0.01078577649846386
-0.013855389840440822
-0.006957414619191694
0.01533132866442752
0.002240375597892768
-0.014401426025327539
-0.04162945344617214
-0.037822572438521836
-0.004864505774574533
-0.00546376049235578
-0.0019579135812763733
0.0010341669441157337
-0.0013096664229304937
0.00010706559487225648
0.00081832338085281
0.00013026946388708044
-0.0028870810930990086
-0.006031118586970308
-0.00979023774839627
-0.015795773466311697
-0.016489813029582124
0.0007060506652203515
-0.0030651629757057625
-0.014844626884723254
-0.01483450128524888
-0.009730857317730953
-0.007364280456539016
-0.003562525291868402
-0.002335688868194822
-0.0019167788869159073
-0.0036891491234333318
-0.020604420590323635
-0.010866860481216677
-0.013936950557004937
-0.008434571286185572
-0.006625342327626281
-0.006606725491797405
-0.007874734722867526
-0.010046160849577898
-0.012356790959216872
-0.013569882686314509
-0.01076144267822935
-0.00021794459775748145
0.018143384285652465
0.029704372878261005
0.021703164751119174
0.009302046078489536
0.006169760370027762
0.008008395741009255
0.017127462385823123
0.02877625126292876
0.022755980195324408
0.004521645458633238
-0.00864489429320775
-0.013393669098521724
-0.013868379513428411
-0.01533744389999887
-0.010747490485805946
-0.006813514118767107
-0.005102198704756633
-0.004491054937487576
-0.003676459904765886
-0.0026995541958402766
-0.002055125620853103
-0.0019103613796145093
-0.0036458226974976676
-0.003260312767272938
-0.002597288560266328
-0.004862698617690487
-0.005746440905581735
-0.02997744947255157
-0.006148925593594468
-0.0019054930601067044
-0.0018656431842445646
-0.0008340103850027397
-0.0005021193097354301
-0.00018999393931743146
0.00010072639089820752
-0.00010474877879925189
-0.0027307265947792182
-0.00018757067888216795
-0.004023772578482466
-0.005706461327352299
-0.0012894215403319823
-0.0013004736258129166
-0.0016565467117549602
-0.0041379505401171164
-0.002416064681481212
-0.006853620492438308
-0.0034613783519446923
-0.005166722447210029
-0.004465239617684803
-0.005381292500033736
-0.006337198197086728
-0.012174330059643659
-0.008213993324202435
-0.008033476107840321
-0.008677337131108222
-0.009844739559523556
-0.010008469318058794
-0.010343689218223734
-0.010361371966164979
-0.010884918219071858
-0.010295778660382468
-0.009465778346640683
-0.008088111635009408
-0.006442067070905011
-0.0026044206228784663
-0.0016778110571032663
0.0011651137777417904
0.004941129095432789
0.00795169335068016
0.008832347369236057
0.010593610731588717
0.01205595771846014
0.01277725374965025
0.012486092488975592
0.010744146415603876
0.00808696539130959
0.004695452453344836
0.0009880688774300947
-0.0024903979708550046
-0.004959367805438374
-0.005654311145644167
-0.004668057681636435
-0.0006204316711629525
0.006278571182049502
0.015124851358377135
0.02404726469995769
0.030276135828707074
0.02962667601787885
0.018133595582619975
0.003656781727629743
-0.014643547512438572
-0.02511645135934587
-0.0244264181355198
-0.022924779007563234
-0.02502086050589854
-0.021311123547932548
-0.006145302130130411
0.013501251573700962
0.02779164388713083
0.032458619560937714
0.02881027275812672
0.02052354901893007
0.011125333292433304
0.0029843476173009925
-0.0027606077128926334
-0.00586490067027574
-0.0065530188047165094
-0.0052963124469420884
-0.002642260175792599
0.0007867117811860368
0.004400795196428756
0.0077017277318463
0.010354966129125742
0.012220133075499039
0.013914339723096088
0.013640537793970097
0.01328238437965988
0.01289360321213115
0.012556045846594305
0.013298437676784625
0.016421302939993127
0.02345308932445231
0.03260046986301023
0.03801116240751059
0.028913029825805726
0.016096826161706632
0.00453241772934861
0.0016909774028384685
-0.002193679476327241
-0.00427780000261894
-0.005457135892570319
-0.005292730571374432
-0.005229567932860889
-0.005039239847972627
-0.004089979669025034
-0.00347953213266135
-0.0028388563372855266
-0.002192570756546678
-0.0025997250181598497
-0.03733737310469069
-0.0003921121713630334
0.0006683302492814309
0.0009739165249519031
0.0018318185019445103
0.004065511918701172
0.006999992129910832
0.012081313178369317
0.014019653139558837
0.002831209550009145
-0.011094566681921823
0.005170811179557631
0.008609403720269967
0.0025102455369742918
-0.0015329748864239415
-0.0026785860131027166
-0.003140491808793253
-0.0022010619560391786
-0.0013288813358204186
-0.0005212607830761408
0.00015322664520863013
0.0006303587697293803
0.0012135702400393397
0.0016634327722653067
0.001542179393644285
-0.06599419995666586
0.0022315769503659746
0.002921633779119135
0.0035566818014181292
0.0006261068952885934
0.004258703352531051
0.0053775400741542505
0.00531400022528163
0.005722750340677918
-0.002403859136650449
-0.0008905514074863727
-0.0009528512720063488
0.001154864436251578
0.003993068805113347
0.004761353023611685
0.0056337046871603735
0.005377052596180357
0.005949275739696259
0.006205607480228798
0.00640764839270721
0.006556892717756901
0.0067155832196183415
0.006819266295596259
0.0034789544925108336
0.006302444881407825
-0.09180198227634379
0.0061802207963195886
0.007188332691313454
0.007042478603893345
0.006270253004362942
0.006588142077026097
-0.009144450228252707
0.006683287236425218
0.0065992683983987265
0.0031983002915883987
-0.0009595893708686798
0.005732619729951624
0.005585262852945533
0.005534715059122125
0.005095996290401098
0.00553348992712973
0.007660081091368167
0.0124041368764681
0.0011455155940508204
0.010779064450268026
0.010593408935303106
0.007053482458849046
0.006010319211341853
0.005568306443156553
0.00471941289297127
-0.058482968822402094
0.0034181575053940805
0.0028541874597230866
0.0017085024561457362
0.00033389934249907865
-0.0002830746280078699
0.0007510320759794383
0.007364803253474687
0.023505922570443656
0.03950807066786439
0.043064933575841124
0.038391334541686875
0.022630926721104568
0.007841879199036245
0.0013610817879056982
-0.000163841050632808
0.0002371120175324526
0.0022395358967362664
0.0003715359859614759
0.00022599203826728845
0.00021354634057286692
0.00015989495040935045
-4.447325114199012e-05
-0.0001146972472172515
-0.00042289155070062
-0.010141969853086914
-0.0015964579040113915
-0.0009093983276288134
-0.0008772075390270726
-0.0009338966429017871
-0.0009237419636263136
-0.0009586521828685437
-0.0020914813997283317
-0.0007646779632287281
-0.0006739412228101742
-0.004948740816805436
-4.883054975549189e-05
0.00046017773097455674
0.001088333423998657
0.00206071505446437
0.0036137979178677174
0.006232912999662605
0.010053208867572027
0.00900415722692288
0.006481600293874735
0.005281722642066288
0.004672762023288357
0.004096563612921949
0.004269879274960522
0.0048757057380653624
0.0042790984703196065
0.001495630769818513
-0.0002684117456954257
-0.0022932296669427037
-0.004618245989572499
-0.0071611229615679796
-0.009731196655285523
-0.012046021683324339
-0.013709531068682524
-0.014233561008642977
-0.012914813116495123
-0.009793409762232115
-0.003835478345479777
0.004520179204759093
0.013618255849681618
0.019752135317076713
0.01764706909851603
0.003811663720099912
-0.01710831485036315
-0.03221877027702534
-0.036032578113628026
-0.034866830637007185
-0.026476113535367767
-0.007721676196311469
0.011174120112835575
0.02061777356269082
0.01994097969884903
0.013335568796141516
0.005146108196064424
-0.002152222040777474
-0.007716426431604425
-0.011573009473843713
-0.014084702088791734
-0.01563437857683346
-0.016562123676107633
-0.017036713154451617
-0.01747555279060181
-0.017780471664294747
-0.0180359974316093
-0.01829638391643612
-0.018574365785233648
-0.018860292615759784
-0.01916321409335193
-0.019354271423949954
-0.01961371283030191
-0.01973238626513157
-0.019741301971682786
-0.019609505383769966
-0.01926475365282258
-0.01864694218654013
-0.0178088695618195
-0.01689045571815191
-0.015635743545827297
-0.014086245766265715
-0.012616669454571405
-0.010920917344611805
-0.008821833645897349
-0.0063188897864884675
-0.003461356514758327
-0.0003179913115611431
0.0030178452993162228
0.006420026121552923
0.009681885220101228
0.012579104673124078
0.014921644487783261
0.016614606053720074
0.017410149789215464
0.016968805157564847
0.015096632391092445
0.01161704101154105
0.006559128531651987
0.00022370185216641353
-0.006633601380242715
-0.012646319498665978
-0.01583732278153921
-0.014609416566504115
-0.008152324884298663
0.0030168444082062603
0.015112561607598008
0.02205063271895987
0.02089671251031367
0.015660181406206654
0.01221164538072859
0.01308522271786712
0.018651748988221
0.028238096918839727
0.039549173763825544
0.0488759934534677
0.05252749562167926
0.04873795463376467
0.03855577229940728
0.024903263517006488
0.010977680207619236
-0.0007353319409301741
-0.00878725230439482
-0.012783060823014166
-0.013140804010018086
-0.01074207488022865
-0.006615829322470514
-0.0017241939035360177
0.0031783336435604903
0.007581654693173802
0.01119946675984694
0.013962939685297025
0.015906736749349386
0.017100512705294117
0.017687949541788782
0.017838949250284734
0.017708165729489887
0.0174360406756082
0.017136797931933692
0.016906757586382545
0.016806912300181488
0.016855507688088314
0.01707967248040138
0.017461889321473287
0.017951362702829612
0.01846031074220903
0.018852344477887157
0.01895373367827412
0.018547911667218735
0.01736912787601223
0.01516120658379739
0.011727478158394897
0.007032122297608115
0.0013038081826113822
-0.004822318136396338
-0.010224918304086256
-0.01334703053896326
-0.012493572512398741
-0.006428450214667442
0.004853623020568114
0.019687205882875963
0.03460363434049317
0.045137585166931574
0.04747482400868186
0.040690421454897305
0.027416169647659167
0.012003587766892055
-0.001484183722318269
-0.010377087685010791
-0.013783852500372779
-0.012325853668036924
-0.00749366470310945
-0.0010006137458347618
0.0056713234442689504
0.011476855272517688
0.01580121057814754
0.018419727179061617
0.01938185688468639
0.018896292530198654
0.017248133145120425
0.014749527192073413
0.011704081743131953
0.008374076319520533
0.004979083303290413
0.0016910459788466474
-0.0013773227005486866
-0.004158487404373633
-0.006604359418012293
-0.008664142599590556
-0.010294862477561428
-0.011506456904522639
-0.012269048165753093
-0.01255728371602642
-0.012302490447674138
-0.011249421966562161
-0.00881314016856749
-0.003986168894846338
-0.0010357392108998865
7.607023266266621e-05
-0.0030786111802608724
-0.004365524678503615
-0.0034987454351718536
-0.0006314635807529586
0.004730845868946986
0.013288573374363913
0.023799991690641013
0.028583975705759296
0.017161051379962513
0.004174168003171728
0.014638338405195035
0.029110217011866807
0.027816961001421538
0.018692851353136634
0.009435488448451759
0.002039304063800784
-0.0018658205879129612
-0.003131063793925374
-0.0030332480083856816
-0.0022956452679966733
-0.0014087556960913695
-0.0004430827194733932
0.00047711389954170245
0.0013492029408296267
0.0019527758732803147
0.0023813752503655714
0.002806399987127493
0.002703414725732641
0.002532926117567631
0.0021492241769014426
0.0016016857814746674
0.0009974991573081045
0.0006002246835879681
0.0008478668399277774
0.002434799238536162
0.006265167448303477
0.013201487283974954
0.023218852949454954
0.03345796107320812
0.03597361599036794
0.021252723535770675
-0.0046038487334604155
-0.01661232431883269
-0.012461064658547625
-0.008539996792547041
0.004667194762243569
0.02781101315811947
0.04093204171981459
0.0382086080057224
0.027838366478843454
0.017622648815830592
0.010949721604054217
0.008259353577029968
0.00889835696329067
0.012128866059060484
0.01754775123878099
0.02551893049741261
0.03743061067406477
0.05279293694463433
0.05266793326354209
0.05604932902156793
0.05387629826322449
0.04160145399196373
0.03389739128396757
0.030922682703856327
0.02902815883243292
0.02762612726315467
0.026297012267079155
0.025115127423120436
0.024152698060615083
0.023311749242646177
0.02262060720167314
0.022045885916771046
0.021536205962438586
0.020966662494722493
0.02077882679977708
0.020515275653820345
0.020290162802699265
0.020133126927297105
0.020032005567733616
0.019936181932269488
0.019789928020643173
0.019866367619667664
0.019811516931676036
0.019778322667438376
0.01976021574333884
0.019766868480622864
0.019884362049440996
0.019143124075947468
0.018310829040404552
0.017440099853264984
0.01643098714899439
0.015184619819327536
0.013639554393857625
0.011785422953550081
0.009665806616108958
0.007318588032491426
0.005011417071090085
0.002425805490883332
0.0004313656047501433
-0.0014690057275528968
-0.0022068783172488568
-0.0016400360923903895
0.0006407908019561559
0.004956709799572917
0.01138423343843109
0.01948321256311715
0.0278863287888011
0.03397491394452505
0.03410213630218808
0.025033137203572423
0.007173189422286569
-0.0121389341057335
-0.021619043518860903
-0.019121142668290493
-0.01629509787866027
-0.01687484300259234
-0.011517221873902568
-0.00027038632924185655
0.01725791651579609
0.03083345642547264
0.035518957341838395
0.03261143843428339
0.025718223020353183
0.01779229513394258
0.010836358803545677
0.005737996088010832
0.002369472009586399
0.00017914158504642164
-0.00076762005931245
-0.0004857937425148883
0.0012492336740480344
0.0019155394686226055
0.00201687519284369
0.0021003040523082765
0.0025025016034570715
0.0028722029953953967
0.002975396942144411
0.0026744829677929653
0.0019367783189031137
0.0006659540187546045
-0.0002381210892246624
-0.0005271017984892105
-0.00045007196381814283
-0.0006128518335604274
-0.0013489624438431148
-0.002392987249083914
-0.004041375011803819
-0.005754364449316931
-0.007082501531649632
-0.008770245481672682
-0.009721676298559011
-0.009925468471651018
-0.009029032674247293
-0.006731335469186069
-0.0027680829511998123
0.002894446538756086
0.00988987802220189
0.01706607744134079
0.02227822657139042
0.022599699981185724
0.015433457716077969
0.000934796632200232
-0.015359492757148709
-0.024055518010492296
-0.021415574292457766
-0.01621446871316812
-0.018014134489980453
-0.023388781494057525
-0.020963622955376286
-0.007844336524026328
0.008347937536961822
0.019572137244613683
0.022949061012587355
0.01983376124959579
0.013146345271481003
0.005538733299560325
-0.0011921323681206623
-0.006304672800699167
-0.009502244430538934
-0.010857835913635172
-0.010669508333381927
-0.009376109641653328
-0.007304610562262158
-0.004714566961490761
-0.0018967032452323503
0.0009344492122803202
0.003625892582346804
0.006107177443357287
0.008377887765751593
0.010193400836096392
0.012143231283719034
0.013079436302145446
0.01390504107721265
0.014577585517323915
0.01530194337741843
0.016112733516408097
0.01783805336026685
0.017192632166565375
0.016172169796482005
0.015958105938744256
0.015809172119879547
0.01577658028502183
0.015817409012433586
0.015231344038655517
0.014716811424626951
0.014055478473985817
0.013358779918982981
0.013822634810224055
0.013762706333552066
0.014104051427062187
0.014981245550805307
0.01678149827748007
0.01714966744514693
0.015731594469710584
0.015900226162269684
0.018125786557629215
0.015040918521149575
0.01421096966756314
0.012560604665710203
0.013614134546433013
0.01412043022514817
0.014319447466733443
0.013428434993239053
0.011568828914006008
0.012071118652531392
0.012232342007919667
0.012381316367300164
0.01275859570135616
0.013533901309584748
0.013754742609368842
0.014511935906243362
0.015111763677221775
0.019923769652870404
0.016113205363581514
0.014473754660128537
0.013438040477549262
0.012958280620062029
-0.0025049257727429186
0.012990792651282985
0.013389927489367355
0.01394501832140982
0.013986143463344036
0.013931610446265978
0.014022918047409445
0.01418106723458432
0.014741869247214564
0.015295486782149979
