2.059930632210864e-09
-0.011087666067997548
-0.015004930020913862
-0.012468290706600592
-0.00804572034508437
-0.003132264639308265
0.0009546575885769824
0.002958219648484846
0.0035157130330048126
0.0029931690904621572
0.0018365398468842384
-0.0031774197596958443
-0.010440850132050693
-0.015766778828133134
-0.019304251499819337
-0.019334101047418083
-0.011981329267663801
0.007278691871431463
0.043645020486988026
0.08977370106383908
0.0767476731528391
0.004065286675520333
-0.014862857898305534
0.03619384081055653
-0.12178190682672942
0.023488563665205676
0.03374609179657119
-0.00019285452938129133
-0.027215997034458345
-0.03974393960310152
-0.04768380310455593
-0.04438448267298386
-0.037749434948807455
-0.028564107341885286
-0.018270820777805535
-0.0075988767301365
0.007912300066947311
0.012090930113522564
0.019256891478224358
0.027194765815734618
0.031811191280877844
0.034323532442027675
0.03444830277897846
0.030570170977863506
0.026345980548165792
0.016832850623823392
0.005111725800479489
-0.00984399722353499
-0.025932526401964823
-0.035048567204795725
-0.030307080752766315
-0.03104370456841333
0.03587238227145609
0.0020555493870195256
-0.05611513783563331
0.11581171628557445
-0.013423186397622255
0.008862878025074631
0.031960718783087955
0.007251809885703807
-0.009939805566955293
-0.05113459560358562
0.02053206255917868
0.03541584546445328
-0.08229750732030174
-0.05484977051126683
0.08456869836224647
-0.07707637687696874
0.017221939721341478
0.05861516859284362
0.03591984949326693
0.014288365264691271
0.0010284164271090882
-0.005776929047540903
-0.009215738520294713
-0.01275483472502118
-0.010268189190764745
-0.011725130243245866
-0.01518241205782864
0.005271783039251748
0.041491138556477125
0.043064047126842586
-0.000777152100044531
-0.01906169897286561
-0.01771672117086863
-0.015713448948448963
-0.016357052974446465
-0.01866225491354669
-0.019108437023578728
-0.016585865475202716
-0.010328113676406136
-0.006610199523429005
-0.005261003982019658
-0.00175441663476505
-0.000277781352690551
0.003424822385686654
-0.00026944378186713827
0.007178686535864481
0.007125099110271058
0.00517806759677587
0.0011875408557442885
0.00840975450393677
0.0030726507313100977
0.004952783152188192
0.0014808910151919445
0.004461437391200236
0.003655682429084723
0.0020526173895782664
-0.0012108404924031217
-0.0018288160383530447
0.0007602227287096694
-0.0383240002495153
-0.021246110285712015
-0.028746351679434814
-0.031305592652669155
-0.02503180485398519
-0.014822671790071304
-0.031837035849371614
-0.03899155938391159
0.004722675790765971
0.03157474632617867
0.04020357016071441
0.009862915909009694
-0.003935957932139634
-0.039266236651414155
0.02207731289276417
0.021646171981380184
0.01863417916295182
0.034832133404701746
0.03292288921505599
0.033606895285425056
0.047739036968437204
0.03664648119349585
0.03679451621893211
0.03211165946367486
0.023602388999468416
0.01853514010649954
0.01739240980773169
0.010423128573872946
0.003700575752778565
-0.005443979180302547
-0.016345187641751975
-0.013588840843364577
0.0010231009474356769
-0.01928613708747824
-0.004777567253642028
-0.027857656368167023
-0.02210826516929042
-0.014698074785878134
-0.012158851414063305
-0.02726600809103547
-0.030414612782947013
-0.03360695509434169
-0.02897682598483454
0.024256316572488185
-0.022753971439767356
-0.01815521917044785
-0.022557804243765037
-0.021895942262372688
-0.019671257035724365
-0.017892506886666527
-0.014086176165953288
-0.010188464677517387
-0.005655548570971175
0.003634369015287768
0.04109681515581038
0.05549630205395142
0.027317897978030987
0.0277714259136935
0.031794019725882916
0.01868516169673061
0.005460974030701094
-0.015466729773028797
-0.03275342950841571
-0.031398737949341504
0.004929939645479414
0.06639141617479956
0.040290076416216576
-0.06652457561380808
-0.09688833653773748
0.025263507064297096
-0.07471238494870802
0.009131315228064152
0.0491507540433361
-0.047400920886617896
0.00939421755144229
0.02923094491979884
0.10191214545295427
-0.011769527127851636
-0.008401003965424694
0.04001653793766603
0.038283102833366126
0.007667749244013135
-0.0074124804447476145
-0.050688450657997326
-0.019339594686106548
-0.034023746589239734
-0.05080695962736666
-0.044146035999692836
-0.02686347068431365
-0.028798013187564735
0.007264377904731004
0.050616707397781235
0.03168651888658731
0.07675356742591675
0.017691600102460542
-0.01727066575097425
-0.016388658882840548
0.00848691032057129
0.016739071139292763
0.013859697642022675
0.014450263268199483
0.006592529042147385
0.005661035129119967
0.010841110589004489
0.05586309057108462
0.00552240665256718
0.0024323470835192003
0.004132794683351716
0.0012010562699451182
-0.0008516589066759213
-0.005591578415481685
-0.01287072165150277
-0.022533423240209124
-0.02155812070890915
0.02188238808410915
-0.033335961365017173
0.014722246337247731
-0.031072305555012926
-0.023223831175874288
-0.006882396348280397
0.0330353100090503
0.021621556954671398
-0.02142887153574659
0.21597249945059255
-0.014232779695682422
0.0175806467984888
-0.0031404396989509614
-0.027432904588679214
0.01399243140214114
-0.010667000286716487
-0.049823143533651935
-0.05514556097297364
0.016710112739631505
-0.027032810483055655
-0.0555717441685726
-0.05056781271305751
-0.03325819235208171
0.006907839141960309
0.002427759803137154
-0.017447786826400868
0.009442103535836474
-0.03248888801178441
-0.03413174842042788
-0.013088460706252502
-0.08180328562250144
-0.008610136886000859
-0.028287895334665566
-0.005946400671996743
-0.006346477427283958
-0.010652570967997061
-0.011800968411858558
-0.006408234214437688
0.029781390255149896
0.043914362779612505
0.03562981250429829
-0.04761778918374502
0.028379107954112383
0.0191925220513087
-6.95657122306303e-05
-2.461416722904129e-05
0.0021988073193852406
0.009790609345334494
0.007434454022944603
0.016992672242838232
0.010300250264547115
0.045760224306330276
0.029794084382066228
0.018489911221300746
0.020692902211791795
0.018236670160522578
0.03353928150140165
0.01746503307136984
0.01071958779486592
0.007844844255668766
0.011743915869708813
-0.02139734465809229
0.017479040314544912
-0.002035533542160851
-0.00949317905536463
0.0033705917013176407
-0.009424322541315132
0.01040452610551038
0.004851578511247279
0.015591782572583484
0.00926070998257268
0.007742388836410289
0.004186861117495134
0.01136974062783059
0.00012987312685483262
-0.012704025469001927
0.014548591463869893
-0.03710415525922143
-0.03134730594546398
-0.020021827108217503
-0.004893114321995369
-0.021042754972740788
-0.02581840493622088
-0.024407680639385657
-0.009138710525476915
-0.011761626376871663
0.0007701319810657629
0.005962918110374763
0.029497702959124936
0.0020683911649384116
0.023690949746857873
-0.005841387213150938
0.010950300456994359
-0.009303163916680112
-0.020809791299174204
0.0001187402486829446
-0.014875118829447637
-0.061760647853831084
-0.007846570560635065
0.04122022237221012
-0.022294923989906523
-0.039246737032433476
0.05502795141712867
-0.014498495984629265
0.04482198831804514
0.027183639021930776
-0.008447302946566706
-0.020017858533874913
0.011911713950060287
-0.0028539199091654564
0.01879326725407702
0.058917498119878405
0.04388691346736824
0.010294524622184565
-0.00662725929855052
-0.013861469429283187
-0.017194783108612863
-0.016264365885232706
-0.025801455161486745
-0.013729445154246296
0.009279626736624086
-0.010759373986831782
-0.01596574261049763
-0.0146326141629544
-0.007833650778964859
-0.013968526227701351
-0.0012404403781362996
0.02646032852192224
-0.01601847178332764
-0.0012406039661291505
-0.020827750323624775
-0.00038723095846462187
0.009343518645442117
-0.001453343763452853
0.063947008129312
0.006506788981886643
-0.0001460632073864861
-0.006205382423299848
0.006072713067806028
0.0030118469358614043
0.00790565614640438
0.006718600011283219
-0.08882683677113594
0.010022349095304297
-0.018891463484290515
-0.002335205675069495
0.04991624734034106
-0.0044987854558020115
-0.022892716051841226
-0.004063488056245187
-0.02929375037718513
-0.04559671729788311
0.017265479959631024
0.012977077100503435
0.020582009509892703
0.03497569895563548
0.0069659877172531465
-0.004836440815995599
0.011937039704075862
-0.02911590591353275
-0.05181955799198037
-0.008703624800810475
-0.0048995743796749775
0.0005101791548123091
0.019795994583810986
0.012879892662619987
-0.013385060528763414
0.05955661058587493
0.030755736286128717
0.020964440509199427
-0.006555507623919947
-0.009853874148634662
-0.03216990582265383
-0.024949758963336913
-0.0285718624065004
0.01612488659982239
-0.05633843144666509
0.010983591360806618
-0.013353702524827234
-0.0007762621104308606
0.0029623318037950135
0.0071452060403530415
0.014653135541166732
-0.006338104691692179
0.023915781694799118
0.013712595932900485
0.009611266630639105
0.008857126178811427
0.059525016850756916
-0.03538725931192272
0.0010536086792931878
-0.014085729057301991
-0.020403577333684524
-0.023208322567371376
-0.01916495503894554
0.0006914811931968393
0.011357966829200322
0.015346926337702379
-0.01655054567412317
0.05554945491238316
-0.04452137942143113
-0.006183938670169247
-0.006821034371981014
0.019203089203130436
0.01244492405206314
0.00024778593673575633
0.006788105009236265
0.019867475034363317
0.045195670140410114
0.058776231743106665
0.03882451184292368
-0.03154577645186835
-0.04167133072638818
-0.010223109709351969
-0.0795903683628961
0.027584631218201205
0.04793220895562015
0.05177760368124242
0.04993112206048952
0.012905201698189546
0.015491332146835084
0.04595553642918951
0.006575855322836883
0.022051872415769214
0.013149559805822763
0.019700438652476643
0.023541562320216487
-0.013271699432594564
-0.009748971534047099
0.018780884908423213
0.017456435429574153
0.0062377860520846495
-0.0037159490794738356
-0.0017643883115515077
-0.006817076162294442
-0.011189059967741465
-0.014962950058999315
-0.022690740070235547
-0.037537864866086325
-0.02495898741612984
-0.043964322238836055
-0.015454659178136751
-0.012119112908939866
-0.05070908389949562
0.011870816064357519
0.006375356524844629
0.025421682606993068
0.0340428075764959
-0.0064068470134651
0.06660392470614036
0.022829051856241577
-0.04355574386858805
0.01445567781943884
-0.0013862767381839713
-0.008250018465926065
0.001418250276908649
-0.01944563162072069
-0.02510668802394681
-0.03686389416372427
-0.03840178988391172
-0.01989069448456491
0.04902230843663395
-0.022761187903227457
0.03713329318404809
-0.029123098483638487
0.013094608705938874
0.029275683405280747
0.03295469734872597
0.018120597225999197
0.012296416887065146
0.01107876549949144
0.0030106914027206748
0.01640122780527146
0.01586265031242627
-0.00011878756786566604
-0.0009233983604883988
-0.003996236223443118
-0.015307623129307958
-0.030455567725510505
-0.03875306016868582
-0.026806617008626934
-0.022800331850121654
-0.02704309205201347
-0.055214369291028825
-0.032095773331674855
-0.03978399606427633
-0.02921885662474051
-0.0182976780945828
-0.008609166036186956
-0.0002522427647518036
0.010285722116603538
0.013587459503675327
0.01400446991098874
0.019382680302902435
0.020934421214164632
0.0009775815399618566
0.01431769740837002
0.0017164284641103555
-0.006132663368920313
-0.003370885362061151
-0.008620856859700628
-0.012847288902787806
-0.014991865277078674
-0.012512459960262293
-0.0048523376827360526
0.005303358081868339
0.01438924187992342
0.02297809789378238
0.02826422427405015
0.029187997252288492
0.025466288307785016
0.015479257008098329
0.009173214050818435
0.003290246422477398
0.0006986910824362093
0.0022700418962662916
0.006220159636212743
0.010452969841847782
0.014259008089428076
0.017510750172454324
0.01951208154980822
0.015515406695563609
0.002609290397155582
-0.016787831278890254
-0.03180013024864384
-0.033018055330947094
-0.015281193230683542
0.013078984471582757
0.029067777668409397
0.014317641400321098
-0.02087952030726606
-0.049228103052859115
-0.05856609557231134
-0.050576957388066834
-0.028001076955114567
0.001699833049526588
0.019824987426829303
0.013618377910173169
-0.007303927985279504
-0.024722500763880696
-0.028268290934260254
-0.01882600054011435
-0.004054517626371927
0.0074598386837990945
0.013791062845239972
0.01620526903119718
0.043363721882071306
0.015033966748992744
0.0124163175413803
0.010103996559583037
0.006734918601978779
0.0033051293004841163
0.002514582779085902
0.00500841006652913
0.010258321548233024
0.01575527271624046
0.021020625768894987
0.0178215004676663
0.02497097244641013
0.020895064570839395
0.01378364701271487
0.005834240434991641
-0.003116629239069198
-0.009892230384024
-0.01588311343372267
-0.01981323909884772
-0.029791868368509573
-0.021407199524489256
-0.01969241050497868
-0.015359946179812156
-0.0018586174527510583
-0.00392828942392563
0.002298312919025253
0.009958713857273815
0.02209637631383772
0.04374190251551709
0.022382810973447076
0.01564591950503995
0.014405016715472183
0.019896970459035275
0.022104034025108035
0.021692696702228703
0.01935579442086768
0.014444778241178952
0.010911617941747982
-0.012908876629794524
-0.0038189038739144796
0.01368886508854112
0.018019367081358623
0.019542017025474933
0.01164128390680904
0.0033695000763501654
-0.004650089751687065
-0.002814778291162303
-0.07970165729177286
-0.06000822977241442
0.006922422817531365
-0.11705198099365133
-0.020716745511354506
-0.012229316623751556
-0.014121019460003423
-0.0002048539162636393
0.004835384483019467
-0.0015587552172436625
0.008030815372101468
0.008122755347795283
0.006340777155672432
0.001677627862783936
0.0052919088301606005
0.007036126249554566
0.007911531832478473
0.0033982880510256153
0.0035655765916380636
0.007943458788339505
0.01077428329548278
0.01574321536736884
0.007941525047984578
0.0080849352084733
0.013827715236565317
0.012431839729915092
0.0012968201167471267
0.003229350333820623
0.011440649654342284
0.00688479524151758
0.007882156969888261
0.006712237073475407
0.012165995356374127
0.00730340758636099
-0.007446294538509226
0.008279861340970047
-0.0012749542850248245
-0.029233654031912
0.015643260554119964
0.00375733827583962
0.018323529478881294
0.0033051298060392943
0.01806828494558956
0.022328298471086836
0.014679959998468281
0.011183272730229572
0.017338707839844952
0.01377215227368816
0.011163680092309693
0.0025589960814338644
0.005094762800927857
0.009598988478155861
0.008329498516443557
-0.0014153048093786546
0.005316162446249489
0.012233207568592704
0.0007682253412927941
-0.0009482832115812989
0.0025836427473565748
-0.012887638733622307
0.0007959616915156765
0.00255148630455529
0.003790159449413019
0.004814765552361364
0.008370100072713143
0.008943847852051956
0.006991918694404327
0.006258865629095225
0.0056923856370117995
0.005192691858975617
0.0041998076993353915
0.0025704305142277887
0.0013346916587024782
0.004432164990914232
0.0043684524488673306
0.0034886394364822
-0.0023333933403431413
0.0035995073756543935
-0.004739725547725391
-0.007970738492409809
0.0014561959906569312
-0.008678292164076057
-0.012661349529745167
-0.01570333340821361
-0.02854958393230854
-0.016966033043677765
-0.012398137851710752
-0.00974543203246254
-0.005008381398149284
0.001348835680962184
0.00962764433964771
0.020590394112870693
0.03442926962097714
0.05499504654280169
0.058575601484380305
0.004361675529040837
-0.023194212523137053
-0.025078854320772406
-0.006878024463626211
0.022827363972358603
0.03013813409200948
0.010835599269475334
0.015269087609862871
0.00773886811331085
-0.02539729705895842
-0.00593713942289622
-0.010618480856850066
-0.013346674800245538
-0.014171488215783389
-0.00983674262859221
-0.004250360477136121
-0.02873007721948242
0.008111025586261058
0.016727678443575734
0.01801544486414913
0.012079173590814367
-0.0007093029568292153
-0.007015212749143477
-0.013133387138086837
-0.013137975476345855
-0.008173703835759827
-0.00289033290472662
0.004725388707577556
0.01063689515744496
0.013838650579089928
0.006480428406420283
-0.016333669192816043
-0.0416408959234908
-0.04606675328051105
-0.01636457930168875
0.02845033238621748
0.040941291130678875
0.009829529991406717
-0.017890013867587876
-0.009581090958647436
0.01872126732868802
0.025327690187769304
-0.0026892057999690516
-0.03397365175667754
-0.041445068496383304
-0.02622907830928986
-0.005662114672588512
0.006819655812639582
0.010955475091347817
0.012664527426935232
0.014456549066716572
0.015214828240115786
0.01485577020956306
0.018314473166048235
0.02367663848083147
0.03237644877428859
0.040516730837933924
0.041861078979187484
0.024167184180404793
0.012661608163338112
0.0009504677176572939
0.013284606167592255
-0.007966010463025601
-0.04799289728633844
-0.055758514425876954
-0.04844290790737211
-0.03712698227849512
-0.026776836463669594
-0.01891435139997639
-0.009680783029227485
-2.254551396775989e-05
-0.0007836819773971668
0.014500093912131192
0.022089552611201504
0.026300971438700697
0.028012178682931103
0.027473779127531905
0.024404309310843038
0.019275287286161548
0.0007490651776068827
0.013167202688949897
0.011282773802476108
0.006486091761592158
0.005520281752669824
0.0021179602722313255
-0.0030122005812444515
-0.0032738811388855513
-0.00557859834051217
-0.009573434132075825
-0.020066335279475732
-0.015066261371553364
-0.011441307293355376
-0.011438172694378562
-0.009628660540541598
-0.016797220333983197
-0.009614331186170026
-0.009210948006793876
-0.005804376781201025
-0.0057381288315319755
-0.0023265277764292413
0.02865783799985197
-0.003117142849213571
-0.0024247587397239773
-0.00065040568995998
0.0016801770619655446
0.005805569709101858
0.0054417804337071685
0.0030325442020401223
0.0017674750368421395
0.001790732784818908
0.0026913380499283446
0.013473755373603956
0.009351975534928818
0.014249597293973359
-0.023388108129445036
-0.009778414522072868
-0.0017676536705287732
-0.006550778646679929
0.0032147783171040003
0.015106876813192196
-0.006610560889210786
0.0048247543930424125
-0.028384265206633025
-0.00437016647543257
-0.008341606995055838
-0.006274937287238241
-0.005275954223523013
-0.006527680724728919
0.019192548602285305
0.0377849343513667
0.006522252562506773
-0.02875225845053477
-0.024741182554800824
-0.015530951731945778
0.0010085298179920538
0.02483805324260497
0.012476695994636683
-0.0035653838176793024
-0.009483833039662002
-0.017917512424615478
-0.01721802892915795
-0.010399118731095322
-0.007132355487515611
0.0007486617600004597
-0.006025832765942883
-0.024163395848183913
-0.012539198591945746
-0.022039853608040172
-0.007536939517653767
-0.003908832769259829
-0.002255451462208622
-0.004028025274184227
0.011727064679991472
-0.0027682794114569326
-0.004842035390644195
-0.0006908874615513198
-0.0034281845739969207
-0.005272278828120072
-0.005586357959724626
-0.005162705866504986
-0.0022529521314836637
-0.0035649916620501976
-0.0034186074264049627
-0.005383248345819713
-0.012942470109959974
-0.010497683905095472
-0.0042507737056907725
-0.0006236490323541631
0.005282338774103094
-0.008998877100892368
0.006577671998455999
9.648233279037363e-05
0.008638281410714838
0.014467360889393571
0.0068005950123716605
0.010609603321520786
0.009312678308052663
0.016316688062494315
0.023255697348691397
0.01830376838309973
0.023443046566997063
0.0010254319405611455
-0.0038383067008695595
0.009482779944594313
0.001508965348963343
0.0051143167207931
0.005202915186727493
0.007847438466833051
0.007832040050120519
-2.6931270397327494e-05
-0.013110217608530095
-0.018060304469052962
0.020877337786327072
-0.0015018153886567859
-0.031068043683234098
-0.01928087130652722
-0.02361835504902151
0.015672594671225712
0.06156109693984093
0.06919222079911111
-0.006212068058608848
-0.1330059225240893
-0.048173670850715944
-0.11290542714822391
-0.06013026556941714
0.045845712137709396
0.05968814050156909
0.035512491572636994
0.0071325371380149384
-0.00453398651446498
-0.011244947940621695
-0.026424085494733608
-0.01842352464206773
-0.017266747378600206
-0.02257266702091023
-0.019624139662486172
-0.014122459195443558
-0.013974077663327157
-0.014746700112556823
-0.03146730880830538
-0.013386484887614366
-0.011717781397676923
-0.011780078221428758
-0.007900837237897277
-0.004846395699967142
-0.0035329890394848215
-0.0021055949060982044
-0.0010042246969635216
-0.0001059897859357416
0.000452626776311866
0.0015125908253935845
0.002065822339219064
0.0020082214472928435
0.0010035439723115997
-0.0008343646643657292
-0.014218568631779808
-0.004108046236092196
-0.012943864379389915
-0.005458358751031613
-0.009453708753156327
-0.012642665718099114
-0.013664784488520433
-0.015185460406388603
-0.019675996727313072
-0.01845695510166155
-0.017688444395177444
-0.01824203063163455
-0.015244276023481513
-0.009637804022107207
-0.003986307441320449
-0.0013277590096351533
-0.006918074430972331
-0.0228974110153512
-0.03615377940149246
-0.04107845441625611
-0.01838251362786403
0.0919074660286029
0.06297346211056035
-0.019937860825656954
-0.008315027104176682
-0.021447825439719584
-0.014850871987637704
-0.006035877558787595
0.0019299399454332019
0.008294565155784785
0.013211177774686443
0.015339935128472384
0.0031542025540224694
-0.024562323221536533
-0.0501614490400239
-0.04058504939605005
0.010206666561942258
0.05281144890831995
0.044904919201906396
0.03073650599153683
0.04772028325295749
0.049552353732444876
0.003047756640125415
-0.04332689119301409
-0.04847661782995649
-0.023017516718983087
0.004807471643102306
0.016894082530931553
0.01609842409569559
0.012165867586949203
0.0068932035710227305
0.0023858040633513078
-0.003333578756588329
-0.008870749975225363
-0.017392300503008863
-0.008458759521742552
-0.004090257294547624
0.0007284880077689687
0.004542790750930644
0.009035138704612242
0.006829886648036329
0.005300432689650064
0.006778236343566
0.006510811272486997
0.0055383990465020195
-0.08759049890768118
0.0006996140254543332
-0.004972697765428812
-0.006025773898345732
-0.006076436400808605
-0.006013512690778052
-0.03470416921155986
-0.008659965982959804
-0.010236531847322428
-0.010325608199320014
-0.01326066891854822
-0.010111660537074888
-0.005632660944306151
0.005671853058602671
0.02246077040372552
0.05572319464531152
-0.00898051811221741
-0.014130868320209444
0.03366079256771745
-0.006506785327070803
-0.0068514131885927506
-0.0047843249922302905
-0.0018443630216612046
-0.0017985796608519459
-0.000648322301958219
0.001235077146443645
0.0028190347789359234
0.0020653946633963187
0.005621551507560433
0.046263703203846485
0.010309017300774487
-0.0028919209372939916
0.00712062235436499
0.006023460819430581
0.0038100648435512585
0.0025307794264180267
-0.002362236965121623
-0.0011136650500459416
-0.003345269724600206
-0.005687392963513036
-0.007857974307709958
-0.009273632450898654
-0.009612242901786847
-0.008350827722732913
-0.00569234467287164
-0.029834490456815407
-0.02109750629640717
-0.08369057240067902
-0.035662607763685565
0.009441014577496083
0.00722635399801254
0.0033802325966362143
0.0018774675349486935
0.002027380792034201
0.002755049656921163
0.002659555311808084
-0.008323476712341512
0.0036031643756143485
0.0038790784410905887
0.003257835081010668
0.002486520772097324
0.0018938884637023743
0.0016552200084110065
0.0017127254474505955
0.0018470953371031273
0.001479524826967429
0.0007824455113472679
-0.001144543070330696
-0.0032297257435824505
-0.004816533610117685
-0.004956435921968411
-0.002907484809322965
0.0012424529042956915
0.0066171257618102605
0.011181009048576065
0.012642909996131931
0.009514455826596725
0.0033816308290522752
-0.00030760618336532703
0.004440206773636553
0.015075446166112224
0.018818822287167893
0.01669789654745499
0.023370251040763495
0.022891515974180574
0.01783359889069785
0.02237314848987772
0.019852673216026285
0.008915005206018936
0.0009633997688990187
-0.00021928152695888196
0.0024102617861897443
0.005415110727465228
0.0071076469318066635
0.0067287964905167735
0.003762531175013873
-0.0037371463206393356
-0.017069707844606857
-0.03144679286626001
-0.03979094263707694
-0.042346353800173216
-0.04182842242732025
-0.037703784918292786
-0.03268389749973182
-0.03539272448987639
-0.03791418297591423
0.010935052267959726
0.04993269013630019
-0.0051537741717727105
-0.01428594456762258
-0.009906166331125458
-0.005102018030166744
-0.0012169975587828777
0.0018653960153752031
0.003306768155834369
0.004162314704643918
0.00445474332159394
0.004387695248950633
0.004115105912445977
0.0038702096666182254
0.0038964281554949728
0.004153036943774338
0.004202859766952715
0.003367664625507859
0.0018325092265790966
0.0008056359920472594
0.00017572577255299977
-0.00028940101168650084
-0.0009138132158015411
-0.0017938189056786837
-0.0026483043518623676
-0.0030599198123282515
-0.0023602091265257715
-1.0010330995779607e-05
0.00434078893201262
0.011778224519568671
0.020682309494082417
0.02858985720343815
0.03044030091945731
0.02802959434289941
0.024363207200406647
0.013687213644664846
0.005164719738311628
0.006944261616558438
0.017567885688108076
0.02774161174680895
0.03386050096506225
0.02729788525831715
0.025548225877889894
0.03255852327605308
0.025286739981224948
0.028303187755836838
0.03379449257076103
0.021739949566723475
0.005626002114002569
-0.0012294492257562668
0.0008218342488864924
0.00632490951837848
0.011390815407140075
0.01263417784547589
0.01039081081156492
0.007690483105375975
0.005027397197586741
0.002957988982388936
0.002128184934127396
0.012243913417037379
0.035253515768098875
0.003308065587961566
0.0007734857409631942
0.0010181342831217608
4.355333649441282e-05
-0.001295154391298228
-0.002443188365340756
-0.0031357157338458286
-0.00375356172599827
-0.004293493410484152
-0.004323234864448315
-0.004833599149546828
-0.006635731660495614
-0.007378682975330515
-0.007299026698165819
-0.006157254207728049
-0.004890017006728252
-0.0037294650640512087
-0.0032966072160065265
-0.0036907704288199577
-0.004755253342584012
-0.0058265086606901955
-0.0058957980139144614
-0.002138040560733806
0.004415967371776993
0.0045707867056813565
-0.007404236058697824
-0.020814815124011853
-0.023378114731581495
-0.015112088169437153
-0.006688879981779542
-0.0008538769679023672
0.0013185826233199545
0.002299350479586721
0.0028746488351279738
0.002291632118202182
0.0007253917100542965
-0.0014481118806979605
-0.003773372497761032
-0.006512899702765595
-0.010034301024926133
-0.013781010123531416
-0.014553088580754128
-0.00969240898272711
0.0026871853549660777
0.014283388587500308
0.008973756988317259
-0.01566062573195973
-0.03975028719149175
-0.04710735837935362
-0.03564260316472863
-0.01176277422667307
0.007940808751453123
0.007685097930906212
-0.006843537688885112
-0.01982450000476335
-0.022876329493776403
-0.017222237883257437
-0.008504662096413674
-0.0016704412288735414
0.0016085141524375577
0.0025051416852278122
0.0026927729220838684
0.00317154190850348
0.003780957297208081
0.00275426820966785
0.001032537499123411
0.0010903857615449208
-0.0021076853829851113
-0.0069617299412409435
-0.010427913868144359
-0.014281422297780224
-0.017590115288910017
-0.026178474053935367
-0.021829485167319928
-0.022392395042504162
-0.05742832189167282
-0.020366318353674934
-0.019325870451687842
-0.017286485574661545
-0.020956852019995274
-0.012731366121671363
-0.011217304137443217
-0.009325619247314624
-0.006172164732963641
-0.010693223580279299
-0.009345776659550713
-0.025818517793162778
-0.011356539766600766
-0.007074626706598364
-0.006749571162491669
-0.0077636773616219954
-0.016578505620735706
-0.02327041247479023
-0.03166722042430249
-0.04067723392690548
-0.03861388684024434
-0.0041360475805952155
0.014987965887584333
0.059061430787184566
0.004124950609805999
-0.007245930896134103
-0.00023639603790810116
-0.027066895548503694
-0.03360163071586251
-0.014431897935437924
-0.013489786775119757
-0.006482150366084829
-0.0069889257298633755
-0.009404528710464329
-0.011488782335737462
-0.04113120299510949
-0.06181809898880192
-0.02546778583238578
-0.007301381152032476
0.04028341328455703
0.07313951005837521
0.07070057275234809
-0.0008336961227911782
-0.013611841746497804
-0.012896799275583383
-0.011505740034668744
-0.011675111316268168
-0.010613462554854694
-0.009316899341744575
-0.004633011490044969
0.0039268706272163915
-0.017644938636873792
-0.0557204581366133
-0.014999036114625375
-0.004119231849028399
0.0002867035118165169
0.004904462605539446
0.007798112631427825
0.009255821712709812
0.009632957566942317
0.011362401219757658
0.014306168617605279
0.01865933727623365
-0.00465388050189746
0.033279059961874996
0.04140867036654898
0.0015828310606960771
0.023086650293481243
0.035815996891824464
-0.0060041712526478965
0.01912727532300322
0.020405061052784935
0.012782805131044243
0.011779898702944776
0.013014115827975814
0.012451801180567107
0.016016651065788277
0.01091049566621287
0.008194208049974692
0.005040198467636728
0.004822072788107195
0.005681540262860524
0.006495234806477668
0.008895823569870108
0.0079405320832452
-7.927672761198362e-05
0.013218782594080521
0.015152560673031125
0.00981710512764497
0.018359018825807153
0.01715466009217463
0.006684500303440124
0.006547396302257158
0.006824932257784575
0.008060414384177475
0.010004422018981761
0.012248859156926398
0.004679109781128821
-0.01102576927339468
0.01278300016079103
0.023714702585819706
0.02334666476297442
0.0148963757501459
0.013953533595166477
0.015024025244846669
0.016994090634948004
0.016740066306786188
0.020942468653801782
0.018424034611804144
0.018842323910683797
0.017973447287369538
0.017792269481750923
0.01766434677838849
0.01750558741078908
0.0200738605411652
0.015147491351407076
0.012897174955504985
0.011288014421048001
0.008670844999816357
0.006007937115819265
0.003090010800378468
0.00045342549757334464
-0.002120206668010556
-0.005208454832248965
-0.00839462297816901
-0.011646606941710227
-0.03832361206753534
-0.009071052785873107
-0.007239638433723923
-0.012231539034263295
-0.00811114236373384
0.0015057697205984612
0.003302717148429786
0.0029204808256827358
-0.002601229547812743
-0.01636627286670126
-0.012038771049771552
-0.017505639996146263
-0.021249348136916785
-0.022790491653629986
-0.018841039447399975
-0.012199014810336762
-0.0031335461553250858
0.0013328475825128208
0.0040573346588590985
0.004466446943009316
0.0033209012802507304
0.001182322476371969
-0.006813402671151994
-0.02352219510765631
-0.041014082090259814
-0.053412967801661854
-0.013564419571801975
0.02787296926219653
0.04870294499401183
0.05519411835922427
0.05050836367097704
0.029567879897169455
-0.0015313145591436918
-0.018471746917102717
-0.01672829720514484
-0.006354485906524965
0.00403579503544998
0.01094674319480991
0.0138706354449967
0.013104309947591989
0.008836760061715338
0.0014587224871510788
-0.0077068598527902194
-0.016202916698681194
-0.021778650285393643
-0.02330436355178082
-0.02091643888435556
-0.01591024377809748
-0.009694404597489258
-0.005759897757139535
-0.03598156000500211
-0.0020444187398512437
0.0032834696595950563
0.004970931618235378
0.005587778869190522
0.009364033724609273
0.016969149979413494
0.012051880648141758
-0.004853428671847729
-0.022848493614560757
0.012826827307455853
0.024370730953263624
-0.02897655564168845
-0.016679599253643908
-0.01003029136643927
-0.008738565275664805
-0.007119831292639506
-0.005099453413706591
-0.003154590907004506
-0.0016245515531461354
6.400782720716146e-05
0.0015887185843742083
0.002751046209630314
0.0036253976083508487
0.0054612195327151366
0.012788141508309772
0.004428750908180767
0.0006210559582184804
-0.001764204746816026
-0.00536181691289044
-0.00897177175697197
-0.008672179232589085
0.007824597655990381
0.040771447448269466
0.0075969068094760015
-0.06385900107401957
0.030986213826253287
0.025474409523240746
-0.012647354018221873
-0.022222844554387694
-0.019545882953403072
-0.014140969626787315
-0.009979851105001606
-0.006248734061320129
-0.003098134137794734
-0.0006220907577438932
0.0014830448176334457
0.0025426887877030816
0.003792067259054705
0.007472453601524232
-0.04045075645289256
0.008741735568947978
0.006442887463386198
0.0068933107957859585
0.00013369444936806054
0.008238267921199518
0.00993253084065522
0.015240464805308145
0.02593672288481759
0.023042473308162167
-0.0304726960588857
0.019792013540073844
0.018654565623205315
0.009658608412362067
0.006672548356751145
0.006483306233101047
0.007058641170600529
0.007867543069418502
0.008387677619288355
0.008855470832578559
0.00913410487144357
0.009464126533789658
0.010612406983510209
0.015685016939548903
0.017973417848886016
0.01497085520113708
0.012931403512432028
0.013446718769151166
0.010872245438346964
0.010382745053671297
0.0113916616630998
0.019389853466688287
0.00946314680551225
0.008897212359595383
0.015929346448188976
0.014418539495254736
0.0077629430982377725
0.006220231262340992
0.005621246258631678
0.006118632155169019
0.00022113164951269605
-0.013687768347201638
-0.0021761212250491976
0.044929241589763816
-0.009151161648636223
-0.016008522726779502
-0.007833103810518048
-0.0011449817089393785
0.0023743015337973675
0.005815836066534735
0.014378776927254795
0.0040850394589239366
-0.0007106754090759876
-0.0048062504944408465
-0.009905267292462916
-0.015323057831565274
-0.015493074066243777
0.00161614843277829
0.023838401654361848
0.008069549658984232
0.04628938126315657
0.008860622889734954
0.02125998995286426
-0.0025991372511288365
-0.019575935138199038
-0.02125054284695229
-0.01863468647918903
-0.020407996015640743
-0.010611768088793163
-0.007627651280877839
-0.005668583457647763
-0.0043323322533263585
-0.003442697563250844
-0.003055669015841954
-0.001220832339120222
-0.024296306412646365
-0.0015742471544962326
-0.0018383245663766395
-0.0033788350954326073
-0.003744198619350795
-0.004357969114214675
-0.004523487851955768
-0.007432373173561244
-0.004997957554930194
-0.0049530240716295386
-0.04896659532163832
-0.005169200153828744
-0.004928336852736226
-0.0044525605194983215
-0.0033058554121172174
-0.0008271436846736378
0.0013992179985022068
-0.0014221255704981782
0.0033201142337808613
0.008520891214323796
0.007787526680544323
0.007935153341154548
0.010756038807688368
0.006400426804166634
-0.006832716875655281
-0.013508397644879069
0.010200397607151555
0.00940187108413044
0.0076589873605480505
0.00577407683468573
0.004115601855589017
0.002992501471053438
0.0023970930179981757
0.002064113498530254
0.0013237091611323398
0.0003104238896702812
-0.004831995105548397
-0.00871505437676484
-0.010117971841270291
-0.007550225031604703
-0.00263388095691291
-0.0009580212157083632
-0.008004819222124161
-0.019144572476346603
-0.02374138477167646
-0.023232314144205426
-0.022050435758114727
-0.021634943707703018
-0.01746529682561453
-0.0077442258392782905
-0.0016661405452227753
-0.0016055967893101473
-0.003113484810895112
-0.003866547296587966
-0.003322823110333402
-0.001957776142021509
-0.0005523109394773678
0.0009017522075388389
0.0021511020451162603
0.003285163427264875
0.004672494241794547
0.005214957312724434
0.005772222876708904
0.006492402855923891
0.007032921116495364
0.007426058916796442
0.007690245355027632
0.007780428072859722
0.007963608820813088
0.007286913041559045
0.00662003655912578
0.005838651329946201
0.004780513507716375
0.003427709561040658
0.0016751636233453145
-0.001008378653164052
-0.004041512625283738
-0.0050336637624890344
-0.004181822489810241
-0.0034305278568736654
-0.002864491647887661
-0.0023011146919164845
-0.0014362083688083886
-0.000200096425720318
0.0015639481719276606
0.0038397920970548484
0.0063920288894635064
0.008706721297617336
0.010589776216748469
0.012214097743084245
0.012435129334162133
0.01088542683717621
0.008160066331964965
0.0041149805786635995
-0.00027229496795358525
-0.0037193929284939815
-0.004486508263597026
-0.000902453110592655
0.006845650858250239
0.014407018837023333
0.0148102127696074
0.0032947913266779616
-0.011571325852880076
-0.006726554634649445
0.005081509371041931
-0.012991934560085515
-0.037494998764072876
-0.04882231070333573
-0.05774572475529428
-0.0672661465019792
-0.06364106631264113
-0.02802747549141355
0.03086191740902721
0.06156151808944202
0.02983183606751164
-0.02957903640760633
-0.0612362819475022
-0.05200282318291976
-0.023817892533231817
0.00016118603641314012
0.010913123375090015
0.010639111381024937
0.005244110466416819
-0.0004917838792845498
-0.004119244541447652
-0.005064817591776499
-0.0038400973912813166
-0.001251118731085751
0.001702577733425127
0.004426461144032087
0.006772878711301306
0.008588980636342022
0.009926299163172466
0.010782553962499416
0.011318300046541782
0.011707954567382226
0.011892795534245907
0.011894321970885675
0.011788744045397521
0.011722107988338209
0.011589939030703041
0.011304818800910044
0.010778418213507123
0.009864423158776168
0.008422417652878633
0.006229895335271541
0.0033662238480492357
8.781252806132963e-05
-0.003050811821403906
-0.004988232030292244
-0.004236236826324976
0.00044102923830938813
0.008969908881529556
0.01780447763101727
0.019226791103707702
0.00481184379572852
-0.02310013977788925
-0.040255009591886194
-0.015279877753582631
0.03904468754457439
0.05640911131342836
0.012766041024512153
-0.03275026625257546
-0.035006658426785395
-0.008598546468791868
0.013963278492742781
0.019429741786312574
0.012487547353153494
0.0025693325105110958
-0.004197394204492337
-0.006114891963280409
-0.004156686266623394
-0.00022188791646700101
0.004061019431196933
0.007460616595853276
0.009517170617887746
0.010170568538006103
0.009716863578819806
0.008457579228953934
0.006867324380583426
0.005206948968329392
0.003847348051958005
0.0027937223647532764
0.002083806527616283
0.001649002551539763
0.0016832445448649413
0.001991510006616429
0.0024092244799926435
0.003030945368218834
0.0036628401230219447
0.0041545192475228145
0.004625532283048726
0.004789815356527122
0.005524697882215951
0.022791084580243655
0.01168960247731909
0.007544345905940853
0.009054112879907424
0.009238672913341418
0.009274870124378169
0.007488092179438962
-1.084637490242159e-05
-0.012012705575535314
-0.0075479810325567095
0.031944565878929666
0.058048694501711365
0.03422203303796324
-0.008560630876395098
-0.01705974533190888
-0.006936296445718799
0.0023469145451431184
0.008741390753585277
0.004712724598871751
-0.001202328481120704
-0.0054024807025238415
-0.008207774859213942
-0.010824850647081021
-0.013008739212717963
-0.01439333758863628
-0.01583451162553275
-0.01625096802086151
-0.01667769786270103
-0.018192523089342483
-0.017967022520203924
-0.018274342228334392
-0.01784993400030733
-0.016433650135760668
-0.013398918076992124
-0.00823121750306795
-0.0007901660276049894
0.007948462796330238
0.01482710684836144
0.015466304300407052
0.006290650207866128
-0.01062818029867203
-0.023598333356473097
-0.01906246210912403
-0.006214988945886857
-0.00872962909465705
-0.019692183145456007
-0.007435162145007082
-0.006461669281456917
-0.02532416659940046
-0.029253458587725725
-0.010504464331354844
0.011729959538606038
0.02280814999826199
0.020230762586918517
0.009239483672274191
-0.0030863853607840832
-0.01166833658547186
-0.015458176221331464
-0.014144769084220746
-0.012521996472048833
-0.02301124980021313
-0.019595467547917998
-0.015300823622273464
-0.0001409438229656337
0.01799030132410884
0.007941692224439715
0.010346603966054366
0.0024386027323749656
0.00023863741355180577
0.007550172351115254
0.007625243264615305
0.007988552682631
0.007170959606066266
0.006477030682325912
0.00569587521775322
0.0033508473530270834
-0.010102337056620225
0.00385167192328655
0.005142870710715848
0.005409825813501512
0.005505914331625375
0.005199560292800515
0.0023419401928134846
-0.008261165550783585
0.0057285861430913495
0.006477669764715806
0.006639303148707759
0.0068014304638601905
0.004131449450077967
-0.006175199835367072
-6.755074527210946e-05
0.0009736982577959986
-0.0006856975467761546
-0.0019905950653109385
-0.0038344896833996133
-0.006910428569231897
-0.0103739575259431
-0.014239837224793982
-0.015226328193189184
-0.015862479581427252
-0.014504152120691177
-0.011769314901048485
-0.006706896041522891
-0.0004720054523693509
0.006417780834663413
0.01269236649744822
0.01720977456032838
0.018765207791728727
0.016384042343453684
0.009166105559267175
-0.002959789538439752
-0.01773337276954803
-0.027956800916383386
-0.02088733764729857
0.011005515090988701
0.048210715264978235
0.06440873721326616
0.06346304486879688
0.03611318892115578
-0.021150570292976737
-0.04565028143583653
-0.044833397723211876
-0.032507470677131965
-0.014760175566715671
0.0018187346715480477
0.012655588780423237
0.018354875763257818
0.01957442828010775
0.01745778568621816
0.013151179693985798
0.009648218705327616
0.008308908036810241
0.0067350840315000444
0.017611946277836337
0.02668051321230541
0.008684721175329172
-0.007242780347218742
-0.011650200128759997
-0.011857893610009038
-0.01083501207409479
-0.009202747349136552
-0.0072724009810198635
-0.0037646768204333183
0.0020580010186768433
5.0875944947685715e-05
-0.0020284363589678006
-0.0027920344413507716
-0.001876263343867157
8.977739618257864e-05
-0.001249881521837893
-0.0009597083579371912
0.0010535355456590886
0.0014760025340153293
0.002341857274596523
0.0025189285145968366
0.001973961640831214
0.001000558489681772
7.301235058401437e-05
-0.00040827338688039557
-0.00019367994785487408
0.0004325814311517601
-0.00022461431060735834
-0.004617688592888498
-0.01309345011860881
-0.019069933370555098
-0.011635322224016498
0.006146586997712886
0.016241426156043477
0.01944549644527838
0.016062047015663928
0.008715857740781286
-0.005224326378060116
-0.01881116173514159
-0.018564909285429084
-0.009928152608185196
-0.0024842235824641614
0.0005142327192456656
0.0004215428289478933
-0.0001544413092465059
0.0003187627204111275
0.0012445617760374332
0.002384574140862952
0.003296337673531604
0.003888857550195941
0.003819089539190795
0.0037429562120653943
0.004270023494975187
0.005516297217916508
0.0073104089294690104
0.00951499368407735
0.010928112984640833
0.009920226173231962
0.015064659514922333
-0.002976044564494704
0.015446588068574582
0.01872407005745822
0.018862986684692905
0.01629625289877878
0.009574732410568018
-0.017219837489765057
-0.0010606397526233878
0.0051120999327366355
0.014207776339395059
0.01232322551837988
0.008836602114503038
0.0043539411175809815
0.004823354494968019
0.006059037063161732
0.005331281745191648
0.000996600502530491
0.00848449429842332
0.00867795819922855
0.010002620368576754
0.008128809618344423
-0.01791124548132779
-0.02523068520408799
-0.00014788627098067262
-0.005114420723552576
0.005072436540187564
-0.0012406303869754258
-0.007513053200973165
-0.0007121572890646315
0.006146071742394816
-0.0030683208270573465
-0.008772871831718898
0.007107615773379668
0.006300846779091487
0.011815479223598956
0.011435153341272585
0.012007183477129174
0.010802304397805744
-0.001866880940345998
0.011863546295154752
0.014773960080378658
-0.014240180327207547
-0.03325833676958408
0.004648488714407415
0.014512530361162302
0.011865804764679381
0.010321899836168035
0.005207461812024292
0.008770856015811665
0.006120520288104774
-0.0072503118915398
-0.0007852508517210084
0.004661414143411423
0.0038311336841682056
0.0024315855749106148
0.0013546242313242439
0.0001317209571500784
