-2.6307202883678908e-08
0.039449333355950966
0.048036804528005524
0.05423741483317321
0.058875280072270386
0.0607218135918965
0.05874456568627371
0.052627111455425736
0.0425112699202103
0.028655291770942184
0.012208374500021072
-0.002494981170306476
-0.015991624953194245
-0.027922835274729753
-0.03622083885767276
-0.0410924585786306
-0.03996023313342827
-0.033229964535755704
-0.022596284474197717
-0.007725583077287203
0.02387394690221906
0.06523344383283841
0.014739564099739597
-0.05168847146932391
-0.003034481810138463
-0.028746645394326913
-0.01772156270639989
-0.0022527859805340877
0.007288489414562947
0.016488196689979442
0.020083663905196305
0.019918150924546022
0.020443914926065978
0.02055731624885854
0.020162996230158978
0.01918259823750783
0.03212004547436993
0.015478779372520717
0.00525752979264416
0.00723022627908493
0.002273209385838335
-0.003448193655005732
-0.009588556166597425
-0.018238701326650054
-0.025411195543188214
-0.032000161495074605
-0.035789529103282584
-0.038650746442691515
-0.03614154064569036
-0.02464848383788943
0.013458376134353571
0.07149670672872824
0.015021433859181584
0.01764938453559876
-0.05796889785071429
0.007768507706461777
-0.011423802501647649
-0.008306200598350678
-0.010523163783118341
-0.012920971896083539
-0.006355673904014326
0.00010509070950177193
0.021947691315211862
0.031049217914915203
-0.012967468566125047
0.020800771217802303
0.03731136825091263
-0.007501926822574204
-0.06692293401889272
-0.02679673848806905
0.010056234428806987
0.019153216113435293
0.02055292558781447
0.019507396713156006
0.01789639688122684
0.019430569517278142
0.015761391855153156
0.01378661703574273
0.0028442967435112557
-0.006501137717838762
-0.045693222425510424
-0.04770964496281018
-0.02459200700203111
-0.002604307245643988
0.007904624024783518
0.013148133216415963
0.016174926098491575
0.019268536883727358
0.024151221274698154
0.019306417948001326
0.018365510159635307
0.0146719290638592
0.014198423126990706
0.015638762641237567
0.036516055747202514
0.004348185437252161
-0.04372310476117528
-0.007344756634895488
-0.008050658256853258
-0.003702524173328319
0.005596835648388059
0.01525651158212123
-0.04128495617170897
0.011758267758724182
-0.021799074757513682
-0.002308887349687655
-0.007030105222098501
-0.009218503755983643
-0.007757640959713911
-0.002754346736838454
0.01033789354162918
-0.07305361124486828
-0.005939400450871632
-0.02608974688014958
-0.030954546758618966
0.05878482874628176
-0.025150836823820973
0.06780151118043998
-0.009020354919739893
0.009072325314814179
-0.02676804639073501
-0.019958012717573182
-0.04769831172598656
-0.005297256104741078
0.08820462143704709
0.04132701123511178
0.03670574712529948
0.01427023012921353
-0.013872961516737536
0.0029256032899402863
-0.003921073693909039
-0.023129580234441355
-0.009039442681603223
-0.014706871855591839
-0.012908629270727553
-0.011169540933961209
-0.007216621362211751
-0.03442775189403763
0.014221325341196458
0.01248838926457716
-0.009952193173963082
0.015967890540831423
-0.07929244350576373
0.07192251415788328
0.07818801084766455
-0.00619494757267555
0.006906793601865877
-0.004259811799168692
0.00026665328797578796
-0.01701297532797967
-0.006590243982465432
0.007568097822761099
0.010906501851990609
0.008317390005616486
-0.021196574315987825
0.008344472439808745
-0.011389048236019883
0.0004333339207004367
-2.1095984855890003e-07
-0.0012060604171902202
-0.0010715221132396484
-0.0033148597835788796
-0.004336280006584841
-0.00444269694200089
0.007321962111125131
0.08809255151410467
-0.04099367401182127
-0.0021695764434734835
-0.02153280929458505
-0.044729921620221325
-0.01875833250981069
-0.005874255851546131
0.011818023726532179
0.030360724643360572
0.042398294620660026
0.028314908680523845
0.006139201729579285
-0.02703517541641824
-0.025441952244150585
-0.04093026726236321
-0.0849310584275786
0.01949072671513153
-0.006906420632066246
0.05789872538766957
-0.05165897895117428
-0.006738567034906409
0.03716802457674821
0.021183421788084925
0.07088378095578664
0.051042486939353475
0.008091780629157337
-0.01243060540197531
-0.020486486002770032
-0.03753206408336946
-0.03700780091529575
-0.018396105036539465
0.005069766841412026
0.00190451817226182
0.0030478775531086384
0.0086643853506721
0.007742124376377943
0.013200962675617423
-0.021804415700448294
0.013917643843440654
0.004095353164361882
-0.0020203112519554685
-0.005533292170427817
0.020171895251062777
0.02633004394154991
0.008538689850450679
0.01579974342864005
0.001879290892368113
0.004460408043105941
0.0021653165140388167
0.016343744310980696
-0.060176590646774025
0.012017638114879972
0.004997051599707888
-0.0006278103354771705
0.004328400752422005
0.0009064392123139627
0.004792895049330769
0.004769267373513728
0.0030441263207926393
-0.004389222544384695
-0.012291848473058375
0.018411251936320573
-0.01622815550286943
-0.013323398718120879
-0.006346009518498939
-0.004693797022972164
-0.021733541615226736
-0.034304563840502796
-0.10720108188828487
0.02255374367693867
-0.006054904197851859
0.007751736405291159
0.011342731524625348
0.036422974266429486
-0.018327856574355463
-0.02322854998972315
-0.04648779869854494
0.011552138420845648
0.0567360149135722
0.029782951077506368
-0.015989189771905284
-0.025307022255111142
-0.002162914222088653
-0.03697253353064985
0.07249465747369747
-0.03799301078013264
0.015516030359635391
-0.015242441060204295
-0.0030859037793902304
0.002594703039565917
0.025101971140585978
0.004602716426699323
0.011579977709382948
0.04073987573253607
0.02626650206874002
0.007984828350347728
-0.0016130537550143498
0.005231362342751957
0.027198247946192976
0.008871027423789157
0.0022957826433323185
-0.03962412802517034
-0.03438500882229301
0.008631080196870202
0.008738948744122019
0.011996013955919463
0.002809589217888931
0.014638245451981865
-0.012846925637720554
0.025904676815562994
0.006376112245119655
0.003593060994684694
0.021349781098522407
0.017634665792321216
0.02338614929792993
0.012589663181674168
-0.055389897174926477
0.011030787739125804
0.006665860120299049
-0.0034425627138109766
-0.005977373892590338
0.07152424595861052
-0.008326342061271952
-0.025828883518974114
0.04293538692216208
-0.018005048195106052
-0.11573915961318042
-0.00626717349516478
0.025476240197315304
-0.00010282797874956082
0.0046024069244623746
0.010192467603930774
0.005120443779871477
-0.02936174377290588
-0.037586711547341486
-0.03004554267131844
-0.05737484185699773
-0.03509963834847936
-0.0065152286653038
-0.027314260936500443
0.0007887321361197964
0.017759410440569483
0.028764181475877917
0.034363492109108794
0.03189464001145694
0.037401673499850095
0.020893640915948634
0.033196041269613716
0.01894748758024074
-0.003325799107572963
-0.019928882441822365
-0.010597899445878496
-0.046079588073158616
0.007225872613251981
0.05865687898154356
-0.010273536215654395
0.012245236360272423
-0.06687186898437047
0.04355362585237467
0.06303881860995876
-0.042245394041371405
-0.004250568173637691
-0.09263490437959522
0.06900074839898149
0.007298284078711006
-0.00297392047920807
0.00090502706913673
-0.035234591578193954
-0.03777056122405051
-0.033927033894613774
-0.02117709695190228
0.006012947366414311
0.017214579739999472
0.013141715325296604
0.01082557276264347
0.008522363353937848
0.005436892973491572
0.00010357759896604091
0.00036828926878391916
-0.003416048236703902
0.009769517183661466
0.018545871249314273
0.025793601438459674
0.027871579043832792
0.02489786555783324
0.010902367936466775
-0.02534004803449242
-0.07782140143585
-0.037684782928115786
-0.02669421288412684
3.297819962574279e-05
-0.0019778401314104518
-0.03131675283371358
-0.04196171413429581
0.07090928912363555
0.0014716069890826512
0.036531828797607024
0.05149892405906064
0.04820730030045308
0.03861643801478185
0.026330714871987685
0.005723982178944622
-0.04900029295739471
0.006834483988577422
-0.004793005084277162
-0.016707374381029542
-0.03492630420571957
0.035086996956140044
0.010651534883699737
0.004483424029064367
-0.009628496162649864
-0.04288880565832891
-0.010558371110859801
0.005519760196483364
0.002655765050902098
0.0006010309528717886
0.020745587511125197
-0.018272324151436904
-0.0021621284594917642
-0.04561555488705678
-0.028753121808361662
0.005302079364302891
0.0033864921478821593
0.0060730516688037575
0.011756916971796984
-0.022296992582078252
-0.03737195718062469
0.04034821674434347
0.06033207625462081
-0.005360868406576356
-0.016441593435947505
-0.02038638499385823
0.0415642809309014
-0.03982828348157643
-0.04670468790223099
-0.045173975192830375
-0.03773437637719764
-0.04136098736714819
-0.07161992737450237
-0.024540827112632967
-0.014610042765960504
-0.003976176163952032
-0.006346289495142413
0.02434095663951211
0.0009048841693393488
0.005973586948154357
0.009926111157194025
0.00416019460344664
0.10609785491720855
0.04814883788621232
-0.009187276784176036
0.004032941626964549
0.013971183132275819
0.01355821705989988
-0.0017063431485332197
-0.020563302555408867
-0.05654069931431906
-0.04670254767289995
0.032027533435832395
0.05520450817197667
-0.03363206118441621
-0.05581494040219808
0.06121946457653141
0.018580758957598646
0.032529714497589346
0.01820230788649344
-0.007106533831699686
-0.020374196711514105
-0.009621207450005042
-0.002433526973434687
0.0021412715475095895
-0.021138275704921584
-0.02994702540145188
0.021096715066025448
-0.06076189328766505
-0.022220316044728582
-0.004618348363092661
0.02187692645208049
-0.015616048849244125
-0.036716426056547236
0.016122200975467623
0.005090907137404909
-0.00035584372132173796
-0.029972591715646434
-0.013924381842847531
-0.0016264836871889498
0.012509069609285802
-0.02472171249588917
-0.008586923012915703
0.011637570824376947
-0.0018237017857965752
-0.020626129497646105
-0.007844715453703032
-0.013165897837119293
-0.03333515387977615
-0.03349136540456861
-0.03000700766058522
0.014898460170175865
0.0705729287669596
0.0053067294232062405
-0.02328195618553666
0.01968251416052848
0.08232969761562818
-0.09374651487009075
0.08413409670277276
-0.004267073937038792
0.00915377810646342
0.01909341218189591
0.026953915556039747
-0.048030947158904234
0.08166008128642194
0.07069446495945303
-0.02177248968829117
-0.0013110313512989843
0.01766103483223677
0.031635745242161166
0.08589294955864614
0.04686838355038116
-0.001697329958689827
-0.0029716824356520307
0.01751914908010415
-0.02620334212962174
-0.004725854896118042
-0.002464264337719997
0.01975241021191353
-0.02683178850466468
-0.041124552641875374
-0.03260432125342048
-0.02456746881103101
-0.018939676920025916
-0.010021824779218558
-0.0028468199401658293
-0.010104817630075728
0.005527565031932668
0.014044096992451323
0.032001638764675926
0.03852389736808193
0.03846594836069001
0.037589084640928125
0.03832540419987318
0.048032153629615056
0.05917099077731907
0.053713013862705994
0.013051670699689839
0.032069699365420784
0.05125251948989291
0.04322407589593134
0.033573547098855384
0.02506152343114915
0.014728600714365618
-0.11425880517913459
-0.006304080815064774
-0.022731454139985716
-0.02553287932379743
-0.02646041303723867
-0.014121536517165977
-0.028474863312276916
-0.013150599617665324
-0.019703616730127146
-0.015645370068325917
-0.00879913870232555
-0.005345892332384506
-0.004144168580731959
-0.0037652653249668332
-0.0005168978291273046
0.0016341375800520005
0.003975180192624763
0.00295937447884528
0.004186967169761183
0.002992672335248584
0.0012773058502293716
-0.0037322923198092224
-0.006233489681689738
-0.008902021057901527
-0.01021072224315155
-0.006847602980037683
-0.003324881231759204
-0.00455804566016739
-0.010178043237396047
-0.015192429121241916
-0.012679760102414318
-0.0002628011874469023
0.013008589653774327
0.01414484276896166
0.0026816429234221627
-0.01072918102828673
-0.013592321427506113
-0.002958580295709661
0.0027726812200055215
-0.010580797563296204
-0.015718572175506276
0.003358544524767131
0.013994315879392033
0.003908487342710171
-0.01742707843181035
-0.01748193626050541
-0.002528100873929339
-0.0032891402408994435
-0.01286796474958502
-0.012147065861961813
0.00029537319342791147
0.012912808728336098
0.015445155329173586
0.005494275118781891
-0.007509655867156809
-0.016405729953781423
0.02343790712450522
-0.011094669346103144
-0.008625228876746981
-0.006743666565929756
-0.008251880094949178
-0.01257156381399317
-0.013769139213361837
-0.009226925535622718
-0.004829979519776728
-0.0005004703243618557
0.0017563486953325936
-0.013915834820741123
0.0042899333366451554
0.008027967839999598
0.006525319335363209
0.005926090183568134
0.0048542255952351
0.003421694820233478
0.005225430457017627
0.004077677503393669
-0.07296563622169083
0.0024505074447365867
0.0041305427449093565
-0.001240917116216014
0.0034433250194071527
-0.0032954986928083164
-0.0028930157015482918
-0.008052478909769322
-0.024072958226097015
-0.08181240378465843
-0.020064736843888237
-0.006547615095992021
-0.001706943314587994
-0.0012344456515168134
-0.0008793506499782519
-0.0007709251912938526
-0.0001881402132759659
-0.001856056304756249
-0.010104525626422651
-0.04301805470266952
-0.03356843281641366
-0.0038188124186502833
0.010054803796564867
0.012635690734512067
0.013976841447717015
0.008630350260409862
0.0006013381454515939
-0.002081451279347568
0.016805349250408663
-0.02249057677640706
0.010984116828589616
-0.00044032297172688455
0.02015875113627384
0.011031581836939527
0.007041946191944452
0.021463594096388407
0.03300134286543698
0.03653911394662233
0.041429963537833625
0.040614889041659816
0.03724412992073563
0.011688895000138056
0.026315072178435144
0.016580462832835114
0.01671180858533053
0.018826919171935207
0.01459035951977773
0.010671314412610754
-0.022393527832546955
-0.0023478007464569632
0.001990000112498451
-0.007934196563965537
-0.0035414460143428487
-0.007012788448264685
-0.02966062167505506
-0.027013011834765198
-0.016337853627090518
-0.030553916908436854
-0.013965536413209636
-0.01385366355670057
-0.004808845075269561
-0.003487498394005117
-0.009233886298046603
0.0051327708668437565
-0.005999039307335015
0.0245780490361428
0.003919895431524094
0.08266479118007912
-0.03663840663999654
-0.07321707362783557
-0.0525252583124676
-0.0376235603442906
-0.03527364403785593
-0.02803051129257925
-0.01245177517351217
-0.00044153978139582924
-0.005938585732554688
-0.01497995499142949
-0.007354623285632746
-0.008596022823385339
0.0010318975539600668
-0.0007767116909799902
-0.010423874573473366
-0.01379451286253405
-0.01632793562626379
-0.024193189547879877
-0.017803037932576787
-0.024464659397244095
-0.017079778778115454
-0.019192297023965674
-0.019343908439348505
-0.018240685816747856
-0.013302954904983734
-0.016142549524411735
-0.01503357701006157
-0.015662590774814158
-0.014701792195128774
-0.01342472658301744
-0.012018127938868722
-0.01025224043921469
-0.006791245862347016
-0.015730502060906176
-0.00961980058585231
-0.009716167311155226
-0.017668088568837143
-0.007328270237222221
0.0007509632623642276
0.0031214176738956615
0.01142190250928077
0.0007467030745506695
-0.05166905771021317
0.0010849900028825853
0.005475683232803129
0.0096674937890927
0.008796953287765565
0.006709772068508208
0.0031456235147200276
-0.007369526137313979
-0.009010080872733034
-0.017253762968190544
-0.024886542838576768
-0.03081076469540408
-0.0268205902228357
-0.015852667021632627
0.03456993406588973
-0.027868747188640897
-0.007163750926168261
-0.013356197959146505
-0.009127210048466674
0.006886364670030728
0.008060753951141966
0.011344498427521497
-0.0019046702495116431
0.012640085849002457
0.015496090455194464
0.015282107538715253
0.017766076482868938
0.020493771326773595
0.009648236034542202
0.012233550082535146
-0.003209642165778809
0.005527905140191397
0.00828206433381265
0.0022785407819198838
0.031477407400550036
-0.0028677357811986593
-0.004590225101275164
-0.002098693335206349
0.0023844281665090336
-0.0005276667884361876
-0.0036738850129514685
-0.011212403006813356
-0.009275656187402882
0.004085372827900686
0.0112659869251446
0.00015685332949238562
-0.013383574780188841
-0.006681422950790732
0.012531878094591229
0.007880577274247565
-0.006375219996708913
-0.005907608840620006
-0.010519909315598921
-0.005880463651982846
0.007718473389187391
-0.0028161621881435226
-0.015489281809271114
-0.006703616792550686
0.008508724079972194
0.009235822662564253
-0.002674779280297198
-0.009790393408347274
-0.004067672305875148
0.0073883726790605975
0.015385491567223884
0.01632554778788251
0.020744230309234335
0.025351850586458842
0.028678566712951624
0.021458773413504603
-0.010673250981781573
-0.02361492204700445
0.05301792875485425
0.0036170075751036125
-0.013526561389507806
-0.09916548569412836
-0.02763483869862028
0.03284185486261858
0.05161576997348882
0.061059395201871786
0.04734207683387696
0.0374131448425824
0.029751039101672507
0.024154698242526425
0.01763991593369774
0.01675187401673119
0.014626035376962825
0.011903808683468561
0.008807680385737555
0.0044768091544076
-0.0013428858623987718
-0.007080541668971168
-0.015312661901847545
-0.012667981003639618
-0.006700135614712177
-0.005748502299577058
-0.003561336104933197
-0.0047780806516317985
-0.011590591746757221
-0.003051700485162685
-0.0017202703061707982
-0.00431803885620689
-0.0018515308863125098
-0.000794088679195557
-0.004337847413545682
-0.006635115965686036
-0.023037456903318102
-0.03769923584336687
-0.010584338434421837
-0.010972752531515136
-0.02689670517811005
-0.015653092431781302
-0.038680604702582624
-0.03022598984651226
-0.008522952919436496
-0.0066260661980422336
-0.006587737785863045
-0.008512637245141839
-0.009671133279648945
-0.01999009569923736
-0.007740732564031481
-0.0071815998103140375
-0.008759447551346456
-0.009185623875726228
-0.015321677514263854
-0.03912663780535093
-0.00988889557362873
0.050515890609761076
-0.003307146963934434
-0.004979740147925978
-0.0007088885622102938
0.005252942919133097
-0.02432411527245218
0.03190366855091004
-0.032121719209733515
0.07561425466664466
-0.01722570361371573
-0.042949198786176375
-0.004286633657325148
-0.0428950157598328
-0.024477386467246027
0.0020542775376633754
0.014658232898590876
0.04280930485877608
0.030870920811636535
0.02444311049685934
0.02220057275708928
0.029357566783395003
0.06602050795955475
0.031271643345262674
0.0211259001046308
0.021141757640874323
0.021691690828784714
0.016362942246208934
0.013162282924552415
0.009034372584900285
0.010320921331108502
-0.014909258702069232
-0.02562785771280412
-0.0271231305098507
-0.023617110768119683
-0.014920400245441088
0.019426896743091535
0.005043352939613935
0.0141752907675125
0.020935722574814398
0.02192559915806652
0.02136713348170033
0.027213376736953076
0.02319210391481908
0.021138490420985354
0.020316607616226442
0.019918107033591585
0.02090010567796094
0.019451957743065396
0.018961321837627363
0.01872166746223954
0.019192875472721676
0.018398444808865762
0.01584105708171921
0.015202360613323659
0.01630188288112511
0.007233652951813284
0.012520771168821178
0.008558581731955341
0.007676772721997307
8.358160914334114e-05
-0.011805191738373718
-0.003331602266126041
-0.00702605473006005
-0.00923807135064708
0.00041524271239389086
0.017322246082075828
0.002679395141360244
0.00020649169609256128
0.02880842995241113
-0.024377132046051506
-0.027459766142751207
-0.027163678176330162
-0.02447801063640719
-0.024468011896681498
-0.020128101112021516
-0.013312104436523626
-0.008643709874011809
0.0004774994317984044
0.01059950314999653
0.00022138290056932604
0.015609833597395848
0.02008361306593831
0.01930130551446188
0.021070443595855904
0.01938184939600645
0.002413595726026791
-0.01799588289173307
0.02798652649941899
0.016237710766604668
0.018862356490634093
-0.0023394374175866465
-0.008556795853082378
0.008912219408429036
0.016430585647285643
0.025176153923166807
0.022477736041149547
0.014248377737002701
0.017746652837222102
-0.0021132174927098834
-0.0025888321124150427
0.003314981983240952
0.005303114796509494
0.0023995828659064845
-0.001634391323214525
-0.012382371643201674
-0.007764873802029366
-0.01906088883393662
-0.004141780418754848
0.0003122250774310503
0.0028408292863698905
0.0049225089330408875
0.006768195469015213
0.007987675566432123
0.008701053841146143
0.009425281602303775
0.009922000708003817
0.010437377724817771
0.017214210220718323
0.011737826741833955
0.010905835098506235
0.0055959631105236335
0.031067137882845843
0.005903573567626007
0.018228247223144922
0.018673479442308433
0.024711825938041256
0.02589080329685074
0.021449697975442553
0.06802519758871135
0.018449832605613434
0.009950844147700486
0.006670065645379744
0.00538863518828379
0.0010198377527361213
0.0009619836351179868
0.003320370900379442
0.009207490901279878
0.014929954107255831
0.009426586424550423
-0.0036164521504512153
0.015013873071622889
-0.011345006357112653
-0.007574947986124666
-0.014389790595432697
0.009609274816939272
0.05102435012413412
0.01273869045175377
0.010036031328387788
0.009447958775730667
0.0065304617402247985
-0.0005643465830333264
-0.007948679270881559
-0.0037249676641407884
0.006981603201783357
0.007662076516351262
-0.00895025408482763
-0.014778750372504243
0.008008289850839723
0.021567514418489423
0.011816139101742769
0.009407571207864559
0.01289541027862902
0.021530133924385967
0.004316979719476286
-0.01587752898939823
-0.0078042682927498995
0.008252126154631919
0.00884458890470586
-0.004152517853440992
-0.008791736235028684
-0.0012424444365223804
0.005258809042744675
0.007869775876974202
0.0042576692437741115
-9.116884980044101e-05
0.014989595619415668
0.0005822576744791506
0.0009218121931998131
0.004971842408246532
0.0026371197959106484
-0.002133066468510752
-0.00902252057318036
-0.0025037885683143277
-5.2030294486815015e-05
0.005526963737697399
0.00674479687510174
0.016822616952721393
0.003923236302847528
-0.0009231000342205433
-0.0010260461187506413
0.03696915164485289
-0.010261323253316818
0.024810812871410418
-0.0031216431803543633
0.0014482118226951202
0.0028759413234870157
0.0267502972989565
-0.010774220695406529
4.9095126718669524e-05
0.0389305603083561
0.02699750627184544
0.011924199573738022
-0.05539321745089583
-0.03666717975044054
-0.05358702213646224
-0.01219928580661153
-0.008606280137053435
-0.004138180200202738
0.0021426402138338637
0.0017242391546676858
0.0021857242520929954
0.002422958786128497
0.004569023997276538
0.0042423636321673374
0.0060260700880196754
-0.040191095120982324
-0.0013060850410996127
-0.006732945736627811
0.00743348755813621
0.012699477078291454
0.009235411024442192
0.010450472381278178
0.03265017386814465
0.010422452943681177
0.010103212013779726
0.009822007195012647
0.009679821344657358
0.007411361332069695
0.006980285479462557
0.009796572523900607
0.0033317728064692215
-0.024084792910651503
-0.0109567722733229
0.05853828791388913
0.000647948717005619
0.013110988943943351
0.012791038899857563
0.008405911435557894
0.005801662978759676
0.004693355499409657
0.003569587978726743
0.0021518074599036117
-0.023176900784392537
-0.0025889148609381843
-0.0035670016479822093
-0.007228560203679555
-0.01085741874240919
-0.013100659740312132
-0.01318523068417518
-0.010364894744324598
-0.00479567845531897
0.002309085003577634
0.009747249476932804
0.014350261683896703
0.015440761455886937
0.012297515423252926
0.005788326410076446
-0.0017608477079816677
-0.0073699937210508285
-0.008288352089994419
-0.0041055253621424944
0.001922818105296595
0.0032442270309779465
-0.005229720749819314
-0.01870728285049615
-0.02038629568883804
-0.0016661884405205552
0.012848248197153326
-0.0036925136358532235
-0.027262463231719554
-0.026723349249154732
-0.0033821378651790047
0.011368642170812569
-0.0019235261300796966
-0.018364929313285663
-0.018916951792852774
-0.009577921337450546
-0.00107110603081149
0.0032814058787258653
0.004969792211405471
0.005197258585698832
0.003281585409624489
-0.0019145016252096882
0.0003016209148816621
0.024610840862163228
0.0411704336508106
0.04126631897938055
0.025401885472562405
0.013769090972546725
0.025966212964122642
0.027047489473355318
0.006022505954067676
0.004191764737076938
0.0027748623570759538
-0.07948395813140985
-0.06065534480343414
-0.030896230508466144
-0.011173593212110802
-0.00017198124186098047
0.005615790271145975
0.00656881894893798
0.006176164826442876
0.005087390388697606
0.0039090108806187325
0.0030125429658958863
0.00259252109680963
0.002621050103326737
0.003293786590869813
0.007004008482077409
0.010330709310956568
0.008291086268407057
0.009871797372198635
0.01252394965456743
0.014769158926221757
0.015855887463321887
0.014921409949512458
0.01128704120666279
0.004988936119480311
-0.0021901523071987746
-0.007174647459611453
-0.006337316527341163
0.0025216051458537892
0.01159720036021586
0.008742311867486653
0.0026560797816683785
0.007466137534793903
0.0005985627831851679
-0.012011755762422027
-0.019163283529238347
-0.023839152609308027
-0.02296395018190422
-0.01251235053673518
0.0058354850628676526
0.0031870714096068993
-0.025062145163625947
-0.039588682815125995
-0.02527704789764988
0.0025422550633783423
0.0031692394664040546
-0.01828335035258164
-0.02547463013764516
-0.01351223071648554
0.0002960861696724546
0.00499015497525135
0.002414602146179405
-0.0031066707602550305
-0.00753345656165366
-0.007743494229823654
-0.006327088262708661
-0.007514094314485867
-0.01751146822511348
-0.0342032415242043
-0.019557522661666094
-0.0266191740147557
-0.006948572052662462
0.00014181341477554948
0.0004586881542144518
-0.0014907550368545668
-0.003961125411805442
-0.006352210680349897
-0.008539663486001325
-0.00952578744769384
-0.010108571609399533
-0.008440463051467109
-0.008617864915040461
-0.008029337461469355
-0.006631764325361028
-0.0037601439015414874
0.0006045562595245328
0.006454344171898181
0.012923229082755316
0.017080077533213958
0.012917415136305638
0.0035047899302213747
-0.006200473157637193
-0.004706118989176947
0.006411437792943375
-0.003946597496292342
-0.029493649529621486
-0.014111069062496115
-0.006319528692597045
-0.029983519145335202
-0.02428610295293809
0.0016376596889008154
0.0007994787910740875
-0.00568923706605482
-0.002559991150537587
0.00486701353551803
0.010615788487841496
0.013237757339552434
0.012906526271381053
0.010396678874720412
0.005370909432425662
-0.0025729344046692285
-0.0101028450243249
-0.01119381272322484
-0.0014473481378974224
0.00840761703821029
-0.0009668014960593631
-0.012386901204177297
0.0010336852004679414
0.008589681171452408
-0.005920520323142464
-0.0141919440492098
0.0014701218613244235
0.004387774989482041
-0.008744161373046356
-0.013846154648510876
-0.005142129430634246
0.006789099077945381
0.011464981808672838
0.006793908075095456
-0.002204298960480881
-0.009086062801377403
-0.010628406589825962
-0.007459243263358421
-0.0025932059773500983
-0.0019198623985121563
-0.001480113067622102
0.0037285813169320213
0.0021329291359983575
-0.0027228373420914546
-0.004978698107117427
-0.007446306249731248
-0.01077642824979113
-0.019016284042325637
-0.013585059730281136
-0.017219451795889313
-0.06078544852398243
-0.011427233901476418
-0.005407035605689619
-0.0013750642807575902
0.010672555738509067
0.004035486186740307
0.004155377634682942
0.0037942063532589785
0.003137487122052892
0.002358464012501411
-0.0029325481761708332
-0.002675296715401296
-0.00413253598117533
-0.001928190269751042
-0.0018159334829091277
-0.0004968453244240452
0.003319335157025105
0.00919392819952226
0.01607970319892907
0.021645358182498846
0.011190614146822687
-0.034465742119466014
0.028345887569805772
-0.0026120200944970318
0.0004142172242785501
-0.03605982905936165
0.010152642786820596
0.0031478258665436558
0.004216098875244357
-0.0006320640881767809
-0.011945384277501078
-0.0035731803951577477
-0.01000158108301078
-0.015255970361291006
-0.020131858865329103
-0.02865367796132891
-0.02495588376231838
0.006127330470760664
0.02363440934349834
-0.01704029464877736
0.024443586532025115
2.541278306283623e-05
-0.025690076191626148
0.01726430652875183
0.014026792270854883
-0.002852474889411437
-0.010151969654706435
-0.015627312200866536
-0.01965900585145813
-0.01889656450765904
0.01062113408347322
0.00425686575900596
0.08341433232590134
0.007106601011835677
1.1013497960439785e-06
0.0030687059884857626
0.009918376567136298
0.018224681112875733
0.023657999630984593
0.01958800978458319
-0.0019640103260966852
-0.024735256426290955
-0.00022771116320083033
0.025811754713940517
-0.028890666583302856
-0.004249490446015919
0.011456463592159032
-0.0005636886272546793
-0.024276927023027056
0.018312431887671905
0.016111756786113495
-0.022641541364376794
-0.008596391087866837
0.014156578305592292
0.017224247757051996
0.010988200350151637
0.005868888053873487
-0.003604592356726069
-0.009318912477441153
-0.01093299880521258
-0.014768755745624147
-0.019238132132458927
-0.020523450423163916
-0.021540228650551125
-0.014006624736552377
-0.014226673393293565
-0.020128615852357874
-0.011489729622985802
-0.0036214648036613528
0.09622818265109033
-0.019655768411734144
-0.024574855178347794
-0.019157843320577815
-0.022062991473676956
-0.02191564756829634
-0.02247068907977203
-0.02560211676161158
-0.03277143007662556
-0.033085153531243486
-0.03251519548929703
-0.019864567407672142
-0.014379749997407138
-0.020591062715812746
-0.017168242997996512
-0.013557482215186639
-0.005810696745426421
-0.008945785554692642
0.011109134382474012
-0.0035236878867184766
0.003205523540478343
0.0006187568811739275
0.004070536622856264
0.006145952819373001
0.011947819131114302
0.008850364320318983
0.009845883985988584
0.012439389112647014
0.01633562150269446
0.014369028259591214
0.012382835737327465
0.007398715600078698
0.003937603764379721
-0.0013713193804162278
-0.00807688680319844
-0.01789934354340414
-0.02821015840811468
-0.04003949658631123
-0.0334411575469126
-0.031834108280653285
-0.019946327758360423
-0.02798269752371042
-0.01989264319137743
-0.012846863734536392
-0.006250281670690153
-0.005550954316151464
-0.015196258315661024
0.00030690698977799954
-0.003246434829208504
-0.009715651404248486
-0.015237053530461531
-0.012194236415976587
-0.004829011481134455
0.007521657695305547
0.012594287966931107
0.011319933388082116
0.003284691264339691
-0.005771054911738156
-0.007905888073015106
-0.0017047267471692064
0.014410944314120275
0.04955955502910966
0.028619753145717155
-0.015190965596398506
-0.006770501905339541
0.0013176644157964173
-0.0023463422745131327
-0.008537131229181202
-0.03582875005515229
-0.04760380752348476
-0.02313010862534217
-0.0004460961693477337
0.001243730357116939
-0.004942420441898968
-0.004649311405450853
0.003656355466443257
0.013405134519339515
0.017677505439608027
0.013922840562891121
0.00505169157934982
-0.0037097883992675785
-0.008191411270333562
-0.0072582311616886
-0.0025952790281149967
0.002874177780990941
0.008065084049810382
0.004285728531725675
-0.03689861236489187
-0.003376184516825295
-0.005111879945989372
-0.006560446403962847
-0.012354333106621858
-0.012863149739215776
-0.00866924847608513
-0.007144358616711818
-0.01016839417981096
-0.07136944187415115
-0.0027384590102927063
-0.02145061071973864
-0.039006236935083434
-0.026000536456019803
-0.013749835177768798
-0.001600940227942867
0.007182520104559266
0.009402776797881174
0.013236406368237587
0.018665157825824206
0.016737974146604228
0.017712149571874884
0.017653413683747562
0.016420221269275403
0.017503702182420075
0.008240059753972642
0.018082100120877773
0.02309016007661588
0.027895277045002644
0.034818373858382795
0.031535055941448
0.021985444990686064
-0.0036223308471030106
0.006443402878257368
0.017572709650106044
-0.09329235785722204
0.03494265726426838
-0.016364407359705197
0.007769864455656815
0.02995773303453069
0.033179024359337284
0.0331915086275917
0.024886202270619398
0.017001749331436482
0.011688728052197906
0.007449634365572838
0.004553879059781825
0.0001425510662417226
-0.004365392740074416
-0.007764589586938606
0.03487141357400838
-0.010817576116252533
-0.010284498309338173
-0.010056781586845729
-0.004364675571115149
-0.011612157859128218
-0.011308766137579992
-0.019053761504126288
-0.03302006979456965
-0.04032206053616426
-0.06797153433403696
-0.029551648291765046
-0.0017169095183250842
-0.013754450040685894
-0.015178523876201779
-0.005412640585919812
-0.011430752187016582
-0.01310534549250893
-0.013188212155028958
-0.01322645720615332
-0.013232100564651614
-0.01376797258433748
-0.01510864304081534
-0.00296663348327195
-0.0232872744791756
-0.06143798994263394
-0.027105756214855493
-0.018493566344223084
-0.014948042311864035
-0.009582224081327882
-0.01209837372104478
0.03556671719271473
-0.013280274526490457
-0.014693244103847024
-0.00867060065797897
-0.0024716228047808758
-0.008263675228184471
-0.001957314048443873
0.0008280824327025895
0.0020245666175125
-0.007490927985040656
-0.024219471922586246
-0.0378846575251853
0.07856900281672605
-0.008454809191410445
-0.020679200287161796
0.006146560479178803
0.008553365040434104
0.004750626343848922
0.0011221575282563759
0.022499076823109292
0.00012086016364627294
0.0030714004645341283
0.0069047271345760676
0.011618648828501736
0.012510220728710329
0.010398031996498663
0.004491980606960492
0.019804473611045675
0.01698615246522006
-0.047043639168388454
0.018985278330042578
0.02088506719733134
0.00508014406406269
0.007137131610124532
0.006898776039910145
0.004471172806939767
0.0012193596189002006
0.0019633538604139906
0.001289910728037578
0.00043964400631959957
-0.00027215167549265426
-0.0005075383451164964
-0.003224908198759365
-0.005921392987054148
-0.010358847804278678
-0.005725367619726026
-0.004915540403294063
-0.0034351531451555306
-0.0025489399475161333
-0.0025278190419333376
-0.002736220683491086
-0.001706526508910518
-0.005241213079296729
-0.00821159434577164
-0.03838470220889566
-0.005933858289857374
-0.0021053671201835245
0.0006892333176251465
0.003761048470652413
0.008223553273044177
0.016315669871064076
0.044003641144560346
0.02525735352665164
0.016096857482212575
0.011804989078234924
0.008384700008473845
0.021528711694569148
0.00037217592990979254
-0.014338539525200658
-0.031178047531031965
0.0003550010021039953
0.0016998555076407527
-0.0009638636160668561
-0.004360927244064109
-0.007065089128080129
-0.007795103349590613
-0.005548099222594531
-0.00048526537373615283
0.0058524415685623655
0.01205937968766434
0.007425549991659217
-0.0007823771171992754
-0.010207043311308932
-0.012295740619537688
-0.0022187499632548412
0.008825819001394335
-0.001361788246866044
-0.019382794989165616
-0.005218782832654491
0.012737710859661308
0.006907814552732971
-0.016669339318109367
-0.01733307637937983
0.003602526997765469
0.006316530264423787
-0.005525408751048083
-0.012254223346778389
-0.00943645905264074
-0.002033777367976232
0.004905964457489153
0.009014359127689902
0.010465007210393227
0.010060967385419615
0.008826181092112848
0.008019816001385216
0.006254886031267615
0.005006480381588085
0.004412296305286454
0.004162216311019151
0.004154041344948031
0.004426890703443045
0.004925683982936525
0.006947955105848912
0.007120206694477986
0.007090408998045754
0.0078417493668864
0.00838591093414297
0.008388421591581405
0.007611268793709291
0.005913183798938913
0.005326495819219345
0.0037482648998859477
0.0009827610297460099
-0.00019310086228522844
-0.0018044904366936315
-0.004241127833248493
-0.0070624743331106354
-0.009825173304175629
-0.01204556718635826
-0.013298826232906147
-0.013273093393228717
-0.011928092245977082
-0.009263925915338506
-0.004841546806361111
5.807362396556968e-05
0.004720407979746828
0.008824612095410567
0.01084695353028066
0.01013380303277322
0.0066070173076946
0.0022218693090896753
0.0007548349863755404
0.0062698856334420325
0.017906404062288227
0.027844826310665764
0.023301135046819733
-0.002233321251957771
-0.028109451767778303
-0.03445797954946562
-0.03075629631190223
-0.019533469778397695
-0.008961753228089425
-0.007882371693834303
-0.015882143265301032
-0.022327727226755644
-0.006162940460745408
0.03620430349239948
0.061720794407744965
0.034579818702436156
-0.010087101863922905
-0.02365497302617826
-0.005401566077242135
0.01873046397344933
0.030276740474549518
0.02751822993499384
0.017901270812458122
0.008869023421327775
0.004111285074364621
0.0037047399944467522
0.0058585284008385976
0.008651946821149885
0.010796714517930857
0.011550441229033231
0.010818889272899883
0.009085901275677752
0.006766795938600856
0.004288020544829605
0.0019376125921011418
-4.35296589395788e-05
-0.0015647434781225595
-0.0025913196564173228
-0.003235549452629474
-0.0034247462791918578
-0.0030248799729446036
-0.0021335150930812674
-0.000640973828153345
0.001379799269192735
0.003862803419627403
0.006577840383842516
0.00905660490653246
0.010777782966459109
0.011061535431366423
0.009309909784539654
0.005583322634162381
0.0012708665134229247
-0.000593068426221396
0.0033558020940658443
0.013799906564359263
0.024690405375053515
0.023249857898544262
0.0012121785836736985
-0.02573210220921476
-0.02355401929230395
0.011908406042582226
0.025101677706352712
-0.007272679786548158
-0.030032196260308727
-0.013905807283298688
0.01429886649915722
0.02644332315181815
0.020072235162068148
0.007881228655605204
0.0005153838880012361
0.0005515709227353164
0.004868408394343139
0.009326928606034705
0.011281909818708538
0.00997440321625219
0.005916247824102907
0.0004511811077754655
-0.005042299582314386
-0.00953175408570947
-0.012436408225238298
-0.013532874955175429
-0.013011019567169147
-0.011108759960197112
-0.00826694892237684
-0.005050930529537507
-0.0018828474697875925
0.0012196292712402547
0.003968347998141196
0.005909428134676675
0.00735906309522093
0.00802315312590423
0.007541942860094946
0.0056327148253721105
0.0003533898486027046
-0.01213594181234558
-0.011229235025663437
-0.016107291540546465
-0.0016674499601686539
0.008863098341185132
0.011670103377796235
0.01112206816601807
0.00563630179421234
-0.004798816729551286
-0.007986776162142892
0.018670230876584447
0.049644835732816785
0.04977666821049921
0.04844214857577296
0.02345445228378144
-0.0042714469961004226
-0.0022511407095979247
0.0019338475771640724
0.01155271308191574
0.012492589141040782
0.008107356783209584
0.0034724160716894936
0.0002629621220189232
-0.0018605944119879918
-0.002313460868696134
-0.0025358318595073725
-0.00428275037272784
-0.003363123651224719
-0.002384663838323541
-0.004399400500150776
-0.0022028839892262314
-0.0021195068640051185
-0.001915544551839018
-0.001002050473510832
0.0011452342320146262
0.004916047848916915
0.009932664441777476
0.014321372419889645
0.014257506264622773
0.0061738789246719595
-0.006141968586122178
-0.007642897945163773
0.009173786786416366
0.009452163434656005
-0.02201356333324567
-0.04166181040366039
-0.05443459823761944
-0.044310876390517784
-0.019816493334341496
0.009765716915166008
0.007358000854635967
-0.009618554457277205
-0.00888738900385264
0.003264155986705626
0.010237397799474917
0.00797437022162471
0.0016792259277170585
-0.0030932725291765036
-0.006567233775602178
-0.006755752841843784
-0.007824836535905546
-0.011289624356809193
0.029724171447641806
0.02891128645603616
0.00916266313989814
0.007319229328815836
-0.004338354772890002
0.008479314705847153
0.011341381801520915
0.015372613679071202
0.018893129596147102
0.017613632025687113
0.016074955563717127
0.013994940048741727
0.011870004214762456
0.009396289078245308
0.004932268994924652
-0.007295312870064189
0.00471263004668037
0.006255563506184188
0.0066241792897656195
0.006350101606376279
0.005263773651670589
0.0012002299842461656
-0.008142125323256965
0.006003424703922345
0.008392887794131028
0.009446481828157062
0.010466415921205638
0.010072527156114595
0.00768744339994711
0.008809002626335837
0.007760624377201829
0.00755347469179449
0.008797270515519843
0.007888496983453598
0.005379107553906099
0.001800534131897038
-0.002655353544331944
-0.004941906456588601
-0.00816205941058544
-0.0073749559237429
-0.0072292153836812645
-0.0015273724952834641
0.004144696666986787
0.009107753240557322
0.011122117877699777
0.008219878961930053
0.0008172127431848432
-0.0069796456676416
-0.009231371212710894
-0.0025710851830100284
0.005990121958859103
-0.0008514399747981523
-0.026868385334427553
-0.03619627097271414
-0.008484569107628414
0.006740274203148122
0.012693469391123697
0.04044149646289368
0.07229394708253103
0.021730329895830427
0.004598920881403875
0.009711063983711741
0.003479437500189991
-0.006941887465784634
-0.01085537001591529
-0.006451632701645649
0.0008594976609368477
0.006247175726492986
0.00808961118694466
0.008812590722428055
0.006741752078153985
0.006153353764009036
0.0031332118402002027
-0.0023097139856099857
-0.003321888353251534
-0.0030293629191691985
-0.0044868131141130915
-0.0054524782780730864
-0.006460097095631082
-0.008794465444522273
-0.0151537833542584
-0.02115593359790666
-0.02321514335942442
-0.020601958348435215
-0.013859226001667599
-0.008919755013448627
-0.006007559921250889
-0.004316845291185139
-0.005061983805261558
-0.004576214559285519
-0.0024695463224640056
3.840536406661215e-05
0.003188228614383904
0.005896020373892943
0.007172534017886101
0.004832943321680917
-0.0005218220178306699
-0.007617289367461293
-0.01313725838495323
-0.012313776184094523
-0.003250604903894543
0.008151011716968875
0.008478063795555863
-0.006464225345022857
-0.011970434414112798
0.010080628134028408
0.020339520698248337
0.01039691518536804
0.015860904040810954
0.021291858117414072
-0.0003874177060989663
-0.011377770973053153
0.0017107212479258865
0.00979075467662008
0.0024018391902182155
-0.009273810027406803
-0.014493735105202415
-0.011298593192731228
-0.0035175897026979786
0.003250703230384717
0.006348223456737508
0.005542071611598392
0.0023710261969805803
-0.0018257455590288945
-0.004813600623347376
-0.005540660476242925
-0.004111987683891999
-0.0012237641965553686
0.0021905969612441892
0.004732141884664915
0.004585212227248525
0.01664732809205678
-0.0019655148774678144
0.010692291928503257
0.015495925478122567
0.016838952382198548
0.01575308580220358
0.0110730522458914
-0.002382170181779155
0.005637294469574241
0.002810611827510767
0.008678040386514653
0.009812025430127422
0.013821441297675777
0.02884341992791773
0.011041102600503278
0.0024767226889331924
-0.003347730240844986
-0.007711503550026943
-0.0038561270464681227
-0.002401005552634207
-0.003194364154871668
-0.005394136098455685
-0.009083921901837695
-0.009529485495368665
-0.0038001312887081225
0.007669811189376054
0.05690764385564651
0.04130770522798981
0.00233252193625043
0.0019058392772191013
-0.007708917110227999
-0.004044315370424918
-0.0006255361432432761
-0.005677621627467602
-0.009795101115447296
-0.010777631865338713
-0.011070519503303877
-0.010694823219908077
-0.010414990741808353
-0.005215217721506472
-0.011211716665156801
-0.013527041517306703
-0.016707472367257427
-0.006098814404907548
-0.011808103099525484
-0.012036951714871178
-0.010588543625583207
-0.010539897619308356
0.10558556366246866
-0.011461199959937676
-0.013047691422038848
-0.015035955323889797
-0.013502164694217849
-0.011282649061273702
-0.009868253268360869
-0.00898188177597932
-0.009520527202193858
-0.009860264414083289
