2.2470340735793326e-08
-0.045177819436116526
-0.052952441398281945
-0.052586056308273205
-0.04922324374090061
-0.04356223124350473
-0.03612936037527415
-0.02765953503686842
-0.018676499563156816
-0.009702315900506672
-0.001102575614975535
0.006860007485406942
0.012278995484125591
0.013017973457980975
0.010318438887476512
0.007715702362574957
0.006271768693412993
0.009038508518428655
0.020788478983785733
0.04227719641194957
0.04730401435028031
0.013667717624240938
-0.0034748948083330967
0.014096623443372796
-0.07396104638927868
-0.003007207390779466
0.017127941716151056
0.011852890459506098
-0.0019352185629170613
-0.010889102348927449
-0.020196623914312383
-0.029188468782911658
-0.030061580163205773
-0.02943428672516543
-0.02717743293741597
-0.023479978649625987
-0.011950947167872667
-0.013349131550102812
-0.004806443895945837
0.0018312556449697104
0.009634365900266336
0.017436884534152416
0.02455894982477434
0.030125580233121587
0.03672766202234124
0.03980992101452629
0.03843119553153355
0.03156231641521145
0.01589622276074328
-0.010427223435849056
-0.047985071889561984
-0.1156003250138153
0.07802519487070991
-0.02055700789662101
-0.005030743678489583
0.05719870879188269
0.009542131425042072
-0.02135876170186529
0.018730308440043496
0.014766746310800816
-0.0031667209953752016
-0.029049159154073946
-0.0036812505045949236
0.037571165279818505
-0.03457524243595568
-0.06550492174301795
0.07053192698867997
-0.11359057199307641
0.09443344290272077
0.07631594108977204
0.008078761995838641
-0.013786489696746642
-0.01876806511695451
-0.017359766844449634
-0.014014656713392387
-0.014780001216883495
-0.012058898508041305
-0.012693773071239202
-0.008919756978307169
-0.02041240318467609
0.0017490297108720086
-0.0015886574238615364
-0.0031266241691865634
-0.00621092617115932
-0.005329245429191763
-0.004053873098892137
-0.001719498449444996
0.0011488359774007384
-0.0008032115433496752
2.0886728688578647e-05
-0.00783006570551468
-0.005577351715602875
-0.007739470354187724
-0.008730315569464681
0.02823951016288907
0.012702393380956996
0.0340006272373098
0.02830512603745001
0.017599986596017126
0.005443188314817816
-0.007758777932495573
-0.017640374733876
-0.007774800559117953
-0.015170964528146143
-0.0022568673064218515
-0.0027116267639623838
0.0018313950787481844
0.004866008008581436
0.006091248278302317
0.00365571181123278
-0.0035430428053764007
-0.0016842407409087075
0.00918604818856891
0.023593518658674678
0.01975813165479936
0.03609690738730123
-0.02757807898735238
-0.11048134519157957
-0.03814862134778096
0.006134566430058852
0.09692147882358336
0.030076732780025574
0.033997413322857224
-0.006651510277539927
-0.02678038561610864
-0.04440083484515319
-0.04518954827034773
-0.030359345936487276
-0.0069068330578301125
-0.015330306468123441
-0.008343833346549371
0.011177772081882536
0.0021021703580943662
0.00839732400524643
0.00041698800370688286
0.011509246040593236
0.010707732564387108
0.024308295756205602
0.0065503595525442295
0.009823327218238804
0.001497345304560833
-0.004767439092420977
-0.0020335105047227017
-0.02323975216584217
-0.027363760732210304
0.02036581448586153
-0.00027002168119810656
0.008098821952049935
0.008484901779100723
0.01941165502274364
0.013198481541054881
0.00510666062059944
-0.0005725381236670232
0.00449472333252162
0.05764787138353685
-0.0015508029601208053
0.008296986761988213
-0.0037542019267444615
-0.0035016220577149034
-0.004454457652574334
-0.006266883752357782
-0.009510302729733525
-0.011292615349916763
-0.014589437620030071
-0.024758147342238128
-0.019708738673716353
-1.2047419503708147e-05
-0.01693007037717881
0.0004481570253865475
0.004298837284429935
0.017348703668483907
0.026172265041817643
0.028121189785937983
0.022105220775841115
0.005656459089284997
-0.01975300142821508
-0.03290951859216042
-0.016502197672440093
-0.03722079555487248
-0.08739442410198056
-0.010047734978953655
-0.013906046367759922
0.0742825479824574
0.017152852972645807
-0.06540082785848289
-0.031297053503561184
0.03262762660610739
0.024462410041792254
0.021240834281072245
0.06865082795120847
0.06409913011354983
0.024329215194452816
-0.006119708868254252
-0.00834073587710241
-0.019866685761599143
-0.021445284695077577
-0.031439469079684694
-0.015968843975887857
-0.0036679738052005245
-0.006109106637319409
-0.014352053808714562
-0.018344132308792657
0.03193116966660586
0.06051137695626264
0.07802425230250305
0.001477266912941746
-0.019568450886398563
-0.01859926596979578
-0.006832897562751288
0.013545271404362345
0.0026385665629358192
0.0071884631540103825
0.0018701072383613554
-5.798889730008246e-06
-0.00872286438961494
0.002242017483106568
-0.012412682599040194
-0.007725845401104194
-0.00529918287208878
-0.008726642586327346
-0.010776437261215582
-0.01297483516233798
-0.018098898485029765
-0.02638988166645336
-0.029126715311880418
-0.004506698557185334
-0.08915878337882274
-0.00645688329411639
-0.02041257253848088
-0.006559154269216134
0.008817756440945401
0.06322938045286444
0.02666019494113342
0.06223030092458997
-0.026416667180845312
0.02203373469067277
0.0501378718563216
-0.004053496850363948
-0.01757613191899397
-0.034138972473344985
-0.010619236560461197
-0.0011373033690424091
-0.028468027257847993
-0.028161178374119324
-0.017899611294659515
0.009293822230331818
0.02495383069422457
0.019523103457915764
0.06858614547982055
-0.014433811674807017
-0.007583284465143948
-0.010147900441267633
0.019875853940584193
0.008105076885859937
-0.011740935890955201
-0.08363124133968071
-0.014173945944796588
-0.0058864065954339125
-0.007923526396342868
0.029145633444742403
0.02390645317074927
0.0326345792831095
0.025868237645155865
0.011417689563608169
0.03278740864249761
0.015889836290905998
-0.03732962804291438
0.025070964234839097
-0.0010877017493638702
0.00968675909097057
0.016244273306430145
0.019970460154668426
0.008689531746801121
-0.018922152288674353
0.0064287391182165
0.016479124320748557
0.0027919078617613213
0.006796893041200334
0.01793275253397056
0.016467107975843092
0.0118093348065174
-0.1544489361232466
0.006089326509802675
-0.0037019766189510194
0.0076064385733771766
0.005627564473451248
-0.031404352984177535
-0.001716768508449692
0.0054103099229389365
0.05135621815676099
0.0024882459376231896
-0.06162231933267421
0.00998712917859958
0.0006539174270743397
0.0036114348898938953
0.008115310232416894
0.007784526934984234
0.009707394880151477
0.0032226710459939147
0.008492118466857953
0.013402652882971806
-0.012818630606118696
-0.018033112105703852
-0.008025969355507681
-0.002720364387120576
-0.013256866229609233
-0.0033128806199843827
-0.002489777711919605
-0.0033045703896391063
-0.0017691686370464024
-0.0034698676504031057
-0.0009822109896596275
0.00531711057508881
0.01695245692471047
0.01047939909623436
0.028347901134850396
-0.0378726620734063
0.022159872060838415
0.037812417058452875
-0.006893174659308215
0.005058361618854336
-0.021118141891745525
0.024013611090627617
0.02957479505896214
0.08154820793596188
0.022042547523825343
-0.045197071737108734
-0.0948816183544682
-0.03774711222752418
0.0376559103064064
0.03623001813453333
0.0015812408969925983
-0.03219759291630411
-0.032205923178323555
-0.01702230788915974
-0.013500529624722276
-0.022366496701684113
-0.023365866565758394
-0.009852761631554607
-0.003167332273762998
0.0005789950711574786
0.003350063589465097
0.006781626829675293
-0.006946136757266303
0.008193023121113275
0.0014045195326263143
0.006223881082047825
0.008103484025508796
0.00877417573596948
0.007203140942418743
0.014553395344788483
0.01752302383153218
0.0019868546237864736
-0.01036109472443565
0.01779371721576706
-0.013194051768713806
0.006401923931036818
0.010034596056858218
-0.011301991874363251
0.01494948794495569
0.0008409659270361153
-0.007183787026072562
-0.01574404964152655
-0.010356963057244423
-0.01445461059601388
-0.012499056750715942
-0.008977951215130096
0.020360916724402593
-0.04823402357064725
0.0417084964635051
0.012778515827967117
-0.04963584220315641
-0.006630734550765452
0.0014062381031801606
-0.010116522411995921
-0.006092520778954831
-0.021786684687540393
-0.0012744245055338528
-0.056072860959239586
0.00048093445464165215
-0.027279192645639872
-0.021173835651414855
-0.05454345283616447
-0.01169416479331039
-0.0062647724499625525
-0.010022488258776316
-0.005406436988358004
-0.0003644399584573764
0.012006598052241491
0.01831298373760276
0.010888342316592095
0.005326529265221997
-0.019853379068331026
-0.05812405670707282
-0.034340210763190736
-0.01088500515852953
-0.02291590699373837
0.09849752271292915
-0.008187313078538821
-0.002802060905266917
0.1105948897144599
0.017437665866367667
0.008758530105528455
0.015873097787654628
0.006559512234662416
-0.010439942108861339
-0.015311404240584477
-0.013147119101115663
-0.01980765353189483
-0.012653620324907794
-0.017769582252526967
-0.019557919162655212
-0.012317865939709894
-0.03650111865021566
0.03572466496480762
0.012236934905240044
-0.007270705993069835
-0.014902877434872622
-0.010426953768314935
-0.003436478441725596
0.02059563213418701
0.050816325352923006
-0.0029951576551848764
-0.02760337625412632
0.022081362665565738
-0.03990147983179112
0.0700121184151539
-0.06797229244806283
0.0011749985302519038
0.043823268521606874
-0.013090192475200773
-0.035455571817341484
-0.034193516176404114
-0.004055662511224243
0.005466720649572808
0.024589712700384223
0.03725361667013762
-0.017997983826614702
-0.12161476900581587
0.034509951952972934
-0.08641452358334226
-0.011323518640746454
0.02704887213091108
0.02259301736772608
-0.028763452095610494
0.018434305797298055
-0.02053679339080319
0.01126683225092309
0.010730877465850197
0.009471386357524236
-0.022812051033579094
0.017775486925641012
0.004319544225630783
0.02854195912654688
0.026117771756406092
0.0023379391481826426
-0.008156154304294458
-0.011603060650715938
-0.0024896661397847235
0.013680645496515792
0.019655532978049308
0.026056892109270584
0.014539482799823561
-0.010891850668334513
0.028024833031541473
0.040465698014506564
0.029285429574266674
0.016486950783395297
-0.050339495602355226
0.025531001414071754
0.10883934594442314
-0.06444477981016397
-0.016876548730229216
-0.0002566749685359507
-0.12322272215659358
0.042205639740750873
0.18452201323533346
0.03900704224406744
0.020949469515904998
0.006212326911146202
-0.0611387654783314
-0.028001040444102118
-0.030520493506448507
-0.033684425467984475
-0.02293462949402531
0.044688876804531465
0.07227979342703594
0.061765988142043315
-0.11287031021632082
-0.01747832393524861
0.031233677360622165
-0.01941004284480301
-0.009825006142330978
-0.018298239425616855
-0.011622446705819505
-0.0025265712809699674
0.06478288441421357
-0.00873481800944857
-0.008681241489937354
0.015388023314194312
0.024432532947184917
0.018965281526960788
0.018188476513983233
0.0025064328336753456
-0.00681345576821855
0.007772977041763075
0.021809161187855166
0.027860998399752653
0.014248149579276803
-0.009810639219081315
0.013340247606539377
0.034251412682735634
0.025546113015554997
0.02488292948958228
0.0231624339547273
-0.02732269244549199
0.020854184437832636
0.021586828768578745
0.021953891812720474
0.02232026410444135
-0.024210265700109892
0.02474812611978078
-0.04052520725981218
0.03404567994703889
0.03213607334083826
0.032197803164076395
0.025925560911467756
0.017696154650803354
0.004186275063651775
-0.011550027736914667
-0.022526827044902734
-0.03327107982475602
-0.032389894201140086
-0.0286158858795447
-0.018408575022858652
-0.007831989964898879
-0.001977976943167646
0.006645931265605714
0.002990045243602931
-0.0076165729991130105
-0.0233800240432142
-0.03653893962808788
-0.04067346879484488
-0.03435273361639625
-0.02174478577546334
-0.00950903415090672
-0.004421364544567719
-0.0029105361219693765
-4.4225683470625654e-05
0.0065928045376453335
0.01192979454736814
0.008716857415166682
-0.0031081669464019836
-0.008587139776668567
0.003195142678383439
0.011314402585772716
0.002265428076729528
-0.0031915665776434173
0.0017732947155630534
0.012501497874792744
0.008119647235309196
-0.0052032309795785716
-0.0036969338453670853
0.007346957541773397
0.0123526898326518
0.008390099209664966
0.0013966337310599268
-0.0033143802953710865
-0.005599329618594288
-0.009307990747157336
-0.015811256477399737
0.007461595247472883
-0.0391042588046299
-0.04213896410254451
-0.03949152062500793
-0.02889553448491148
-0.013864908803488717
-0.0007007016442582909
0.006874891819294005
0.00755062128744101
0.0039690522511211055
-0.0031843538571525807
-0.01496078324327691
-0.018133490112823208
-0.024394037538713876
-0.025452114094572424
-0.023045916618466736
-0.017447685548168303
-0.009724157257634232
-0.0033580138682658273
0.0067165214074766805
0.011631564407576376
0.019341837672141267
0.024051962710766393
0.02827528566288736
-0.0027620629672805114
0.031067646275869762
0.03177005060425674
0.030430357038846077
0.005596405176143088
-0.025447671870615318
0.008456755802780568
0.021533062690484564
0.014123073265972662
0.0068009737533367915
0.002997269477892444
-0.0010169900913988331
-0.005708278059358162
-0.013464720656715029
-0.017335322944431575
-0.028448552762567695
-0.017756128497347996
-0.019210554603791896
-0.0182210761581543
-0.0232752598425343
-0.034307178077936956
-0.04371596731193962
-0.04606112102156481
0.011872403586606156
0.06658237021387013
0.012511811552700237
0.06894609682915541
0.0453507858244882
0.05478218895340443
-0.0221464967824574
-0.02947087040763056
-0.0040807831395689425
0.014952909728317634
0.03267135533770079
0.01772411660195731
0.012894724278853666
0.008950814428758289
0.0009616848089460278
0.0029496585230490775
0.0004563211939033631
-0.001128188647335576
0.0015269176068882962
0.0012102244113132668
-0.0007680473267622934
-0.037272613555757166
-0.009763952022870738
0.0006301347434356132
-0.002615743180335953
-0.0037061458517279296
-0.00431516781915558
-0.01590546763016128
-0.011001537924533586
-0.009585348034806016
-0.02553596704160542
-0.002746921556643997
-0.0036666051099927825
-0.013733170779449582
-0.009515197659696271
0.012040232920844256
-0.017858462756392787
0.007444223199201476
0.06050114735439058
-0.06478419447643141
0.11357249932012317
-0.06476340304839055
-0.05600483565575118
-0.045494319006700014
-0.031186226901595872
-0.017683738231365573
-0.008386008703337815
-0.006725219372334407
-0.004966081932996929
0.00473489439110146
0.008691686402395421
0.00742215646906228
-0.019510646925511986
0.004528194096733864
0.004221634473412777
0.01148378805708735
-0.0005286641051967472
0.010328990090724596
0.0027621668582900392
0.01624359192990748
0.034253257398508645
0.015661268298368457
0.00963707305078168
0.007974199711127677
0.0076714621946372035
0.009101028107007244
0.005936768008623013
0.005978252130626753
0.005968207306212464
0.005082183793966029
0.004611699379642637
0.004770497056811863
0.006694988353122803
0.011494162449503407
-0.0034898849208822567
0.003399608007439003
0.00048639122603958963
0.0009166071345165325
-0.010226563088623119
0.0001735160571132061
-2.644369810852379e-05
-0.030926883525808493
-0.003825993769594762
-0.028985409244029585
-0.002561954907441764
-8.647068084308806e-05
-0.0005366083265482203
-0.0020090935066534193
-0.0034660676616155603
-0.0061791994556776595
-0.016011284362224616
-0.011649174666643525
-0.013547095284333042
-0.015010941205831836
-0.01761924375250781
-0.011160301745343567
-0.013780153198031631
0.014384205370510923
-0.013697591032355756
0.0061725490855677545
-0.0028180651185777434
-0.007865358372917453
-0.005977891512345514
0.006032843669163215
0.0113429536465875
0.028496220521073923
0.019605255919283665
0.01773404267286484
0.015105638043241951
0.007079073337710775
0.004969051951404486
-0.0068364574100283374
-0.015009294490740973
-0.008149108943454057
-0.015459961349916224
-0.008294351418872524
0.005178499070513476
0.022170655217313356
0.020381109188782297
0.015742251088515395
0.001958704816732256
-0.0140958419392119
-0.021249393223883847
-0.01936693907298997
-0.008443653264143806
0.0004209499312460471
0.002175273021847697
0.0032729738699353293
0.009385270169112364
0.013937187163296474
0.00440170357068759
-0.011632120559877043
-0.00768986869187874
0.004338304505006137
0.005207416549545421
0.008009766352432751
0.0031329981864231483
-0.007913334295444812
0.0008225612203744226
0.014099355424016708
0.01313519573720176
0.0050945001517296315
0.0008542008431060546
0.00042218384737346243
-0.0027086139243096994
-0.010168686079408863
-0.01550981774663871
-0.012309162078659702
-0.0012394114824278795
0.0081166331843414
0.011195138114470789
0.0037719013477716472
-0.0103471826222438
-0.022822676822207708
-0.044815131032657184
-0.039657182924873594
0.007111739518240504
-0.08251036568343398
-0.06760357083531979
-0.029347420896038007
-0.00680001795970489
0.0032663046837274733
0.009839646756099564
0.015250849757393345
0.02535768596029783
0.018333478805779208
0.009867913814202427
0.019440523946861812
0.002536280025251179
0.00044469213725646737
-0.0028523395777516865
-0.0076891849110684056
-0.009299169182115548
-0.01186770484619577
-0.019534243167817215
-0.05078775098147121
-0.023639486191729488
-0.017621499053936132
-0.010955067014202057
-0.014809859315861445
-0.015699086235667858
-0.018659466545675563
-0.012922583876871249
-0.011804924162392405
-0.010921698360151708
-0.004821990832574166
-0.008566401682149387
-0.01016537680497481
-0.010385837448898514
-0.009626692547218046
0.0017144900737620702
-0.012428943762258038
-0.014300850938028723
-0.024693240020002366
-0.016158431930910926
-0.02744811769321259
-0.09463569557009306
-0.014667771293311194
-0.014358212221103686
-0.01478802751960669
-0.015545889989340941
-0.017119607705317674
-0.014995860541715122
-0.0191386362792437
-0.01904228871785157
-0.02234331456642751
-0.022902226257212745
-0.023740451891429624
-0.001463503636496726
-0.026797180588907926
0.09445736766671604
-0.033015984339939033
-0.03956093951504681
0.054793321034855555
0.03099371742398865
-0.031384618443704465
0.021231234348516523
-0.04757089827229083
0.013328707943762536
0.021480158857135244
0.021114704644168234
-0.01634681108907429
0.0287876061468982
-0.00790253848731445
0.08874862623742794
-0.09313983502560451
-0.005246674218381142
-0.006716972518710065
-0.009351017909986565
-0.006788131029266497
-0.0010034235959981328
-0.005315559022181452
0.006008915834180446
-0.001959932548352269
-0.004133828168407606
0.00912567106531775
-0.0003548284674564457
-0.006207623825577679
-0.007852052224636879
-0.007185694995340349
-0.03775491255878794
-0.018312147169265373
-0.010983367801764352
-0.011502796544010124
-0.009949905982289587
-0.008713001151344926
-0.010205215480093822
-0.0011675551286346759
0.00481213263542421
-0.001893743273354279
-0.0013303478166516302
-0.0009796152480749146
0.0013193905811526296
0.00023247951169143722
0.0004303022519660328
0.0009769750040889997
0.0038786836747643242
0.0018385905165287186
0.002705832655824894
0.0042661131320495095
0.014298129743248672
0.011651112918826695
0.006215759504759548
0.006768399607507262
0.004855005185840286
0.009858956380826003
0.00529570473732815
0.009282193063774083
0.010725236895847031
0.015832452904760933
0.013644257929444521
0.010706267601239777
0.01598092272662227
0.025618639066994645
0.04149620949648427
0.0013543988528131846
-0.00974214688234873
0.06406836484646541
0.03662628550952764
0.03076513298904275
0.02742594573245171
0.024555421688395147
0.028695026480261135
0.033392425774982686
0.035831386739202054
0.04282196957975291
0.04841230939591101
0.05360534521468114
0.07456753564959478
0.028557202420265028
0.03602005323650697
-0.02341684916115052
-0.021358318921538343
-0.0006090788874657682
0.005102315904136573
0.010931837111137398
0.06375179349549916
-0.008974361386265074
-0.053528147843152706
-0.03778309666428092
0.06212846679769336
0.015072072508229081
-0.0020966149844766357
0.009537337932122794
0.004335545321544054
-0.010628337596128839
-0.011187621731377296
0.006352434479400217
0.0008679461123356306
0.002676211870914179
0.006431485852072181
0.013376526666517998
0.01153300904352117
0.009969708178125912
0.004786952390518433
-0.007175588240993718
0.00010247171522458422
0.003075425407740047
0.00209736988388533
0.0016467124982012281
0.0006227628749205758
-0.001184286465975782
-0.005717057581013598
-0.005039384653587845
-0.006341253020098078
-0.007819365467597112
-0.00956285270609897
-0.022680650894585506
-0.011385905754450391
-0.013064866257640676
-0.015947267741110577
-0.02836566293762961
-0.018132049436457992
-0.010158720587728647
-0.012509798274914755
-0.006734892098405712
-0.0032857001345398067
-0.0027320252238709924
-0.0531003041312352
-0.008246983570651466
0.008460898227123747
0.006436566083682507
-0.006096343392213826
-0.006860001724054036
-0.010017891212163715
-0.011989330692030906
-0.008945353587948762
0.002027842232003692
0.0196298230906085
0.031379940494834065
0.028473880463709984
0.009576007068462851
-0.008387862423540901
-0.0009145256257479333
0.01515937769106307
0.01653358856367066
-0.004350357245739965
-0.009222996382658138
-0.012984398439608802
-0.013651550278691523
-0.008758402783333397
-0.00011888734988358647
0.005753184791161825
0.005345883424855396
0.007863854230937552
0.014951813307896336
0.013115112214762298
-0.005892530357825935
-0.014830586365792174
-0.006095843962543349
-0.003626901338930152
-0.00701057873204812
-0.015037000337623932
-0.0031805042550716246
0.01432884991706804
0.01434454315027893
0.007190010094946933
0.005010524688927712
0.006125532880531636
0.0023136443421019988
-0.005267704063386389
-0.006824045131954743
-0.002800452383172516
0.008516525336426982
0.019495118369059178
0.024676539492557808
0.02999597919480904
0.02732945322640606
0.021457648334248243
0.015166570541252915
0.010835046298250677
0.010829610092804885
-0.006260701638618401
-0.005836268440087275
-0.005431855829829442
-0.005049534148316169
0.00876594841567368
-0.0037235916662383033
-0.0027456356138342193
-0.0023489133511995094
-0.03059552414201113
0.009124822039380368
-0.0043544187457704745
-0.0020491203648553766
-0.00158409112308076
-0.002732366736305346
-0.04228948064492638
-0.0009162967681190575
-0.00700099809331663
-0.01563546844007184
-0.008630474529760514
0.1114561851467262
0.0044979764673309984
1.1972056719556415e-06
-0.02012230268751025
-0.00019972952452477778
0.0002805403731423595
-9.19363353728717e-05
-0.0016469639331778078
0.006126846048118381
-0.0006820309688759036
-0.000376946096471116
-0.0009829534828955627
7.4650766473612e-05
-0.0011354655207302018
0.07424849841474691
0.005254661818900631
0.018883490926974226
0.00221591130173228
0.0033661794270607973
0.00739231522427663
0.009402767633858923
-0.0009225388814547833
0.013760734854205332
0.016033680364073783
0.018277634755795153
0.01974609293245021
0.020398551912615397
0.02099391645714011
0.019191466611692548
0.022098231851099784
0.008828880190649153
0.047651355955459405
0.02661177824254089
0.04933116162634513
0.036250826681601116
0.020353725353723175
0.010046224271676306
0.0021436718931988103
-0.004226462710490632
-0.008922203555570588
-0.011115583832948748
-0.009304622272709463
-0.012419118424041833
-0.010886908665441968
-0.00803333996089747
-0.004820916511267134
-0.0022921248396611457
-0.0007130542662553236
-0.0005108483742231549
-0.0015832126904881
-0.003449180659817802
-0.00516567196674012
-0.005754078443975851
-0.004635110237885926
-0.001746661959597378
0.0022172635219345834
0.005793581866356184
0.007223307812475792
0.004883566388528506
-0.001157644749491003
-0.007971566141867573
-0.010341833550609577
-0.004369496468045291
0.006059632785934953
0.007816953907279833
-0.004990396231693565
-0.01334491424617322
-0.0001571231044441195
0.01484750558131988
0.01426706927718135
-0.0012107262789561807
-0.013299732138532307
-0.005320468559497707
0.0064752157997214855
0.006921475122043024
-7.034320743180985e-05
-0.006367616287880451
-0.009276897039506727
-0.009842601864764457
-0.008755860768568427
-0.0048599796713602195
0.0035210153221343185
0.008248505732348692
-0.002891303060316396
-0.010089358855824421
-0.007898165242609232
0.005434344676083885
0.016809266953046957
0.010685498515440872
0.011845667363372685
0.024106943195929063
0.01420252796272797
-0.0034436765694630866
0.02110546318435764
0.01789981033388697
0.009370411769014398
0.0032458594015951987
-0.00043886807636414426
-0.0024165884956993213
-0.0031322358647824173
-0.0033076481073502583
-0.003272559228768866
-0.0031765558368842197
-0.0031414864910318256
-0.0031517366299631338
-0.003287033268963206
-0.004123933803923944
-0.0068586705174911
-0.008402681486715448
-0.0066753468720394315
-0.006146552062037952
-0.006663096498004453
-0.006955183465351441
-0.0064600841874875616
-0.004859572112270468
-0.0019788787466327126
0.0017632156163186017
0.004992599931439968
0.006101929982702816
0.0026073457047694286
-0.006518300343506477
-0.014679606989245407
-0.01290864922635174
-0.009294913227484096
-0.014276847131051346
-0.00942430759853423
-0.00010257076052335783
0.0045253582591187145
0.007002034731322209
0.0054510333141125356
-0.002485331691417949
-0.01440582611825183
-0.009691639592246698
0.01048678597699413
0.019150101415401848
0.010279084475890673
-0.00981164512004157
-0.012779486787837947
0.0024783003461123767
0.008788408776054723
0.0008292100036177493
-0.008552843504026277
-0.010732539758005451
-0.00692409249345905
-0.0006640651445645179
0.004786988691162387
0.006331633822848262
0.005114150665694878
0.0028902357353296484
0.0008653221855485128
-0.01145231449285605
-0.041475113412506516
-0.0076522073400794345
-0.002826408663410117
-0.0026569290099138646
-0.0020673977538277857
-0.0012202915814854896
-0.00037730666418756643
0.00029296301621546173
-0.00020729082456443827
-0.0024375173578976726
0.000509904879147377
0.0006037848018647715
0.0006579482638921705
0.0003724373515488928
-0.0002743938841119224
-0.0017614294403227831
-0.003589121074924497
-0.0060567095120551695
-0.008414422520864637
-0.008249322090031451
-0.003476768824056468
0.0036549618051317585
0.00846425727220336
0.0037149083162066423
-0.0077704264094635035
-0.002500288260687923
0.013281969243893427
0.00024531023015458977
-0.005583624920029238
0.01166917478210731
0.010358869442290733
-0.006196606102849485
-0.0027866035174236984
0.005497108569952426
0.006185353299821714
0.0024625858024866793
-0.0012965671566527175
-0.0032635267220301805
-0.003096174014888315
-0.0012293529508934809
0.001973825698495097
0.006426372900232444
0.009403471739371774
0.007728223476469987
-0.0011909588466735978
-0.008355402501664654
0.0005302642728649293
0.011285423531813263
0.003474813681930571
-0.0012441115089754278
0.008018706964657674
0.012129033987583897
-0.0016356933889520267
-0.005101400625974917
0.005575365994257772
0.012390672402229718
0.009588418955688438
0.003081216673414178
-0.0009967219371103367
-0.0008883954176110431
0.0016499643119846454
0.0037267663745485196
0.003467003572096882
0.0008535216763234803
-0.002719972950256985
-0.004935064034485421
-0.0059721100130722075
-0.006758822444971541
-0.004266862589395586
0.00029501528861849226
0.004691850770634706
0.009386368629216641
0.014124719563938825
0.01935520065193855
0.020722670477261285
0.02319971620321524
0.0063025782202218526
0.02336828526604811
0.02210022419822084
0.020535636479363396
0.016410313884478295
0.016746889053398165
0.014676843902409675
0.012741324749610877
0.01108748152638934
0.006244501724388505
0.0006367269018396051
-0.0049091831937815465
-0.004808423088107794
0.0013415669036586037
0.010756199047288714
0.0030883390579607775
-0.0024754171498957657
-0.004228008969285137
-0.004932751531226023
-0.0021155605278702916
-0.0007077180137851836
-0.018187576442494056
-0.031538230036836166
-0.005425866184073569
0.01754928232820229
-0.06906476372432185
-0.03178136064655197
-0.011154104962230437
-0.0140126711633478
-0.017115431701364352
-0.011751579957214804
-0.00742358133452431
-0.011827118137633248
-0.013291705335437136
-0.02185130588100885
-0.061696976926222176
-0.0687826912942146
-0.015753434292002686
0.016700625530067313
0.019021031288605893
-0.029884071069390273
-0.03487379480134398
-0.02182337171867278
0.0030661320270575537
0.002320309955238608
-0.006666926971988367
-0.009306405648804182
-0.010031780009040774
-0.009553807815210768
-0.00987314154597121
0.017019220431102478
0.013691445333521754
0.03407669725056482
0.013910277953343668
-0.0021054064212977217
-0.0025506588545421032
-0.00035010765277339594
0.002061229961243183
0.0032944055908554182
0.0016874994794224161
-0.004666262596038663
-0.012787434185914015
-0.007271752930662879
0.02540988627331139
0.01587212491351892
-0.0060330656323751815
-0.02071681714369806
-0.008731314266272636
0.017532230400636655
0.03337302363515401
-0.004878510207396127
-0.01959385604642541
-0.01064202422077
-0.0010827459623495882
0.0012058931249909583
0.017276970127483117
0.007584329875635628
0.0011473268603658803
-0.00013539705109692586
-0.0004580138018537908
-0.0017744711067293087
-0.0024185155528047473
-0.0016915688599956162
-0.0004526200648647633
-0.00673875042495348
-0.005253080161048898
0.001299904729752549
0.0035721235997713146
0.016169195444264046
0.015670801833127072
0.010989174045049071
0.0002533787230130314
-0.00340789084771588
-0.0006947262096845961
-8.833447926978705e-05
7.521740740170921e-06
-0.0034933176993749396
-0.023860247324485714
-0.036196235978903896
-0.010267124032394886
0.012036069369224103
0.01784066113427482
0.0034121219029873344
0.0033685520743413177
0.0034947464428257643
0.00010645323625367193
0.004050438368373388
0.0005089366355864605
0.004950371567615652
0.0019458774782227899
0.0059859098120899545
0.00618334841054301
0.007115325658585651
0.017138322289672707
0.009019781742369164
0.00827202381952594
0.008621576984033428
0.006937052220498366
0.00816128960799984
0.008118693859951873
0.008500172847275675
0.008432937462645255
0.006339006708941833
0.004358706247138821
0.0023396061226265987
-0.00021523539211119872
0.0011834632217156064
-0.006962106234855041
-0.010940154834553786
-0.019198739812505847
-0.01603116239874616
-0.017908498404821806
-0.01839822769006542
-0.015807605889432655
-0.010763270254048876
-0.004036930278119093
0.004267165718408155
0.011527917232668366
0.015208310424553154
0.014618561507017592
0.009983980182314984
0.0016241743872236355
-0.0075658566905744155
-0.007170233130373914
-0.004291859199269999
0.0017834467801306358
0.006820132674504212
0.006629417387321881
0.0021687874000813133
-0.0013404592098245436
0.0006037699727153252
0.019718574334707903
0.01822554221548583
-0.009460336323929916
-0.023491662150068843
-0.023757333100508603
-0.020492094123631767
0.0023448698908745884
0.01834411396489851
0.006740205003578242
-0.0059304601818818995
-0.003618777047262781
0.004657427145187758
0.007851559307345395
0.003881592371461001
-0.003143823077598272
-0.008142376659663993
-0.007926692640198952
-0.002631741497040016
0.005390950535698134
0.012420223342206216
0.016133513683325097
0.015503641859990955
0.011227996820146849
0.004633886981384103
-0.0028296221456752826
-0.01830514182216105
-0.016487600084599735
-0.018515777209682612
-0.02059130629377075
-0.021402196066058546
-0.01951334919360323
-0.010531068890673565
0.008575847881967169
0.01603689269169907
0.010814330150975547
0.019933640357458912
0.00019027702650740847
-0.05306922777355694
-0.023620274198768165
-0.009859374941429772
-0.004434771901983867
-0.0036954143800718717
-6.689259205264302e-05
0.0006163333863738398
-9.37029245959685e-05
0.0012813943236157413
0.0014187921852315336
0.0015885917988428602
0.002091098255443002
0.0018196883432513367
-0.06341564223450115
0.005020148595025534
0.006269559189328259
0.008356962145759324
0.011274754664851656
0.01973419434194494
0.02525840550857032
0.01510587622531077
-0.03965355370622169
0.004480499652553499
0.07136942330564904
-0.040778391618613255
-0.01181824176135057
0.033702111001630376
0.038140093308443
0.03260629633371738
0.025221878560347553
0.021881520249039024
0.017502910655235012
0.014583089359924705
0.01249369739912034
0.01066444603594505
0.009647611772908524
0.00879003610699467
0.00874086536592029
-0.07068872912605766
0.0073730105227066715
0.0055657006715649935
0.00501233257630962
0.0016497599991065891
0.003748123709767674
0.008857953857674138
0.0007196958276756444
-0.008427591405878617
-0.04250768302431579
-0.0735872755278443
-0.036034435934794676
-0.00348771087509426
0.0004935472579171146
-0.000220090308302482
0.006026083209709376
0.00039099357881986917
0.0009467603347755053
0.001141516843253841
0.0013244718638890855
0.0011964985667034908
0.0009556018381687675
0.00032660937471287163
-0.002648696561086984
-0.008705934842176046
0.02630640829902599
-0.020470840046395145
-0.004690895801195818
-0.0014659796866193105
-0.0033827093459153153
-0.0011683511805139614
-0.024885574825553633
-0.0011554922379642233
-0.0007991958158797979
0.0038921777217389313
0.015195649541358635
-0.0008880666334151453
-0.00123975144527997
-0.0009974231523913657
-0.00391223554685205
-0.017765174232035975
-0.008618211823398256
0.056096710630422535
0.08756226096257101
0.06861596753985338
0.0349859389751767
0.009669590519694292
-0.0009156484930762673
-0.005208361257488191
-0.006344894382344158
0.0056616702976660365
-0.007987202077219363
-0.008640841338240189
-0.008381771798080279
-0.007962094352022168
-0.006287326013740566
-0.004469583744542537
0.0012745967894627905
0.01974450626739816
0.009606183958755834
-0.00016837234256818388
0.01293046922845719
0.019432713816789415
0.0027416480069161558
-0.0014221443064178273
-0.0006868669739715989
0.0009278801844808699
0.00832201463676408
0.0022166033274018584
0.002815002517652376
0.003804774122043426
0.004902593107036587
0.005805902650704339
0.00744053060886387
0.009366641578323884
-0.01928464377147986
0.013624531485218284
0.013324941611972424
0.014063957568454731
0.015304315917092212
0.016465979865536554
0.017337873003614102
0.01332920976769273
0.01913167657856194
0.019962008557228763
-0.008815513196393957
0.01954169284721438
0.018568831560441895
0.017434499113306256
0.016225121907269432
0.016645790755211998
0.019932552348377
0.014622036007471235
0.01662453952138335
0.013586292810718315
0.00893016135845667
0.009082446541979147
0.010732144873790478
0.009380975843548047
0.013108507073011092
0.01579294811447876
0.010696555825913404
0.011217369912808212
0.0119460111619822
0.012296457617345963
0.011673873082326628
0.009659175067633903
0.006143649987796627
0.0016489922651703637
-0.002565657763500541
-0.004714496358117699
-0.0018940856498390903
0.0037685532786047673
0.009290934892809168
0.009265619771465628
0.001234467279337574
-0.006163760882920221
0.0026820461664633917
0.015481681205750763
0.002990682918094745
-0.010998989010538083
-0.00701688187388794
0.011408382243616785
0.013812316202522532
-0.001846813928319185
-0.005148882287970165
0.0032805144908818213
0.009222489155030862
0.00851085021950081
0.004190842802492453
-0.0003543194755514921
-0.00330899624655658
-0.004660968169288754
-0.00482770470326154
-0.00421085179489228
-0.0035307095897759806
-0.0024952508906665224
-0.0016978852886640086
-0.0011639011585439097
-0.0008059653822057254
-0.0006152833485776964
-0.0006374919129751366
-0.0010473334779123372
-0.0020616778176977347
-0.0022226986242664093
-0.0018951676576794104
-0.0020143293571409566
-0.0022247957018821348
-0.0021965828532173478
-0.002077036085019266
-0.002377765528377648
-0.00400375440648687
-0.003472072164901457
-3.099359841707455e-05
0.0020940984793141873
0.003428060020498136
0.004800621601110763
0.00620996303398937
0.00744263956937411
0.008272702487592513
0.008380058611935647
0.007604904225759667
0.005998408307340972
0.0035846513389990366
0.00012912897567067565
-0.0034059123439046557
-0.006483065706165634
-0.008695992644937863
-0.008984024675490067
-0.0068447216860858156
-0.0024567920008892524
0.0026267695166161636
0.005359584109914438
0.002367452992127096
-0.005717237975489385
-0.01284476685481783
-0.00972156902695674
0.006240356599311439
0.019122536307465795
0.019843341339924946
0.019038618459205122
0.015478959889662601
0.010921190810700516
0.011183135982795401
0.015877352020264513
0.017437672656659846
0.003394340910732754
-0.024020625201589978
-0.038932797994256356
-0.023116135489342243
0.005937805453205341
0.019143478378991406
0.011057654534168088
-0.003894521504991069
-0.011860015270269163
-0.010121225694785718
-0.0035210222221029883
0.002405181304149429
0.004821798118917538
0.003652814367703361
0.00034664104132225976
-0.0034574760598973693
-0.006636102751896789
-0.008535337569635154
-0.009074528339034712
-0.008644005477925768
-0.0075157817845941
-0.006091029324533651
-0.00459936241131566
-0.0032759116060998737
-0.002231915099056823
-0.0014810543678235413
-0.0010525113907664469
-0.0009205252170640479
-0.001217163973965422
-0.0018513216120237355
-0.0028896097104457678
-0.004264388077736599
-0.005909497253682803
-0.00754388081087079
-0.00887381250688943
-0.009376196551285446
-0.008553552716553723
-0.005903494737054261
-0.0016138529281949589
0.0030426200116457623
0.005605154489387543
0.003369785340310861
-0.004165803956643454
-0.012101386556654421
-0.011075394909658299
0.003267432545181321
0.01805375011876854
0.011988095756937558
-0.012174099251679933
-0.020182684939073794
0.000283509853253891
0.018598858378228587
0.012433815723472352
-0.005005337339920351
-0.01326215956080365
-0.008439334350180431
0.0006038825893820198
0.005739706706393688
0.004733412915342971
-5.931264156670518e-05
-0.00524371989696932
-0.0084337830471131
-0.008808319560924732
-0.006760743604252583
-0.003280686242626326
0.0005747735961174851
0.003955662828711841
0.00637649407525495
0.007648726129572932
0.007755979732879
0.006905623679685258
0.00535314448677111
0.00349158128320335
0.0016113487441570917
-0.0003242751721833797
-0.002108769801594981
-0.0036534241756558407
-0.0049600521510135285
-0.005935085330159813
-0.0065403539595268
-0.006662147605384582
-0.005842640369051979
-0.005803419686472749
-0.029908396727244515
-0.01590292662000183
-0.010616161158999464
-0.013756609083933714
-0.013936077066035633
-0.011855918906169355
-0.006364362192757427
0.002311914541145639
0.00584374647441809
-0.010053993731408428
-0.029711361010226155
-0.0315111380102826
-0.028826809549716656
-0.011963460389607883
0.005157127478775587
-0.00034659280918116956
-0.005252546733621858
-0.011534816254079839
-0.01312689063005655
-0.010437902450395883
-0.007076387949467228
-0.004365398632124958
-0.0001679051624353922
0.0019251841140043471
0.0029088698882519426
0.002387245300529527
0.003417315301366436
0.004378293150282352
0.0017881467499791003
0.004568932915355815
0.00422658787070704
0.003194488202390846
0.0009229707520407752
-0.0020734803291528494
-0.0061029301662912944
-0.010524056421980732
-0.013209914027261646
-0.011153950971385659
-0.0028765526047832735
0.0073568135236698595
0.008587235665029018
-0.0035889604629789937
-0.00568104151373704
0.008543143262654661
0.015061323192920995
0.023902020887974353
0.01822464944559257
0.007930002823128533
-0.004930145084899439
-0.0009691255320374063
0.010823479397758528
0.009068075122267287
-0.002409502872505392
-0.010956538619234776
-0.011016512546391018
-0.004587254982638125
0.0034745775430342317
0.008911926696673539
0.013164277341652904
0.010689860142581374
-0.011874552273290491
-0.020631186021135308
-0.018267160125628103
-0.006091550948459746
0.012509914684841751
0.0050995107590995825
0.020442482349343462
0.01246151188639557
0.004596751507619557
0.0039952743026522184
-0.0013788756282773033
-0.004630182069657833
-0.0069452296208349345
-0.008387663186545201
-0.009248578334000928
-0.010003386434059866
-0.011047139110512087
-0.009936440173875162
-0.009510413005525511
-0.009150242061711975
-0.008660370800632106
-0.008209969087407702
-0.007910942980705002
-0.0075723968514563415
-0.005780055900739184
-0.004375298826441106
-0.0026599076454784857
0.00015225443860990753
0.0030022588877508197
-0.0007097389522423559
0.006186489228464418
0.007873864368825978
0.008663129442863874
0.010627769875604138
0.013710736777846138
0.01604473665772514
0.01765751470564182
0.017316306654210765
0.017491551400478773
0.012561743045377107
0.012092894852541423
0.002814823878587914
0.0006460722243925507
-0.005445596940056487
-0.008896281291224412
-0.00926084558096413
-0.005767657012731476
0.0005330081000510953
0.0063034113960294845
0.007365836479052953
0.0017932312103177699
-0.004867868045542109
-0.0003748981989126851
0.015766502958530486
0.015337312416138744
-0.011893012932051953
-0.02350546839717679
-0.020724192631188913
-0.01234127614510689
0.01234389612311179
0.02592838570273517
0.012724345655484635
-0.0016824038406805042
-0.001391780501118522
0.004794675807655024
0.0077888076342875825
0.004939492826451524
-0.000686930122583677
-0.005989577314009463
-0.010710039431822586
-0.014395462197102759
-0.01096195098426495
-0.00893066884029034
-0.01427152499102849
-0.017761387984308912
-0.0016438987258370246
0.005706749201471577
0.009708542486681935
0.012129731224021965
0.01352694236027431
0.014246069504757321
0.012598914437984764
0.00783326360678736
0.003065592199755283
0.007303233823037738
0.012715427780142114
0.011942356248094201
0.011122918027293106
0.008510417536518116
0.007878639287616333
0.0059760965037625674
0.0005864582085678433
-0.00018255609648966945
-0.0032028890286931485
-0.005443588848684665
-0.006102078383956368
-0.0040497107311058544
-2.2623178156532834e-05
0.004820427087080179
0.008299212349522198
0.007498315194394653
0.0013998993736810317
-0.005321461834846794
-0.0030462945910868845
0.00989661005831553
0.013174618165539597
-0.005435595984722712
-0.013662451012907386
-0.00642133315430736
-0.009107314659329997
-0.011858982762092195
0.005383307548706053
0.014727308707424929
0.003792147927238712
-0.0050091873356709685
-0.0019538702419749816
0.005471046310207831
0.00917020559987087
0.007350893738140904
0.0022357620617695488
-0.002329345651435963
-0.004610156420132124
-0.003982519604075145
-0.0011259996263007907
0.003445897169553321
0.008649343696448503
0.01305360817085859
0.016337406789007084
0.018478266245833187
0.019542696310103497
0.01929045183253449
0.01771010251621103
0.018690307678045026
0.013313886818428367
0.014541839917341759
0.014384487053794746
0.014760386046495946
0.015264211551538625
0.016026968016918306
0.0010364322834368262
0.008555808358732911
0.014032753624891455
0.008973355887324605
0.004881326489635419
0.002130814011670606
0.0003411688394231914
-0.0007501526783705916
-0.00125700054279874
-0.00047220328003937464
0.0009739893480801766
-0.0001834821525608825
3.685544333052187e-05
0.0014504784462788492
0.0029816677988062693
-0.018894097538682285
-0.024939804847973115
-0.007508866174137569
-0.016445896465044886
-0.021915825755450744
-0.025683190206743308
-0.02227093099191716
-0.018117496035273347
-0.01002909730366157
-0.018942871452043902
-0.023160201715736555
-0.009067148945003366
-0.006566332981955804
-0.010478536354900635
-0.011436537803609157
-0.01079396446523415
-0.010949200263826037
-0.01917949275707517
-0.008539566208275895
-0.0028014273826333772
-0.00745062382640565
-0.025688015361874105
-0.008811483924485271
-0.00648897954353478
-0.011710318753828058
-0.014313815283751787
-0.03282809486113797
-0.015861213776498493
-0.018124588537645543
-0.030606538844690476
-0.025190314370009632
-0.0185250330138222
-0.01926645330612222
-0.020703474250965432
-0.021513391868930698
-0.0226944974245068
