3.477271796190964e-13
0.0019618202170814092
0.003669944774594951
0.004958071252926247
0.006377676701785225
0.008003398043886691
0.009809507374505488
0.011684120149356395
0.013658316864902976
0.015632440310374623
0.0177219167484495
0.01960562130123423
0.021774210196060857
0.02379916010716683
0.0258080738741092
0.02777056665478574
0.029929142033593807
0.03194026506629118
0.0327061937563068
0.029074619562879267
0.013768314127239908
-0.010470298722232112
0.027999145540787772
-0.014731224550495978
-0.01625099521442002
0.012468996602713394
0.027042652315359315
0.0316577787932523
0.031473292763049346
0.028918889573647806
0.025692840718507342
0.024555671780766272
0.022138300296922854
0.019712313786929985
0.01738293972598769
0.015138197848487777
0.011712935343490117
0.011089784417264971
0.008658745807529863
0.007875556945690396
0.006639128428885165
0.005583160901579187
0.004725487541920608
0.0037831300102312087
0.003781999177490319
0.0042519510965162354
0.005311604040652438
0.006506049422763475
0.00807225211879926
0.01038898278189672
0.014541933667447804
0.019728198042939907
0.010195448056563014
-0.05378887492502921
-0.1380470845217179
0.020241145688413672
0.057965301554929044
0.01969286542085151
0.005844942860940279
0.0018508029679489815
-0.0006853078312394113
-0.0030216802619140583
0.0003789768567740996
0.017084615025476563
0.054203004571788095
-0.06689761381122307
-0.11715480744558926
0.005286979575625033
0.03498820428844648
0.02872103262757226
0.022512522990242673
0.01686188290239066
0.011323107989474734
0.006030424922289653
0.0009991368202311253
-0.003664231273480483
-0.009629597844942902
-0.01386908956414272
-0.016741095737695787
-0.021181664110366382
-0.02094736371046929
-0.022378322167063324
-0.0255151142268887
-0.025310378703963517
-0.024895837367094133
-0.024826253337486007
-0.024988862605861917
-0.02519051773254157
-0.024847197862104653
-0.025103252654902108
-0.024879067572369424
-0.024430644258513233
-0.023953057389097376
-0.024116627989294964
-0.036582498494106094
-0.02286452537635352
-0.02812444490423514
-0.020913383720769594
-0.018921332050546084
-0.017733772457075365
-0.01665647085308516
-0.018021097458831355
-0.025100554928292374
-0.012534824186272412
-0.015011453264624448
-0.006042407629861244
-0.0026601113863333565
0.0007783229424896358
0.0043701396166608035
0.007589839498341898
0.010082013286655424
-0.0016258358642010974
0.02930004470311174
0.04061999374016837
0.0507679032591147
0.046285988016830745
0.02698982363541341
-0.057439198209901135
0.12895764141351318
0.3110967048855737
-0.03919459675714092
0.01213566126350044
0.06637935221932525
0.0687515044758746
0.01562800176002563
0.041147986487663865
0.039553694431317406
0.0378560785083753
0.02967131056004287
0.029711839131236702
0.027695405352233842
0.02313585142692093
0.02345920475641287
0.02172209617906182
0.020515552859838228
0.01949870197478258
0.01715759976663535
0.009234929770889954
0.015178489074208788
0.01417001434180544
0.010729854921518931
0.007885579163201713
-0.03088021975480066
0.0026205654385733795
0.006547961408125702
-0.020837544842130972
0.0057049632342751275
0.0068925651655700896
0.005252746869325189
-0.00013027072134139705
0.002962508752918816
0.0019786479113957536
-0.0008030719634835212
-0.004544348003534559
-0.03657625296911481
-0.010193048414469493
-0.014457599390442388
-0.01636323558400217
-0.02033462268644716
-0.02504482619424784
-0.03012176192092792
-0.035738996715166456
-0.04181556637260855
-0.04879519652531156
-0.057810559760277366
-0.10095877641296629
-0.10321577669531129
-0.0768552624266218
-0.07839881191403576
-0.08030341416101051
-0.07656607323315398
-0.0697769823212553
-0.05594482794429793
-0.033683591107965066
-0.0006269005802233315
0.03878792127290683
0.08731900402649255
0.12057675782634886
0.11383078861343333
0.04290559850838073
-0.07136929030868548
-0.11135089811375955
-0.021963764060192226
0.010771065845771904
0.009969645664474456
-0.060208884828218956
-0.10960196450089592
-0.03668788037782803
0.059278885039518114
0.11010701839583617
0.11509984785615412
0.09432150540894399
0.06525057792069074
0.036291412004106634
0.016486916961069843
-0.015177711565608092
-0.027441539179410914
-0.02149105788739553
-0.023010950706176616
-0.024306939791835302
-0.02146663595558727
-0.015379360146911214
-0.007472587905245646
0.016014032117558755
0.01373646439606153
-0.001132958368648221
-0.008573083362583243
0.0008919910290155623
-0.0003298060801412676
-0.004400473334627419
0.008869263109062744
0.0061762724534137284
0.018684267918180814
0.021855347193117144
0.022525228965320623
-0.039329490756537536
0.026827471947948687
0.03149193508997402
0.032854995864596476
0.03535065375672292
0.03649274421469011
0.0379648649973955
0.03881746448838825
0.03924847338950647
0.04040116325450256
0.0463755417814965
0.031024040023202745
0.046119763640476846
0.04224557377967918
0.04035838521327109
0.03738089001848482
0.011000049351101465
0.03382018357697797
0.042715764085129185
0.05095828478689139
0.028628124916325014
-0.009350717202948496
-0.048563309931328354
0.021659334369937833
-0.08240935352406065
0.03053650397330704
0.041048170778180355
0.012075521719845937
0.00386870028533977
0.006466258549609279
0.033286821380715065
0.035760731634167806
0.030053748065836963
-0.03801848707708238
0.01142954586716335
-0.1726455085666105
0.02803677216875651
0.03506471447924377
0.03636019506936022
0.04017170721850046
0.047980815597214926
0.03952339879284736
0.03221095686069759
0.01702209779216294
0.0003742204665353384
0.027810793806781784
0.029150145026848436
0.02585290432626938
-0.000621048570929001
-0.012662714783905373
0.010005979237097222
0.03561941347153796
0.007987392655118705
0.01943467532331336
0.02300574299907185
0.02305011983453661
0.01908145428243752
0.015400828497539152
-0.10630965314438245
0.004762105940688317
0.009270272116926668
0.016174353998117744
-0.009130759155741578
0.013803008931766189
0.01005606006038078
0.002374451666888273
0.001392773565407275
0.00800814800609553
-0.00032968291578708574
0.005647345296161311
-0.002390536338812898
-0.11690388973805478
-0.013323977980996942
-0.008243320063318169
-0.16750072237866415
-0.007607666534786085
-0.021861279604431936
-0.0055383717541268185
-0.033171091750171126
-0.010498229772953479
-0.005528532183753066
-0.0055819967548961695
-0.007158142530041669
-0.006168901282422794
-0.008724793535644784
-0.015038087585119589
-0.029808510517580385
-0.08131132631465171
-0.05660783188755085
-0.02173441700283652
-0.01558098983325727
-0.016692412073858312
-0.017669232720161663
-0.01823599381942143
-0.018656136546970226
-0.034622124227169725
-0.015686525717206426
-0.01756288497344665
-0.014931473990551445
-0.013672683925333943
-0.022051286847042453
-0.06957691099696503
-0.027127326409122757
-0.021703058586353824
-0.03492861493443052
-0.10393413425677912
-0.062379750205181744
-0.06457943934522442
-0.007687931829890876
0.0667942948229759
0.040275002668124366
0.06579527774965328
0.01906111123652546
-0.053546453049999415
-0.05429258803250329
-0.030897058300170355
-0.013897862428880935
-0.010949790756803586
-0.031177355312120313
-0.00597234878278053
-0.006053032136035494
-0.0036880374980608173
-0.00524770396654378
-0.006331422906830244
-0.006728277907537028
-0.006447156954081871
-0.00651450576315469
-0.007100807089157451
-0.017251280306731266
-0.007233190180607943
-0.00228451443490892
-0.0016489204999824987
-0.0006113761789828384
0.0006246113737221129
0.0015766691554451766
0.0025637443831805816
0.0033119610318139126
-0.013126020479972385
-0.01915636682814906
0.008130151652216188
-0.03144462700577002
0.014804899505075603
0.013794541540440053
-0.004923332782130331
-0.026065367575435393
0.01773169742570578
0.03112169782113612
0.03270009715818656
0.0317006173076679
0.02275726538467808
0.022703676268655673
0.014404382992558824
-0.00936284867524361
0.012495857093018575
0.006894946982428228
-0.01791928848364911
-0.0003100590933289127
0.00018681110410808077
-0.0014741475684309376
-0.006223298726993854
-0.008208481381554193
-0.027956894005193935
-0.0642068482343175
-0.08691722002635169
-0.07525735391384883
-0.07292589386161637
-0.07342361551873056
-0.08639980710255737
-0.07944981688300662
-0.04413129914374299
-0.019584379539457842
-0.008028373070462802
0.0030824874402803734
0.007946176157545087
0.017031993530025737
0.02910258834152676
0.03494494595228419
0.031915060684725806
0.03154672700978797
0.03656228707392304
0.03570132921915703
0.03797034369076838
0.02465471567489871
0.03901510245203014
0.03757357155106596
0.0212787632892259
0.02080482478956945
0.020545260821040686
0.02568914391263712
0.02969176318919817
0.03386569050396336
0.03370878413024919
0.03203796016377085
0.01944587588589693
0.02698259354914063
0.030004706224623257
0.02909519140229001
0.026516712697950574
0.007038852683750481
0.0020037813630883238
0.014226724953959153
0.01509782275096462
0.010115421692465178
0.0017293015059554493
-0.010124965552160399
-0.026764599316903222
-0.04606966833600502
-0.05506394729710318
-0.01776818889045683
0.04352840834690723
0.039930834781340734
0.019672276632803146
-0.047804034446330516
-0.07397083525308223
-0.0661301943847106
-0.05068766153591338
-0.03534852080957851
-0.022597200913206113
-0.013250389873248523
-0.006066023119471469
0.0005565277435196901
0.010573879799269619
0.030101466260101527
0.027232516336197568
-0.03080523141637752
-0.019287922519853073
-0.012639687109222746
-0.02061097476291581
-0.04432991389553693
-0.052236076004717635
-0.07163947125753288
-0.08088384642011108
-0.06723406686285377
-0.06905256281505677
-0.06842904789613936
-0.08399361651661089
-0.0708759380411015
-0.040944605909536386
-0.025107676054409746
-0.01777567445495786
-0.012821345689039003
-0.008166539083257934
-0.000690644207321858
0.002220367431093886
0.004696777831177514
0.007536984790417383
0.009814850938753837
0.011517598522960802
0.015009080133888643
0.01422664106254024
0.013947998752591407
0.0121669613167501
0.011510779336042234
0.032393378968596793
0.02318421388127986
0.04781406155674443
0.06535094751294225
0.021945533548104086
0.021761606495548484
-0.04580252004351441
-0.06965779549452963
0.027231182830606465
0.013002703418944451
-0.000267468769422173
-0.0074317033958885
-0.005125260350610694
-0.00641168488059706
-0.018184319828414213
-0.03115558516234148
-0.038590965481791015
-0.03524469372688843
-0.004595827456444347
-0.008439384707313985
0.008159646441426072
0.021405439248151054
-6.14078551340933e-06
-0.013629105638660375
-0.016638411924691544
-0.02118381167953588
-0.020755819061288937
-0.019572787258366874
-0.010749701823464438
-0.008929858778619086
-0.01180076464196476
-0.012895200928656973
-0.01604032616760048
-0.015766337193460718
-0.014432751388168871
-0.0121025580414624
-0.010299690498718102
-0.00972343338307815
-0.00875919572478378
-0.004706822522805167
0.009740764512451594
-0.0022987780296075794
-0.0018920106605963866
0.0005365245597037159
0.0026497594720431084
0.004029816477445756
0.00594897275558096
0.01453700897238102
0.009720324891247646
0.013128075142737816
0.013454356161935997
0.013582212726636195
0.02258147084763252
0.01460108247451375
0.019139910548429246
0.016392855777707688
0.012417300245528465
0.010040210528973258
0.008535220422678754
0.006942677300697066
0.005732966390588624
0.004893963898456331
0.0043743571144935515
0.004209153270546621
0.004592907371348791
0.005644391345537172
0.007139322292416507
0.008874780647842175
0.010217315677328954
0.011935403270929044
0.01261353930601366
0.012170597388187177
0.010882019065981838
0.00867431083573784
0.005736124084639251
0.002640491439890545
-3.490296177062853e-05
-0.0019371234184550042
-0.0026384191947389484
-0.002568431075445477
-0.001913716924663427
-0.0011564710699785343
-0.0005944293424576656
-0.00030052219961072585
-0.0003004818319133239
-0.0006235521075291107
-0.0012614888026085353
-0.002085027423823299
-0.002802901028026885
-0.003083403937959456
-0.0027767108155676897
-0.0020052703460038553
-0.0010819332222593051
-0.0003018072294063656
0.00018630096491655416
0.00035710358541785227
0.00024480504469675943
-9.625934733558125e-05
-0.0005907419703792861
-0.0010937154646535902
-0.001286879565947426
-0.0009299577388000823
-4.717311448536354e-05
-0.0013131117138137569
0.004635819123990746
0.007137670848046161
0.010003011485046056
0.012183623881796016
0.013375446975504319
0.013873688500730813
0.013824009598664392
0.013337156901432867
0.012190682679488304
0.010776395987925572
0.008654184622956947
0.008120101944652711
0.007193702413628787
0.00642777768061705
0.00608092425620207
0.006091199471607832
0.006409186493127117
0.007138383672765152
0.008086837102368405
0.01144907024854818
0.010135249436426541
0.011463649886880662
0.011759210664548138
0.014841909002828751
0.01291226301996333
0.012521349931183649
0.011065224990417188
0.006272778317190027
0.0027992366801600915
0.007488120150934663
0.011585060779057606
0.012600392450934023
0.01228453159875622
0.011456011454744173
0.010557866436075144
0.009722940655551729
0.009619250180332599
0.008767600761324039
0.017925343550290643
0.01291508658738281
0.0041554155032790165
0.00027350962003303914
-0.0026345799535173104
-0.005029862754699796
-0.014344543860203254
-0.0295912418586011
-0.05735356255768974
-0.08637970952268835
-0.08470301757167395
-0.07915398507518098
-0.09201743935465861
-0.07342163377766418
-0.0391575398344031
-0.022012797331182016
-0.013993663465212788
-0.010905075635179078
-0.00949428966798033
-0.010177047576941402
-0.010574839773913356
-0.010601459493457562
-0.002733917164608679
-0.009532201790785075
-0.007339008218769331
-0.008912797131707811
-0.01197589350175371
-0.01223580206203601
-0.011174217990943525
0.0076574460511649005
-0.005187603474333641
-0.011222183864980525
-0.005528412976391356
-0.009698416411288376
-0.010325995780123918
-0.0006966011001971466
-0.00742103637028878
-0.009512763830358617
0.00420923569641171
-0.010855837457663725
-0.010409506953901786
-0.003190809666108566
-0.0033171816986722782
-0.005007084745491457
0.010265548954924408
0.10108878234967719
0.09786775803007144
0.02003419688638113
0.036774184988988164
0.0097509142454315
-0.0021927192991472327
-0.005254520170486829
-0.007848205035605791
-0.009990358588367762
-0.010172161125388659
-0.007870595864995576
-0.0012157575017827554
-0.005925850227160928
-0.009197884239560054
-0.008960810581137742
0.009251091420644087
-0.007338294530224544
-0.0011888453322531755
-0.007191808690307725
-0.0014173493339813192
-0.010505736694366323
-0.006526019790143959
-0.009207579450095914
-0.009623129535088166
-0.01075556420859803
-0.011396247250132798
-0.011431205852284982
-0.011242570893101225
-0.010482025901878238
-0.008169690315657188
-0.011042953647264668
-0.0112529269991715
-0.011346309812984987
-0.011270697018752341
-0.011000966349273486
-0.010243333827551496
-0.007723611888208859
0.000422225862695112
-0.0011095965131446362
-0.003907654247647232
-0.0022165805673172133
-0.0029159667478036886
-0.007895856881875999
-0.007946997875580852
0.0009326973057054244
-0.0048107098527590255
0.014805523895058712
-0.0029945462809815395
-0.0017072380525990645
-0.003032511169923757
-0.0019327191230694319
-0.00039749524401688264
0.0012935835594503572
0.005479644877875113
0.006026575173619359
0.009301727902879434
0.013217739085939697
0.01895991344803509
0.027623509848436496
0.033170665157339796
-0.02171532375964511
-0.004774013754712661
0.035998679509620865
0.034286503966753194
0.026079120902246906
0.025054230912834496
0.01781548639044536
0.015531248328886658
0.016214515238026687
0.01224635329387206
0.009419820584531127
0.007498966001500796
0.005964225575727795
0.003806408179027411
0.002933349403892873
0.0032383166506906825
0.0014431362606979014
0.002945018518680217
0.00436121133628709
0.006135166063264354
0.00796236752100563
0.009961141660424964
0.010818050745826766
0.010350981378271777
0.008375881805895132
0.0048814565063918245
0.001564565633953381
-0.0014690452262082652
-0.003350208912667034
-0.00383310188976195
-0.003372210259331736
-0.0026135137671477885
-0.0020432202014271897
-0.001828984639439106
-0.00201606692386829
-0.002575895732531949
-0.0032765667653061182
-0.0036455433164830245
-0.0033376193163351157
-0.0025202968562039003
-0.0016732841661980106
-0.0011378010720485645
-0.0010081956399565061
-0.0012480959531550573
-0.001748447206769271
-0.0022372162159422027
-0.0022047201867616694
-0.0011484958357359984
0.0010476265510875311
0.003957312469822939
0.006716425909037029
0.008731337032779547
0.010310671893297058
0.010692573039168117
0.010255307719975676
0.008663914348715737
0.003099418192949561
-0.01451311803718566
-0.035717691429912296
-0.042792700287997996
-0.03390135807356648
-0.0037650273120662034
0.018627030466380277
0.025022933779731773
0.02618802018449531
0.02611189338340147
0.0245432912811361
0.024784904411033905
0.024321365439434046
0.023951161295878813
0.025164634407602186
0.022404024519312053
0.020888868314294023
0.02009578580076295
0.019463285679681246
0.01862538888394413
0.017751123787986763
0.017922222074765053
0.024837184878660514
0.015807196313418554
0.013554562899900103
0.012118471838633134
0.010592141006764541
0.009798170323537591
0.01110831624468925
0.007424706589216705
0.006197490452935664
0.0060182370665284824
0.00478227523597743
0.0033682081084960153
0.002793875957749595
0.00210680186358612
0.004662134812819223
0.008006580965958745
0.0003746780864746085
0.0006740850516605972
0.0076129454891765945
0.00028980711059513017
0.010491218005718346
0.05554110955166722
-0.003181123832530526
-0.004498184423909968
-0.00506723476999061
-0.004646367638264764
-0.004095613318573575
-0.000714116712251261
-0.005928873593127781
-0.00626976373678101
-0.006369449293952824
-0.00549228901403997
-0.0013832314965017936
0.01455224276681884
0.0023440385654139267
0.013881691851362156
-0.003998240751416388
-0.0019451769751241154
0.041203400740625035
0.015219961512839506
0.005837790490592235
-0.03227705416565007
-0.00850117638508444
0.01025402217941766
0.011914012545413568
0.011421462841318505
0.0031747675089655748
0.020990334112456748
0.044436393667781
0.05255425481767519
0.08024409724305942
0.004992220620085995
-0.004991236905643607
-0.006402703564556592
-0.006197135385920164
-0.003556842651888958
0.01748357332616844
-0.0014944682236119058
-0.006106158185324241
-0.0070096613029472414
-0.005873324869704493
-0.006761484839482333
-0.006951325065623869
-0.006204563457811101
-0.0023929515431972766
0.04052745798765052
0.0028937852223455424
0.006078530586328552
0.005811736086689603
0.0009257184391119556
0.020311404070268286
-0.0055647012838884345
-0.006632561271339017
0.0014742395139139895
-0.006870226545482712
-0.007186496857333359
-0.0032802968691724313
-0.006916207175818341
-0.007363424708524283
-0.0074586445879371846
-0.0074741190655110284
-0.0068897073936005325
-0.007284938987478911
-0.007247319519315699
-0.007460723273700678
-0.007254222348334789
-0.007260474864551091
-0.007138637905568505
-0.006045933252060986
-0.004902384507489476
0.03085613069415099
-0.004111413062363999
-0.005146567460387423
-0.002262763692328708
0.003023287600828314
0.014093158937261582
-0.0027435039568233376
-0.003543027533020877
-0.0015942636271428607
0.0018106535767875918
0.0024538829319658206
0.001737789239634188
0.004837014767923208
0.02584865647867192
-0.0009723809572789934
-0.003347123033681593
-0.004170852844055545
-0.004614963470146209
-0.0022648124498977017
-0.004877655253739965
-0.005708989196342626
-0.006289533183528347
-0.010433751681095966
-0.020562246877956568
-0.014778171792620061
0.0013770870643360993
-0.0037889311176913815
-0.01318372364366307
-0.024268636019376844
-0.03490492901596572
-0.03915978681760222
-0.03472405416498198
-0.04259871068826027
-0.048216927149177365
-0.04563670972911013
-0.03582132710178989
-0.03726163993994993
-0.03760940268877015
-0.02765164909542781
-0.016208218639335456
-0.007656852766897258
-0.0018978546520090807
0.008236627113126437
0.006551362959745199
0.006112944474118691
0.006428030071513444
0.005289064038664656
0.005622035995125407
0.006293875443897883
0.008385944957134676
0.0291688263874212
0.010424232208804588
0.00830075862573262
0.009081295212450739
0.009501415241957809
0.00895933431120021
0.009406124038035066
0.010328988381087437
0.010537289468124739
0.011060260909684138
0.01171904073000878
0.011909752700337973
0.013758300857767773
0.012717721990532392
0.013315824384395552
0.014609818070058098
0.02255079974267623
0.015285846062434853
0.01799981680824281
0.013576667071536519
0.012592768238447013
0.011858634002509862
0.010968054926138393
0.013427862126677837
0.008822852492484488
0.00844618712731455
0.006212769879848572
0.002832773753468878
0.000529623683996522
-0.0013267713079033194
-0.0028303531817555337
-0.00353357701490775
-0.0030275695214862725
-0.0013323654168570286
-0.000312910205989973
-0.006145682430053624
-0.021328214956874997
-0.026357493583825244
-0.023598226283298707
-0.012060479409483267
-0.003638917373872635
0.005463312078615499
0.007067204212121503
0.006274561561073131
0.003991830656557226
0.001081063767835127
-0.0016240401773320952
-0.003335254961039211
-0.0035813212408805388
-0.003163740989018273
-0.0026530363112523196
-0.002424668167235911
-0.002606287378553624
-0.00319551395756785
-0.003923869048261548
-0.004229736415561646
-0.0038156168722927757
-0.0030642792499151615
-0.002508262215598498
-0.002366639960817714
-0.002641115621180844
-0.0032490714217084673
-0.0038914272933154807
-0.0037139329265890642
-0.0020458703114986784
0.000824905294499469
0.003913696197337032
0.007299321009129775
0.009606839461315098
0.010513808353036124
0.009763051946656736
0.010608975034872419
0.010149998661266606
0.009259982903215499
0.008278036112327655
0.007215034357111081
0.006049462664718124
0.005065601714649103
0.005202739775336842
0.005387061587549736
0.005511432099446712
0.007805616172617966
0.005578744494178944
0.0052955580358975424
0.005440025481189177
0.006752341131834572
0.006450931949045021
0.008259020387223474
0.006340912795596921
0.006626782524766846
0.006963183861159898
0.008160031064237273
0.007648436432452536
0.009166359770411126
0.01147112155434685
0.010566828698533686
-0.0015211832174070081
0.007098949062731933
0.005477257882232468
0.004299453753833819
0.00464834377038414
0.004085447136413334
0.003917002712912478
0.004125782787931974
0.003223230482262731
0.0036070724298565924
0.003518466809126179
0.0035541840128926906
0.0036224988162492076
0.003818690192364624
0.009190799492849304
0.004356274831571079
0.004715765243301501
0.004858447565051429
0.005262102699628594
0.005665737134324517
0.006203930992740972
0.006771235369288532
0.0074533693896660265
0.008134235601543558
0.00881752102377745
0.00952550376725762
0.010252510396260983
0.010824645363536608
0.010947963227519984
0.010255605322370109
0.0029868275777279697
-0.003644804088886383
-0.021552211204897143
-0.008684015423965224
0.005904465176624035
0.00969323894853813
0.01061675315009797
0.010597680671860713
0.010092706708821522
0.009255016041228406
0.007726972909426308
0.00496510610440735
0.005608205435722379
0.004616798544177324
0.003403097860679213
0.0022662224306001415
0.0013293044038719707
0.0005687504879438385
3.3557494460074885e-05
-0.00027605234750897114
-0.000331557805065695
-0.00023952555993954992
4.284622883541291e-05
0.0003840067231758168
0.0007533767491863317
0.0011108396704520422
0.0014236906160871446
0.001667504096332483
0.0018206503226626937
0.0018642059047884359
0.00177931984318499
0.001545911897929944
0.0011521568289131767
0.0006012847167583835
-7.817170743860197e-05
-0.0008193504758118562
-0.0015159221210261022
-0.0020469336253462504
-0.0023195839957240085
-0.0022873779120852816
-0.0019540468683035233
-0.001378276843914631
-0.0006663899101775668
5.914282952642953e-05
0.0007042537003776463
0.001211601381338457
0.0015545691458513282
0.0017241570103002902
0.0017127711895948976
0.0014994017709899234
0.00104005249006453
0.0002904976772181886
-0.0007260879927046622
-0.0017989235456708475
-0.002491015611118572
-0.0024412908984816897
-0.001702586565847754
-0.000702039112813395
9.688626053107654e-05
0.0003806788673337105
-0.0002377830845908237
-0.002435228639318147
-0.003974258920780811
-0.0020118960100319705
-0.0005748764502685496
-6.88504414664397e-05
4.101377508619648e-05
7.1941079901239e-06
-9.128335984734425e-05
-0.0001264024417381895
-0.00015917590321626508
-0.00017232461964505503
-0.0001811481415607908
-0.00020957997650096374
-0.00029809456369731387
-0.000521288448461279
-0.0009739370800925138
-0.0016063642083336922
-0.001721009203726751
-0.0010246690029736415
-0.00038495322654643076
-1.2888802799704237e-05
0.00022778922284705342
0.00043949655750130233
0.000658080850263117
0.0008805160680943208
0.0010803938087163198
0.00123298248594584
0.0013326336636565294
0.0013109228278842945
0.0010726975677221558
0.0005589786878929228
-0.0002365060080487982
-0.00110346329048125
-0.0015016643504290822
-0.0010323669380573105
-0.0001299777792224895
0.00047827339946457354
0.0005283949769016534
0.00016976293330381193
-0.0003708661791606285
-0.0010333111899248969
-0.0016794332728627597
-0.002132665436209263
-0.0022859527006659146
-0.0021078691656242284
-0.001631532812779898
-0.0009451937670440156
-0.0001714020062349579
0.000567650516805703
0.0011971145904243754
0.0016795079496449647
0.001991792254254403
0.002130426837259333
0.0021485176926660946
0.002090552992598994
0.0019156085458303287
0.0016176193936685906
0.0011599382057489163
0.00035351799831283867
-0.00141487264586161
-0.0032664792190859066
-0.001965285869874613
-0.0009787577450873159
-0.0005557315153488433
-0.0003267060674379159
-0.00017928414548953227
-9.909872145416357e-05
-0.00017229585163759957
-0.0005844533145898956
-0.0011655232240036862
-0.0005373472797037663
-0.00012376891588881258
0.00017514491362379602
0.00017793289872123827
3.884601752449941e-05
-0.0002539527377985864
-0.0004509054607380108
-0.0006119292900220501
-0.0006388217318923265
-0.00041430626194799696
3.6881090247129256e-05
0.00042859817769187145
0.0006667325757646392
0.0006710937695788361
0.000349197586170085
-0.0003736094524674164
-0.001426696167281269
-0.0023827349853874436
-0.0025728475949130455
-0.001805301155269202
-0.0006156302192432263
0.0003945870984339235
0.0010036785631178323
0.0012435966879837332
0.0012308369700956075
0.0010887597565441914
0.0009059082437886
0.0007380042640229146
0.0006301907489664258
0.0005772035284499047
0.0005619833527945813
0.0005808921954017448
0.0005758696279866809
0.0005021885157664191
0.0002673784582079368
-0.00021088425243196004
-0.0009658760850904474
-0.0019006175507790633
-0.0026946370300044696
-0.0029335706453658137
-0.0024693519159598616
-0.0015667749609531293
-0.0006550987067987287
-8.644045764511813e-06
0.0003002798500606696
0.0003051032773955493
7.130734055595339e-05
-0.00031942244815682223
-0.0007474969720155356
-0.0010469717319975763
-0.0010314334799632588
-0.0005799403146730394
0.0003402176884891659
0.0016654053790417266
0.003237208991671199
0.004613534037088173
0.006156187690103099
0.008197380187393837
0.009575619540993953
0.010440361243508002
0.011344587096844739
0.01191517079067369
0.0119739887390789
0.011075347151973811
0.011733104070219321
0.011097972828846224
0.005809953843308494
0.01030694136559053
0.009848562434138428
0.009229761947409366
0.008461408268621864
0.007911951459496394
0.007239466081337615
0.006569167280635274
0.00582775869271483
0.004446255669180478
0.003717736783846101
0.0008524437200789764
0.002315201828103259
0.0023944942451934728
0.001889700330566154
0.0011558240075870833
1.6637405975906047e-05
-0.0015616533606820744
-0.003954751591024388
-0.00763385781442374
-0.0131061356980076
-0.020943557292562896
-0.03039084152830806
-0.025740330780010128
-0.01824713073949144
-0.0162403186220312
-0.006504246483178156
-0.007022691099643105
-0.005011583711669911
-0.004071799301755157
-0.0037136476211552254
-0.003032263026751767
-0.003826769494707459
-0.005320298793638408
-0.008087429075495298
-0.013457666959259507
-0.017004853084681353
-0.01756264990030564
-0.02248879851231466
-0.029282515200901936
-0.03640810383388137
-0.03565566814166722
-0.030760807167663922
-0.023628794500347494
-0.01703172218139967
-0.012255715124723178
-0.009482788472890517
-0.007758673011483625
-0.006882180269610716
-0.006552375247921364
-0.005535470591760465
-0.011508802485722064
-0.019339701995632716
-0.013731997816914497
-0.00916000344482826
-0.008019238750036602
-0.00767947183007998
-0.00716156246827122
-0.005947873157293551
-0.0035942506125129364
-0.00010085590727700764
0.0027784088927080733
0.0018854405643981
-0.006776545772714811
-0.01674915681415577
-0.018285984782495084
-0.018655298042827506
-0.018058065208626416
-0.016217182525267555
-0.00823862703904119
0.0021364433539618126
0.005021064484595971
0.002244781912915256
-0.0016569391660945223
-0.004677412702690907
-0.005964587251815545
-0.0069911801745438365
-0.007287891828137593
-0.00696534587970411
-0.0068731065071645355
-0.006304989127275118
-0.005541180530991513
-0.005234826994770293
-0.005595816675715454
-0.007391401064519282
-0.009231150438868999
-0.006564261156878761
-0.0065202372455825325
-0.011869652603961757
-0.012639863259504856
-0.008234590119340286
-0.004825628592171512
-0.0033980148212284077
-0.003032691303886722
-0.0029352896019294306
-0.0031404330126510263
-0.003956397983971762
-0.006192252834976111
-0.007538628772751189
-0.00484158476513866
-0.0024747636757888603
-0.0018860177429013704
-0.003008836075142742
-0.0032080201949245234
-0.003275168399527745
-0.0031660377934024505
-0.0033203925304508687
-0.002777538422644357
-0.003209498558714332
-0.003060351171048721
-0.003034607578550401
-0.002900892289398306
-0.002646329114338939
-0.0016522588060080001
-0.0013862671843074535
-0.0008996461128949384
-0.00022134119548231196
0.0005796696653908572
0.0014526807223678993
0.0024191004844827946
0.0034631449600724395
0.0044696397474676495
0.005656261623625584
0.006872075746712105
0.00796906487761525
0.008645907629166106
0.0071009040359897675
0.010856670659606434
0.011303216761234363
0.010276418578158662
0.010840818521490743
0.011837910196615986
0.01141654286273359
0.010368684251661287
0.00850543146415997
0.005897384747044132
0.005103860969590395
0.0035033539627318065
0.0017438842536878676
0.00042922370554564253
-0.00033584493455373514
-0.0007616042581420593
-0.0008368748873866282
-0.00027849337770965104
0.00018980323895643566
0.0006112512142402509
0.0009398114282009247
0.0011481924846448175
0.0011633263747266817
0.0008222933257085427
9.58232163180814e-05
-0.0003037443105386991
-0.0008228306662677626
-0.0015872252454870407
-0.0021526052321274003
-0.0022472422571098057
-0.0018139042328182127
-0.0009900330940613767
-3.699437599313816e-05
0.0008117376985132777
0.0014321949244014284
0.0017905030066332282
0.0019005849580333671
0.0017977965458573569
0.0015241542414237254
0.00113148945110006
0.0006968538935335416
0.00033811910431659665
0.00018940402529679027
0.00037649687570927716
0.0009445817674469642
0.0018989558141383795
0.0031730003563254774
0.004652901741625343
0.006047429353525206
0.007449693753072221
0.0049964170335589295
0.009610694175722868
0.01081681514258799
0.011224958014407515
0.011360079378959597
0.010707436268972113
0.00809609040584036
0.0004347418568767089
-0.010960042114133685
-0.018764842964264516
-0.005994927171705174
0.0034724489815349912
-0.000278797958175083
0.006266499321544739
0.0069419208824902864
0.00666385167651486
0.0059860845556250035
0.005298198636677792
0.004686704796824678
0.004219182651200201
0.0038383652886757806
0.003580386298304701
0.003469473218604241
0.003496989518506882
0.0036704223784133575
-0.002149644398412993
0.004648310511056585
0.005531302280128869
0.006602412634070173
0.007910611529510947
0.00898334335330531
0.008230424042838096
0.0007216607328511113
-0.02096373065438324
-0.03938001982818337
-0.04349577097091078
-0.03498964191530773
-0.010633783454648183
0.006633532103774517
0.011387216780042784
0.011416197652936107
0.01015116198673134
0.008960456893703252
0.008298317724449882
0.007748415951584212
0.007278543056276717
0.00689807406641792
0.006528633882753109
0.0064236216275744525
0.006509645959213556
-0.0007166161614036656
0.006395311888771418
0.006179370042307776
0.006063510312316488
0.006113156028988237
0.00567447508707713
0.004460069248247874
0.004035524302187342
0.0009146648285636528
-0.006171490047610001
-0.014807552914851384
-0.006230279063212791
-0.0014534785668051673
0.0017417349182628902
0.004234228725478992
0.0049998120910514695
0.006255258568261379
0.0065883771575801975
0.006806314100029273
0.006977852934504992
0.007092651779548087
0.0071375241632914985
0.00708537074187284
0.007135614435852426
0.005595233991715711
0.0013755836570066426
0.004351045267479991
0.0064207209466440405
0.007293355838995467
0.0077319987586955494
0.007964343156102071
0.008373185752389656
0.008210119503132107
0.008337726051648528
0.008722117279457754
0.008951269944178254
0.00892483767950148
0.009166744396147017
0.009292161413446602
0.008821946610769254
0.0063400890912520035
0.0008735135143748723
-0.015338792461519276
-0.04003399757672984
-0.024068421212156535
0.004677773760429806
0.009853664793624518
0.009404231000291556
0.008384825990809986
0.007411665066255067
-0.0008226278810867735
0.00595427357696519
0.005306186740245352
0.00459326965255864
0.0037978033181387478
0.0028482395887822237
0.0015021210393090254
-0.0011750045298379319
-0.008492888977238544
-0.022300491560202418
-0.029217129304234375
-0.021135873615030616
-0.007146909592320018
0.0004323279473165726
0.0035555536840345386
0.005161831804822582
0.00597746106108838
0.005477199520271184
0.007313832611846591
0.007770854098721286
0.008090101904169535
0.008353773025126658
0.00856801312647545
0.00873590508292353
0.008776855251053586
0.004398224942280758
0.008765360313044422
0.009270126128346014
0.009574449396641763
0.009740469549436435
0.009913470733182475
0.010014027446494341
0.009491136778042636
0.010125214740991458
0.009902218035148706
0.00038372372513179905
0.009935742269429013
0.010052294875564933
0.009820321533738664
0.009279798137192773
0.00801255639958992
0.004986143594099425
-0.0010221043459543795
0.0016173984750654337
0.005392965625993462
0.006567752174317668
0.00639561389922048
0.005145983833914743
0.0040799095103404475
0.00014104432184699597
-0.0006042020811900686
0.002967023670230185
0.0024383902007581587
0.0016140734704008987
0.0007934276985212578
6.911794444328434e-05
-0.0005050308143602357
-0.0008717415413795121
-0.0010074847981365361
-0.0009229948445906457
-0.0007072732547886721
-0.00020192043788516025
0.0002280603733869185
0.0005684147545334095
0.0007544390545644658
0.0007264754302836689
0.00041547853340285503
-0.00021965696209363033
-0.0011223274420069287
-0.002043961661343747
-0.002562786992659479
-0.002380494672823733
-0.0015866012754699734
-0.0005780010119125464
0.000281072867031253
0.0008511399912953135
0.001143056435837848
0.0012053219372256958
0.0011023985862518336
0.0008990004790273706
0.0006531914572070084
0.00041520568391677524
0.00020726680322280842
4.1572614579533025e-05
-8.218747096361216e-05
-0.00021482147353328194
-0.00022914637687604307
-0.0002479632308692416
-0.0002726167388367228
-0.00029172866707034606
-0.0003074859300060461
-0.00034852827923227345
-0.00043409719193796307
-0.0005756678800975171
-0.0004543950510064685
-0.00024195410894685458
-9.014112374062678e-05
1.152976774843366e-05
7.164076235102965e-05
6.549099816053365e-05
-3.425925312223799e-05
-0.00014800558002768944
3.995899892483839e-05
0.0005149487077828497
0.0009358329057989207
0.0012232992426574158
0.001435231297513797
0.001611750526204355
0.0017672440201164212
0.0019039512201911891
0.002019251055079099
0.002112569451590839
0.002189143415329908
0.00224778717314037
0.002275790843305149
0.0022757958022640735
0.002240886824879841
0.0021580167159829036
0.0020207892148758925
0.0018232858349401877
0.001560811571306335
0.0012284078598900352
0.0008270100048520831
0.0003689593074640836
-0.0001218053070300092
-0.0006302095255746092
-0.0011405210010477706
-0.0015981039601679827
-0.0019205777605118522
-0.0020294793475962563
-0.00189492929075297
-0.0016122717750806667
-0.0013729159437714982
-0.0013185956967495243
-0.0014508114927373975
-0.0016805969691784776
-0.0019130125296061779
-0.0020876837947719565
-0.002153808580251649
-0.002086916952418378
-0.0019089258239097914
-0.0016554084949929567
-0.0013415574009863
-0.0009830095274088837
-0.0005933862740185199
-0.00018972418511529004
0.0002104257732020637
0.0005923435698273667
0.0009448090173675632
0.0012601669368353858
0.0015347395910284766
0.0017665417651724444
0.0019571195610362463
0.002110927223112065
0.002233114586938025
0.002325934607730174
0.002393118662389369
0.0024393353161635584
0.0024694332158089072
0.0024869325289470882
0.0024954564192694846
0.0024977893372128686
0.0024984234434557635
0.00249893049446598
0.00249587337511635
0.0024889972828087306
0.002476938825040181
0.0024570938665494165
0.0024246835831950014
0.002374837697136044
0.002301323513646852
0.0021964982317625487
0.002051980267922182
0.0018605558278792641
0.0016161129305976144
0.001314063662508792
0.000953762860506593
0.000540042736073121
8.51264078249557e-05
-0.0003906915859440254
-0.0008592011002417738
-0.0012889800416710242
-0.0016549236439027256
-0.0019383921357426029
-0.002119328221273048
-0.0021603145224210847
-0.002048378895602995
-0.0018181790313494522
-0.0014955309746711783
-0.0011001785640570765
-0.0006503897398821727
-0.0001742395952281837
0.0002990557905724611
0.0007449919513416249
0.001145529644974221
0.0014909044839423351
0.0017764721038460208
0.001999898700355226
0.0021631113290045195
0.0022703165690301608
0.002327326142343176
0.002339379657471042
0.0023110710047746764
0.002247837948901725
0.002154389136387985
0.002034564563775515
0.0018910481753128987
0.0017281508749494787
0.0015589434978482606
0.00139048365068442
0.001216266715023439
0.0010358564030593935
0.0008592066686691394
0.000680062907203781
0.0004998113290444661
0.0003166630009884512
9.584824167455402e-05
-0.000250664242272538
-0.0010669424951937803
-0.002748138826120571
-0.002033579005099116
-0.0008691298893842979
-0.0005228149999148916
-0.000323456782790522
-0.00022292037889060776
-0.0002095271956390362
-0.0003402500612790144
-0.0007332278151368468
-0.001474445341292391
-0.002415513868449612
-0.0029505767916718773
-0.0025112110306241852
-0.0015599885855095519
-0.0009465045527719557
-0.0010869723559338567
-0.001106782119788974
-0.0008944570581355392
-0.0008204896228006397
-0.0008143660168800832
-0.0008526400788715701
-0.0008529832205590053
-0.0004989891706628642
-0.00016169963753374445
5.9059276536805816e-05
3.0761086808609027e-05
0.00022519042831661146
0.0003786283691106673
1.3279560971468282e-05
0.00032184536292364894
0.00020489988730625425
2.2756886372418517e-05
-0.00019589452367007728
-0.00033688835672193983
-0.00039911695947479034
-0.0003762358055396058
-0.00023092439613877036
3.2034935265420555e-05
0.0003377922377481624
0.0005546312451933601
0.0005401024295515706
0.00017761344716150666
-0.0005533467678542628
-0.0013844243817088904
-0.0017115116651761182
-0.0015267270798185635
-0.001426841574220752
-0.0011301441793555586
-0.0004560067654987876
0.00019209117518518236
0.000533513664353348
0.0005406238714164314
0.0002917835992675099
-8.311015715291065e-05
-0.00043624176123113756
-0.0006840531881387883
-0.0008915939316809272
-0.0013108410011626024
-0.0021800569877930558
-0.0043431529063245
-0.009076649751646945
-0.01577702311065736
-0.015422930182958573
-0.009964303380766858
-0.007105000199886054
-0.007053059607846938
-0.0035583062250393875
-0.0010576201955766848
0.0011615795967205072
0.00362744140433676
0.004948196000600297
0.005896557821753319
0.006414501073147545
0.006764864359477604
0.006970468403165523
0.0067968625809585815
0.005521440122897252
0.007146218309644486
0.007493447374358979
0.007570475969888198
0.007559887161283628
0.007433962989220814
0.006870435418088776
0.005686582657689864
0.007056693885999602
0.006956079597085635
0.006640629474491415
0.006110093280917102
0.005002571609074379
0.003176475967978111
0.0038333824166737296
0.004216232663861532
0.004150740874623778
0.00390795071449509
0.0035328777230041156
0.0028898144319911734
0.002152056417450544
0.001359718837674937
0.0008610459147278322
7.538947987390697e-05
7.275432496657633e-05
-0.0004966281139441097
-0.00026645072008684784
-0.0001842077596296126
9.551651791098355e-05
0.00046093403842492077
0.0008674603766138294
0.0012617353911634386
0.0015849205984686356
0.0017868754041242196
0.001818157320708906
0.0016317759789735062
0.0011896599314765626
0.0004829528446369348
-0.00042812448910534753
-0.0013624814509158025
-0.0020308711901765013
-0.002194730585504265
-0.0018609560562986682
-0.0012954754778279518
-0.0003067139179499507
0.0006680950059406872
0.0013334303807252543
0.0017016239982455376
0.0018173311875756886
0.0017493206879675806
0.0015318615127049736
0.001198535772706116
0.0007269393006580107
1.1713254842821558e-05
-0.0006811803915262381
-0.0006508022842449906
-0.0007246015058042002
-0.002029787045074571
-0.003458869548557635
-0.0018848276597709713
-0.00061493309185006
-0.00012350472871792154
4.147818855195295e-05
-4.160695859325888e-05
-0.00048251237728563973
-0.0017051503277952795
-0.003393346359761785
-0.004655522931542701
-0.0036485690068243
-0.0019207366110306967
-0.0010868799833774268
-0.0007014978021187134
-0.0008805683793353974
-0.0006517260994436538
-0.0006871704039102538
-0.0010424894906730523
-0.0007461890564066105
-0.0006514270317306634
-0.00047271137220148194
-0.00019530942779192058
0.00019401796280346943
0.0005953274251418593
0.0009572183475795309
0.0012494266248726674
0.0014354680422345935
0.0014753460377552165
0.0013257306500752983
0.0009473249849647241
0.0003246682999461274
-0.0004994593046823094
-0.0013766193901172139
-0.00206060131320982
-0.002375639597149948
-0.0022737914945248744
-0.0017391956680827725
-0.0009053300827455634
-1.5757111396083633e-05
0.0007347856762365164
0.0012560895730272372
0.0015339077151200942
0.0015943954265618724
0.0014778865895186677
0.001220515347887118
0.0008507615963594659
0.00044257686299765844
2.7076113311727415e-05
-0.0003468684959778041
-0.0006513818269161413
-0.0007869614605075907
-0.0007142369450188879
-0.0004994154557218395
-0.00013832831810063902
0.0003356428974246632
0.0008454680131414564
0.0012111490582147378
0.001263205590786374
0.0016865718203813002
-0.0005939321979671616
0.0028368181323879557
0.004163646111017101
0.004367846827987633
0.003707043515846274
0.002105790817390225
-0.0014058478762962495
0.0010977482775985212
0.0033096831382568924
0.006039185185657316
0.006889757985443146
0.0068407233384839596
0.0060474405541015176
0.007079240007936854
0.0076230070665012275
0.007346632255976616
0.006824037270652015
0.007908076580140701
0.007704019018996526
0.007140642919161032
0.005112874020198921
0.00015294476612623457
-0.0009660315340074734
0.0038329683278130766
0.004796243670770894
0.00042478665758013056
0.002913381763038185
0.006365836028443487
0.006292312421125658
0.005764696343191047
0.002910561327752222
0.0016226588820361723
0.004277725514581938
0.005444047773214159
0.006976521307248409
0.007417401168077811
0.007179039549894703
0.006112779454914069
0.0038599125958236062
0.004762484826116787
0.003269817845976608
-0.003208384256528094
-0.007203055338299185
-0.0003501579254303181
0.004573292639676685
0.006503363993419146
0.00715247066117016
0.0030872631105399065
0.007228659064138333
0.00666287600813904
0.005199843034625853
0.005961704131881446
0.007105596013771731
0.007525993556620172
0.007623483894884975
0.007725381153004244
0.007740200560252518
