3.8263063133584405e-11
-0.0018958513372225975
-0.0028064973309833733
-0.0033544026159176743
-0.003983680963652574
-0.004787606548571828
-0.005739476021468613
-0.006974683317249229
-0.008288043284518438
-0.00989126370859823
-0.011130842365170082
-0.012780134632565079
-0.01281077865039296
-0.012144849257166428
-0.01008524917626561
-0.006299909387243829
0.001242929913358708
0.012923735794371763
0.027325205382991352
0.03609680403491616
0.00876524619732853
-0.07971434370162293
0.07763771810819514
-0.0719535855406369
-0.042999850469681314
0.045009126573468144
0.06568401937288046
0.057675201457787345
0.041648493130096165
0.024275689339278855
0.007689614892178854
0.001895952005523073
-0.005664402919686707
-0.011823695999283968
-0.016463153796776216
-0.019949966121712223
-0.024641247122635504
-0.023710990944927856
-0.027242992466439558
-0.02309999656327646
-0.021558632099224487
-0.019818167162325578
-0.018092230894826398
-0.01799162557513471
-0.014819985118470744
-0.010875229112731843
-0.006393682314682835
-0.0035372966966274303
-0.0018206472647438667
-0.0016990903123257363
-0.0010346189474567963
-0.010510132371182665
-0.04394108368736183
-0.07237462310264633
0.007819738234566982
-0.005835247759185246
0.0021987829933557304
0.0071727700633687635
-0.009087519231380023
-0.01945106755282256
-0.022303578827690462
-0.018027373160460037
-0.0018330701106409216
0.01576878400084538
0.00020089460774651044
0.02718244661849996
0.0816582296708382
0.026191056943875125
-0.005389052778208783
-0.0033482551311374486
0.006595500415271908
0.013933339082004307
0.01870166436906792
0.02175374171553857
0.023289353963446478
0.02345892680171682
0.01507777347833476
0.013570350748683204
0.01851716623895328
0.018023794667462113
0.025352713049896926
0.027451737459927072
0.019681829890619902
0.02203305321129814
0.023090008492177204
0.022605432795547938
0.02117519957274762
0.018900988294123722
0.018364217512923255
0.015937753385590406
0.01479608616879441
0.013386184734491158
0.011091084156605388
0.0051006798161139805
-0.03293732527297857
-0.0013862764915273517
-0.032351069951397526
-0.004773274979982022
0.0007769052179487881
-0.00014638177638751293
-0.0028573300098303418
-0.018025201673995735
-0.05912270639741555
-0.010347910950170052
-0.027134290350140523
-0.0012827825257903374
0.0016388363492888483
0.0026999176009992625
0.0023999175419732897
-0.004007301120461853
-0.017339956754543168
-0.09108302213919593
0.010151215757707879
0.02485700297804551
0.03527321974193483
0.036408236241362475
0.03653527178494149
-0.010310215953768024
-0.040029862251189256
-0.025494335395230473
-0.046598031740525736
0.01495857925800615
0.031177117780304964
0.013920560503952203
-0.1395925932023011
-0.04560625158997055
-0.019806858020704234
-0.00041024315013266896
-0.012954087662975228
-0.0006734773161087866
0.0027431817608514343
-0.00016425278098269164
0.0022992300300407656
0.0027973641461475564
0.0037185026583948216
0.004055202630172364
0.00040268069845584604
-0.02144717078940695
0.003968372178241926
0.0052713518622215
-0.0008454709961420948
-0.011690085765494537
-0.15138964245363287
-0.021607132227501026
0.0027091217009297566
-0.06330667328577746
0.008256467036391444
0.017490047809413784
0.016956575814085918
0.0045934884024079635
0.025562850759081605
0.03030831563593496
0.03138678240635839
0.027673135819444587
-0.005138855560091708
0.031611796995233823
0.03355187657833062
0.03937465609958596
0.041025279777845966
0.04118580719428993
0.04071955696783136
0.03896354985327069
0.03572264169359164
0.029331598984730138
0.015154435679697289
-0.027385852573359015
-0.08613913612991873
-0.005967878156008751
-0.0043593240529466405
-0.005611325037857455
-0.012625599133556783
-0.018339738361076875
-0.01927755780003866
-0.013569186232355333
0.0021543611372342258
0.026112575900144954
0.045986290458113574
0.04077041585185081
-0.002313177143330873
-0.044248179733517586
-0.003761241600400763
0.03473755329717337
-0.12810734682635105
0.05823361702018468
-0.07647962185319705
-0.07043538765441286
0.03687085033085109
-0.02565439778426006
-0.04562999830125289
-0.01155952951697698
0.019403138252680897
0.02709106028763545
0.017879896778989223
0.0036686557216663537
-0.007999137127494544
-0.03385555962226242
-0.043094599261648804
-0.02910771371666089
-0.023678336517570394
-0.022694599377804405
-0.01792970085775092
-0.013152427056023486
-0.0070846109229694585
0.03709888478223077
0.02654967106500209
-0.0034011597786161836
-0.011071253839577945
-0.0010900414972875637
-0.010462107673471634
-0.023724415115362215
-0.0008274977611734011
-0.00822144080147294
0.011702627661502431
0.014453652044673445
0.01043603550595631
0.013276132168743161
0.015091437922273552
0.021669713345364418
0.02371323819151035
0.025919749353350202
0.027304075570296838
0.027652727863675026
0.02769449555740407
0.02662266608578774
0.025010123782901215
0.031787655956527924
0.05427569398076629
0.02677108656381762
0.02243515413894595
0.01786781037694379
0.008964867962867324
-0.04009876154152355
0.0003252026855936367
0.01917355641010447
0.01563711874759159
-0.01985779945899417
-0.08589940237082688
-0.121396473780824
-0.038976433576064194
-0.09820247963485028
-0.018042172666142706
0.0034267395424680707
-0.040406504547513857
-0.06369846067380633
-0.04625807830927357
-0.002275647286297964
0.0039051849780759075
-0.008674568399213985
-0.0865388744563377
-0.045240515151366616
0.054918374858471695
-0.007085211329168252
0.012764250546811497
0.01916365258045963
0.02539080301224286
0.04355034064582421
0.02519977502589951
0.015432536266055282
-0.002698297277251366
-0.01894303796169987
0.009365593261033622
0.01163336642545365
0.004945766679667108
-0.018394315074723323
-0.030326166981814884
0.006592009477421461
0.021463398298952482
-0.002230442062800616
0.0009248494161556572
0.008580835061489383
0.010290947089577285
0.009178700922327004
0.002175432642426352
0.0869666853360129
-0.007932371844690977
-0.0012623751499739177
0.0043466476375753306
0.017514925149486816
0.00412169398115761
0.001940853803256932
0.0037743120217825334
0.0077325143879495096
0.00143059170893745
0.0012709443377881715
-0.005654391976359945
-0.01679344977290885
0.024749203448505237
-0.026285915230219368
-0.021286823269960325
0.18546975374081692
-0.015529850310380438
0.011981579750575254
-0.012320936683013399
0.0060961210831695836
-0.010633312400271237
-0.009616623935130022
-0.008442470713463098
-0.007194221236796173
-0.007224258453902634
-0.009550660654071244
-0.014593927785765248
-0.013711411392702178
0.04389712810898431
0.023419265584070276
-0.015109835211491727
-0.012236260723016519
-0.011969729925334282
-0.01134430426487818
-0.011110923407866694
-0.010249539726029048
0.023719075161305423
-0.006584614552031928
-0.00757179326630095
-0.005165680138341714
-0.0021412309909036985
0.00048353411079257844
0.13283987149556684
0.028305715121067956
0.003459098792266768
0.005198033371004705
-0.18686175578849412
0.03999744433002489
0.0949814577531875
0.08417539128884043
-0.029015148936943746
0.1573498360134765
-0.014690271696979385
0.041031766299222755
0.11022549595510063
0.04401038678613157
-0.0007994992129102199
-0.01501566875688538
-0.0031097821430162396
0.08991430863438243
-0.015147381394419082
-0.00782356986239311
-0.018270208028616786
-0.021750216454504152
-0.02379917778581703
-0.025623068387390684
-0.028106437865147476
-0.029571122654754894
-0.030005824842180395
-0.0021148195300653666
-0.027253278490467835
-0.030468354106603295
-0.03093571074208602
-0.030600310765268625
-0.030042828116845943
-0.02954200438337504
-0.02675449981637917
-0.026321811553866505
0.03523973648445623
0.051607180552752
-0.01951431101105714
0.017416210910714637
-0.01615139347086261
-0.00919503154248908
0.0583159068041509
0.17927653867521406
0.00906986377154056
-0.014387151431041328
-0.008790064025978234
-0.012270949701567646
0.019967585816626193
-0.0018128477720628189
-0.016249188340351113
0.020798401573893833
-0.029209863115090124
-0.021530092314621888
0.016146045829634692
-0.06376613852271512
0.030039198809237798
0.038973707498494915
0.02887497856006938
0.016536842426395207
-0.005010488417255557
-0.033473411583420334
-0.02136362469751213
0.0494531863110452
0.044481190546839085
0.052511256812096244
0.0037828132190573876
-0.04313060019310682
-0.0186062039248033
-0.0006879515927433242
0.015205783596081669
0.03651113273028379
0.03528612747081689
0.02129570140371279
-0.011289789020455705
-0.03266498595848997
-0.03348586427340079
-0.027756550218249673
-0.04801633509716129
-0.050533837450940235
-0.044786861441235025
-0.07209141429969299
-0.03977521706396427
-0.03394134809738445
0.007927123549298714
0.03208760833701526
0.03155136349809435
-0.0002998099770143911
-0.0017352994794961418
-0.01648708062759055
-0.014546900711255197
-0.012430184727247223
0.04327043541433988
-0.0014635491871327904
-0.006840249363118733
-0.004557474038251201
-0.0019339661886039257
-0.03892638433309847
0.10368532451018202
0.01528630745548806
0.009358891687926113
0.014588003388606068
0.018613060592343685
0.021972949264562846
0.019778716274930355
0.011676632171420762
-0.030036032398008023
-0.0687251951643522
0.05983578046368566
0.13163097330901
-0.02061964893737515
-0.04813278544350607
-0.007085637554140898
0.02510420350764462
0.015737359618571936
-0.002031298184909532
-0.00515288616198184
-0.0037669852960669848
0.005665154451511271
0.01973821893595023
0.028192271945132814
-0.004292361710330874
-0.029770604533968757
0.006492654774349167
-0.020757116568659577
0.00048754139228544715
0.004110554584582712
0.009673709085265034
-0.005137171572937801
-0.03333413257547322
-0.01493283955416324
0.050086845054333716
0.028279647579073055
0.04557021807926151
-0.022126459073370394
-0.036933335858604255
-0.009190053510069676
-0.004919780995236443
-0.00035797172476370365
0.008937535505388327
0.012540225200334867
0.017014714920661884
0.008747809700007294
0.0029828334523396595
-0.002553107067120886
-0.009776226234827505
-0.012621475780445146
0.008070810728454652
-0.021166075048557505
-0.02648615448637431
-0.01980573816966411
-0.006626661629823827
-0.1655424717258673
0.0031668565126527696
-0.08629509505154538
-0.06685187037301447
-0.014327413673939237
0.004761655942988572
-0.005983340706786454
0.009448904551667803
-0.010064983882629311
0.009023156528613864
0.024767212840713457
0.01742308890803526
-0.0007160617506866034
0.02998002126537565
0.014706149394222512
0.019954295965400392
0.03423274091313839
0.036383493692925935
-0.0028933587686825668
-0.013663545742619534
-0.022553121682027572
-0.022955392271260835
0.0030656592396340653
0.01674662083985445
0.019138825625554776
0.026994433634083406
0.023976586812001495
0.01866498724515411
0.026849079548571263
0.012667890962289471
0.002627815813560595
0.017703486848279146
0.012106355585386124
0.0122938099265997
0.011093600354043682
0.008849876201080019
0.0060837773872684025
0.005973498743383326
-9.979582409473603e-06
-0.00815798020007555
0.004409092589858303
-0.02140067472613789
-0.019686860081768818
-0.012312900143387394
-0.008400560669855492
-0.008523129869085705
-0.00882824412899409
0.028326585387067577
-0.009249811273540593
-0.006138607058505224
-0.007610430288552248
-0.00830350109113169
0.01236091672113763
-0.00646732444373773
0.008049810527273568
0.0010764907369178608
-0.002051635828276911
1.0194777109134154e-05
0.0015775379154506731
0.0020486265714903767
0.003439346222855535
0.0049730800552144445
0.0063071105619740804
0.0075461076703668825
0.009558267972946224
0.010738920287415849
0.010342363098174304
0.010742798279963727
0.0062021834627920295
0.00599393956698055
0.0007628991741555339
-0.006834670707565163
-0.013941172456570228
-0.020633965768635004
-0.025948253086662657
-0.02839883399978259
-0.027534050943656893
-0.02434274909841937
-0.020731863681270543
-0.019501000220124107
-0.021142044483048936
-0.024797462827736864
-0.029404037110676382
-0.03150081862675426
-0.026967923146080753
-0.0151769235371581
-0.002140936912718043
0.0026340354998676766
-0.002399007987536139
-0.006721023384032815
-0.002471050190209408
0.004304980138253359
0.0024880041593834876
-0.008644232762015263
-0.020584503537444346
-0.026541545504368633
-0.025751398403057214
-0.021232009633147204
-0.01664176448980928
-0.014503287506470107
-0.015557266200975308
-0.019008125771117077
-0.02345326153063556
-0.035240948897881055
-0.026696480122664172
-0.02552850097679507
-0.020538233223601453
-0.014638753775151957
-0.00926185873566103
-0.004014300478370703
0.0011824122766910642
0.005832270193218422
0.008191633379377186
0.009116181175657741
0.0029536910384937824
0.007838566494157357
0.008074384088830221
0.00790358138369544
0.007017841351290787
0.006071444245667203
0.00511310135520986
0.004211344393159463
0.0032343576009341624
0.00991209263162826
0.0015162663172445395
0.001748057861461719
0.0007817449749064482
0.003692092531596698
8.878840252371155e-05
-0.00044042829509540447
-0.001834852793263859
-0.003891065745168713
0.007236712265400586
-0.005343044921344746
-0.00468145152502375
-0.004117687386804363
-0.0036860220894385483
-0.003988958915742749
-0.004373243347657708
-0.005250256521296621
-0.00490673932455545
-0.009736207098998351
0.004700100924124147
-0.0009899665869558942
-0.007721343748196246
-0.0045101110243102585
-0.0018386580143390987
0.005495820402572413
0.005185124515736011
0.0019412835246473438
-0.02251170029315513
-0.05818841960209416
-0.017630504568313634
0.0001623363212597954
-0.05572021457923868
-0.042420094061382606
-8.603944735430175e-05
0.004219264818830547
0.000433600036535352
-0.0032221684714495245
-0.005271689135613937
-0.0043615265189514115
-0.0035560547967623695
-0.004012861806040764
0.007777668687143352
-0.0048201450991852725
-0.00235734593513389
-0.0018125208171264659
0.0007867373812425124
0.0021866607252757175
-0.000272257445986325
0.013372231447088474
-0.0009331284028971681
-0.0010735569112538164
0.006500350890530289
-0.0015561655103375402
-1.2768637225652484e-05
0.02209714104389848
0.00025722545121397816
-0.0018699896598723825
0.022524510970857087
-0.0037484292436269872
-0.007397326587818452
-0.008010327114625349
-0.019753231086236524
-0.04246357018970109
-0.04296291273539764
0.12846861027390624
0.07509016602480535
-0.06313353744648507
-0.07571724695579782
-0.016647394088223657
0.00720702711325423
0.012412890177841774
0.011579707642227079
0.012121347127510703
0.009273127184262988
0.0017224441193221937
0.007287364979729535
-0.0005431086410568563
0.0004722325920298388
-0.002605575905219784
0.016577485889223083
-0.003329332890435243
0.013850209791646237
0.002096014205748759
-0.0008586517537219055
0.008805955724522023
0.005955790501830796
0.009882730315131604
0.0073950330975883155
0.012502294624618635
0.014840787843612873
0.015047057159433367
0.013915671419411569
0.011154922801979581
0.013434208585434954
0.011789857645080181
0.012728444074223307
0.0127722560998313
0.011953885811270909
0.01026888594327773
0.006793184429883701
-0.0016017289093338853
-0.005290221596469514
-0.005643006584774673
-0.004549223453636673
0.002047688574746045
-0.0010850584322560646
-0.0011282437390503837
-0.0010689469050204712
0.0037631339935061225
-0.008581823621773949
0.01885739269555804
-0.008656602727733102
-0.005533985113027691
-0.004609658318550412
-0.0039728780480915845
-0.0037673934206477076
-0.0048454476826609635
-0.001981541890669166
-0.005383267913607924
-0.004015837285057266
-0.00308178522008564
-0.0023180626591772944
-0.0017196030659686805
-0.009652664643067115
-0.03751616735668184
-0.030433740112717805
-0.000988166072964439
0.008476685421458704
0.0015534285561190654
0.011569167078155501
0.0023647711549298492
0.0026269500026728
0.011418862418860167
0.00314151005014373
0.0031961149678171744
0.003389982964215162
0.0036715203495490227
0.0015144186658090602
0.0038314089814675475
0.004569662748995949
0.002360086286687121
0.006814211793307097
0.008249571842859849
0.007547807230426105
-0.003997755038208741
0.005860816439916328
0.0012707941271987407
-0.005566637601466279
-0.013599450345789972
-0.02166788777020817
-0.024505582419505567
-0.023823640699525302
-0.020438152288206047
-0.017937080338447275
-0.02007138454411689
-0.026935278200736375
-0.03513902195857831
-0.038318276209904516
-0.030818804307687145
-0.016744284116674626
-0.008252002788823128
-0.007130418893542123
-0.005910697195503558
-0.008792660912507633
-0.020267441864782472
-0.03063465517009035
-0.03123518698649665
-0.024078709744831926
-0.01602912459130653
-0.012203928119577559
-0.013502320722481769
-0.017354246698667815
-0.020235074803646735
-0.020020296388252333
-0.017182506843769155
-0.01295377229739501
-0.006135563294530289
-0.000908292318786672
0.0027609538689369723
0.0039673902863639615
0.001211407406717488
-0.005773752593018904
0.013723885527615005
0.025965435899368512
0.012228661402769228
0.005217263348084538
0.016887817899871982
0.01972239909716537
0.018881156134082908
0.01731764011711265
0.014014038908592041
0.012836506052256311
0.010084775314170135
0.007895308088136006
0.01139185079513021
0.006353751752538193
0.005031299479855043
0.00426915261858389
0.003461706291350618
0.001943612506485254
-6.8747539961016425e-06
-0.0012023056049142058
0.012979498220172418
-0.004791126405922889
-0.004037312447011082
-0.003269001288588264
-0.004834873718922388
-0.005757104363246988
-0.0020397700553337014
-0.006007717032351466
-0.005904095163165428
-0.005361388805908283
-0.007974371999148189
-0.00732504002935206
-0.006687702625826399
-0.008428135531062917
-0.007824539632545908
0.0021692742440141397
-0.010214026497954762
-0.01036732208328977
-0.006866425080462386
-0.013359702141576802
0.0033177304302411097
0.1445889030903329
-0.007800563084845302
-0.0030247670606167983
-0.001416568778739762
-0.0011916763547546666
-0.0029462136762240564
0.0034314692123530704
-0.0006301018230282526
0.0006717738706190335
-0.00033940579371233217
-0.004032183401229045
-0.010727161525395922
0.009657255893226326
-0.026389510055766546
0.01586088946719373
-0.01281812609140441
-0.014740716435710857
0.0471897562220938
-0.016232141746573708
-0.03149785122620593
0.018745961173184864
-0.025080583378396762
-0.029006935402451355
-0.009559367340719455
-0.011350434695766456
-0.05569766663751583
-0.041745992999192565
-0.05552726737340483
-0.013470018998241679
0.0018340993425012939
-0.0718777484290758
-0.03843098999924073
-0.01894830743558268
-0.010941160783500228
-0.015925849152368523
-0.03698399816103871
-0.012276425515766343
0.0004208072527847062
0.003868576503835195
0.002519711458459571
0.004401019909146406
0.006716782934240861
0.005574680325891463
0.0007495111524883774
-0.03552493893241711
-0.002028692590851761
-0.00725455742427699
-0.0034592048635027706
-0.0012171752819737187
0.01111941651256577
0.004557739519431894
0.006494699712299283
0.010170114713864547
0.006798644962824837
0.008769708389068742
0.00656895172673787
0.009140421749263238
0.010551298395943966
0.011160030695352915
0.011001032239869491
0.009558707827986323
0.009930046570688316
0.009428756227725855
0.008771118701973718
0.005908874606046142
0.005338576069194599
0.004916897119197531
0.0019280786949415043
-0.0032189867224010804
-0.01747576802262379
-0.006686228111374447
-0.006453685943690959
-0.011359057900754182
-0.010134062498425845
0.019062764169723526
-0.00812162376797072
-0.004154092340215431
-0.005197906278666564
-0.01624360548637681
-0.03629603869124544
-0.035703695237951534
-0.027696496323566234
0.0050320541422853365
-0.007190607690960141
-0.0014476085651293834
0.0013703384069477663
0.0015537512968235986
0.004316818546697945
0.0023741673153953526
0.003631777276492637
0.004932559608517657
0.010322646292383008
0.024668536596216654
0.01530599262889887
0.03039106701759223
0.01499679692064121
0.01141718467216009
-9.234401439464861e-06
-0.008317236737062268
0.004939699608093273
0.03273736070648619
0.01320617208335452
0.0026498571587191904
0.006146242456133443
0.030431949835638808
0.014100330757281364
-0.006292115658298659
-0.0037077642225180024
0.004422436513243604
0.00971400614456473
0.008613875511090675
0.01978932582747962
0.005684579678227526
0.0008855306042981276
0.00035715576443406797
-0.0014372056859142768
-0.0014294929530054793
-0.002996061596363015
-0.005645469267072731
0.036632345878635175
-0.006401882861134655
-0.0036786360410136975
0.0005571754541241293
0.0014476219417942288
0.00020380700575891152
0.0009052786951837915
0.002125987360028918
0.0020832931311803244
0.0025462732955521318
0.003227688404716253
0.0030541526117912167
0.007718863715779006
0.0038737459609624833
0.004000294146944087
0.00355888926043751
0.023460461914607295
0.0038287935860201296
0.01276245940173731
0.006526523245044013
0.007348959801835035
0.007559407968239825
0.007298435755081695
0.014964442539301527
0.006977361536075388
0.006437040594763711
0.005127990759605065
0.004200650046823122
0.003420242633073444
0.0024607803488989523
0.0017576491346517015
0.0021065695096143776
0.004251476529084909
0.00888831467775292
0.01312776698401351
0.00516598302329304
-0.018817380612617812
-0.023718441614178243
-0.02360438325770405
-0.016081212222983764
-0.024951913174049996
-0.00759014667762253
-0.010788916979924658
-0.01581289802128761
-0.020621883556500555
-0.023009559712790537
-0.022050116551879977
-0.018773285679618914
-0.016836040865474137
-0.020964233753043626
-0.031099731188389625
-0.04054273352104056
-0.039825453473392385
-0.02825986959975644
-0.01851002187309733
-0.01646967734672343
-0.019220491628284334
-0.02978762084213503
-0.040302317493812384
-0.039565942795291506
-0.03020671326274647
-0.021380793108428393
-0.018005723877143717
-0.019602667375721885
-0.02298074708699914
-0.024513429738970964
-0.023221907875162134
-0.017777733655350524
-0.011723472435394995
-0.007620817464702072
-0.01056194495969226
0.0011452678454851666
0.003932610760513481
0.004417381465991014
0.0046343020845624715
0.0023091936147567153
-0.002267223279572621
0.0011218051888430502
0.0023708832800394906
0.0021037609812669636
0.0010114811972269482
-0.008993246856286373
0.0004619100429345309
0.0014927854863688648
0.0008696489053546993
-0.0022520515980950597
-0.0021076532830660312
-0.002386486722688155
-0.0022242229861716358
-0.0018888962614287859
-0.0026588711632591164
-0.008104603455115806
-0.0072097913714221805
-0.010404487313016799
-0.014768644828194238
-0.025491217768795017
-0.048390504718035916
-0.013719650246865623
-0.0060575278048520375
-0.021613108358774075
-0.0016460198293767163
0.00019283615500543627
0.0007621419008420759
0.00020756910595529137
-0.0011898913211500451
0.0013111002616573468
0.0015569936225786137
0.0014881528480415063
0.0013601618347837084
0.0008024552821224768
-0.03635682498724538
-0.0018229830629485147
-0.00430860290079684
-0.0004408391016555784
0.0012014174250684275
0.0025074245373768143
0.0028199461639651126
-0.0015657036532701711
0.0036366452894663103
0.003841793068957243
0.003902085380874726
0.004128731564196981
0.004450663019785322
0.004028632039895772
0.0016776876863618172
-0.0007535094210405623
-0.023872717990890656
-0.024666799868371076
-0.05306801875241937
-0.03347402497050099
-0.009685171826985379
-0.005527066092950747
-0.005809843182238197
-0.007167302407165524
-0.008887015293398437
-0.01068238979185381
-0.014067306264657268
-0.019154405884859317
-0.01453613401111459
-0.013834167522628036
-0.0132675986708793
-0.012130031637681971
-0.010333424880793012
-0.008181392021432294
-0.005845737909312125
-0.0036222233318631346
-0.0018065934804200625
-0.0007562589230917111
-0.0007013048677892228
-0.0017537808156411242
-0.0038242171156559015
-0.006590630575848385
-0.009471298556633192
-0.011656237593569756
-0.012176971873937972
-0.01009625183623287
-0.004837885298425583
0.0033051605448016384
0.012645537033726329
0.019889027073166036
0.02091360590183568
0.013112784658927496
-0.0016139087422383323
-0.016508828123969876
-0.024834021009561707
-0.024343308949167912
-0.01519086423086974
-6.870578580525787e-05
0.014301545008104044
0.022197120082186453
0.02280783946858363
0.018831302808480478
0.013574780813894266
0.00922062090305987
0.00672213668092991
0.006502850646128657
0.008739968311904166
0.01227992343809109
0.012236817458179134
0.0032358973951950127
-0.007806195431283957
-0.0065872395343889775
0.004920197585205595
0.010561429921973847
0.004971841795180738
-0.003045947342438089
-0.00497409393224809
-0.003379918851370003
-0.00459585570593427
0.0038139482140534344
0.0036796101150529488
0.002613947912412517
0.002185430131194044
0.001962252063262549
0.0016884415542008939
0.00128531150986268
0.00083886500706653
0.00041216905742349883
6.307801156029395e-05
-0.00018351371480281037
-0.0003881739597458426
-0.0007817087877849415
-0.0019066570250694098
-0.00407964912043095
-0.004733186111845237
-0.002092200863874371
0.0003826140379390767
0.0015655293918859891
0.0018373983616561474
0.0013503548501794486
3.977746642705846e-05
-0.0022056846084084905
-0.005413607230241308
-0.0092870784799736
-0.012682149144716373
-0.014378044191684997
-0.012864785675542284
-0.0068011528107832986
0.001869517656461914
0.007118181801024169
0.007947438368315744
0.011593526360178309
0.016940033784907924
0.021017075187799557
0.023866896541906265
0.024014711802951963
0.019127919576237478
0.007117700511655251
-0.00932611178814116
-0.022410768379262123
-0.02684304303701582
-0.021976193036812638
-0.00836031245801476
0.008855105886124781
0.02144453918494699
0.024991253607099004
0.020664514234628183
0.012369543143738261
0.003922607928152961
-0.002523837065227376
-0.006061480517514648
-0.0065257846102500855
-0.004916670127749434
-0.0019133992054003166
0.002041650317307901
0.006687418224767869
0.009319819838778646
0.005569084196235911
0.01176342026148328
0.01078805502092811
0.008985982934667605
0.007457997744327627
0.006088523487526376
0.004858426833403141
0.0036606444099236968
0.002219348905240848
0.0010107548645732528
0.0019428014033999778
0.0028111858132045995
0.0033456425725057774
0.003891196467560976
0.0047032932131788364
0.005585504622688624
0.006441978997284362
0.0066141347954668936
0.00565164213810725
0.0036228798293408714
0.0004692623795438984
-0.004698392301808779
-0.011001434576125822
-0.014362095157598117
-0.00963427650565196
0.002912604501343423
0.01094668537965734
0.005293876380831882
0.0024753091274562255
0.01086892256458237
0.011376149717162798
0.00027896176401295554
-0.008791012908748935
-0.010261023445120494
-0.007068284036202389
-0.0031672238762147933
-0.0007215030283813453
-0.0001102629864832804
-0.0008272305053041987
-0.002800691465890294
-0.00619645699292089
-0.010868398951678463
-0.016145156488408453
-0.02006315178689272
-0.019504479040833994
-0.012147834582738807
-0.001080511333855203
0.004369107142699848
0.0004765830034544358
-0.002237554697000887
0.0025773490229475046
0.00472102295295679
-0.0035287617282091436
-0.015178159263844084
-0.021213798867177433
-0.019801830092441654
-0.014094102495714177
-0.007946185787605203
-0.003865685404262788
-0.0026713294481010134
-0.0039078909196724925
-0.006500927711818807
-0.009333416240631045
-0.011577644334612756
-0.012890652611244129
-0.014040922109132686
-0.013851819849642363
-0.010905765997420313
-0.00888415280744018
-0.007647325989837062
-0.005136071504023322
-0.002895432329745189
-0.002108062401418267
-0.005161648647463478
-0.00012199838136142751
-0.0009953323570664808
-0.022564252897346412
0.0007870817130622466
0.001980447612611959
0.0022951588331404016
-0.00010518320146869177
0.0021474522614078517
0.0021068135655021147
0.0017199188161071545
0.00030110611100366854
-0.006063072112123429
0.00025298248683579754
-0.00465962452470784
0.00028031078451910883
-0.0002597788986562637
-0.00472342916377188
-0.0029381696586739357
-0.0003502135740382507
0.00010956668602046777
0.00034717180762468833
0.0010482472898626545
0.003407965344306673
0.007702620682895992
-0.003983231905574832
0.005982498720527158
0.00253862682822206
-0.041049379731378274
-0.016882858172336555
-0.002229933238703168
-0.0008138333942348678
-0.00035390795984892797
0.0002081036385754444
-0.00035710349712972004
-0.0001885138229443183
0.000363052848813902
-0.0004192400975960292
-0.002254434442305064
-0.003350455276416284
-0.004694159727775695
-0.006277355213973513
-0.006431717173359104
-0.007401795093609005
-0.0033492919241832502
-0.004567509397928332
-0.007362696535560204
-0.005073859118324359
-0.0025784063366841325
-0.0007242288548187629
2.9295442439966598e-05
-7.843971483296607e-05
-0.0014918654733395102
-0.001676571351788663
-0.005106006993525544
-0.010087584365022993
-0.005344958626745212
-0.004303434428009757
-0.005187519839340599
-0.006132220731972983
-0.006513461655635922
-0.005464014912769112
-0.0014714549140728722
0.006696430132691125
0.014692823670899363
0.019081242228634443
0.008400030856923677
-0.004973286296376947
-0.026778561593186586
-0.053463966556861496
-0.034916929987769504
-0.005531200055805234
0.006835621548400425
0.0197471780970988
0.019450040723795525
0.009392241127837151
-0.00032582855895473196
-0.007391842573887705
-0.012902229402770287
-0.011211309763086754
-0.007282249277943785
-0.0047531918744487325
-0.0026029531420091547
-0.0010052549619204865
3.399727780589096e-05
0.0008677000451017084
0.0011292014347116248
0.0005762154100959024
0.0002956333443898983
0.0005313132257235894
0.0005635271359080005
-0.0027686853605417357
-0.0030192118372620474
-0.0007595414724700478
0.002240620432612278
0.0031550915277057706
0.0032146841401470305
0.0030885298117047273
0.0026761881272614812
0.0018033253568501793
0.0004270380708677793
0.0003277040931870262
-0.0012853687142171237
-0.0032207096452805356
-0.0035002624202943354
-0.0020868357494850526
-0.0016925671391248053
-0.0020469485480869467
-0.0029170300156174467
-0.003291081609506254
-0.004535051429865835
-0.00458400580404213
-0.005059545041818522
-0.005161970537846808
-0.005757129900154344
-0.006829140314182818
-0.010561715035403756
-0.008211434172048969
-0.006108643568985644
-0.00533589214045387
-0.005035035856645165
-0.004028332116200817
-0.0031502305376213896
-0.0021580177651074747
-0.002787487988071139
-0.0010449304473257493
0.0009506374205853782
0.002392910793797515
0.001404050578715499
-0.007209256036121987
0.0077585630149288945
0.0094090608585189
0.005931968879361152
0.008351901353972383
0.011059647649036688
0.01088350689789604
0.010020714909902669
0.007702463359040497
0.004618416260150419
0.007669201772078995
0.009026989208710574
0.010063479564225934
0.012290059143166375
0.014939791002645518
0.016873726272977056
0.017388085131209
0.015775411514534952
0.011547402129639443
0.005326568646217438
-0.0011944258277514872
-0.004999967113651751
-0.0036721515059947234
0.0024730435927268557
0.00929430888868838
0.01715137959409179
0.019795599292781543
0.009010210286591826
-0.005063974470662989
-0.008438970072012962
0.0024743582411249606
0.01837016133583718
0.02566500525184172
0.020685953019860252
0.00999918985181782
0.0012751298801726078
-0.0019025411785096966
0.00018452825278708078
0.00538511865056649
0.011309312488452197
0.01617038722641949
0.019042358057121
0.019775062696051254
0.018848173817670184
0.01695384872880749
0.014813011958491287
0.012929941444367609
0.011577737434109966
0.010234670083502654
0.009835571680903502
-0.0012100945629396561
0.009864746527361912
0.011430054980082373
0.011847566685079027
0.012611702933596806
0.013618363038850431
0.013766090535641824
0.006881580214625938
-0.002923687912527213
-0.01831546888532206
0.005581873609394331
0.013480793250677033
-0.023163450684591656
0.006492490156671416
0.005606255675876249
0.0034528474836222458
0.0012298560733990595
6.463289951210777e-05
-0.0008659812515662409
-0.001180046110305158
-0.0008979780394373076
-0.0009622042834294009
-0.0008819289018758881
-0.0008814520599374692
-0.0021594307914289887
-0.03799488735101931
0.0006275678370950395
0.0035758515748342467
0.005556827516803745
0.008003549647085257
0.01091117582144052
0.01292786194906202
0.012588430415674713
0.015699493959409783
0.04821438726936685
0.05218638634775017
0.03580525215868865
0.014158959062456511
0.015673770565741322
0.01608582204354232
0.01501053793611514
0.013754776034922518
0.01259393184473618
0.01121887664375971
0.010231746302009502
0.009528101054995252
0.00897100927223598
0.008507958297522657
0.007813364919168932
0.006069416997658665
-0.0558701595199463
0.005842873348356194
0.0073489670813962835
0.007801767223899375
0.008153517241559929
0.007843025885984798
0.005351583808907336
0.0070876121121064475
0.0053557655371879965
-0.0006347788146029194
-0.001697809383990256
0.0023550382755490556
0.006866833025688455
0.009216024887089232
0.008893360448817443
0.006372325297313327
0.008583364149530417
0.00863998761849413
0.008600754999595377
0.008519683294832481
0.008382970204933579
0.008131010558482686
0.007595607653491478
0.00630185869982649
0.004726675882125655
-0.03498512541642289
0.005042059408590927
0.006792734685794299
0.007302964809083214
0.00710739728118787
0.006246856680855261
0.0024047290628311955
0.006244479707661552
0.006036668762001397
0.0028863291418237762
0.0018398682817204065
0.006525384676377224
0.008142046020113175
0.009292524890419623
0.01029290540017604
0.011192485759149374
0.008194443668506888
-0.008830765738064654
-0.013560798800725532
-0.017721798840466537
0.004532259063359698
0.009213546557326313
0.008461032822237036
0.006754199946260646
0.0040955942281251986
-0.05733022564827752
0.00270668422628703
0.0035888210343714
0.0036144474163505706
0.0037673692943752646
0.005113163188283242
0.00791708760387099
0.012816214673848077
0.01362090704136913
-0.0008352459777249734
-0.00980959082188438
-0.0005879549513912511
0.012435529487608982
0.011697079206225045
0.007451696495094423
0.005039671119788954
0.0031068596746804972
-0.0017053230710079542
0.0025162275164540854
0.0024689220592083476
0.0022516573590829624
0.00200194826913277
0.0015558906156484626
0.0010786163225953993
-0.0005540611205943375
-0.025038276287607193
-0.003661767296686094
-0.0011134142036052055
-2.6104159387222123e-05
-2.0405314645899235e-05
1.2765349278548916e-05
-0.00039916880266890995
-0.0043071358237893355
-0.0014725559957210184
-0.0034403241039006847
-0.04636181199780186
-0.003797452641312235
-0.002852295456036902
-0.0030147697547572463
-0.0031548386587641796
-0.0034627981344829604
-0.005333916108284575
-0.016496256290211696
-0.009445551513669584
-0.007081670689910344
-0.008209444763487242
-0.01042532640940667
-0.015507413387524593
-0.016202503619234882
-0.025889386651648263
-0.02382525106905497
-0.010560853448736944
-0.008535917261257176
-0.006956067981080219
-0.005019670957910165
-0.0026681715539997805
-6.38038478438645e-05
0.002531507565813932
0.004647899229274172
0.005650321317601148
0.0049158694958179976
0.0019016938916900925
-0.003062065191492283
-0.008886087286892047
-0.013209982390106314
-0.012759935279072026
-0.005378823147935485
0.006246739547758919
0.01268386504601511
0.0069894355270766415
-0.0014141379576971412
0.0015657610633654242
0.01159790597949288
0.013379633844879908
0.004550907372166996
-0.005662903877974414
-0.010679983248199063
-0.01017624547971612
-0.006626553255466799
-0.002415879789703463
0.001089958999255566
0.003433054410709887
0.004654141238206999
0.005026802054179133
0.004852207690184475
0.0043657666577518
0.0037611666471532553
0.003144292794190814
0.002565547114832922
0.002065557844530195
0.0016423424802418784
0.001209839029935914
0.0006550795019664633
5.279616745146119e-05
2.714168977063896e-05
0.00041470409968638106
0.0005906849930969817
0.0004309935043880983
-0.00013303047693380754
-0.0013983342151232068
-0.003910719847051283
-0.0073702726936321575
-0.008306645610182123
-0.006239176001509221
-0.004885989650841041
-0.0048411622944714815
-0.005490504478296826
-0.006430717793952009
-0.007444889773375834
-0.008386039162575012
-0.00912911735966917
-0.009549549463442737
-0.009521584678611732
-0.008912120130020082
-0.007546426569846233
-0.0051659806299388196
-0.0018110869771232154
0.0023626889261580183
0.007234740981747929
0.012476098878546366
0.017559929646136153
0.021645056783871942
0.023642200467946094
0.02239861020701241
0.017217613338359035
0.008020796810445539
-0.0042975751392670385
-0.01672027637079556
-0.025233551403732325
-0.028053648244226487
-0.026105566071320817
-0.021084476530418235
-0.01667740032547495
-0.01618782255736338
-0.019529689305547604
-0.024111740732122463
-0.0270680412390215
-0.027514931332823508
-0.027170607169016186
-0.02752469016741694
-0.027030608358979354
-0.02331111911604397
-0.01587604864998764
-0.006022847932586567
0.004268320085033141
0.013237866806765693
0.01978646560856073
0.02353803739470828
0.024670735430665478
0.0236839266163724
0.02121168393700534
0.017858509126173983
0.014138531586292188
0.010441566167125575
0.007036599191523634
0.004055032408014383
0.0015618274966469855
-0.00043699468002276895
-0.0019746138090771933
-0.003108676784776314
-0.003894723487046957
-0.004384770456685901
-0.004626432019728066
-0.004644170639250148
-0.004436678805472222
-0.003979314482267474
-0.003233072667222485
-0.0021294181119789787
-0.0005885503752357421
0.0014869103855067506
0.004176293682546205
0.007514525667700719
0.011440913769173798
0.01574594204407807
0.01999415702657332
0.023484912838023623
0.025266678872012973
0.024271479563659677
0.019620468235913305
0.011091254144698807
-0.0003711129482939727
-0.012471075270155743
-0.022228745776554537
-0.027467004020087046
-0.028618934877736892
-0.028585402641059614
-0.028447005590014573
-0.025593137815719272
-0.018053937237850558
-0.006810892583042353
0.005359702043293616
0.0156524419939344
0.022328865459340656
0.02493858272524389
0.023987631168141094
0.020492490980019477
0.015549009485729624
0.010121074640927923
0.004940350542645283
0.0004793728637120139
-0.0030126725231680667
-0.005463607193279226
-0.00692149438735714
-0.007504973482151088
-0.0073722522843883325
-0.006687700237261869
-0.005617151223659432
-0.004309137704394204
-0.0028439134030249546
-0.0012969799347891083
0.00021907489968032455
0.0016633615117159232
0.003029903304552407
0.004338942635641339
0.00563742210137093
0.007016966781966571
0.008663589524727264
0.010880323548629073
0.013533825645707888
0.01153229123051603
0.015176235709513389
0.016061823590798153
0.015324611872391501
0.014568486848145722
0.0127732650538616
0.008343683399848329
-0.00024048967441790478
-0.012163216199679612
-0.020675948796252314
-0.01882289785608495
-0.014786581515803253
-0.017082944770929646
-0.0198941984932985
-0.014916538488496613
-0.00955328428391857
0.002815723994837572
0.015058920761086003
0.019847701545450208
0.02042311878616634
0.01927116167206595
0.01774210739205916
0.016633700306295227
0.015639227212196887
0.014846165509613147
0.01410996085467575
0.014298514010939001
0.014939755408336173
0.01510659196772493
0.01700178534000734
0.018539870378885843
0.02031053832147016
0.022210083033307623
0.02416487297780861
0.02580758941327345
0.026511467785298972
0.02542793418688376
0.021550176179932927
0.0142242624187153
0.004290990897554193
-0.004475949491457697
-0.005726862892938338
0.0029806993824195507
0.011837313448934263
0.014943047442034724
0.017556521940367515
0.01685052764907277
0.012816610663115215
0.0038778379995964654
-0.00369932128538775
-0.0017701913639476602
0.007913092846063006
0.01916969073276438
0.02777365045090218
0.03259370791541047
0.034326449119794024
0.03421997184752663
0.03342403629379757
0.033364362076154876
0.035144251982673375
0.03718965637764026
0.017852105634605674
0.022954308364089324
0.030521788951122987
0.02101574165790176
0.011300388405431672
0.010158120468162026
0.007791718432454019
0.007237936327289029
0.008027660881551267
0.0074091122060297426
0.00729947983827287
0.006737479002485802
0.006267876310098887
0.005700955755045072
0.003971071781799485
-0.0013010038265129928
0.003866118777440638
0.004831816749017147
0.004900973056619347
0.004811817501996967
0.004453035477636508
0.00262207207620459
-0.0009853179667668162
0.004423239978070676
0.004975267894842678
0.005198052628759239
0.0053824192430409505
0.004803661384175819
0.0025780610130006656
0.004792053240334809
0.00579453795805827
0.006718503461721558
0.007991344792272089
0.009447082695600795
0.010558865856599866
0.011799688957960188
0.013166218853562974
0.015147884575914726
0.01652447345188739
0.019329756898929264
0.02079004043497618
0.02257007964220871
0.023076769805046013
0.022490311696272733
0.02029357272877335
0.016359855760723224
0.011090869138537705
0.005556832018112564
0.0015503170718545664
0.0013001343416706415
0.006480136178547294
0.016253727905646234
0.025208663632256875
0.02456982615976234
0.010706805353605992
-0.006071368475191961
-0.010715623827811889
-0.000820218065666402
0.011163537080816906
0.022252007376296203
0.021095901198678147
0.012203175229315442
0.004551142040060223
0.0017392731815681812
0.003389399789723308
0.007522792628964762
0.01212827874677204
0.015408320958074744
0.015814040681664504
0.016177222119727757
0.020835431010665907
0.023390405173186007
0.022000806269991333
0.018235135467994403
0.022199315161468693
0.020767254153823512
0.017970260269357573
0.015542797228814815
0.01346528261907998
0.011451919452550575
0.008654381528036282
0.005353172307183674
0.002764228819133908
0.004225340648962062
0.006835231652547473
0.008064073144419807
0.00927981893634378
0.009899872837728045
0.010263754874956262
0.010625061650072081
0.010881604382378429
0.011661578914029138
0.011686289634489335
0.010925271707452977
0.009276346118223243
0.006851633576102768
0.003450770978637871
-0.000787364541970945
-0.004927999876419486
-0.007447459818258741
-0.006541337786461812
-0.0009290657016341509
0.008636813865805866
0.017778577287659147
0.019160002984727798
0.008581824078019997
-0.007319032050904557
-0.01661537787765521
-0.01386153489419778
-3.4052909241275145e-05
0.014931923748779018
0.01999770575824798
0.014292237787037155
0.004351089288474821
-0.0036318237050618467
-0.007035168146399889
-0.006163312372104088
-0.002618568784031333
0.0018506939623374806
0.0059325393377903865
0.008783598832845442
0.010190924145351462
0.01020600596242359
0.009137038252451352
0.007416267678384628
0.005319338010756102
0.0031569724913340508
0.001128327664872858
-0.0007037613335451749
-0.0025994794202629334
-0.005159111969518915
-0.007535346678061906
-0.016756762271910742
-0.007910396638459515
-0.005160106500283493
-0.005065449628085114
-0.006136476413387724
-0.008108804609659966
-0.014290056964931309
-0.010027341043203382
-0.010370097903242281
-0.004367205330365542
-0.002073367567182395
-0.001006067812045189
-0.0028637369010824994
-0.0003031935700791497
-0.0009188231073187941
-0.0041785606991718155
-0.007142693705023451
-0.0016507977181513436
-0.001296898828510427
-0.000802115347623604
-0.0015135682510525293
-0.006773213908197139
-0.008675574515727133
-0.0008117447154987595
0.003921001291266742
0.0027434465547438213
0.001613076565638943
0.003201918645382565
-0.0012823118520625515
0.0007691227709226932
-0.0017728848180845027
-0.0036139005423190362
-0.00180904127459385
-0.005575986307982409
-0.0017069569798365135
0.00010548480435053126
0.000487680784510085
0.00028405341848765066
-0.00242091318710907
7.239637729307649e-05
-0.0018480200446529948
-0.013844405166795241
-0.014406497526190939
-0.0027936185153336827
0.001019398697522571
0.001004201951331805
0.0004308622408350559
-0.035613564230260596
0.000327597882478928
0.0005230496419485495
-0.0008214252139478937
0.00018181454866466546
0.0011217329824231446
0.0013064457522806142
0.0011212221349721847
0.0016492445565440227
0.0018828647501304998
