-1.9778275666969825e-10
-0.004962928729083195
-0.007054126522916845
-0.0076656321921835
-0.0078027381298442985
-0.007583860553493008
-0.0071217288029927096
-0.0064002741141371625
-0.0053739039756658825
-0.0039173488483323585
-0.002413555716235498
-0.00033242157257503486
0.0012934137458434053
0.002713050027567197
0.003919065249709235
0.004511076943585679
0.00405841606665456
0.0017176206848463732
-0.0036547961701642703
-0.012018980554914509
-0.0115776998782205
0.05066888985799285
-0.042934467169633395
0.04728918615601006
-0.023787151198434605
-0.044612850044659404
-0.0287310583830077
-0.01248785530573597
-0.0009453319757934554
0.008248977419891421
0.013322933349190465
0.015014274614951237
0.016614758661649177
0.017520978445777286
0.017770582549038374
0.01751782631687108
0.021646327625462623
0.015373559393744528
0.01272128411302333
0.010491988457947155
0.0071356556984778444
0.0033597082622591977
-0.0007955010180387058
-0.005790425353920823
-0.011114727494501684
-0.017801875724353558
-0.024626450060989295
-0.03168367032291095
-0.03810678447385646
-0.0427395855051389
-0.047281097817818474
-0.04989508846050267
-0.004093235603486495
0.12156017918870636
0.08825581807935232
0.05009529676458068
-0.01603224316432363
-0.030197310571695734
0.004643368551448245
0.028448083154649483
0.031646397360509004
0.028601751797119282
-0.014046500784480092
-0.06284049518184741
-0.014142291552752904
0.005168163498699281
-0.14126731825023248
-0.08206078119894618
0.002269581096493294
0.03858410268354578
0.04018889700463538
0.0342786975201018
0.028328037999453323
0.023706951845227767
0.02047577443525621
0.018562584980489665
0.0193092503535758
0.01840381985210676
0.015062380026310976
0.019482345253534778
0.009800406458180597
0.005532580178213495
0.00952897651956619
0.005061654483549019
0.0027223929673170885
0.0012271648057604583
5.5067780309298724e-06
-0.0006357257998855102
-0.0023680794215361284
-0.002982824687820638
-0.004162067781099591
-0.0050234360223396345
-0.00534029016137919
-0.0036284704551753947
0.009345688513917559
-0.003767092469430588
-0.011293147713094176
-0.006975415346190687
-0.009822546655094305
-0.010530368668682394
-0.009360593957346073
-0.003574995007727943
-0.012435628595630271
-0.0072498052953965985
-0.016028081243096137
-0.014812824070558018
-0.01731344501414675
-0.01832478614693171
-0.017440658780290424
-0.013990081432716161
-0.007148926096877762
-0.031856440207693175
-0.016467564885391875
-0.02136636525124857
-0.01612427571538548
0.03002800893355306
0.035904805439481685
0.04986515613040482
-0.051789523195238836
0.04478077243727956
-0.03043805306284523
0.017582170223483042
-0.006828053748600235
-0.011456616086395952
-0.014888738836236225
0.00328836847174741
-0.000746561934387671
-0.008224530977382875
-0.009837677042409017
-0.007218905585195852
-0.00740049253161354
-0.0031392733175521353
-0.0038626937737799194
-0.002318411240074746
-0.0007272866461504236
-3.8073109324892095e-05
0.003526842935879778
-0.0005596158279263768
0.0030226633131409586
0.0032703753763089222
0.013199538645807793
0.022202396902004564
-0.012043488277694378
0.03002067544498447
0.012169748060223893
0.011025636838428192
0.017172224270081988
0.013716125769765698
0.015375969071670185
0.009783436204570835
0.0097676039087203
0.0061668929513014874
0.006538520646769285
0.012416204156218602
0.04273265551436671
0.013183333100450318
0.007866059704508387
0.006603362770071282
0.004223419175231642
0.002155952545915331
7.643244491357048e-05
-0.0012849359794559398
-0.0017374296141290154
-0.0003165145422499514
0.007318843800674781
0.05250528294104056
-0.02467514334671888
-0.0002363026625373913
-0.017619629641703466
-0.023532693522271643
-0.02932853309364278
-0.029671846570342462
-0.026094936043200716
-0.019635090473281745
-0.011184375854428894
-0.008826089836280714
-0.008350696859408665
-0.018169027200996665
-0.006972348828810044
0.022467453171708014
0.010668553745756718
-0.05624225479742039
-0.027540490712109456
0.07120076527164704
0.05338388639678218
-0.053201628870037064
-0.026102305009729394
0.026606425786117414
0.017450600264431734
-0.011031796865726098
-0.02017406078288372
-0.010749925205368051
0.0058713606435764065
0.0223262914987577
0.03328447074955333
0.0532309937860854
0.04860778324937217
0.0315515016965491
0.02047068802546658
0.0155995864354965
0.011886603702021476
0.013718869503318524
0.019857962498474113
-0.011558321155426234
0.0006778900641676573
0.012673284473700065
-0.006054704486004219
0.00017705244621084605
0.004418191945000598
-0.009743370789086565
-0.002677966129324287
-0.024419187710110923
-0.013403218211889962
-0.015666710881554555
-0.009649083684695896
0.02243676708995462
-0.013813834316988127
-0.024140129424405174
-0.028944609913616897
-0.0305882219447305
-0.03201152704720158
-0.03325757069050672
-0.033444834429524506
-0.032148768168045704
-0.027214224176502256
-0.023020727273663978
-0.04874068100235839
-0.019202618429373736
-0.0243968860477087
-0.021359055848920734
-0.011407490761192733
-0.03263930723500283
-0.009317548600844872
-0.03849810444721214
-0.011672476161231187
0.022942393133840326
0.02033008121212065
-0.08619649820009552
0.07250230960965004
-0.1125016802041815
0.049461733460381574
0.03341520755056595
0.022616147910930053
0.08941983628710218
0.03715511512037377
0.022598304392269675
0.011467982740865124
0.0335742649052214
-0.05069072132786223
0.09273881205419013
0.10608289276194846
0.03364909018217212
-0.005719150165172285
-0.0167079448437378
-0.01552077500877603
-0.027735691170470606
-0.010428233200903775
-0.005375220110722535
0.006932436487211618
-0.024358591283562953
0.00339565654088398
-0.0031613096683777895
0.012089393986437115
0.018389707109014428
0.02457796724115057
0.018763317621310543
0.01725412922192584
-0.008327855347092815
0.02537601322068173
0.0032964567147668617
-0.004108207694135625
-0.003721974646771385
0.015393063207732087
-0.025842685590132558
0.02819430675049302
0.010681860892815342
0.0021507886628235246
-0.036728189538233175
-0.0023832592271410954
-0.0008689816136742954
-0.010239225507870696
0.005074884558920749
0.0028304523683504727
-0.010910787449200675
0.015993956883956537
0.04759827619454522
-0.13594217853643084
0.07818322748553493
0.057742795759711335
0.05098640002462191
0.03769375698033187
0.03028794982485862
0.01674763352859234
-0.05316504410751204
0.01149366437345699
-0.0032257715221326415
-0.011437843654203335
-0.017727467596596203
-0.022616031239433353
-0.01615641076067122
0.008268318790275345
0.041388667298115085
-0.07774518330825121
-0.0476568789391793
0.016634197865010126
-0.008075196873595111
-0.01942896707568794
-0.02439846067020674
-0.024214094728442725
-0.01783058253385179
-0.03598236028195804
-0.012697716099671314
-0.011221001258427567
-0.0033775495274886214
0.003262750856479007
0.0368010291976287
-0.00877022168534808
0.04766966790518053
0.02445482018298817
0.02543459218955134
-0.10618761867122342
-0.024103656814313007
0.014726013446286209
0.01967080997115159
-0.03345112396401912
-0.05603996932534713
-0.029474845447656967
0.0368525609226465
0.07442838805426952
0.0373230109114776
0.015690107106083137
0.019188965785185797
0.04781989760750331
0.01117540062054523
0.030366518979368474
0.010987898495697736
0.005564152808826922
-0.005360674371490447
-0.01336731148506698
-0.016313873300208455
-0.016604252059806618
-0.01451640760908406
-0.008119513893082214
-0.006116622573668094
-0.001354445202888428
-0.010183662512852869
-0.01693609374775575
-0.018003698817716494
-0.017161162264074555
-0.015541424151390142
-0.009488048471281344
0.007231621061405847
0.04877540218617459
0.04146751544394284
0.013980914055027216
0.030229192918164314
-0.006889348179065746
0.015208681022259097
0.05753288635848921
-0.017342935117987106
-0.0033806489259374643
-0.07105480975892865
-0.09090509642160872
-0.08268922689020018
-0.04288695742833661
-0.058588644044697026
-0.06435906712624037
-0.02167529392135118
0.010757503356035576
0.01647935541427488
0.044765560302459886
0.08202152405922294
0.03131831544894108
0.008943328606294732
-0.0011038052492807469
-0.006409966091476698
-0.004194320467790036
0.03883197736404095
0.029174829259331778
-0.031919187683711325
0.030532843870535255
-0.01762031045304844
-0.004828912294226357
0.05112458597638714
0.010906425753043127
-0.000990969300441089
0.00765077140222223
0.007557511967478668
0.019062424465940142
0.026936807793245265
0.01791907935322673
0.0005616146007501834
0.02138968636392775
0.02068516519104457
-0.025523414336223363
-0.04038119708760329
-0.03929983101787119
-0.00964535978881741
-0.051531372401302324
-0.040901966699385055
-0.03450069753300171
0.027226788488043416
0.08433618166665505
0.049307925516289874
-0.004248416910909898
-0.01366508706920765
-0.014276007848937086
2.2567292903047193e-05
0.04432618158790316
0.02920425970418837
0.0011908787603081554
-0.0010167014511269434
0.010115566409109662
0.04941883029056588
0.0761099697607638
0.05150103738430097
0.00818097393967403
-0.004251549042492816
-0.007695284897617628
-0.00902184592677137
-0.008694099387314119
-0.01920331763724216
-0.04037829972972992
-0.01833222698010196
0.04144240736553851
0.03139539570885092
0.017167445930384023
-0.01553242948027428
0.020375291151650283
0.04114769732919514
0.043467479906237644
0.018487221093981796
-0.010212012123605086
-0.025603418187558007
-0.03224566580415204
-0.034288715060957695
-0.03169447477323532
-0.03333445519014559
-0.05709400945028677
-0.08937960629261009
-0.04548025212034677
-0.00848437440547275
-0.020544341380140503
-0.03986336676101113
-0.012329778281698603
0.04980082159162711
0.014255903981830851
-0.03019305574096194
0.051565295169761924
-0.02768283089571014
0.016017416281065643
0.04604930116217064
-0.00021685881948200922
0.0008194667441275044
0.012136595740783298
0.009460097637312898
0.002815278687685102
0.006667002528864225
0.005303295577118851
-0.001708390654213515
-0.0007024361241809924
0.003925741492488923
0.023492319899096042
0.026424474465629955
0.017724565796244957
0.01060100075399473
0.021848039876160408
0.035523060184830625
0.06184046751834765
0.02748630957175782
0.02682209414548893
0.1250043591833955
0.0034446688695640984
-0.018327076528090108
-0.002416033188279982
0.003872602991934424
0.05383435730678603
0.004383198916738294
-0.003074544901635158
0.0006317801495298288
0.024309473790179663
0.023548481025582886
0.022882117320310258
-0.0037693326818202203
-0.01650492796368164
-0.020174042894663846
0.005177779718340943
-0.08845789032123436
-0.033207881261315284
0.017453525668003095
-0.003894988444486476
-0.014792392140421247
-0.02197290083642146
-0.018285551375867917
-0.01522007699936495
-0.010936633158500932
-0.008942108837616133
-0.016601291772583952
-0.0029151054512728163
-0.005845319603757363
-0.008186038145792059
-0.009740063766990659
-0.01283799763898885
-0.012422256595676428
-0.014167578423588402
-0.01637518412569982
-0.014374937840473197
-0.00877087859348225
0.0014245109553574918
0.014627393357064263
-0.00017124930061786887
-0.019376438104105415
-0.02957890122478623
-0.035358641663454246
-0.039581899622173594
-0.01848305092081009
-0.045097489902053256
-0.04081042749506922
-0.04244320204568129
-0.04287891412598733
-0.015715378665430282
-0.0313658409903888
-0.006929129438951376
-0.0012680733019947918
-0.006013434345327091
-0.002896017683232732
0.004509302932037431
0.011094612424405539
0.015539343233728655
0.01813787841233101
0.01895183892117658
0.016123792463740197
0.011089476162653492
0.006205020459133048
0.0033230209513301183
-0.002431382198931653
-0.004107161400577544
-0.008197587594095546
-0.009949450983849554
-0.011574587012423095
-0.015655566003006733
-0.0210045853724866
-0.026166476720718323
-0.029630625748579456
-0.02972792060477011
-0.025172523931101025
-0.01877291176465815
-0.009943617990404649
-0.0012614950334517566
0.007204822366917245
0.013251512650561728
0.012352027170831234
0.0024476760428865907
-0.010604463777446161
-0.013922855782895784
-0.0017355658160361617
0.013408332409528684
0.01924568821728481
0.015550189503129627
0.002225709017859904
-0.01112303196814978
-0.010791194652645048
0.0008640223909550989
0.011784376047523191
0.014678597081243637
0.009917283001323357
0.0012682856356949998
-0.008077548380824395
-0.017248254344092943
-0.024741180215993246
-0.028160884822534298
-0.018462613579548585
-0.029658483700247942
-0.024730788955773013
-0.02045149018509868
-0.015846479789517507
-0.011459434853471185
-0.008580598998949609
-0.007587554574602192
-0.006577958256001509
-0.004867377731252564
-0.0019039741604928927
0.009746535068217127
0.0069892750431872815
0.009711206993044095
0.012155026365108325
0.015043893327285455
0.016991014218471934
0.0177218464799365
0.017797032318937405
0.01691310340575482
0.019452066115323595
0.010088137782927688
0.006961148220249156
-0.0014540331676794174
0.0073239500202744645
-0.011752829242256832
-0.01729509954297252
-0.019472623914541378
-0.019808994683517156
-0.00868975302733787
-0.023670232426834338
-0.030175887329218536
-0.03472134607230736
-0.037965466978212715
-0.03915818776283628
-0.03901448109057817
-0.03834200301690398
-0.03630138338343526
-0.03434348743945701
-0.014101116994813782
-0.019250081012325948
-0.032761509215865764
-0.03701878609564837
-0.038109135444516995
-0.03524903383360057
-0.03367238930529139
-0.015764661985673854
0.022203185161223802
0.02478388113835801
-0.05453882555679557
-0.04628091212183098
-0.0020909286616434754
0.04086126730211762
0.006437404783995511
-0.02184227833747427
-0.020444320065306762
-0.010890195292488561
-0.0044439995503638245
0.002335964589015517
0.005967209091274014
0.008448382774231739
0.007674380813146958
0.011357617554024606
0.013617563426507317
0.012446312727935362
0.008580655444576382
0.007532566727739924
0.008417671627082809
-0.02388511774612002
-0.0010949887750003463
0.005087329624060093
0.008100412144326486
0.004680636054548435
0.001613000398712998
-0.011046453550060818
-0.0014196619967551745
-0.0035852824881391124
-0.020079883659734957
-0.006599842134025076
-0.0069278711687235685
0.0012595488341180497
0.0012796365746786035
-0.0043321435604544755
0.008267323606170728
0.017379990236510597
-0.0034826628789567183
0.01915564818102926
-0.03645423149616707
-0.02384051143009771
-0.03780059725734263
-0.039079167605873766
-0.03632886714215292
-0.034527324817337175
-0.028807821435987008
-0.018690843108662748
-0.010168123172196295
-0.012290999691746308
-0.015656402943684318
-0.010400282639553214
-0.0249168777349563
-0.0037192651980069162
-0.005306757631925865
-0.008345432926503716
-0.022724298104923463
-0.01136614221556872
-0.018207496509429433
-0.012241160060945645
-0.013928045255535669
-0.011296957701143688
-0.009607503839034444
-0.008281742927628217
-0.006653937693033941
-0.003949755239449211
-0.0012839595316204537
-0.0015484096846482853
-0.0008179040176043201
0.000818012006410947
0.0027215138705306958
0.005102145744286255
0.00869489556263432
0.01595917383961904
0.03095942317843649
0.028119137227455123
0.02327208143022744
0.01862334700147703
0.01090535057744226
0.017809151065157923
0.019190141544617602
0.02146263813602499
0.022329681515030838
0.012659290592920772
0.022043549513926144
0.015837826978393827
0.018599350171006664
0.016878413802498642
0.014576059886249899
0.0116638423125207
0.007628096247325409
0.004143089431397074
-0.0005992804396273779
-0.006912058769689086
-0.010418821754014382
-0.003414264576099446
0.05048010864141931
0.05176565329209835
0.08140943879087072
0.03071783995904996
-0.001503694686078825
-0.016473566817769222
-0.006049427888314813
-0.018236204911155917
-0.014052804789585795
0.0036171848506681586
0.0016163866185364042
0.002251339365524695
0.0076932801786713505
0.013377716090914309
0.013907297475849631
0.014159228854895095
0.013442854843641359
0.01016273922970155
0.004402876065054148
-0.0005223001378770542
-0.0019386408448112012
-0.01014878382267865
-0.0067203971359146315
-0.007005522324409659
-0.008461892899747326
-0.012203671174766248
-0.016677877862572774
-0.022870779641185987
-0.024653041508107768
-0.020739714207932507
-0.012814696236169598
-0.0031147510360340263
0.006330250650947711
0.011661203739499545
0.005495145758548002
-0.011983432809762998
-0.024644073698215467
-0.01991732793956749
-0.011709915683364592
-0.014863003028951164
-0.022748539630731344
-0.017017987368869277
0.0005404702749799977
0.011996683694537933
0.010479151994227021
0.001372770721827185
-0.009079492864206437
-0.017917513449752065
-0.02310028524893469
-0.023112102064699765
-0.018321845843453585
-0.010906528440352664
-0.003821481918420863
-0.0012524523391805283
-0.0007889507365565326
-0.0015935415253389886
4.282016068662951e-06
0.01072497747308009
0.0254654670163741
-0.0008062241021331649
-0.030270248570139983
0.00452489253674896
0.029676379294645186
0.01270840198120189
-0.0016667787096696295
-0.004202765859042438
0.0012047830793411802
-0.006222810841812878
0.0020387798153022043
-0.0018120469362974672
-0.005739425978786385
0.001278125416162497
-0.014459216318963419
-0.019523273513834073
-0.020412333936298318
-0.019933312610913398
-0.018459421771928053
-0.01464864713404791
-0.011426727747276384
0.0014868754010942712
-0.006067609584918381
-0.0038142426618033853
-0.00038724577225296945
0.004029172266203503
0.008074938336433794
0.012600256121577034
0.014067976614369307
0.016952257838973524
0.020412801326897583
0.02048393897474987
0.023602221146963892
0.025784404267749722
0.0280609256514633
0.033406818880670215
0.03647300882875974
0.030210385070487324
0.02956617668150924
0.026667846153120473
0.03041008560234631
0.020337957003036793
0.07175530171296171
0.026578822805176164
0.024582563273912634
0.02315928739088798
0.022005212337412008
0.020874452398170748
0.01840820953220242
0.016194338161227423
0.01365689916358615
0.012047619992609709
0.011087389582173032
0.014512849139039021
0.010768013808049107
0.022846849795333225
0.007341437259353099
-0.007688486882426553
-0.015415679977752493
-0.06367834486341135
-0.00814024200030585
0.03013419324418022
-0.02917040608197977
0.011062606177764587
0.008614174540273904
-0.04278339087034992
-0.027036386005475643
-0.0034312380109760426
0.00591548213300843
-0.044677569224887706
0.002578178703440397
-0.08781752465263905
0.017869307337214577
-0.0013253906659388243
-0.0075644321415549816
-0.007642289620789968
-0.00168624870281303
-0.01857066788782712
-0.006215057598359607
-0.013392405116848681
-0.01751002760893717
-0.021933051334227453
-0.02283904410845752
-0.025346753896018325
-0.026558284377236223
-0.024715215501696645
-0.02488280952028284
-0.017774909033925056
-0.020077160380907875
-0.017541955733287224
-0.023164413209690784
-0.08007605928348312
-0.026713234494972586
-0.025458385721089036
-0.029634507387177066
-0.019451726878738227
-0.0180532965223165
-0.021918752967997272
-0.014806797557333523
-0.013707498920857092
-0.01251361408786295
-0.011125274235508385
-0.010310518315532693
-0.007902192608403486
-0.006398576684898451
-0.005177227991249086
-0.004961904761246084
-0.002531692531942421
0.0005550029679216545
0.0030927829152183894
0.009050483072180076
-0.04685963247802475
0.01404706757944979
0.013404746930383503
0.01806753398631934
0.02229861601235657
0.0032833169630424068
0.02566778825776694
0.027256953141267817
0.03385052610932642
0.05018036083634883
0.08502221630367743
0.09514923121253854
0.051286297688835844
0.002702466550028173
0.034439520545192684
0.0283763975323581
0.023136330054348137
0.022790432355876456
0.02226517382022753
0.020238512859946288
0.015010589625696024
0.013641168432333026
0.0025345751451159955
-0.028559854530440985
-0.014765115663862995
0.016787709916262262
0.012146710058753587
0.01048634918066533
0.023656299644591965
0.029789897336810336
-0.0012724797776184767
-0.017700041603852672
0.012422783352487947
0.04701780911494768
0.02803227244680489
-0.013920966058074118
-0.010929931226076384
0.01591929752026577
0.025527653074726136
0.014194899495447047
0.002921845403527609
0.0005476028783371214
0.017268733831006598
0.013117993475759268
0.013279478945511973
0.014295416448204071
0.015366522759693316
0.01786419714075522
0.01932632987334025
0.022123779919645606
0.028130405270325315
0.02383114533663252
0.019142511688541735
0.01790679333433215
0.01678272656889053
0.014458304451475782
0.012435041798600326
0.010497463312909756
0.008390790616270351
0.006270168351464754
0.004433841356461005
0.002305914999648365
0.0013165895459965214
-0.002267340555526139
-0.004074301572980703
-0.002815408966669127
0.013545800124725565
-0.003279968212644891
0.006230829318090662
-0.007516033078996231
-0.008549237562309993
-0.006714467869719254
-0.003804576226559519
0.007834623338640444
0.002618307983377138
0.01673219483701001
0.01819275758664825
0.00946344311127076
0.008791850194605504
0.00812195216384914
0.004573871002791152
-0.001016270094227364
-0.0069688604494678496
-0.009674674536211417
-0.005030244913682197
-0.00013073978336960619
0.012218273515319868
0.023964109444695313
0.01728940842935073
-0.003411706943950164
-0.00011675958773882
-0.005979083816515073
-0.008182082172692375
-0.011837766461733372
-0.016683319026711003
-0.021200981426206352
-0.02215794710633322
-0.017374377832406664
-0.009999853391253465
0.0005926930919974231
0.010285250289161737
0.010855102410960783
-0.004584424524922989
-0.023958005528828864
-0.027806746150560998
-0.025230275092344264
-0.028054608281157477
-0.021889668144158405
-0.0018687457362451599
0.011649946161614277
0.009832082277163815
0.0005846733504460547
-0.008483517584714804
-0.016534742430332205
-0.02145738970904817
-0.020843352285620655
-0.015587096042715725
-0.010783981013971105
-0.0067608054897682875
-0.004404710263070474
-0.0037779674115470618
-0.005766056134807678
-0.006169451784644716
-0.005684506427065298
-0.005157034740793214
-0.00040188990204450653
0.010477318469167616
0.0017101976922427183
0.001615752165681829
0.004140108368811913
0.007774839022845724
0.016419802090738456
0.011592351545445027
0.008715215672677586
0.010350875492842
0.02062917440709393
0.024273899473103006
0.03349253428816918
0.01833231375705227
0.02043149810281528
0.023304989401411683
0.035115645858892576
0.030492213727629405
0.04590160230083266
0.07180473295492636
0.08820459671005629
0.0712732917336356
0.03530740285166738
0.01921602144571195
0.04275029814581901
0.013956668268713059
0.009232185817219848
0.00806597476993413
0.012751211447938834
0.0069572895359388464
0.00521938343214021
0.004011588810142654
0.003300770040878883
0.0023603382943579057
0.0023950388542498926
-0.10711144588120294
0.006628586100973493
0.014738289714591617
0.000895932964399031
-0.0027128619732576073
-0.005008462121222858
-0.005917824357550875
-0.004710239539200374
-0.007362052029914269
-0.007557776630434873
-0.0076302589903364144
-0.007791532014013702
-0.007287458792547332
-0.006271420691735401
-0.0035583852319521817
0.0003879014648469808
0.01543920957832821
0.026190496488338943
0.03302360369811114
0.03145291659630749
0.013730697715663378
0.005838654788110405
0.0023617217609487235
-0.000205036068838555
-0.002790726088231132
-0.005563729112884552
-0.007546874911717462
-0.0063986030919306654
-0.014891206005880531
-0.018805270539362578
-0.021436019897217006
-0.02316381278026565
-0.024097070548614007
-0.02378461428838515
-0.02228956013162959
-0.01960101986954623
-0.016218192826842403
-0.011624328608298713
-0.007027461893247653
-0.0017504877420489735
0.0036667113300512845
0.008676911352703183
0.01253173736573105
0.01426786670225389
0.012985178242865575
0.008311028553263279
0.0010618300829883392
-0.006225049658568151
-0.009433792965652924
-0.0045788122810350995
0.008604977809103805
0.023374222463559816
0.028534614332505197
0.01948105839429375
0.007089884239520162
0.007482825165681136
0.020040899883692537
0.028701065668530666
0.024123781833963805
0.011345998432046442
-0.00020248656944666754
-0.005846580604749863
-0.006441885428141883
-0.004978814787994774
-0.003947002042539757
-0.004488027977128001
-0.006009161790630352
-0.004693244484919165
0.0051096274762590975
0.019401485718171938
0.025143721546335977
0.024593380564694886
0.0161921462769938
0.0003276424889191512
-0.005532205070573308
0.0024733415148803684
0.014385924198623121
0.01624725227370454
0.014557172953125894
0.027946214135376325
0.02459822606743965
0.016777427266426663
0.009547352389602286
0.003526231798314011
-0.0009973890525046274
-0.005258952302628445
-0.008389563143539362
-0.010768508239973242
-0.012469946026444075
-0.013534218752791547
-0.013925860622027882
-0.013447237370822639
-0.011827462109981214
-0.008811743638790847
-0.007140944544714006
-0.00871163306437406
-0.009146305916390552
-0.008084727454957443
-0.005903925366500275
-0.00286864548479737
0.0008405370964694028
0.0049761103444078926
0.009061764584538811
0.012161597159774714
0.013046323356322213
0.010052522083246133
0.0016465425921987796
-0.010620227099117476
-0.01950696925949129
-0.01676780135513502
-0.008903250599340662
-0.006956645982846481
-0.007427901416288848
-0.005742298315071743
-0.0015139818749513223
0.007084108252065484
0.019354361540224987
0.02814975060955899
0.024043017251233256
0.008316685222728788
-0.0009580876069902741
0.008635053185640895
0.024476931350006444
0.027784091811219973
0.01624500413159826
0.0006975114359320254
-0.008805845960088697
-0.009466295171993652
-0.004173212793478418
0.0028062140063121
0.009025694852347565
0.013130052333396756
0.014367927716094424
0.013623040517189605
0.012331035947767287
0.012522960523216341
0.01538426352655306
0.01498136841565901
0.011430239634883646
0.0016759104982887825
-0.005875112085378438
-0.010941148228384864
-0.014356906304638964
-0.01661374410237901
-0.017802745779097583
-0.017631846087054107
-0.015956661035131253
-0.018984981175589673
-0.020084053072445814
-0.020662917959437463
-0.020403879862287307
-0.019766747824054378
-0.017852317983174378
-0.015891241968806494
-0.012713380829386785
-0.00814573643786098
-0.0028123505820641997
0.002190201136697851
0.007453602034378285
0.009602694333883582
0.0038518162932203357
-0.011305178835607688
-0.024158892647650313
-0.015437719131662251
0.004859537876927765
0.010171031264138939
-0.0034992644464147747
-0.021117363354556704
-0.018284061939164643
-0.0031025164921455544
0.007735884549492733
0.010689397267499168
0.009147176149280683
0.00655652493358563
0.004758100739295328
0.004345191275679165
0.005507061484321638
0.008069454708387895
0.011299534079943043
0.013392450994311909
0.011462686710508716
0.0027221865113500696
-0.01075053899915021
-0.018053880120607893
-0.009396256613190015
0.005297640713643986
0.010182226033079207
0.0021513088141658274
-0.012720444520834462
-0.01680315752864695
-0.005610147745896222
0.007924225755360106
0.01375937658453961
0.011330723796264569
0.0044551988242978215
-0.0034566249008922763
-0.010616922339130613
-0.016279408464537192
-0.019860226669803208
-0.021097004564980582
-0.020065326565448856
-0.017101839907488457
-0.011945494497394907
-0.007191029722853411
-0.0045813855088667685
-0.001263702800273489
0.001869946441239128
0.0030118663790887775
0.0033189369587882226
0.0036826106614874627
0.006360655550760068
0.0020291962743134904
0.002168087611952314
0.015515945062471333
-0.0017153003244767613
-0.0042388727175057235
-0.006000792206064294
-0.006857261979564832
-0.008119295711254993
-0.00898188511431812
-0.009297220833754541
-0.008150833592289864
0.0017440872926992176
-0.011211513257783134
-0.013124212901391348
-0.012534750301509608
-0.010382874828740464
0.0009154967231608686
-0.005599848190800853
-0.012127616330747187
-0.01417154747039719
-0.016469625576480396
-0.01940600931907333
-0.023251374229739778
-0.030361959089584518
-0.031079566117352634
-0.03434277277771256
-0.02013150800466143
0.011281288365144346
-0.025712918380001896
-0.010888757936619363
-0.009370264125473003
-0.0065396841111083365
-0.0066609802372841155
0.0006197651815420153
-0.003002055136390762
-0.0065863154848347615
-0.009731264890852692
-0.01767353531283935
-0.021022762700712527
-0.015503941239169865
-0.01781111673454008
-0.024671877338474694
-0.04768817624303973
-0.050506799997551526
-0.03464425969858593
-0.019097150036843733
-0.010133404287975739
-0.005951143982786944
-0.003989589671408171
-0.0026622827630804137
-0.0012699354202903475
0.0024413912019708517
0.030283213064841833
-0.0028473970271551937
-0.031412216313412636
-0.01146833182076144
-0.002176689240529942
-0.0013645213084520613
-0.0018612473916752653
-0.0025797661203822105
-0.0025871157279834947
-0.0001904492154265319
0.007204557258994801
0.022566290356666567
0.03071659650834205
0.020263071248281053
0.018661248627376333
0.016925581200314295
0.017411604558486102
0.01667315710759796
0.013205247295284932
0.015745820513962273
0.0313253822476501
0.02728328169921621
0.012908667403548268
0.003432201044732681
0.0022616679717323523
0.016386012307935096
0.008887028699855035
0.0022623371647659293
0.002001009899350991
0.0007138846155684449
0.0012098999632777542
0.0026178254451857037
0.0029085339734191444
0.0024693834089980953
-0.0007731119888371094
-0.0059302986038617805
0.0026676221658121927
0.0051238945008183325
-0.0067922328738331825
0.009553168043485426
0.0023900142355756395
0.002894036701859257
0.0037696526168819397
0.0033535497362592944
0.0031985146972282248
0.00294632675434048
0.002030672770142766
-0.0016909391640738626
-0.003581456285142593
0.002242366174420833
0.016649304816128804
0.02005684573359252
0.004850233738099274
0.002792940264300176
0.002234053054887236
0.0029696537995831775
0.001368148909330653
0.006381023823453004
0.0006975164100221872
0.00037446847056240386
-0.0012635796175843063
-0.0019486802902616029
-0.0017685709790742398
0.012494905851027882
0.0010791321323598
-0.0029450636898862587
-0.003559428286008507
-0.003363597722889387
-0.003188485552135258
-0.0023271274714909045
-0.0009154071964992711
0.0033539861129361203
0.004568136780627995
0.0064454787372269905
0.009797869497301914
0.0154816834120269
0.02410303960496807
0.019006725523543995
0.020805363703615205
0.021389887289779173
0.024295250719282287
0.02423259849705916
0.022579675145453292
0.019320612991772457
0.01529286873564718
0.011014485552861884
0.0017089648285869513
-0.005344482957610916
-0.009767535448763407
-0.012575400742841901
-0.01379023107001422
-0.011913684736401253
-0.0072549423464543196
-0.00468240706849652
0.0006403007235718141
0.005937110049840636
0.008596410087604202
0.006454946991459575
-0.0009613597812984211
-0.011657833416693951
-0.019820506471548243
-0.01757512466261476
-0.001033680076637552
0.018192043807280046
0.024164309534596723
0.024077299550032225
0.023853836757148982
0.011573849833127018
-0.009676013306003343
-0.02196478670553138
-0.01871807188767984
-0.007227298714073732
0.003225035419524953
0.008089304274998299
0.007345720269595689
0.0030246242612226104
-0.0027379436343218408
-0.008462124495790915
-0.013208511654977976
-0.016347863323252474
-0.017224092603365587
-0.01569699496864247
-0.01196024835546603
-0.006557502527297242
2.8680490927229966e-05
0.0066539036613587395
0.017624275491258858
0.01695177182075293
0.020653021633615206
0.02317768963227756
0.02551002031615556
0.02658491909891015
0.026527352307452432
0.024170938978165527
0.0175637518976088
0.031387886185500195
0.0195601701179673
0.024874880626687166
0.02598210290187371
0.013010880450720033
0.008265622607518399
0.004343092292361532
0.0010894972360469585
-0.0011218387952605744
-0.0032737106670226827
-0.005855316729793782
-0.007490693794269042
-0.008680293381000851
-0.009539078705323627
-0.009931916481014819
-0.008235273154733502
0.013329687579168263
-0.011002203772167632
-0.014316284014644954
-0.01563114485117605
-0.016097375376859173
-0.015128718212074233
-0.008938874968477967
0.00513549957534881
0.0059886388936654725
-0.0430568571240403
-0.07698960576577017
-0.022800508158989423
0.010064784043916634
-0.0014455765041279827
-0.013198744226448976
-0.018167802456955432
-0.019913663357097242
-0.019831854916801804
-0.017158425729482646
-0.015125832452208322
-0.013622022805487372
-0.012380205357690105
-0.011689140421621787
-0.01020953456166164
-0.0064171052951932
-0.11867722815897237
-0.005478824967927776
-0.008259675543564125
-0.00899265289215088
-0.008520044448717649
-0.009348411305733911
-0.009135083095567521
-0.010324004203494655
-0.012434350418847459
-0.009721914291595714
-0.028823954716061098
-0.01769849934642841
-0.02364286556306001
-0.021147200157148882
-0.015255158708036783
-0.012494145708997916
-0.010783396608890234
-0.01036636481263741
-0.009962832708889167
-0.009654824691398226
-0.00943356294213156
-0.009252208579248918
-0.008799922612147643
-0.0031238175102049825
-0.007215860199380417
-0.001346975551031761
-0.010794844476729185
-0.01022999293748213
-0.009890998503555126
-0.009339469585511262
-0.008259803988920855
0.007450136296982482
-0.009267697162186318
-0.009389982222653071
-0.00022147715572054904
0.008493550103568913
-0.011199315593363821
-0.013866368080181464
-0.016092865833361523
-0.0182478731271475
-0.021978198350387407
-0.014926042040567952
0.017123362778758894
0.008550339388834769
0.019254454582611408
0.0014123349976203875
-0.014450270334572198
-0.018144806997644182
-0.017844922167038285
-0.015279550519791097
-0.0072260198824671855
-0.014995322336687012
-0.01668705090454763
-0.016455540008375485
-0.015130956305523758
-0.012419803290788105
-0.006131173370837731
0.004512640177997648
0.01432752336036064
0.022828403290533
0.041957358751756525
0.021724827781358536
0.014715319023928749
0.006854229454925104
-0.001762229019253361
-0.006968927508673498
-0.008953712880112276
-0.008609074966644164
-0.010866865857045908
-0.011092267991274154
-0.01083615179093489
-0.010393922651395654
-0.009696034712412508
-0.008757630458024829
-0.006564890151411618
0.009184874382820916
-0.0021070286208123346
-0.004398767625307585
-0.004960701776094569
-0.004081736818526292
-0.003407156455814281
-0.0022316865093160794
0.00046885418713812953
0.00041097380771829706
0.0029302655850347577
0.016719183492404765
0.004716217077427189
0.004798927462547305
0.005645761915557836
0.006375775797951927
0.006470560688838898
0.004142117162906938
-0.0013494995709492845
0.0012559433353728632
0.005528249182959946
0.006055568793230674
0.006098057711273078
0.005517651409297378
0.005934425104191553
0.010476219843471237
0.009582670884135181
-0.004350409720141059
-0.00836551641968923
-0.011219180880265455
-0.013434236717880538
-0.014841332651157344
-0.015121667163834712
-0.014117475969473452
-0.011702637118732304
-0.007843020148867652
-0.0017858734590682286
0.0030055748141675684
0.008856099335593252
0.012682688995039274
0.011451118909364934
0.002748882511952942
-0.01108866068472052
-0.01926843372251766
-0.010132799304954554
0.008754558686529305
0.018349768395709613
0.01643421676588047
0.0024731482012768768
-0.014501572137750359
-0.016949549570869166
-0.0060654136179891845
0.006226078275363887
0.012845852046250019
0.0135976404233368
0.010890020523933506
0.0068934488564290075
0.0028527122902300426
-0.0006765632994969624
-0.0035154650464315957
-0.00566382170659273
-0.00670431949261264
-0.008257924866398455
-0.009138691863022816
-0.009537907520674774
-0.009650849696560248
-0.009503410671888687
-0.009017759641850837
-0.00817937220518092
-0.006484498190014896
-0.00617556172366058
-0.005818747712068982
-0.00486162219085367
-0.0034691584204253577
-0.001674837253008055
0.000579185518686689
0.003146679027160131
0.005660753015706655
0.007339059203254544
0.008540784791595365
0.009913319788237175
0.011565491146318375
0.013364270670386315
0.015130845688418949
0.01669392524658625
0.017886567223991717
0.018534806918209044
0.01848768876959291
0.01768180167371708
0.01609034106871747
0.013597072139669108
0.010451715208547931
0.0068972734486983985
0.003209338129190169
-6.997684057146051e-07
-0.0019949582057227685
-0.001873101796851497
0.0011695418049225167
0.007418073202173722
0.016037146328016116
0.02456061376284883
0.02898322102058019
0.024680603880719982
0.009423994669422243
-0.011275060529382201
-0.023785717619117134
-0.01969428472657141
-0.007289209946618678
0.0010048254269572566
0.0006177859002948944
-0.008972025106240445
-0.02711372574237878
-0.04983246109382122
-0.06916664551033508
-0.07670887900167368
-0.06879131471462906
-0.0478685904524829
-0.02126476688972073
0.0031166285137339297
0.02019139937602634
0.02847076899748731
0.029147737745529378
0.02475168896308662
0.018011136135993273
0.011127015402972484
0.005492225228627744
0.0017247163492100522
-0.00014087787884564114
-0.0004082943531120792
0.000508096756959735
0.0021831829356535716
0.004196166140753142
0.006246733035126251
0.008139276445184676
0.009761551892067366
0.011061352757028752
0.01202104846079516
0.012637026896823228
0.012956325034278364
0.012986822371517624
0.01268890567046973
0.012050736409255407
0.011047253125102114
0.009646211379848712
0.007832872607509303
0.0056336097846835555
0.0031674565763288418
0.0006789276602030942
-0.0014049392051368758
-0.0024603901553501106
-0.0017155733671626035
0.0015385711228199938
0.007602757443060292
0.015832408580015108
0.024134606598579574
0.02884864223730143
0.02562647356428933
0.011418785163061005
-0.01308965000583416
-0.04153635795207693
-0.06307974851235028
-0.06797694316575642
-0.05398483861063566
-0.027645626799330563
-1.5322422937963423e-05
0.019885742925759158
0.028491170197778855
0.027108468288982918
0.019712282588332297
0.010600280445648144
0.0029351858886642176
-0.001691908502855589
-0.003028648636543337
-0.0016642248486067597
0.001472208858951467
0.005431593739562636
0.009443333114860638
0.012955216331460219
0.01563778088464507
0.017361783543712695
0.018135286868942176
0.01804914139536476
0.017250905090833036
0.01590434053566614
0.014212306068337623
0.012311214601973186
0.010294257897980679
0.008297160251542349
0.0063074179654596255
0.004550889227895966
0.0030871105813368633
0.0019851294549313664
0.0016741332352969286
0.0028502884114716778
0.007017346799398368
0.011199930094786294
0.009902802363500374
0.004112293281349291
0.001885089908686597
0.0017982500751497388
0.0037298737941323335
0.006670456987646616
0.008714987745790001
0.004365912155526761
-0.01469187821089042
-0.0421646657007968
-0.05391324541307202
-0.04584804161306125
-0.02048113256252334
-0.00037012464633463853
0.00571112235906821
0.005876438640143356
0.0011625263477516425
-0.0040287969104936695
-0.007526923015120595
-0.00940227770681518
-0.010204077010314106
-0.011212604127074368
-0.011431370784603165
-0.011166837020332315
-0.009912381295019465
-0.010103691126131577
-0.010426005591094563
-0.008722178808431225
-0.010481873026277913
-0.010633267579407926
-0.010695691493578687
-0.0105145211928929
-0.010081952952864449
-0.009023414694094269
-0.006979669096545662
-0.003740840053722042
0.0005057857335810261
0.004714766847152142
0.0060853526622951
-0.000608305699968412
-0.01915035558331807
-0.03959137257808096
-0.04129640114717312
-0.0325426330049865
-0.03226106800296305
-0.039631285322658506
-0.048364285166619926
-0.04362457419540715
-0.022415339155208512
-0.0030132177356547267
0.005009306393085415
0.004603910391607421
0.0011681865379324493
-0.0018654385521802465
-0.002777986687045927
-0.0006319433890532227
0.005114733374213651
0.014157740321117076
0.027689889411518065
0.04325630983545414
0.03963654622247344
0.04250853602565771
0.04360807814656487
0.031447766691708526
0.0237652952412206
0.019550600906370244
0.01927526834673224
0.018593068732433132
0.019915120477629597
0.020983476095772058
0.021220119441634225
0.021388400184965142
0.02142133719784119
0.021503510399218106
0.022238845060639865
0.024729523497529774
0.021858123400241666
0.021160096828027344
0.020923127420728337
0.020777783236160162
0.020762085618797242
0.021548495478214906
0.023203853603616303
0.01986812489741169
0.019032324452229698
0.01816494563625791
0.016889656492535567
0.014848645129115812
0.012543756636768355
0.011910799177576235
0.011810333597176955
0.01016345705039584
0.007527037971631557
0.004585136128823967
0.0017045172567520558
-0.00125476445294703
-0.00394678561573894
-0.006448273857841008
-0.006767051477954089
-0.009524815096828523
-0.007855977714475125
-0.009087461691299282
-0.007033939807157306
-0.004072395119900522
-0.00011932800229750834
0.004239859777863393
0.007995649716001387
0.009627346536396861
0.007133222168604077
-0.0008556889052184865
-0.01287902683487562
-0.022344431175911696
-0.019160471951931532
-0.00029246106637108847
0.019112041613292108
0.02249437364364593
0.020076566546588372
0.01862572461082375
0.005507043364183172
-0.010157076961969502
-0.021057711945707023
-0.01793884310786079
-0.006884756900269474
0.003424761740367063
0.00905014689242261
0.010004968256331027
0.00798841202419924
0.004943948059757524
0.0024242072598712546
0.0005552570178854869
-0.003152952192284437
-0.005611992191980116
-0.0032057243593021176
-0.0018945415208985
-0.00739290414730851
-0.009422234625239187
-0.00951210299539074
-0.009136410995319519
-0.00869841250270633
-0.008244247966947877
-0.006556553667439086
-0.0047795899251194835
-0.0017161740005153569
-0.004710301167376061
-0.007837236737894398
-0.008387107986540536
-0.009829162503997851
-0.010027207583168652
-0.010472526596085456
-0.010169078953389542
-0.007273922210176335
-0.008126441073985172
-0.0060757303327377355
-0.003087491993190768
0.0006691065056411261
0.004711713165729186
0.009070010067611583
0.012882640389189454
0.014743153024165206
0.012960719326235748
0.00639264100108184
-0.0037732909428523746
-0.012271606754813454
-0.010884293548701615
0.0038611361219937344
0.021118294320034984
0.025211373724899094
0.020775056036202062
0.022684452363831396
0.025585165106225227
0.014732831599047244
-0.0030272769558938664
-0.011716797461004397
-0.007708083146945669
0.0022594851584482726
0.010961781329476946
0.01506684327922767
0.014596333749758045
0.011085940222651856
0.006315343676204864
0.0014446431167883637
-0.002885481339141884
-0.0060215530772006025
-0.008403023553973491
-0.009925444440125063
-0.010108854940590084
-0.009258313199048988
-0.007573838712974555
-0.005249391795589287
-0.002338006379456112
0.00156201661316262
0.004978246990099442
0.013584211472755011
0.00972426461076619
0.0095549359927663
0.010451130239525892
0.010842562281792758
0.010019972370636555
0.009228777243938373
0.010142418816667055
0.01658115985150663
0.015271496988839176
0.014180114444556156
0.012333411072048932
0.009989647052360976
0.010697259546213395
0.01171783091117069
0.01370575170598827
0.015495867170852886
0.010923275791626138
0.010158302255601171
0.009471109854672559
0.00755945697428934
0.0017638697561573008
0.0015803843205835157
0.005518756519517507
0.0048134131980469355
-0.0033237355233491517
0.000434457638929582
0.0030959501016608226
0.004387702256448735
0.0023148971240969517
-0.0020628063015081534
-0.003908926813579288
0.0008659880887764295
0.007503560922604153
0.0039431319022239855
0.0022116227673160895
0.0018592128575887876
0.0008584144284750319
-0.001195662264775834
0.002159101439019172
0.005035770554361135
0.007464936310320092
-0.0036570217504215234
0.0002507572191663518
0.0034709834870878856
0.003431885442174252
0.0031049436603651096
-0.0009070927151613919
0.002748658474076772
0.0019307972732744215
0.0001990504356701218
0.001551338051631918
0.0038285066700162397
0.004913991145056341
0.005866957538858922
0.00697928259599682
0.008335729331821175
