3.7730046168497504e-18
-0.0002011646530930051
-0.00021765305839690848
-0.0001803267258810721
-0.0001167300514785729
-2.972931306285765e-05
7.897032937546202e-05
0.00020717058521576854
0.0003606317124973064
0.0005444749175998732
0.0007623662570308008
0.0010099321785738515
0.0012972053146738595
0.0016410934899491502
0.0020689511241794357
0.002621886882387819
0.003370612589475267
0.004436276279107563
0.006040144231160528
0.008584168264254774
0.012710868091936644
0.018914231784583176
0.02514595351769766
0.024595459292629955
0.019953519830267212
0.015913787431578362
0.013199824171778236
0.011497900525303053
0.010443438828488102
0.009802259485348814
0.009433744748885626
0.00925780084571914
0.009197190866796877
0.009219907432967795
0.009300031011698158
0.009418350764467358
0.00955253865104003
0.009714203104268343
0.009865429590589213
0.010014119437237833
0.010138904148829505
0.01023063039558467
0.010274993018291148
0.01025300796599706
0.010147479350219209
0.009927193386104644
0.009554830566387153
0.008976295917450364
0.008120346407210821
0.006876540889817641
0.005038517000537136
0.0022095922338235215
-0.0021700994197491833
-0.007827074928202416
-0.009368549629496318
-0.003913022092353162
-0.002468985685274848
-0.0025397439868158245
-0.0026230291526866912
-0.0026615968818893537
-0.002683670962898319
-0.002683029537078748
-0.002637875500892805
-0.002532317890411327
-0.002550060537106445
-0.005987670702631247
-0.00959313812374132
-0.00412926392122161
0.0028356994541415604
0.008106451746900832
0.012063109770683452
0.015207290044662428
0.01780454029247795
0.02000692689269714
0.021914192188126853
0.023597974663480705
0.02510745220009417
0.026502099179305204
0.027819009150160782
0.029071017826356734
0.030297412228196017
0.031322682415026636
0.032138323026965204
0.03291740680430325
0.03369931532575438
0.034480589699757765
0.035257426917256814
0.03602860333232468
0.03677443901819181
0.037456796649995815
0.03811425440679846
0.038765459658170895
0.03940648757849796
0.04003011182338836
0.04052192793007058
0.04124346573750277
0.041782027149871545
0.04237674987560287
0.04290304431781474
0.0434032845600924
0.043875116242840906
0.04431054127980772
0.04467494772580633
0.045135436426947194
0.045431352542567076
0.04576255307541612
0.04597050760028104
0.046080525811368594
0.04606005528822443
0.045861236823475454
0.04540603334152122
0.04445911236279597
0.04330487063888853
0.04112435827587697
0.037533188884320216
0.031490500853765604
0.021976897120918947
0.00887356680148439
0.001191019544120024
0.0007798260241895618
0.00402909077615816
0.017528897879630134
0.03045381668681446
0.03902429871386852
0.04408129956227137
0.048121196466037054
0.05073362752287711
0.05268052346200622
0.054120322849256254
0.05532559816159037
0.056299775220046845
0.05709570864038964
0.05783390325504072
0.05846381134601041
0.05903339918446482
0.05955693155120124
0.060028886246885335
0.06041621079559675
0.06089350213355963
0.06126711043236698
0.06158728428474603
0.06190369242549331
0.06186819353934892
0.062482748506452725
0.06276561219425046
0.06270334163316692
0.0632242348606088
0.06343547213704462
0.06361395453558248
0.06374192918922206
0.06391323266438594
0.06402196935427207
0.06416406305805214
0.06425663737005892
0.06391174428011429
0.06434784371193034
0.06432834567221177
0.06429765017194664
0.06420351220842546
0.06405101825336144
0.0638330874019171
0.06353815289621753
0.06315007299042005
0.06264399575272094
0.061986220851816806
0.06063054712736748
0.059853123410455546
0.05886146274518235
0.05725484857876369
0.0551878740835737
0.05261320575124541
0.049322779039289215
0.04514302143786364
0.03984531386359902
0.03317879595427933
0.0248623615676954
0.014767643780272899
0.0028349352911979783
-0.010549767545824167
-0.024254005668784964
-0.03607715767137454
-0.04278068289559001
-0.04125838055347638
-0.033217016288747576
-0.03665182758374949
-0.042773291941531656
-0.041266806239855645
-0.03331353127016138
-0.02216571203107589
-0.010318936578548484
0.0007927902342884619
0.010525911113990497
0.018713398904544116
0.02542158665755523
0.030900807935026888
0.03534892321913916
0.039035176933564696
0.042089336636092066
0.04446766587968024
0.04635103166461954
0.047803737384638265
0.048753188392202065
0.049582459315895444
0.05008148661752125
0.05092708504698133
0.052008752949105556
0.052812081725133866
0.05350591303814297
0.053955650595135456
0.054264101791825156
0.05462048175701648
0.05477977525638283
0.05503721648891912
0.05515209649430362
0.05520649321281589
0.05425481943531101
0.055218975902581166
0.05521724465012006
0.055149862538323574
0.05506804574727137
0.05494398294078388
0.05479348112488649
0.0545933856313369
0.05432541785346182
0.053956339136571545
0.05345659423610213
0.05258176360521587
0.05309846060411583
0.05318651769166758
0.053126702209108395
0.05294842763600277
0.05250239087888779
0.052388412041814346
0.05198150368552457
0.0508001117106223
0.0514084797012811
0.051002212687237126
0.05026650502145704
0.05069010371889301
0.04895301147942957
0.04969753151441325
0.049264211061207486
0.04866796455008587
0.048642474750548
0.04857751252767147
0.048621687212637134
0.04838536034672987
0.04804318607571532
0.047090696742210905
0.04721254745128371
0.0438654754999613
0.046401791934752405
0.04610900551321006
0.045683587907209375
0.04513806199115262
0.04460117046651939
0.04435683499368352
0.04413632759577488
0.043733083758124604
0.04328295347273323
0.04313942667201599
0.042751903452491434
0.042292744410085154
0.041592630617331816
0.04097334828425955
0.04043187348037226
0.040053742340133626
0.039550057403361635
0.0394502953548879
0.03918150081877152
0.03881888672159936
0.0383732632492366
0.03790136456587214
0.035845191148521034
0.03690880519123956
0.03644624186955216
0.03592485858350128
0.035205837184749116
0.03505296107585034
0.03456451527408392
0.03400152562108164
0.03340953077199093
0.033000273001800286
0.03238500488211502
0.03190568164823647
0.03133046512554998
0.029774948674038088
0.030162479087026208
0.029621788427156976
0.026814889977526887
0.028432808373989416
0.02760302059342192
0.027193505739936005
0.026352681400700177
0.02584083447489698
0.02516693217268517
0.024433008702622935
0.023637898093913534
0.022770511229872923
0.021955716069544374
0.021154066573000337
0.020192517900798717
0.019016377969492366
0.018220766457527505
0.01737318742292147
0.016270909347124458
0.01511162940673994
0.013825901528983562
0.012381994448457287
0.01074649812684658
0.008787333101759458
0.006929207438200697
0.004742368809513338
0.002173910347417519
-0.0007379032546537665
-0.003989186875299751
-0.007813305531588101
-0.012598112526338362
-0.018290453448912728
-0.024949085371548656
-0.030538866453341137
-0.038835640908346715
-0.04365677960361406
-0.04548160093022083
-0.04106775579328343
-0.032214036712174175
-0.03843691137202758
-0.042772379925002255
-0.044148154653061385
-0.0400181299669497
-0.03426868753196899
-0.028648802277995062
-0.023750303750547097
-0.019522690021754902
-0.016846785729459187
-0.014545572327433918
-0.012799237300764151
-0.011430408283050917
-0.010442955781758355
-0.009799218782727919
-0.009437241417880786
-0.00930760984463312
-0.009367478460206248
-0.009564138238844121
-0.009942580050563019
-0.010324527618563954
-0.01100022777906814
-0.011715251592485253
-0.012505652475750181
-0.013386099751804782
-0.014332958491278752
-0.015315013377709014
-0.016211607109467927
-0.01751298170521405
-0.01898312637023561
-0.020000828137086892
-0.02180356395292888
-0.023323230208848796
-0.024687787539669034
-0.025667338527687586
-0.028337189115906016
-0.03029806555920108
-0.03214389380985663
-0.03398293729638973
-0.03545085074124012
-0.037021906757897155
-0.03772733075198092
-0.034917089668911716
-0.020953204082109985
-0.021610437114180373
-0.03826506878607265
-0.04134550096608352
-0.044532360522753445
-0.04354639807986573
-0.0405697822921502
-0.03486462705038506
-0.02792148266964255
-0.018900000500078677
-0.00985475185612708
-0.004067029227137232
-0.0025145051264707312
-0.0031699822456462646
-0.00736421741577677
-0.015578433696537901
-0.02473373163320057
-0.032549916663343156
-0.03839223118263291
-0.041922833895108445
-0.04490394741996883
-0.04625306119934155
-0.046610490415277823
-0.04650947515618052
-0.04606168079627443
-0.04508163170106406
-0.044468868771845346
-0.04323164576206407
-0.04232980620662406
-0.040873129736871606
-0.040399702491590576
-0.039463928355139885
-0.03753798287381776
-0.036842405960416616
-0.035233827000080264
-0.036328954432779864
-0.03616635595699683
-0.036048232460523896
-0.03577127636557334
-0.03551185478414677
-0.034912613399474886
-0.03509376072166842
-0.03509095627633819
-0.03501121477893812
-0.03481165796465694
-0.034040196516559665
-0.03395443572430564
-0.03460088382821568
-0.034573164077715476
-0.034260354250784886
-0.03365975479643015
-0.032557749955531116
-0.03052562961908996
-0.026709540493895928
-0.019705487063002118
-0.008583742990584215
-0.0019016098068539993
-0.001734835822561276
-0.0036615878345297964
-0.014083156335502865
-0.024597074657943113
-0.030824641257969698
-0.03516030441319366
-0.03827401665017418
-0.04056483257784068
-0.04226073324619218
-0.04357828743216154
-0.04446638614351562
-0.04463328477315449
-0.04307098698957821
-0.03953066724408033
-0.03302083324089867
-0.03572032249103961
-0.03691290008577619
-0.03455127154311609
-0.030785533253490576
-0.025377739595989726
-0.017247570511668905
-0.008673656390244418
-0.00350140118503239
-0.002381095916593908
-0.003618796858691786
-0.009184207922886734
-0.01782178603214626
-0.025721541230001997
-0.032589655258068596
-0.0373395330436218
-0.04053241336922868
-0.04266188306630227
-0.04356770350847803
-0.044568453505405024
-0.04528943263728039
-0.04553849180341314
-0.045395034634246545
-0.04528322198086563
-0.044026263113941984
-0.04451497916333043
-0.045354677863023996
-0.04528432491345915
-0.04478237005989978
-0.03781218606498035
-0.0428899248591568
-0.03940428274264582
-0.03366991322488235
-0.03977224496654201
-0.034876659177876086
-0.029055277399032343
-0.025658417643078645
-0.029944389067511654
-0.03915012754006772
-0.0415713194202546
-0.04216161893001228
-0.04079552468816319
-0.03939551360193809
-0.03934914909808376
-0.03818420303648648
-0.03455324289817074
-0.02722415940781106
-0.013291301070273511
-0.0028383982791349055
-0.0056146324887365725
-0.01915742519091338
-0.0290803698569642
-0.03425148681124022
-0.03678213449612894
-0.03855996629712687
-0.03928560600975718
-0.03954570264235287
-0.03872373162932494
-0.038248932854893586
-0.038510880137344376
-0.03849614697488951
-0.038511793522388336
-0.038025052395334366
-0.03714739239527717
-0.03673278525634557
-0.03622933015121412
-0.03563072364972025
-0.034984651990899104
-0.033971373527391234
-0.031545496737038194
-0.03105314004384121
-0.03114628578462556
-0.030889648045461775
-0.030271411305171518
-0.02954728318472293
-0.028671936308161543
-0.02676333874796461
-0.026717021599202397
-0.025468604764433207
-0.024495796262784232
-0.023476083303839275
-0.020997908947437884
-0.021151410526183786
-0.018749445510165684
-0.018439732857745958
-0.017635956697565347
-0.016579046434644452
-0.015392444099835643
-0.014114415353011715
-0.012998978061410933
-0.011912585429293156
-0.010798115591913232
-0.009714291122428251
-0.008724659407913336
-0.007746748541987773
-0.006798385293216798
-0.005989330737751156
-0.005178688397595613
-0.004567873042726094
-0.003991160868733046
-0.0035005602531468804
-0.0031173842809809663
-0.0028237915952178294
-0.0026102853449035688
-0.0024701753720674288
-0.0023918525895892983
-0.0023609872044472713
-0.0023664439052134977
-0.002393142724548845
-0.0024320134566518763
-0.0024774432499009404
-0.0025286969683090644
-0.002584374695250912
-0.0026415552036872865
-0.002696691726247969
-0.00274594080583864
-0.0027853215572397044
-0.0028112787933323407
-0.002821177941906792
-0.002813936845706731
-0.00279061841918007
-0.002753868219617719
-0.002707140999873103
-0.0026542502266789854
-0.0025988649486393166
-0.0025441073568411117
-0.002492452872247099
-0.002445936212086468
-0.0024065158765289836
-0.002377330898189108
-0.002363749386820266
-0.0023706929350816933
-0.0023686801997549675
-0.0024970510271220842
-0.0026238307662156107
-0.0028181729001024204
-0.0030713234990024994
-0.003378969771364028
-0.0037525637141124497
-0.0042036348926450294
-0.004734992145812259
-0.005311548903650145
-0.005933129653266319
-0.00638201492690262
-0.007289637742217988
-0.008082161045734703
-0.008904149654166875
-0.009727631110812235
-0.010567492069730806
-0.011422553407672913
-0.012259834293734725
-0.01310784217809819
-0.013497330655630208
-0.014806904929785085
-0.01560693052004756
-0.016499128460152196
-0.016289717565985823
-0.018055554373574177
-0.018782949062167036
-0.01932743237036523
-0.019607428366486098
-0.019215991700438008
-0.020998343558165117
-0.02202816268052415
-0.022787285777280796
-0.02378610656048342
-0.024527037691756733
-0.02514307082412165
-0.025681388007793206
-0.026048033899307897
-0.02643592880370873
-0.02574916322627772
-0.026220373847073257
-0.02706207718822677
-0.02713254965590732
-0.026759951375980157
-0.025757226023064527
-0.024395346847551326
-0.021812879633339007
-0.01756570820060143
-0.011464250995700243
-0.005622471419535102
-0.004189058971056183
-0.008983047531445049
-0.015785225917799798
-0.02133457504865708
-0.025617209060237074
-0.02841344714820905
-0.030152120257160655
-0.03102099280692245
-0.03282228111711302
-0.033812249295459805
-0.03452373595500866
-0.034307775725779685
-0.03546434091871228
-0.03566204506410245
-0.036160916296710206
-0.03676301407323517
-0.03707425521931003
-0.03722195668159866
-0.03476502825546626
-0.037043441766734825
-0.03787354324886223
-0.037442358639280686
-0.03798777260828844
-0.038245079276938855
-0.03710374149214422
-0.0384090869652637
-0.03863179908091808
-0.036894466445202424
-0.03896004236933177
-0.03896471558703693
-0.038127367826860555
-0.038028485412410565
-0.03785408036172967
-0.036375748991646625
-0.02278398160808923
-0.021617964456889842
-0.03687284946733362
-0.034576773329569474
-0.03867992383183209
-0.03940359964133045
-0.03940924203158185
-0.03960725279194521
-0.03983397993877478
-0.03985436730968394
-0.039580124319022976
-0.038795830833653115
-0.039373930128556035
-0.03972870741751794
-0.0396528225238585
-0.037276520897199954
-0.03932787682196238
-0.038415722252080384
-0.03916904386860693
-0.03846649915715909
-0.03952663054930021
-0.03875641048430271
-0.039082854034834004
-0.038483286626470714
-0.03908325987612104
-0.03916551981599369
-0.039107492795474666
-0.038986473421132456
-0.03879453941822271
-0.03841733172266089
-0.03855666456430038
-0.038421270424441725
-0.03825254503676625
-0.03805412094082383
-0.037817448987476215
-0.037504157285144356
-0.03692992249583013
-0.035782672274802335
-0.0358318724898203
-0.03593516400910794
-0.03560566442316629
-0.03542209463208029
-0.035642095067587774
-0.03534220105966569
-0.03410626143465247
-0.03439586399018972
-0.03198233920051114
-0.03338974602490417
-0.03207912847385326
-0.03259912718082282
-0.032159608724454156
-0.03158514324116497
-0.030928373001344583
-0.030004591193772103
-0.029299518279679554
-0.028238677502867977
-0.026933523093475364
-0.02504497031444162
-0.0218400879012145
-0.015238476459035324
-0.004442664068333447
-0.006284511949152191
-0.015427320624060468
-0.01874907436870435
-0.019965959386078952
-0.019460709602386314
-0.019528784510458464
-0.018769508566319374
-0.017471688742599953
-0.01676709461377598
-0.01583952422370383
-0.014736670250073221
-0.01354060279379156
-0.012253479663460692
-0.011303690699709913
-0.009983778133754007
-0.008814235037320256
-0.008000248937188354
-0.007055138306236065
-0.006092983750322071
-0.005120645793931172
-0.0045288343259564335
-0.003887086135203965
-0.0033610183105743942
-0.0029539201819303107
-0.002656903662448665
-0.0024807274400936224
-0.0023876414515275547
-0.0023599574534533163
-0.0023765217956117153
-0.002418468166317744
-0.0024736873147747146
-0.002536922599497111
-0.0026046775253487546
-0.0026711146793316283
-0.0027287267242364563
-0.0027697003336866546
-0.0027877763976834015
-0.002780055987746377
-0.0027480208892125147
-0.0026969272665682592
-0.002634123328935437
-0.0025671097120687496
-0.002502102650954615
-0.0024438503201045184
-0.002396938812685527
-0.002368519761268898
-0.0023702353665910245
-0.0024169895907387834
-0.0025225272307868645
-0.002691511538211372
-0.002920804171054518
-0.00321797928737712
-0.0035224743934965793
-0.0037658143320562338
-0.003810659429336
-0.0034694176454811852
-0.002740631559912317
-0.0024063798080477135
-0.002422110972117532
-0.002452467760461451
-0.0035141681400296344
-0.005700327161064501
-0.007870738146880302
-0.009791710198549925
-0.011318704684725164
-0.012932387509889454
-0.014025192338361293
-0.0152757868452674
-0.016437932143707045
-0.017193843896913266
-0.018614988936532736
-0.01968393706151143
-0.020606772347088388
-0.021455746706632247
-0.022242978814617398
-0.022770197245873522
-0.023580504384828335
-0.02351870683815134
-0.02505935574406081
-0.02579590367789201
-0.02641186405920337
-0.026987710464628945
-0.027509906035323786
-0.0278652756392491
-0.028571953266576418
-0.029040453213026948
-0.029356701951082666
-0.02958206650227567
-0.0301608026896599
-0.030588134788774195
-0.030845510307614933
-0.03074273007260521
-0.030784898852052038
-0.031910697475079595
-0.03214715727165552
-0.031466855293648156
-0.03257538794165679
-0.031758162953834636
-0.02704593382215044
-0.033448089999263055
-0.03371982838273997
-0.033907290610833876
-0.033988511962464156
-0.03404119305552639
-0.033803677338767026
-0.03430446375224958
-0.03434352223532823
-0.0342984270475847
-0.03410461662553451
-0.03349338209722575
-0.03125930022675739
-0.0322874004801632
-0.03070849672427422
-0.03117965212536705
-0.029219379091606764
-0.020227109654258908
-0.01822324108109921
-0.007267405209859367
-0.002563390027586476
-0.0046246407668409815
-0.01581676234786787
-0.022943689735502554
-0.02707131724107618
-0.030333472755511733
-0.029852596683144602
-0.026451917023953768
-0.02695863642293404
-0.01645825974628394
-0.03383466002367692
-0.035347149088309486
-0.03580582694816002
-0.03600852168621575
-0.035931876779313934
-0.033348377263453535
-0.03597602958634693
-0.03646780852091145
-0.036576889996926716
-0.03636687407933896
-0.036597486856372964
-0.03675189715868298
-0.036756339520376234
-0.03644510741259682
-0.02795699383944032
-0.036410557765315425
-0.03633412912824493
-0.03620473020098044
-0.036309602527280334
-0.03260978980883487
-0.03676158552248336
-0.03685810648981109
-0.036021094712395826
-0.03685760669879932
-0.03686979342772974
-0.0363440406983938
-0.03679135144973494
-0.03678886604512665
-0.03675149324071344
-0.03670108668493308
-0.03659817698239025
-0.036555445618504497
-0.03646718242706223
-0.036365019397968004
-0.03611881778367225
-0.03607758161619649
-0.03608903665887929
-0.03591721188544993
-0.03568808228736895
-0.028768411191766673
-0.03539103297084805
-0.03540387303068193
-0.035013247917278945
-0.034347414330079706
-0.0324216400372188
-0.03447236168881113
-0.03431643605527847
-0.033806984047067605
-0.032912989201181
-0.03139819354687104
-0.03043121872964719
-0.029186447762792157
-0.02776235689134792
-0.032254762050701186
-0.03236005458594925
-0.03210152084302351
-0.03177169539321319
-0.031134850207949892
-0.030702214530547552
-0.029877860484011025
-0.028952455051410284
-0.02767508968070964
-0.02587319496440868
-0.024973150929393565
-0.022596128278468516
-0.02150307785817629
-0.019276157160391955
-0.0160017840099731
-0.01177101681853189
-0.007634182515329417
-0.004130173593821576
-0.0025277468283131876
-0.002292627887352468
-0.0023806259222765237
-0.0033885420222885283
-0.006100288681397753
-0.00997469065527449
-0.013893120985967278
-0.017030251503313765
-0.01976328626302012
-0.021702084936638597
-0.02234331060247323
-0.023893446513735532
-0.024851471485822087
-0.025406238709618303
-0.025935734195314142
-0.026285890811587016
-0.026440269084216365
-0.02636319721030896
-0.023312453597414462
-0.02620662080729578
-0.026357098843591706
-0.026171426361319687
-0.025973867200374492
-0.025865531200573787
-0.025623504764744943
-0.025322669173248435
-0.025028483635924064
-0.024679813096066268
-0.024268392286675947
-0.02385211738010358
-0.023143834692857426
-0.0229900192277459
-0.02251612556160374
-0.021899711838556244
-0.020031983660190874
-0.02073154641870313
-0.01976220446465668
-0.019614716970115624
-0.01893220593563018
-0.018138578383292598
-0.017373476072590214
-0.016280820072388184
-0.01586025931072996
-0.014754056773530918
-0.013876003260163831
-0.013152270427516486
-0.012153240899457978
-0.011034627987834528
-0.009845959290006796
-0.008562279597800404
-0.0071774056264436005
-0.005716120958467285
-0.004256178916106894
-0.003028531983068443
-0.0023814951683738513
-0.002304984728899806
-0.002312960081024699
-0.002463952353176994
-0.002663484836899949
-0.002923108361990939
-0.0028879619138476114
-0.0027432060649254185
-0.002579679478017285
-0.002452136861427268
-0.0023796566936720863
-0.0023609561905213058
-0.0023847904994695663
-0.0024336656372159005
-0.002498064937402872
-0.002570944710447231
-0.0026446913352371603
-0.00270924271757046
-0.002753111171180205
-0.0027672324405090963
-0.0027486269981983683
-0.002701631196716428
-0.0026360530271898643
-0.002563354799401961
-0.002493274045265485
-0.0024325996010161575
-0.002385555159679682
-0.00236055986070244
-0.002375210655164794
-0.002447107472732275
-0.0025839192631161513
-0.0028073560991599762
-0.003100451156341458
-0.0034415167201274953
-0.0037716115521347618
-0.00431452170655356
-0.00482571392569361
-0.005331483844180883
-0.005844845453368595
-0.00628715634897718
-0.006563828917121944
-0.007161045531239302
-0.007715383062885214
-0.008174247645995582
-0.008552027098177357
-0.007816768882905315
-0.009229242466482001
-0.009616159465529274
-0.009861447538937203
-0.009690318989968747
-0.010025074794529264
-0.009768190835398975
-0.010443374298732155
-0.010500096298588479
-0.010503057377651188
-0.0096433385488844
-0.010419061746497432
-0.00995573063509449
-0.009065367876798234
-0.00799896802240603
-0.004889246066870164
-0.010064999936910807
-0.010326264691138589
-0.008233814137570515
-0.01018976984196337
-0.010132620437628671
-0.009976201316979733
-0.009617034693092885
-0.009444061377764029
-0.009406057316207493
-0.00922572834319339
-0.009005020124587471
-0.008772955510220474
-0.008513931904950466
-0.006960992119103498
-0.007905474353841216
-0.007432847221881866
-0.007429547839174691
-0.0072221108252096345
-0.006987670433650806
-0.006717197231691175
-0.006327878319612773
-0.006176645756848723
-0.005899474978678063
-0.005619637900090997
-0.005345122148532755
-0.005070273452828794
-0.004776168820927692
-0.004435537758423489
-0.004055770472404529
-0.003350074493070747
-0.0028934207390874326
-0.002377780769714265
-0.002623076871103269
-0.0030418700469230227
-0.0031276584798933613
-0.0030767778042565933
-0.002983503245781409
-0.0028801736435565797
-0.0027793238761124697
-0.0026764218109461466
-0.0025672342015714746
-0.0025356979608001534
-0.0024842675729916833
-0.0024401603890899246
-0.0024070604179036535
-0.0023850137055355645
-0.00237222565014704
-0.0023678997002089634
-0.002370853553405897
-0.002380257572675474
-0.0023945707948012816
-0.0024134551979797195
-0.0024357621741311415
-0.0024610980918743806
-0.002489072128561629
-0.002519354331348673
-0.0025516294018366626
-0.00258555712263674
-0.0026206811384557873
-0.0026564301730967795
-0.0026921478554126953
-0.0027269990862401118
-0.0027600206087641933
-0.002790174262464523
-0.0028164014176739606
-0.0028376499679946465
-0.0028528364404648418
-0.002860779560176749
-0.0028605256555532628
-0.002852201262768816
-0.0028370536392715974
-0.002816734427886048
-0.002792995868175319
-0.002767736727222206
-0.002743307326464662
-0.0027224277675486595
-0.0027079355946220338
-0.002702512040843954
-0.0027082268139551713
-0.002725891954766792
-0.002753754584208471
-0.002786455395535582
-0.0028156207270537007
-0.0028323818014540413
-0.0028307997506504573
-0.002810771998010377
-0.002777117081846906
-0.0027365713870576283
-0.0026969468740833196
-0.0026697837305906568
-0.0026743758681508274
-0.002670744824730194
-0.0025956087774728484
-0.002532587449516014
-0.0024906757212030863
-0.0024606724052752137
-0.0024381061175619764
-0.0024207538350069307
-0.002407852048051972
-0.0023982356157960225
-0.0023914007458568985
-0.0023868544453643703
-0.002384225232888695
-0.0023833195429267457
-0.00238419344269417
-0.00238723289667038
-0.002392251656719204
-0.0023969609783462353
-0.0023995179781971074
-0.002402442885535481
-0.002408352049647291
-0.0024177927248197747
-0.002430870698053477
-0.0024477382139349245
-0.0024686434233231872
-0.0024938895567017815
-0.002523610653508508
-0.0025573668783022132
-0.002595399018256541
-0.002637969825887398
-0.0026836451198114703
-0.0027289196423848504
-0.002766234786568132
-0.002785569860421745
-0.002783231963974955
-0.002770449317094925
-0.002764313575421468
-0.0027718643423158404
-0.0027890795376286338
-0.002809235814378699
-0.0028297589591810097
-0.0028476277892647553
-0.0028597853200992493
-0.0028640779649144635
-0.0028595719279423514
-0.002846992357233464
-0.0028277920887951904
-0.002803332474715264
-0.0027748720601905906
-0.0027434632502467333
-0.002710196951104619
-0.0026764067949139013
-0.00264324740488239
-0.0026106148247392862
-0.002578597081314901
-0.002548942459027547
-0.002522569797630015
-0.002500910605079542
-0.0024879491663723587
-0.002494533331483792
-0.0025042965297709273
-0.002456172712317481
-0.0024203111091838274
-0.0024001820809895157
-0.0023877649479891946
-0.0023799890272435654
-0.002375304203763387
-0.0023723825164940152
-0.0023693419549018317
-0.0023652122776880325
-0.0023681467489501955
-0.0023693360090391454
-0.0023703824702982273
-0.002370535495823812
-0.002371320481174941
-0.0023732868181337847
-0.002379376892242572
-0.0023903732831263218
-0.002407522936256297
-0.0024310225485634617
-0.0024610456884832633
-0.0024990041859834443
-0.002546187260488153
-0.0026016181585966592
-0.002662274042407205
-0.0027225406606655486
-0.00277409484687808
-0.0028073591757754495
-0.002814494118722003
-0.002793704178553549
-0.0027508966168353238
-0.0026958827615619833
-0.002638448409383031
-0.0025858148033663293
-0.0025418929559390905
-0.002508184898036544
-0.0024850279980028625
-0.0024718971665482615
-0.0024679228866639237
-0.0024729745678538635
-0.0024873409316331064
-0.0025111283847583194
-0.0025444274052903765
-0.002586122725085031
-0.0026346235077416257
-0.0026864876281769527
-0.002736421384872876
-0.0027780107364900174
-0.0028049516942894584
-0.0028125477246952585
-0.002799299705422115
-0.0027675301604018526
-0.002722000830054587
-0.0026683543116648853
-0.002611879888462186
-0.002556696508120023
-0.0025055879193750224
-0.0024603115340898684
-0.0024221600029419033
-0.0023925855074666195
-0.00237365972516212
-0.002367882162509434
-0.0023778902057812637
-0.002405959410768396
-0.0024532685403595962
-0.002515530874322312
-0.0026000468680779055
-0.0027182096062055776
-0.002846992936387565
-0.002986010226279917
-0.0031512888448439256
-0.0033300800106679245
-0.0035095667806256075
-0.0036535316404674697
-0.00390949095667369
-0.004099668405930298
-0.003932993947835229
-0.004556221934335659
-0.004800573496999277
-0.005035053151122063
-0.005225103531494994
-0.005491664350294037
-0.00571593418470845
-0.005926909920499441
-0.006099114394143473
-0.0060271383330266805
-0.006413329108323681
-0.0063366386682889835
-0.006767571743470897
-0.00698964429019223
-0.006947374047073954
-0.007189773270332648
-0.007352828908596072
-0.007333337824307922
-0.007153858281589471
-0.006716813086733929
-0.005849704914311744
-0.004491298400553081
-0.0032978550813963334
-0.003875328762317124
-0.005452441373812895
-0.005179936316055906
-0.007184226288653497
-0.008412989437182833
-0.008819071676730865
-0.009098707236344095
-0.00934668513616081
-0.009329191780930718
-0.009430218880948173
-0.00941740584211863
-0.009175802263661244
-0.00865159801444064
-0.008220804915949342
-0.00797391759154792
-0.007092970816840849
-0.005466901359998962
-0.0039808406133097374
-0.004227493671595523
-0.005688893684523903
-0.007373495056986077
-0.008591114907936691
-0.009312801074494713
-0.009783052719339975
-0.0100248958820761
-0.01011789193173332
-0.010013557750417776
-0.0090225409784007
-0.00941892682430427
-0.008853422189338581
-0.009150289651786759
-0.009136065446890586
-0.008862125240370161
-0.008406981610293055
-0.00779804170374297
-0.0070351769143177974
-0.00613903363180186
-0.005139274575396382
-0.004066308838971843
-0.0031504060122303787
-0.002536302734183218
-0.002337234226694228
-0.0023880003352888665
-0.0024385279519740168
-0.0024073854624698473
-0.0023473048428600497
-0.002454274820010322
-0.0029615762768361287
-0.0038267548040924674
-0.004850249802038894
-0.005866465856485288
-0.006732975668046183
-0.007255711866170329
-0.008053157354005516
-0.008791606118836252
-0.009301814306656438
-0.00967886047100824
-0.009987955349859998
-0.010237277111438417
-0.010406862622546583
-0.010474470697606668
-0.01037234137306906
-0.010335352046704913
-0.010494807502012864
-0.010431412347461989
-0.01015034740405128
-0.008869918400947401
-0.010313063725828487
-0.010672102916252665
-0.010734203974010313
-0.010738850308578931
-0.010675734004600918
-0.010560505360722967
-0.010372351454452084
-0.010076200324109197
-0.00979717295608759
-0.009913762471729372
-0.00967524356436219
-0.009540582273994262
-0.009746902039689741
-0.009648535332177324
-0.009498194798166569
-0.009278147584862981
-0.009145494637656485
-0.008794798733461347
-0.008743719008482101
-0.0085148607067151
-0.008330953856912324
-0.008088447333227623
-0.007823412996746023
-0.007312814497381945
-0.007312853784770447
-0.007134806263794314
-0.006890962713227852
-0.006622778578591339
-0.006368408239200955
-0.0060997478365158505
-0.005828414513179542
-0.0055137781819688345
-0.005256709532951114
-0.004997538807639803
-0.004726563414226982
-0.00442242241695966
-0.003999857038789409
-0.003965336836719243
-0.0037232869585178798
-0.0034437552695234562
-0.0032770005420440502
-0.0031449879223945246
-0.0029870711042232806
-0.00283788883267783
-0.0026984376782929497
-0.0025746700669656247
-0.0025075172504096296
-0.00244661790824327
-0.002401579463382096
-0.002377088659716406
-0.0023701900252644215
-0.002376162155063256
-0.002392962083268988
-0.0024200386244565956
-0.0024526085462972997
-0.0024907652105720366
-0.0025334309589025374
-0.0025787689113292394
-0.0026256969285537207
-0.002675052165151373
-0.0027251301910150906
-0.0027630808194058012
-0.002795814257245312
-0.0028232648462537912
-0.002840200383237519
-0.0028437556648475536
-0.002833229179074353
-0.0028102205660182327
-0.002777266518542112
-0.002737034738380005
-0.0026921978519208177
-0.002645248679279495
-0.0025983118493806082
-0.0025530427197317527
-0.0025106895573033527
-0.0024722009296785806
-0.0024383919561256394
-0.0024102286952144406
-0.002389066892437424
-0.002376748400959872
-0.002375273117631217
-0.002386605866828067
-0.0024122819476739966
-0.0024532172870015815
-0.0025070267450619265
-0.0025761297758486517
-0.002586351776406132
-0.0027467842430599263
-0.0028543746390196456
-0.0029494449229486145
-0.003033066690077838
-0.00307272795176966
-0.003011963926042276
-0.002777296229207423
-0.0025064224181718577
-0.0023757379804247554
-0.0027329521203561425
-0.003261242733163312
-0.003340986606836692
-0.004093615184896115
-0.004503358838050268
-0.004838161033321455
-0.0051124885251953404
-0.00536069489912509
-0.005581473215978931
-0.005790968624269038
-0.005987733463128247
-0.006153746657845342
-0.006298382259004006
-0.006413504754752732
-0.006458451079713133
-0.005082631367908124
-0.006569778031446208
-0.0065746406142571275
-0.006452978359785024
-0.006207712736920529
-0.005779573649210814
-0.005036505462519456
-0.003913688919996416
-0.002743083309559124
-0.0024262528827518723
-0.002464469082220394
-0.002445846244612507
-0.0031957775501130236
-0.004607097985043991
-0.005805023060963773
-0.006657554465730828
-0.007240923885590419
-0.007678934876100663
-0.008001896440868194
-0.008247808261521312
-0.008437066546222775
-0.00858117320796231
-0.008696732517162322
-0.008784497989756921
-0.008802077751213097
-0.004210487535777105
-0.008911129853656323
-0.009005210797825748
-0.009042783559303939
-0.008993760837431823
-0.008994013642683731
-0.008754844547665497
-0.008743727003551962
-0.00838379767374885
-0.007415257878833967
-0.006819490510689814
-0.007579336308321522
-0.008276858412869573
-0.008696691696557075
-0.008869377334103156
-0.008830086867460576
-0.009011232627382827
-0.009050856223866241
-0.0090521464177129
-0.00903616560592881
-0.009004393423987738
-0.008956029869893517
-0.008880624742319269
-0.008649069552924642
-0.008547525715687189
-0.005088023757304137
-0.008376247063213325
-0.008525837219986152
-0.00855105327671118
-0.008503189952039759
-0.008434062114220795
-0.007837969213689339
-0.008286957001292556
-0.008182625530261119
-0.007883475606247406
-0.007562394714493893
-0.007753984770561732
-0.007559367336692019
-0.007258103702530321
-0.0067687216804720824
-0.005982050944495924
-0.0047695651529632566
-0.0032110245426217824
-0.0024248089689860495
-0.0028135023888550023
-0.004573986246612752
-0.0057150202128493244
-0.006223147616139311
-0.006416486990980146
-0.006422715208956384
-0.004408700530594346
-0.006274404775403588
-0.006136432149303027
-0.005905805559456253
-0.0055877260995497325
-0.005168763082527677
-0.004597722690995247
-0.0038613148934856967
-0.0030398746163585633
-0.0024575209488104975
-0.0023135569917250545
-0.002469897253211786
-0.0030204381205297735
-0.0037136270789014515
-0.004260826723254474
-0.004622676241383759
-0.0048120819266711185
-0.004822072605207875
-0.005008216003133036
-0.005037955058843926
-0.005023662948548211
-0.004984324362813332
-0.004925056735004347
-0.004853331178973594
-0.004755674930319933
-0.004197885603081142
-0.004541393635234045
-0.00449995959664116
-0.004426723577205435
-0.004334222713802823
-0.004241436351898419
-0.004140622533730679
-0.00399176311778195
-0.0039335273730128455
-0.003812311619681002
-0.003183211535347492
-0.0036101655569780746
-0.0035164608797262293
-0.003405303274088104
-0.003283146183559898
-0.0031385410974591496
-0.0029510727586835326
-0.002713701843459964
-0.0027377150379204935
-0.0027928567528028012
-0.0027813726172546682
-0.002732678276776558
-0.0026581298134756176
-0.0025967571161542163
-0.0024853800489154686
-0.002446410728544893
-0.002479745334361374
-0.0024475453018211863
-0.002417320377761687
-0.002393932055273873
-0.0023784313624055516
-0.0023710945449247184
-0.002372073722533712
-0.0023811487328860687
-0.0023978759384410755
-0.0024212647555866785
-0.0024517720937841177
-0.002488006547028805
-0.002530093483612377
-0.0025773661672282584
-0.0026284898887135215
-0.0026812893223708448
-0.0027322833127163934
-0.0027767136698632648
-0.002809255261847738
-0.0028250114021804752
-0.0028210622710080407
-0.002798422492541878
-0.0027614823741014933
-0.0027158509970548364
-0.002666594891640053
-0.002617802962842862
-0.0025726850558335443
-0.0025329689508715113
-0.002499263785021356
-0.002471450635141743
-0.002449002896738692
-0.0024314080166078296
-0.002417972435500369
-0.0024079672850951927
-0.0024004575170703943
-0.0023956105120790995
-0.002392359808512748
-0.002390433600592619
-0.0023896689009217944
-0.0023899422637375617
-0.002391209025384229
-0.0023934863032045455
-0.0023962068556828333
-0.0023998616085543923
-0.0024037248596085426
-0.0024083903420872212
-0.0024144176814980163
-0.0024220799740733235
-0.002431755024359598
-0.0024438393770566274
-0.002457134746855179
-0.002466963808889282
-0.002472578175721621
-0.002478929115195914
-0.002487777484164727
-0.00249867941449715
-0.00251108442192724
-0.002524664565256868
-0.0025392478837519333
-0.002554731448065487
-0.0025710076939726946
-0.002587953342312445
-0.002605494661388641
-0.00262358240653707
-0.002641879669251269
-0.002660407915390455
-0.0026793513623224715
-0.002698642184823822
-0.0027182240461002647
-0.0027379581001033275
-0.002757693083579986
-0.0027771866626041418
-0.00279604849566205
-0.0028137454473760566
-0.0028300857626382754
-0.002844974747949563
-0.002857582214441846
-0.00286655201461656
-0.0028704423072276205
-0.0028689509521101406
-0.002864342353457722
-0.0028605826119612763
-0.0028605425161644434
-0.002864329870520561
-0.0028701632810842603
-0.002875972227205212
-0.002880167425086606
-0.0028816924728519316
-0.0028800867098048785
-0.0028755429031156205
-0.002868552817024368
-0.002859603482960336
-0.002849054633801993
-0.0028371891923661702
-0.002824241331536944
-0.002810430996336593
-0.0027959693134046366
-0.002781065935846468
-0.00276593988952436
-0.002750811749274385
-0.00273589998235217
-0.0027214083116372636
-0.0027074774024341483
-0.002694250852044929
-0.0026819394233686387
-0.002670714020978708
-0.0026607085028273482
-0.0026520428378409076
-0.0026448285648987676
-0.002639167135858079
-0.0026351381030505746
-0.002632779344080307
-0.0026321586480733466
-0.002633377466721462
-0.0026364632035777227
-0.0026414293182456883
-0.0026482664780801903
-0.0026569546830208656
-0.002667427850773424
-0.002679582566500946
-0.00269329881954894
-0.002708400517300462
-0.0027246553484880738
-0.0027417784879768775
-0.0027594486192722063
-0.0027773050045771775
-0.0027949580114099916
-0.0028120051551093145
-0.002828049822150054
-0.0028426981915440574
-0.0028555563404693454
-0.0028662311820544543
-0.0028742839708760562
-0.0028791155371529734
-0.0028801329175799023
-0.0028771733431037236
-0.002870699710509384
-0.0028613227910702452
-0.002849531080978166
-0.002835684074080643
-0.002820092568428014
-0.0028030340250948986
-0.0027847806518970057
-0.0027655990731071983
-0.0027457337772627505
-0.0027254214736416632
-0.002704911587636317
-0.0026844095766431113
-0.0026640845799492615
-0.0026440748605196817
-0.002624514864198653
-0.00260552604371845
-0.0025871988846380626
-0.0025696083996317584
-0.0025528210894588603
-0.002536900449774948
-0.002521873774040346
-0.0025076678892166906
-0.0024942853177882785
-0.002481872621506672
-0.0024704779843953187
-0.0024601566530778516
-0.002450986454897913
-0.002443104126066526
-0.002436787481404121
-0.002432583856984035
-0.002432100990185679
-0.0024405662679733518
-0.0024646558564959072
-0.00245134509097246
-0.0024338862378294477
-0.0024320759142217587
-0.0024388715942801715
-0.002453324073974646
-0.002477688436092672
-0.002514900656521057
-0.0025668541079252516
-0.0026301026007006195
-0.0026892922336324804
-0.002717485156483897
-0.002697547537797375
-0.0026426462698582362
-0.002582943899065545
-0.002536192131817549
-0.0024873335859134584
-0.0024426997773257923
-0.0024125512008770058
-0.002393989788576103
-0.0023829164480106703
-0.0023764985941325976
-0.0023748392384361017
-0.0023751666242761097
-0.002376210036081699
-0.002375874509666672
-0.0023777623495105163
-0.0023791868800921577
-0.0023756366666949002
-0.0023781867457998485
-0.0023770478340240154
-0.002376116919929872
-0.0023763775387573376
-0.0023794688809714993
-0.002386456092827712
-0.0023988262287307164
-0.0024182108609642813
-0.0024459421617310517
-0.0024829726923469467
-0.00252976099236743
-0.0025857646005536666
-0.002648110307112069
-0.0027094052777977937
-0.0027565626217022575
-0.0027768754648488715
-0.002775447486455901
-0.0027680036606258867
-0.0027465808540380826
-0.002703042609674517
-0.00264564582886457
-0.002585562421630564
-0.002529725422631895
-0.002481715833064063
-0.002443078070753148
-0.0024143270686789475
-0.0023954666164530316
-0.0023857178955419616
-0.00238306139925604
-0.0023863446941858302
-0.002394478097037144
-0.002424732660035026
-0.0025227256483432918
-0.002499222126954785
-0.0024073760540269397
-0.002388062244073568
-0.002377271548299365
-0.002419322754870245
-0.0024636439960923832
-0.0025159548580210114
-0.0025806063867582756
-0.0026292714245134564
-0.0026712232795770155
-0.002702469228654041
-0.0027275790735727342
-0.0027465459299141587
-0.002753256198902518
-0.002729488354730895
-0.0027747371908528216
-0.0027855973141425122
-0.002786546858883958
-0.002782312177244331
-0.0027723204571699126
-0.002748890992015515
-0.002708597879896404
-0.0027266371595542106
-0.0027071975595527463
-0.0026810010118132957
-0.002648952267999858
-0.002605761103977693
-0.0025527152998834186
-0.0025455584381422636
-0.0025335347229679594
-0.0025138263821318733
-0.002491573708804762
-0.0024684532102752154
-0.0024436453312496383
-0.0024207512329272323
-0.00240096634007007
-0.0023880482003577987
-0.0023761893326261284
-0.002375772401983597
-0.0023750099977934208
-0.0023847419558801187
-0.0023976010066422485
-0.0024158001203252568
-0.002439003180183399
-0.002467138795223168
-0.0024999237716394162
-0.0025369926811455636
-0.0025778685492244143
-0.0026218153495558153
-0.0026676143309839894
-0.0027134572616676097
-0.002756930963972197
-0.002795146681233698
-0.0028250012846908635
-0.0028433602205353257
-0.00284751870903373
-0.00283727031983701
-0.0028160525083956705
-0.0027821449166465025
-0.002740334140683942
-0.002695537940805962
-0.0026502232340115525
-0.0026064494391197165
-0.002565406382876678
-0.002528446740717056
-0.002496513006341765
-0.0024707476970380142
-0.0024519479069894435
-0.0024350857758681644
-0.002415654929481077
-0.0024021998165848117
-0.002396500744154801
-0.002393095941012598
-0.0023807681621606357
-0.002376202408641043
-0.0023762318380162427
-0.0023774510207941594
-0.0023780385149257204
-0.00237648998570189
-0.002369861930838865
-0.0023624700825232415
-0.0023573999801099273
-0.002362117032420537
-0.0023695486554344836
-0.0023720900410820825
-0.0023738859590059975
-0.002372640028874737
-0.0023740293548103505
-0.002375553330997349
-0.0023774478861198086
-0.0023867924391747074
-0.002397784576972024
-0.002412788168766395
-0.0024318186372549577
-0.0024546193211856713
-0.002481301361948611
-0.002512186254935202
-0.0025470810859466383
-0.002585547787227911
-0.002626869398278377
-0.002669925709494649
-0.002713137368037974
-0.0027544507920082596
-0.002791413487140387
-0.0028213278580589236
-0.002841557883786159
-0.0028505960017936546
-0.0028479374683883746
-0.0028332778680129765
-0.002808083971485089
-0.002774738781150262
-0.002735723900549192
-0.0026934449094058624
-0.0026500591326063853
-0.002607289858854683
-0.0025663832138295107
-0.0025282956716263924
-0.00249369557575524
-0.002462647221514797
-0.0024356384266739093
-0.0024129606453404456
-0.0023947858457224287
-0.002381893357622695
-0.002374839218368864
-0.0023734993173494647
-0.0023781760581982323
-0.002388799655126995
-0.0024046652053260286
-0.0024233486065201783
-0.0024415002007702677
-0.002467720900954681
-0.0024523287809211933
-0.002539125022638936
-0.002594212516403635
-0.0026291420482313873
-0.002645027142877841
-0.002639013396313836
-0.0025933549612486223
-0.0026835661336567745
-0.0027799524566140942
-0.0029133271760159994
-0.0029999710460687007
-0.0030597577555482865
-0.0030906970312756248
-0.0031807666515953413
-0.0032493931550297527
-0.0032814674608677096
-0.0032991018185964116
-0.0033929360010467235
-0.0034171363356707706
-0.0034154217161996457
-0.0033430561267103038
-0.0031638489344815654
-0.0031437315424871063
-0.003376819009516664
-0.0034750391998400187
-0.0033272484131022747
-0.00346809449469878
-0.003685842573057414
-0.0037003959656673295
-0.003704548373971476
-0.0035894375390534846
-0.0035491841759902887
-0.003691219648387696
-0.0037557730381372937
-0.0038803217360063617
-0.003927820444135228
-0.003918631515633007
-0.0038545895796628952
-0.0037253715167289356
-0.0037348986420341324
-0.003615845758863234
-0.003263135644911011
-0.003112859033405176
-0.0034262539467186997
-0.0037010604966787653
-0.00384128691616287
-0.003901522947356392
-0.0035345815631938607
-0.0039103809656532455
-0.0038685226818217324
-0.003781563867034926
-0.0037966058889930244
-0.003829523921460196
-0.0038250121996212098
-0.0037959755590182692
-0.0037615832765363747
-0.0037141956956331045
