3.899099572866236e-09
-0.004013234866320502
-0.00045330741789536926
0.002360921149759966
0.005215176007204941
0.008040424046580204
0.010360232721146268
0.011500451075056513
0.011715612482592992
0.010752813634209468
0.008977800969562074
0.007903743902130415
0.0057777501977316235
0.001217101172891695
-0.0038053196458264745
-0.007601327257571355
-0.009085680635078449
-0.0077394467625161835
-0.0031298341221550046
0.005087819269680909
0.021457158272753254
0.059225368536295106
0.013035186241461322
-0.0338972563441594
-0.02847495068415706
-0.01123138161952067
0.00282147916550952
0.005831573829349455
-0.001519099611653854
-0.004922937582144597
-0.010161917716643713
-0.019950698310836377
-0.022685685586681225
-0.0234463614993396
-0.022547271986359453
-0.02014191710436717
0.0007235720552257954
-0.012333980629702403
-0.00926583469066279
-0.002566025560558708
0.0029307759890882666
0.009005928566911058
0.015592340390091152
0.02138600150098404
0.028060408277612765
0.03293928614100788
0.037195620535869924
0.03866120038937442
0.03618635223061359
0.027058172289879844
0.010372390293537764
-0.05169504823837518
-0.07890131554882611
0.07539489742769188
-0.05800915561999353
-0.05529071939779503
0.04067089383797661
0.0007790422132714278
0.02270109853412451
0.03863979723114243
0.03162053110912321
0.014806787044968392
-0.045206422393296
-0.10177669042304177
0.006301519286829834
0.07433486384462747
-0.008763310423462138
-0.006026624443086132
0.025928398056206406
0.016915230833878473
0.004467965070300312
-0.0015017488094044426
-0.004084332970315424
-0.004880497722791792
-0.004911780127189256
-0.004348684123962388
-0.004110304838180459
-0.007755857786325993
-0.01932298335215308
-0.02682758609533642
-0.06639681229634121
-0.07179203615571997
-0.04901831364729496
-0.027305623344800505
-0.013653241894470045
-0.0051501736283190705
0.0018371528879247883
0.010097130130922356
0.01720950731717056
0.01327894089760491
0.009338052349769423
0.00892363800801321
0.010038612598282861
0.015210759955262755
0.06904529457740538
0.0328144584298971
0.02666315453959259
0.038504541717628266
0.023321064819037986
0.014953591283927536
0.013396957323391563
0.016107424097768438
-0.012092519387460362
0.012068695270461258
-0.006857590910327154
0.0009381918235468694
-0.0030808951240015813
-0.005105681615895967
-0.0031993722198119935
-0.001780789149659696
0.0005833520893072215
-0.06890375442509551
-0.016741868720043487
-0.031506508472475235
-0.04001086596231544
0.06550323609861088
-0.04740232457869185
-0.03955776856633368
0.0008108510632539394
6.031465882755266e-05
0.02545163043621525
0.053456992423394654
0.020130591671425755
0.010602039494688582
-0.019965878525883916
0.009498880186828429
0.011612398939950702
0.004574471203695261
-0.004986713395199954
-0.001611675886648126
-0.003397399078444499
0.0025907328501512507
-0.002346360616980976
-0.0009792050397634975
0.0018115918249832826
0.002657811423047619
0.004213372629777727
-0.008614846353227476
0.002318790415158043
0.0046494010621190955
0.016405909585604637
0.01694712764610879
-0.07729144454456344
0.006285968684140975
-0.0027931045767125755
-0.015264901100723049
0.0011180326342352229
-8.135030511912044e-05
0.0013431965559720263
-0.006746310809130403
0.002610390776894086
0.0092877365623132
0.009820578975810675
0.006550672230844567
0.08677541355571428
-0.0017663901143854827
-0.007595765632279583
-0.010100914694546517
-0.012062903748815659
-0.01214496824775482
-0.01042185671193035
-0.010822123197229288
-0.01061102902248263
-0.006840366848848817
0.000993906341591083
0.09832008066667901
-0.026016189025953027
0.00030283704631698315
-0.010282218140617708
-0.009012136202200271
-0.014501765233274367
-0.015079224384405418
-0.01136313629438194
-0.004849061954004065
0.004080975361841917
0.019353836183837517
0.02226352734735884
0.039544116876483945
0.037628873170276515
0.01569129179020891
0.024471531880713483
0.0059955876475582875
-0.006875762682372555
0.04084071076690752
0.007765782224907536
-0.05721402121102501
0.002753169673378731
-0.01241765369028806
-0.028333326757884983
-0.022576770480957183
-0.023205489660667693
-0.02687222282450327
-0.02669057211933257
-0.018968242421124635
-0.012790880829072402
-0.0009620447807628727
0.0075597156572903505
0.014005601184883268
0.014818945711436009
0.015326431937630045
0.00740389846380177
0.007163026662722618
-0.004340031688574361
0.014371579400080714
0.00587615114105961
-0.008567961429787021
0.0003685588799240386
0.014805895321033994
0.018434592233292538
0.015225120630116544
0.02889814897144317
0.005679185205533112
0.003952167734615531
-0.0019608147661435084
-0.004205756804012533
0.060761220760331
-0.009622413792802573
-0.018339458449303014
-0.02231604296299529
-0.026703057938660894
-0.029536377613776123
-0.032942123473914287
-0.03656514562057022
-0.04130161349114925
-0.046583260553459765
-0.041071753453884134
-0.013181352048619392
-0.04145301785874924
-0.03736253612993427
-0.023746882529016328
-0.008699266623869476
-0.013614064506540437
0.021088960726453807
0.014131462698722291
0.0388735106438437
0.006676964301335029
0.012574238612408235
-0.05682364069711716
0.03686225861443073
-0.09479129345260474
0.025754329766344664
0.044146692858412
0.04070951776348539
0.015445742636393358
-0.0018106500062983336
0.014971697491829366
0.015981305348067115
0.023931403253242785
0.011162807092929857
0.019234326853413076
0.12137948244775776
0.0031802183754125438
-0.0008488547322133107
0.0035678437600104645
0.018234468574278656
0.041870193481933014
0.016033154137861185
0.004830234672872741
0.005433245365551244
-0.018053157156286796
0.0021698098827669095
0.0020748566321160743
0.005545042502256291
0.01108351643659296
0.016408296735492288
-0.017356807756764504
0.007214983559076487
-0.020358708949370797
-0.0191281872630103
-0.008744069664533212
-0.006506010900385303
0.0015786981443892169
0.005058378801619994
-0.055350917807205156
-0.010774385312138224
-0.014630975555675328
-0.0160932362428589
-0.032695212337150344
-0.006549241138079724
-0.005734800122647124
0.004575859329323928
0.0013297660070444772
0.011620457844618477
0.028267368590317594
0.024186794998993847
0.019442929146618916
0.033186344692463995
0.008016683478060723
0.009351361089736063
-0.1437776551997263
0.007183197579649127
0.033110437699001044
0.011117676889064537
0.0012516365538695873
-0.00040566014205620893
0.009137801714965957
0.008036100289640698
0.007831103417356114
-0.018131740987478502
-0.016972057141638446
-0.0071268253559193615
-0.0379949580673728
0.020416014744508264
-0.001469662108175824
-0.011549353710366476
0.00386954124302712
0.007444526495493005
0.0054568573202041165
0.002506126627044057
-0.0011864198425949372
0.004769611343142448
-0.013038391206037898
-0.008347135064127507
-0.014118776167677056
-0.03206739798577106
-0.046026040628868906
0.10175966612052623
-0.055582419301628036
0.004525298862146404
0.03048196261982672
0.013044749020545547
0.02649752307597899
0.012647762465814331
0.0493973452089819
0.04715927421619077
-0.08334160580585663
-0.0034741825236303545
0.0065001533855993925
-0.025317032757682004
-0.03335326822172477
-0.017921611136317663
-0.021050573079239784
-0.07476882326611874
0.013374724813381988
-0.028812429534049236
0.00010443556209881888
0.014468199223888343
0.03269386213883223
0.0281679882796329
0.02575057612989022
0.0229437118766776
0.021654166146354254
0.015632032345072096
0.03780161248452009
-0.00019591368568880603
5.3475534476320724e-05
0.012108857979240899
0.017903635141403636
0.019002132834940295
0.015420771052676325
0.009626595583720893
-0.024135343925210696
-0.08044103798543806
-0.0038224629375363636
-0.028570167871161962
-0.03217992794591528
-0.004871069498283231
-0.04723989071020349
-0.05416918325930637
0.16452346647623484
-0.04117798817693945
0.02646301740908705
0.04523635809825029
0.013795115925628492
-0.07502850378039534
-0.04519555900045753
0.014445558695468028
0.020636047370927016
5.822454002495885e-05
0.023046428226118038
-0.005059310183040775
0.008081500215331544
0.006527220046602665
-0.004645815769096214
-0.049665227647615655
-0.03138860550350591
0.02601477774331956
0.01036470401379499
-0.014800079953710068
0.02199574686578424
0.018607987989903152
0.036386166610218006
-0.005746438568094018
-0.008353673985984826
0.0289186113234159
-0.0052787310765874795
-0.059940321053930566
-0.03499236276177606
0.00343779926984081
0.03042351110843648
0.00832709861964472
-0.010680131168354843
-0.026607010036717393
-0.05010955196616056
0.008289632120178471
0.047773311679082185
0.0043092517314138115
0.11496448824433454
0.040050546642000744
0.028512608790626618
0.07148950716542539
-0.005782325674996495
-0.16928028778488674
-0.11992988387717649
0.03539653086763682
0.03512186710026531
0.04220690475221134
0.01861224175973202
-0.017061283443753385
-0.03510468503963143
0.025080000627214306
0.028869208481349683
0.01283899599373881
0.03707934612663671
-0.024728485517623938
-0.08206538123762133
0.004336467332970202
0.019252715287413014
0.02073896039876626
0.012375411360360885
-0.003442598669783515
-0.019648794214612544
-0.06868701015437399
-0.08667499709718712
-0.0004654214113386081
0.02746094945616396
0.027871153526706254
0.053113731606627614
0.08773675177472198
0.08003391694274944
-0.0024070870641482614
-0.026408231609998483
-0.029111826104527512
-0.04576364526371766
-0.0516140888848595
-0.021425618132513525
0.04383271851491217
0.01434594086278593
-0.011981088718177853
0.07128063918480647
0.0106898309475016
-0.03266946619722865
-0.02348088810371764
0.002374950391448776
0.0275572761236897
-0.002283662162646545
-0.020427528517947248
0.001876538909421535
-0.031246476389533723
0.00313099873992088
-0.011153497942917189
0.006753685143297641
0.04212626265316657
0.027221675028666476
-7.747677449803992e-05
0.016288852987735376
0.04266676217772262
0.03054868136144129
0.031203260484694666
0.05481308239816055
0.04820212043776051
0.030355762924622522
-0.020513616935980576
0.011108680677683494
-0.017514065109200675
-0.01867578293075181
-0.028757479382871404
-0.05212250051886457
-0.0641620410259957
-0.013517167496458269
-0.04896627210469501
0.03211914191333734
-0.00665970127164483
-0.04346211175707816
-0.03842560325963387
0.020600025730662008
0.051141395073322334
0.011525669087467102
0.039092558746040645
0.019136397761878702
-0.024425175509814587
-0.03422965069117341
-0.07356195197524057
-0.008561751506982011
-0.0038387521857399334
-0.0033167336097325965
-0.017430116759335756
-0.024792982896182692
-0.004258598662487017
-0.002113036344964786
0.009991876114811817
-0.019238603763456163
-0.015153357697694677
-0.0038497762495181137
-0.0032801607946519678
-0.008448012114100721
-0.0131820980851998
-0.018085902380874812
-0.028913116601259083
-0.023986782374255076
-0.028338000718288854
-0.029806439404482615
-0.028276390088222112
-0.026712072578015986
-0.031510448840623914
-0.0293348402207443
-0.03022428600209383
-0.03529985364583129
-0.03531155840589219
-0.04342609812772436
-0.024680094677128804
-0.014659920944595799
-0.014936459057825521
-0.00973296558367068
-0.006350913247994613
0.0010880538777853965
-0.0001854890782509453
-0.005588346638898369
-0.0016468531789573845
0.0032854773511124913
-0.03167140803604416
-0.0016950070667632457
-0.04265793610591471
-0.021348029223936336
-0.00800328766031654
-0.0028636626334017992
-0.0031888017672498914
-0.0024126996084222747
-0.0007609693119487933
-0.0014577454652560996
-0.004641371126580787
-0.009377222862806414
-0.014404465714127438
-0.023497493449895372
-0.03439901035240427
-0.038295717437036754
-0.04204103895998306
-0.03224590702892574
-0.020152588748087008
-0.006811880592681922
0.005830607657556717
0.01088504057020777
0.005927598164705166
-0.005343039442004102
-0.015059553722491369
-0.015702318547414273
-0.006280252341188624
0.00481275571932183
0.006864714274018908
-0.0019437412016112907
-0.016596569586134216
-0.025700018020786766
-0.018090171755656824
0.0007955329636715865
0.00954000456225326
0.007598341462949459
0.020812469717111048
0.03538905561300135
0.022211306723718603
0.007183508743291278
0.011235694076750262
0.008752459011138074
-0.008335477046510923
-0.020463571328503218
-0.016901644679078235
-0.004313604636912635
0.005432990811127302
0.005461638441474678
-0.0036423801708370123
-0.01385575437783793
-0.0183933396246462
-0.04900925790958994
-0.0030952000491536774
0.004624141809646218
0.011157540758227804
0.009089963627129867
-4.6321332889753814e-05
-0.011924671514146376
-0.02255308296371107
-0.03036024779483613
-0.033717520118663635
-0.03158916734993377
-0.028845812320691593
-0.020365331274152607
-0.012682019535898993
-0.003960273494296428
0.0013594133617517927
0.005063092572385564
0.007294176556194504
0.006173380418056905
0.004582095668923297
-0.019778889351817503
0.00037083048717017876
-0.005349176882120559
-0.0019942732569584237
-0.02195421448019687
-0.006425928762951853
-0.006506988776329746
-0.00880042566017673
-0.011838683962575439
-0.0057349181005939215
-0.008403956390913986
-0.004836475339393639
-0.0057244187781813624
-0.0023164609300773526
-0.00028918321370476
0.00122245908682367
0.0017984547942995384
0.0026860567059708864
0.005641584262024545
-0.036334813537317726
-0.012876385389674255
0.005195644491866613
0.00852541628352428
0.004873931831101389
-0.00567716566160823
-0.002591187763484677
-0.013063790547752656
-0.015425888086330376
-6.113324555328289e-05
0.00969546938724909
0.03195289950485347
0.008873945944431064
-0.007669825297638549
-0.018002094567396286
0.012127946841410104
0.01803634175449219
0.015613268243485003
0.006380341019834432
0.006886646234479209
0.006016402557295188
0.004256994956183995
-0.0019043914013297796
-0.0020360651646986992
-0.014777777805391292
-0.010304001939599195
0.009322422716810067
0.011279015821450678
0.004606837322841599
0.018495913674199376
-0.002580404915614624
0.011796609045142972
-0.0036837706016550355
0.002326227462750552
0.012212261824095932
0.06270177558045809
0.015537521123603161
0.018041343701600966
0.06838445976476842
0.031401200398128416
0.03540031506725239
0.005166185264323145
0.012214232796741211
0.03545721150195465
0.035939528535368796
-0.039688879578395196
-0.03899445458624486
-0.025113823782636397
-0.04915001773117641
0.06735104671914112
0.08934665940184258
0.04478357787273989
0.03155245195379051
0.042174291047385834
0.03591829167817192
0.007334774801910992
-0.012339767524669597
-0.001380782075735545
0.02382172318146847
0.011144313532643182
0.049779516885657266
-0.0038570684836537698
0.013171607506778402
0.006900139313028877
0.00834979185406232
0.017847103660944552
0.01391185776586749
0.013002819919258016
0.008677598039484919
0.015677159123760127
0.01664954045955726
0.01655770258395746
0.015354994015288346
0.006768158038631747
-0.0006724072239746014
0.010746848784617605
0.012941922046095965
0.012990556687246113
0.013078161160272564
0.013676978734664622
0.014827749903599481
0.009437479965321948
-0.022076298270249997
-0.01486403389455888
-0.005704985643291308
-0.0007447945663863572
-0.003771532898021413
0.007300090348811144
0.009351777133898915
0.003427512744986291
0.0019421931825668586
-0.0023291623361445094
0.0029508084933843074
-0.0031342544695508717
0.010578810273174605
0.01160307961190402
0.013618528847191037
0.016269078029583287
0.013757475897168128
0.024707717859642323
0.031900471686062276
0.040937353165493066
0.05335876964131176
0.06218428570514448
0.015592753824882882
-0.03898099519277729
-0.040431239197576234
0.026251475586317467
0.029795045429613823
0.03500264544946259
0.011901729427651228
0.0223469783945276
0.01503993815888152
-0.004106693428048191
0.0022537057906764327
0.007134432919254079
0.007214873440936315
0.006000892992312169
0.008037189284226648
0.012762792044543938
-0.0005096531421691068
0.010920076767371322
-0.000756013405062567
-0.010333817697854868
-0.020190752870735684
-0.061617922287150254
-0.01882109348719041
-0.007290982395135504
0.007144336079288994
0.016192054355085778
0.011507602137061158
0.0009192800015564914
-0.009845213256538188
-0.007852795707260872
0.005461591454825797
0.01260916486973129
0.0007680899796793266
-0.02250187553228394
-0.03534283462522962
-0.023103215249460095
-0.005686393415748475
0.00020390718246979638
0.005688101108123247
0.003430824877266364
0.0014728289046794364
-0.007350646743621764
-0.02530350299779963
-0.025766231462522025
-0.007173109176623769
0.008851114444989249
0.008079648583890748
-0.0042926110491840795
-0.012733795901839456
-0.008938678461018154
0.0020456227787224693
0.008532120546109849
0.006014239128943946
0.0002776706123168116
-0.00997010763678526
-0.018806919234494148
-0.026237998022943278
-0.030543533066984076
-0.015982453297670868
-0.0360090287036617
-0.08295659771272909
-0.017939351074313856
-0.04253746492270471
-0.04916165097888042
-0.02463491922257734
-0.005203528573684745
-0.00029966257907737895
0.01679389487915377
0.01237190324933641
0.013751011409216638
0.01409738440628792
0.008589322778639366
0.01713785059155028
0.021396369046714044
0.0210446914441323
0.020429492449908816
0.022441080712122388
0.023297951276839483
0.020852950586414894
-0.017507555551100108
0.019694375339284063
0.023507703068678946
0.02290640846736977
0.021685339564760094
0.01794912955408325
0.006901645881228638
0.016609655328876097
0.015845708762641013
0.010708668601041698
0.007377349202968879
0.011525423423957338
0.010342630516709764
0.012636393588464953
-0.00027082445738217073
0.006389804054158503
0.011405269075759042
0.004655054605562758
-0.02360753480363182
-0.0005086124771502888
-0.0031836501837787965
0.025843928574619892
0.004958316107799692
0.006396056945053349
0.004799568141236526
-0.00023410161930509062
-0.008066419472392205
-0.011413167962445073
0.0025630819915690196
0.00512356942226263
0.007146465896739135
0.00869719107892171
-0.008004508908049773
0.021315019146462888
-0.023216621594763585
0.010037166727010867
0.020424439348159372
0.004721671899074344
0.0077009069872457
-0.008566060501941484
-0.001190308699196099
-0.00014772080994419483
0.006529340049704373
-0.005477862750647684
0.02186073935459279
0.026634308206064425
-0.02341062749267675
-0.011632219186227916
0.0067533418622940395
0.07376633448945676
0.09338396429444368
-0.019106549198008315
0.025722496784583906
0.01812048051508487
0.010997068975219978
-0.005016210750037328
-0.07988613188118199
-0.020941666866416856
-0.00828690678757033
-0.009986232106484754
-0.013971263409065213
-0.00963455960980729
-0.007170500966390723
-0.006960042336309109
-0.01881313762842346
0.04095748427118987
0.008523457413578444
-0.011004805126769622
-0.009493960620936957
-0.017615837007189213
0.005638350110741375
-0.009752874277998213
-0.010110309090782662
-0.024010845234662855
-0.0206441897988203
-0.01908884011495241
-0.030069214338490212
-0.024410497688415533
-0.021273671926701026
-0.020458005564265868
-0.020957330099214223
-0.0236129679143721
-0.023224951962824054
-0.02319239393470215
-0.02025520579752538
-0.020951370530905622
-0.019185013266182056
-0.017418197006094854
-0.018473449135110388
-0.025899076828041122
-0.04651221270230967
-0.024243763926353742
-0.011990487042981751
-0.0341170911430772
-0.049037504158219856
0.02860471905895931
-0.01670791006866133
-0.004582801275949564
-0.001338634044701811
0.004995336095911086
0.004331498531013404
0.0038339654449383804
0.006212127129533383
-0.055816888781014456
0.0021469666583187825
0.006704733979439796
-0.006240288126102386
-0.001902156560863739
-0.008620400821714903
-0.004389920846549848
-0.002941518568674371
0.009026362326827256
0.016411653439479413
-0.0009402987509428733
0.005186414080544104
-0.02070111499399966
-0.03036234066852461
-0.0035684550747296147
0.005626523972751024
0.024979554442341175
0.013355904210441041
0.006989216757946686
0.007284300306987273
-0.020429749665308673
-0.008446794212212956
0.017236804103067754
-0.0001457673627235538
0.02500820271969194
0.013124506712596441
-0.000754743898790805
-0.005163930187990468
-0.0009917965071512302
-0.018993952371971618
-0.00987434553289736
-0.004569738111533366
-0.0062887455117407376
0.0031379996814042454
0.003866315209109661
0.0050852432140009955
0.0004355726945325686
-0.02557567113721123
-0.006799738137811694
0.002872328934974813
-0.0015389636218844714
-0.0034848938267565363
-0.004146445723190733
-0.005005656366063328
-0.008246733311925875
-0.0067147719662059985
-0.007053290862321066
-0.008234962512217812
-0.008651541196034323
-0.017589620413792684
-0.008192484821025164
-0.007840913154786463
-0.012266399109010461
-0.03181889293800562
-0.016079532123010415
-0.033253837028264566
-0.01683258722722018
-0.017828797564328935
-0.019378539541261775
-0.01781699018290361
-0.04832771730116177
-0.013872191658690504
-0.018996890514424415
-0.012497058939386012
0.003548868024973109
0.011015769454342128
0.015942609044742328
0.019173590170327864
0.0164272568848878
0.005145540726847435
-0.009173223745190365
-0.008189435630546246
0.012608668064194625
-0.016453754569204983
-0.006594737198272478
-0.013644635472446426
-0.002792711577516717
-0.031960917403506414
0.02012181904401181
0.021562438470885726
0.020311512122056844
0.013461575808798929
0.0020093448294942126
-0.006785691378155728
-0.0030386402516292977
0.010568435927603273
0.013794333065921071
-0.005833303673681936
-0.03235305707347382
-0.03551138782429056
-0.018906498077198273
-0.009823852382007002
-0.006898499927926114
-0.010419919887734014
-0.02065322601904613
-0.03635429611651185
-0.030024110992050494
-0.003952666283346957
0.013794874208309455
0.011518691770635735
-0.0017838323836288485
-0.006809610679136722
0.001904760446199337
0.013791308354890258
0.021341778946026017
0.01942832858661479
0.009501366431748561
-0.01332866205655841
-0.004130838974051893
-0.0056108806416451384
-0.005838122164695054
-0.0002512888701017633
0.0032514445485481718
0.0001333197948972752
0.012229326027021328
0.016899933877395204
0.018987753491647125
0.02011725553263328
-0.042061355868956485
0.022538002426549825
0.028056535659650817
0.02807082930479183
0.0071133006594097745
0.02392651098781818
0.0021732381207392355
0.02884670855014839
0.026363187026919685
0.02628093009744828
0.01398732306057838
0.03541150737381064
0.03032252727194189
0.005275163699355901
-0.0004067606854661769
0.013238878383519857
0.06185195442415772
0.05520440479106576
0.043840403185161206
0.033369911320159165
0.03135448905723123
0.027651206141544225
0.02073084318814916
0.02419029185313784
0.022635427929409025
0.022643102910635628
0.02160994475241105
0.021694616943228898
0.020580431440569542
-0.033517005042952866
0.01680529060150681
0.007389458635382866
0.012877630971103827
0.009715573901699094
0.009221335228794638
0.0058534245390304855
-0.009041230252767261
0.00016067124263773264
-0.002891181671971685
-0.005490281307738828
-0.007143225660642287
-0.007844259440775766
-0.008471890072624826
-0.011527790338529773
-0.008544743070912391
-0.007220713707849038
-0.0062645849569380315
0.0007210208206128008
-0.005653670768072481
-0.0045131183902805
0.0034190308336809767
0.008937093541251552
0.012532431661824031
0.014218331986163143
0.014072348074086161
0.007488512559786993
-0.0008569322856120128
0.002198673641924846
-0.002040815117926281
-0.007642996631448357
-0.012328816807242493
-0.014834609890981974
-0.015044793591838676
-0.012635809230535155
-0.00798228524849871
-0.0022015034117803278
0.0036303098189193576
0.007052796130340984
0.0077275800318899225
0.005042847700259043
-0.00042080645543210357
-0.006840830397039396
-0.01154310640651893
-0.011554631535062613
-0.0050193516909832194
0.006978558351701568
0.01886120699942721
0.02135317107862978
0.00768892479854568
-0.01575385732311333
-0.02582559444223164
-0.002901648061318447
0.03888427736215177
0.06493015641268551
0.062108939004173414
0.031722301512061325
-0.010299617324180927
-0.03114388076704393
-0.021340388644261226
0.0007751499405033735
0.0171990213978337
0.023464237534449334
0.02358537917462254
0.022257995080210258
0.021704451625613186
0.020564304518468697
0.013502813095195229
0.0007895328230837074
0.008065500599881044
0.03845156753748482
0.03422974343863084
0.0057031206268258906
0.008012690424454781
0.01872155658213323
0.010518062142016794
-0.0050729629696654776
-0.017122706055530176
-0.028974239618413868
-0.01908951558560625
-0.007236311763146014
0.001103212329487989
0.005633168883720483
0.0071253766701772315
0.007028484102604175
0.004897009173447908
0.0027436177173451957
0.0007485073872649702
-0.0007918942561804983
-0.001675642849981607
-0.001719092783273639
-0.0007346178713236644
0.0013070049865998663
0.004036544191589141
0.005634197391814203
0.005143992340489769
0.005378563279138972
0.006289970984947624
0.007437158792088938
0.008024762504599535
0.007173024780786866
0.0041190144401051405
-0.0014184619210306064
-0.00867928755406067
-0.014422003324888648
-0.014977316876744522
-0.007667494071122885
0.005061859171666224
0.009997595534145289
0.0013046978413040842
-0.003907769118030436
-0.0044747711618158765
0.00042783065719784164
0.0034224708976701673
-0.004242529048115951
-0.021320500208873404
-0.035438466520899124
-0.02812536827915364
0.009747355219713184
0.04968395704430682
0.06264366573926008
0.047021361826652924
0.0055163947501333105
-0.0317129801989589
-0.033160822155882966
-0.007809011784116968
0.016515995499689667
0.024483963960939964
0.017872594476378127
0.0054556452638157135
-0.00497125765220903
-0.009503715792734567
-0.00903450165357936
-0.005383139937759996
-0.000822452491021086
0.0027637817181224125
0.004000350373655418
0.0028039884321021127
0.007518947741396048
0.006776255600763668
0.003279910245870199
-0.0007663989224779935
-0.004416622427777444
-0.007204498125900594
-0.008977429794040948
-0.009696793402236378
-0.009398150773340918
-0.011477615129880717
-0.012450501672750787
-0.01226401293691569
-0.011463704142767948
-0.009585151258861844
-0.006113970251285146
-0.0015218608711610377
0.0039350287164868014
0.008758234718631328
0.01035532242100402
0.005619950375988527
-0.00404518045733113
-0.01581991155690409
-0.018142409837421512
-0.0023514566578184673
0.012383219006883528
0.00024617851321684023
0.000232539609722854
0.006207649441714431
-0.00549351452043109
0.010203391575381929
0.013100267018391863
-0.004755586657079114
-0.014489806628943908
-0.011437520534211962
-0.004300686852112266
0.001190594645612811
0.0039763559213172985
0.0047015284107904684
0.003608784559038531
6.420966275885428e-05
-0.006359634986431758
-0.014611911319463341
-0.019825820367049385
-0.01454334976012468
0.0010544057819223272
0.009981018239304
0.004948646455664305
0.011055507161164227
0.01854731320098352
0.0072354974404484716
0.007092571411349526
0.010556967008103345
-0.0037699285892541317
-0.018544443428056924
-0.017520747418077395
-0.005185960028410114
0.006655331718665795
0.010538827629213494
0.006083868478624198
-0.0023581573663257914
-0.009415727488659908
-0.011809083329163597
-0.009097258847888543
-0.002950618674776469
0.00261118100235151
0.00829912047558539
0.015585854278749839
0.017739022166752914
0.01609187025359844
0.015051081620655523
0.012720239347163051
0.008501018653955868
1.2464748065712407e-05
0.003086612697763627
0.0007058989618320868
-0.004363446176375423
-0.0008663524122014386
-0.0017205310497397815
-0.0018038064443826431
-0.0066418779998768515
-0.00042649746159315944
0.0017562044335029021
0.003911099165019945
0.004578510952781915
-0.003114289202151391
0.007730969283598272
0.015337029134561449
0.009970703118084505
0.0120014784912799
0.0035651943245203267
0.009082593655791605
0.0126538864640621
0.010227346313331878
0.0075312646581250095
0.002587918619525968
-0.009693153818644723
-0.022524012405865306
-0.040074655786106264
-0.04626932755749545
-0.018343085564393555
0.03152672975885637
-0.036130878566566764
0.012228419166563288
0.006739114235118093
0.002860642164504641
0.004705297519993886
-0.005190133136020736
-0.0006996025744962465
0.0018965605735235724
0.0011920082746054667
0.00882164855856871
0.019491725201069607
0.00913663469724184
0.004165318142720405
-0.026546700524247208
-0.03929655696863589
-0.03536598246153835
-0.0017901995986197821
0.0049808647262124355
0.007940512870213098
0.003354974235913224
-0.0006190413098380055
-0.00311548298570169
-0.002966252817791581
-0.0029584823008679344
-0.018192711121671416
-0.006508652644279076
-0.0032364187694589094
0.00217499443309619
0.006751196857342291
0.010608332721139577
0.013784758293726324
0.014758142828454715
0.011370774493215096
0.0017881091758090548
-0.008915216299472981
-0.011522619086749421
0.011164027606798804
0.014881370163428945
0.026965024470416512
0.07277762070675274
0.05910597615688028
0.07098183928168833
0.042467196207756956
0.013192454565186295
0.01748744734475711
-0.004792553358185786
-0.011457235755303087
-9.868863489127442e-05
0.01272123278016462
0.005940389449750614
0.012077534254118486
0.014696972251994423
0.008152840615557093
-6.558279265217943e-05
-0.005597099845025381
-0.008395328650740178
-0.011485822618904375
-0.013777697605202123
-0.01639241861765212
-0.011528394163539093
-0.01696259666302154
-0.019290672610779186
-0.014187522169780444
-0.03678695274199787
-0.01435614141837625
-0.014569404419085977
-0.018845970168976125
-0.018293469447380032
-0.01755874849697353
-0.016159306525263553
-0.014374287915266274
-0.009626201924110062
-0.0012035867758223746
-0.004415548352658302
-0.013407410155829101
-0.014172961143951905
0.000874848305232004
0.0012636626280517647
0.0016748106123089534
0.00148661343804589
0.005386506698986781
-0.0012131437363815559
0.00842872242548232
0.008499057434439235
0.011894196197359094
0.0128670530223014
0.014056191684055168
0.001657035966307885
0.011296809196231711
0.012911246054625274
0.010301736057304984
0.006526172879514009
0.004662612214290889
0.0019893120204645368
-6.762708985062143e-05
-0.0065063080148758095
-0.00798250625308966
-0.00931701972358487
-0.009874253025723461
-0.012940043665832771
-0.017370912260729912
-0.008434488925260596
-0.0067177580532006165
-0.008705908398424575
-0.00040567486378656237
0.004107536279570802
0.006825826094325864
0.007255235618584679
0.0028930207797358757
-0.005827664762673917
-0.007666856150565169
-0.011727288578493651
-0.01669000849958066
-0.01539369934925815
-0.009569945904414484
0.00013852419680730527
0.010942153452066975
0.012469515658705783
0.008830714358312402
-0.000859119872717072
-0.0124671687759403
-0.0170963534470485
-0.008411814915663424
0.010513450413315755
0.030441156547237037
0.01891691951164546
-0.018069505414665253
-0.022300862374637236
0.009652958740959361
0.019278494360722605
-0.012961869358320326
-0.03498555665184067
-0.012224140821932317
0.017936935372955005
0.02119417771151809
0.005397193586233554
-0.008579780841326464
-0.010938229165818724
-0.004015467289919794
0.005103634288979888
0.01038916232829712
0.009253361185649869
0.00274556517225325
-0.0059116493970757245
-0.013028778948280455
-0.0164272353432708
-0.01570076972428713
-0.011813984184481473
-0.008443659089559756
-0.002007959139625968
-0.01361206304181382
0.005143074931638191
0.0063795395559759745
0.0046206562926865945
0.004291545766884568
0.004599996425713587
0.004019594165364557
-0.007589604356423303
-0.027275581723779953
-0.050316745028271624
-0.011916818433043612
-0.003471376162768282
-0.029830757335646847
-0.005965848294103015
-0.009697709962333963
-0.009184583753178136
-0.007723686910538332
-0.004696096341623436
-0.0025547834611675127
-0.0007595034587963861
0.0023104155860892406
0.003802088355626124
0.005297024032243933
0.007067179389138228
0.007003904745938486
0.03454064161902223
0.0072686863418662305
0.005214193434108112
0.0027687957137296835
-0.0010870341010176395
-0.002945966637179532
-0.004046232967988852
0.006124786136107706
0.05198147398029512
0.031322723041064544
0.0005626710197890564
0.05920048657348219
0.028161003473311488
-0.005014572912045321
-0.010221606189559673
-0.010091831347427554
-0.011366751813452943
-0.011319134730106416
-0.011168110303754789
-0.011608811758120105
-0.012211896091990698
-0.012959983327120977
-0.012422097272735909
-0.011370281619177663
-0.011058641949765574
0.051580714738636325
-0.011921545693125675
-0.01295899854908972
-0.014621148717817934
-0.015729094245117564
-0.01427262027757646
-0.008571190755512355
-0.009117809116072371
-0.0052198278159081785
-0.00911460841109025
0.03508810619214324
-0.012402172584462894
-0.016938945192203472
-0.014434075752063324
-0.015328387660956132
-0.015615186576821946
-0.018187124460731976
-0.01790663534080017
-0.017830691180547337
-0.017503692841363997
-0.016786446741216265
-0.015415253520602528
-0.013323217746738938
-0.017819459579680785
-0.009443520252415419
0.008490530375105427
-0.006415245262382314
-0.008978286609673982
-0.009212424036187621
-0.009940968839688816
-0.008296844805239373
-0.020201994863551453
-0.004662199795822159
-0.002316390365564968
-0.007842683498067072
-0.01219586612768349
-0.0011929496821916697
-0.003321690986068117
-0.003931463460374991
-0.005082486075058751
-0.002923998348325201
0.011269894884659919
0.030547732985707288
0.030127074022376965
0.04731343747777909
-0.0030417060058122447
-0.004723209764490615
-0.001387121784153681
0.0019626957676417904
0.004363364178950935
0.00895573815337579
0.006081109825836908
0.005842702000496287
0.00491270300217645
0.003551231735160868
0.002875820410171954
0.001231488851265248
0.0027844427866089596
0.009116550488212888
-0.013002360712267506
-0.029645092906177156
-0.011444836461559752
0.00989723838175113
0.004545203137227029
0.0011119743670610037
0.0013791544490119924
0.0019875964416652607
0.006798258880262133
0.002299326530971535
0.002460435562970442
0.002680297158455922
0.0029796211178294376
0.003137023645708856
0.004456659791471638
0.004916519758669533
-0.002276432667003412
0.0016034103789141403
0.00415647678664475
0.004572204436940428
0.004238940736109902
0.004905738121435853
0.005415960539016191
0.002963619114580994
0.007794570509056486
0.008337915392530785
-0.00134997453466399
0.010176883531765307
0.011480131085092419
0.012323878884676067
0.013554810852596966
0.014113674336769815
0.010760210394008573
-0.00880672392218323
0.00342249997992229
0.012349190412102987
0.014736803095436906
0.012203458747151483
-0.0017401664157193927
0.0010795207376671145
-0.01997644631964316
-0.01825532608943842
0.0004007482895896236
-0.0028020608320143137
-0.0067033316139808695
-0.009499245422841848
-0.010362572512635731
-0.008708306149791468
-0.004377068325229824
0.0019131271518115429
0.008266132006385065
0.013013214733195421
0.009615195465713128
0.0013483992346351188
-0.010167731685523805
-0.017318059133548336
-0.011371052048178296
0.00622690970754526
0.01509568264956283
0.0014051428893594922
-0.0018601452584755306
0.016363428845594948
0.008380202628179389
-0.006217472673365209
0.008208901598195135
0.01701418495552809
0.004303452637541882
-0.010321076432155232
-0.013988865894147003
-0.008659334918145663
-0.000616752605592107
0.005880385878682237
0.009429758672540676
0.010369517195320694
0.009671698301734376
0.008244473501049586
0.00719226439930012
0.005298768085721484
0.004075904868118426
0.0033839366960401397
0.0031172104408505852
0.003230082369158751
0.0037560420930540512
0.004616633031216971
0.006176783597833327
0.0065402089978733495
0.00695625702001195
0.0077098205698853785
0.008538458945146314
0.009209177263910495
0.00936247581490591
0.008058386360402008
0.004825043089013519
0.002710668276344582
0.0033462969907628575
0.003377157131768101
0.0021092837713588028
9.550044076408563e-05
-0.0022877176864836827
-0.004724732288495472
-0.006891327910844103
-0.008443832851103691
-0.009086500952086416
-0.008331363588332048
-0.0058110698457124275
-0.0016592093104645213
0.004200882464665219
0.011067298790933306
0.017783546823288882
0.022862016688632456
0.02434034271551408
0.020176685241310666
0.009222209402063261
-0.007668009962838745
-0.026055974679906363
-0.03815617071532003
-0.035973582362777305
-0.015364953467786156
0.014862495807459707
0.03425383352904321
0.035301143793792004
0.02671488852774259
0.01045896378230379
-0.004788297729008515
-0.008975055073659395
-0.003914770446961489
-0.0005725841256965938
-0.010977200496670909
-0.033368676116421074
-0.046077005918001956
-0.03310329091260726
-0.009056478032902817
0.00224537224354916
-0.005878803516565735
-0.024317415812114926
-0.040561999827938754
-0.04686110035611425
-0.04199137055221921
-0.02920582603282378
-0.01319964484947291
0.0019256859513208002
0.01366845908099992
0.021136584142150073
0.024568086494521635
0.024831689504232757
0.022974527038018333
0.019906709810267056
0.01638422357573235
0.012918761553987912
0.009850031266934515
0.007323214492960484
0.0054045137393124824
0.00408305549510929
0.0033189684052472787
0.0031377293243721608
0.0035368816933609858
0.004531931367552919
0.006188410559584716
0.0085648867628511
0.011655265847891443
0.015372441457333559
0.01932496736426077
0.022922849650967567
0.025006622184849833
0.02408610020859445
0.018443614989946608
0.006887262154178286
-0.010104587419988676
-0.02924149002625461
-0.0439874895995378
-0.0465520475035129
-0.0330663463951305
-0.009729159749023886
0.007021352871655154
0.0019661674234679304
-0.018389266260487248
-0.025077505367319307
-0.007589081398249327
0.008242765959469338
0.00192260427120283
-0.02040562399958849
-0.040588984656973255
-0.046208865380869366
-0.0362965911067213
-0.017504194788366654
0.0020306499422540177
0.016533639083382744
0.023792201192767964
0.024342386272920073
0.020105377441724127
0.01337849832309934
0.006162451206201911
-0.00013938327366146892
-0.004797137882005853
-0.007520303826522812
-0.008421507196439866
-0.007831796440245264
-0.006174687258975299
-0.0038760134114183033
-0.0011766047970054791
0.00163067838643218
0.004172515208208529
0.006327817700267165
0.007869962457392568
0.0090131476262159
0.009714654410160783
0.00996031611806281
0.009993045786957208
0.009897526150370105
0.00981236432945742
0.009262446095025956
0.010609357274342281
0.011274827675509816
0.012541979030506151
0.01282652045976941
0.011873882250919895
0.006162039657512075
-0.007726664335623426
-0.026759083097913066
-0.033672266782742245
-0.024680795222373493
-0.022386605874879516
-0.022180366171256554
-0.03060451879439726
-0.03144449233725335
-0.023124327644458917
-0.0009969124780130946
0.01460372497553852
0.014566883587172029
0.00902099244376826
0.0031695351203437903
-0.001666023066615574
-0.005599599870839193
-0.008131359589078185
-0.009707836111200076
-0.010691321955009481
-0.01115204575043557
-0.011278443580978457
-0.011687400614642468
-0.010694954380439834
-0.009690556293213083
-0.007888895803047968
-0.004944587463364654
-0.000696878938567567
0.004752348495510943
0.010636765778505112
0.014748051603555284
0.013505848385608879
0.003805547036509526
-0.011874842095322495
-0.021137704707294827
-0.009876139618900994
0.0069670239083893595
-0.002388998154530754
-0.012686607412185743
-0.011479900721785487
-0.009264350136514705
0.0008336088782405811
0.0066342672297603185
-0.010441633791724874
-0.021598829595241363
-0.011926766804510314
0.004941861243649479
0.015096101732483151
0.015235279407807693
0.009062549816994368
0.0014232852215603404
-0.0044198985462829705
-0.00835990606580834
-0.008186702251497762
0.0007908972838595729
-0.008941829666731077
-0.0023380828719766146
-0.0013170376924949768
-0.011868677408323048
-0.015822211034805342
-0.013960293409569573
-0.010324733650646746
-0.005120426133288651
-0.0019456902433169967
-0.0004202924620280608
0.001922879571262661
0.0030237091676076928
0.0041209673514199935
0.004954085229056243
0.0038753198010507356
-0.002679499583274593
0.00483287132164583
0.006465330007552455
0.006633046564168
0.006731781417265407
0.0065906440398821675
0.004132612476222496
-0.0013061528364341987
0.005747987028414798
0.00542199059421449
0.004785821211562237
0.0038311702881126844
0.001521578541537016
-0.0023654854987690704
-0.0024529713324910798
-0.0036150090252324626
-0.0049947992659071854
-0.006474812119016771
-0.00763466343319791
-0.009890306979914212
-0.011888507402652912
-0.013142309541299569
-0.01327856100112143
-0.012653712624161588
-0.008600186180881679
-0.0024935709154322214
0.002269137053548156
0.00817443009883413
0.01201525075877178
0.012436660690924698
0.008248379414722824
0.0001954407793964237
-0.008138805362781549
-0.011019293953807916
-0.003233462169879002
0.013342824806625582
0.023375286442818867
0.006063096904572506
-0.02996527737907341
-0.033668281304016306
0.004309546895948253
0.018354031064530336
-0.0081548725511745
-0.00933239660214038
-0.001936121446981312
0.019160088114207233
0.021298857508957224
0.006374446289862585
-0.007075148235898291
-0.010723049823228083
-0.006154448787443775
0.001206732973424966
0.00713265158659711
0.010016823461567525
0.012567492472648585
0.013259228210583682
0.011576091271224428
0.014973439130324109
0.01566631530265849
0.004761620104257881
-0.004085905182900047
-0.008188937789865671
-0.009804482498947123
-0.010111099579500437
-0.009450525587698282
-0.008074703944016012
-0.005233685904638823
-0.0027225750594609775
-0.003970170435137593
-0.006140202724994672
-0.007636289004271888
-0.007668042712008789
-0.007332571151877182
-0.005356197941890575
-0.0030196852816539287
0.0015020720050029682
0.004168376016903943
0.008102723600828735
0.011205298967795334
0.012222182122113996
0.009996020998639076
0.004718867351942568
-0.00289643026536471
-0.01008912606388392
-0.012219761448525436
-0.005197030333223889
0.009692742241294664
0.020996875086161108
0.012314667524940995
-0.01288192079163643
-0.01628857052746388
0.01914856704053566
0.04916322593345181
0.03998014015445967
-0.00017966286814257565
-0.01978806200742483
-0.0005467830194166305
0.019973896846145662
0.018279853439105695
0.0034773276050738345
-0.008587962590018525
-0.011182941652696638
-0.005984132094854487
0.002026134176778675
0.00887050577348834
0.011976299305832935
0.011043794108518867
0.007465253701812715
0.002154815240018309
-0.0029880490457806553
-0.006657671993475427
-0.008530192475917443
-0.008550304526475287
-0.007222656589768228
-0.005487504886763749
-0.0050169713763587335
-0.008288161655369884
-0.019479031344787116
0.0011524500169566303
0.008967444303084628
0.011015294941320747
0.01222560812485042
0.01316019196023789
0.015818534057920452
0.016325273894437796
0.00948992375191363
0.014952660253492867
0.014654979951389415
0.011740975514136113
0.00513051696754348
0.010166957615750033
0.01184554119101957
0.009359572102728843
0.00630086608544889
0.011349622998392019
0.010647507251375164
0.011660554471641812
0.013906380969570833
0.023291828641947412
0.023525486428069016
0.01205060828833404
0.007509830369669033
-0.009818059106691217
-0.012793813987452244
0.005777499700703132
0.00237500929846034
0.007334213827130108
0.010999107610128997
0.013935957174796194
0.007344403456281124
0.00151492897844215
0.005203555260718605
0.006133079110837348
0.005922872254721075
0.006695615431870453
0.012783847244030637
0.009414919562454497
0.009745385222762401
0.007887825112143495
0.030241941942032374
0.012602583420124464
0.008938352962502913
0.006635662707521304
0.005271494810997525
-0.05274190375961986
0.004514534550415368
0.005445251434245853
0.011451439650564773
0.00731819998713601
0.004137649779896745
0.003323090558994878
0.0027103295304529143
0.0030543744911858367
0.0033436777786099345
