9.664946595337569e-09
-0.007646642806208745
-0.012183318952022274
-0.017964174863732054
-0.02416577275451451
-0.029829268331396288
-0.03387770222868211
-0.03538989063662257
-0.03471041251694869
-0.03230996797062337
-0.028835788319557774
-0.021865802546072302
-0.01339269509046652
-0.00292408123805073
0.00921016104356387
0.022818450274288492
0.03606415810386873
0.04829435359185148
0.05605148907717101
0.04856880732647806
0.005884157823808395
-0.04445903945664007
-0.011685589195351018
0.04032649020529893
-0.007864707299241356
-0.010666953603308183
-0.009617887104759784
-0.011341311575571963
-0.012070328764266157
-0.01259123742692844
-0.006489718789196955
-0.009171873374184986
-0.009044571782250228
-0.00852447085180046
-0.007887109205130683
-0.007110650578573648
-0.019044029939723754
-0.004950476605474937
-0.0006373638725523177
-0.0027954155895296923
-0.0014922490039480454
0.00015696321070046294
0.0022601508715978523
0.006831171922378606
0.008043732162612602
0.010811346678860752
0.012671969947484981
0.01614386388277452
0.018621792291065913
0.018051916547346596
0.01007242554921687
-0.040301816155684254
-0.05144500503724836
0.0572639460934625
-0.03244081787936911
0.05789083225987966
-0.038679666488429035
0.04202179401520566
0.043087413282441894
0.005441889478225463
-0.024522427644285645
-0.05190663596196615
0.00961333604381982
0.031406122598714635
-0.0572630429498356
-0.0008519320082734577
-0.014577466771822903
0.012712166497250222
0.0051373950337934805
-0.011388755861450913
-0.009891515012705396
0.0008440772667380009
0.008543609396626893
0.012895946499120388
0.015130819840751436
0.016106216560909607
0.01963278740258262
0.019681214724657232
0.013210070866051775
-0.024806584420531342
-0.016529435428992247
-0.02214250910113559
-0.004169119235708148
0.004862431388533134
0.006092106093205404
0.004083948220483612
0.0016140779471606104
0.001142494162255058
0.0020572653927774737
-0.0017743634821198854
-0.007283455053950781
-0.006341261375749388
-0.007069047975345842
-0.008344696128184415
-0.007318181380591777
-0.016938033569913042
-0.0056188191831785935
-0.016284616941825283
-0.01594946558246495
-0.01017685094063402
-0.004302024333987568
0.0033450291501002237
0.0201233763260135
0.004607843692707866
0.018708997714150643
0.004335535044965238
0.004006386555150301
0.0035660751657876533
0.0012815401101838333
0.0015914040582910953
0.004326377018375062
0.0486871857094401
-0.002420692678417212
-0.004938272583388943
-0.005725807199274328
-0.05862314276785633
0.023829863772423295
-0.04399326636979157
0.006651260304005691
0.0006527406831081709
-0.009290723221595267
0.0790607712981807
0.0103426907354528
-0.04034639843593282
0.05332758139003378
-0.04011309004292752
-0.03745041622693059
-0.03147933099089158
-0.022502398964545235
-0.01601673725260869
-0.010860811651655485
-0.011238170508698637
-0.004301295872773357
-0.0010724045931623561
-0.0017976929327972444
0.007397426027987568
0.0083002168901074
0.015390508210251837
0.026012344491227444
0.02570065030627179
0.0033263957440051355
0.011468917803065661
0.025891217712167524
0.03284716585639286
0.03089635948102452
0.04052301687945109
0.005455891091604061
-0.0003329353983979262
-0.0023510390141013113
-0.0062326511176097835
0.003739728560343604
0.011392177010939954
0.010616697342512778
-0.003358401484816514
-0.035994495607659896
-0.01486164382077668
-0.017868575373169392
-0.016324939691336672
-0.014613566223248083
-0.013506282153741818
-0.01033793467635275
-0.010400818694134999
-0.010418560542080053
-0.009310725437213606
-0.004259720605936296
-0.014821481902778882
-0.013430836890754135
0.012641167711747031
0.016711847310635023
0.021615325376954028
0.019704152468643273
0.015677183262128743
0.006808899635635914
-0.00542660772095649
-0.018398004754131298
-0.020707101623750387
-0.00012410630524973428
0.04387780314393762
0.029418181024989113
-0.05294557856920822
-0.00777789987092695
0.03832887526407642
-0.12101938155821419
0.06563983407833043
0.02433669798968381
-0.022565997353950724
0.0917925833811809
-0.023393866111956787
-0.03658840218582179
0.021252573582777972
0.026892896367659888
-0.0029857481351403003
-0.027532303565645386
-0.03063752277449825
-0.017455334040128175
0.01362617563891302
0.017829481937667598
0.003265524616008574
0.003739486367061929
0.00482824169814504
0.013974983714627801
-0.007959540907671356
-0.007241684749714507
-0.03152306137345972
-0.03066761242271039
-0.01208695512216569
-0.0050779881880602465
0.017006329929703887
0.034885700269954203
0.03591073250196852
0.027364837968738575
0.014196180143507734
0.010646159613034051
0.005663591266773321
0.006369183188145122
-0.00033746911338489914
0.0004530801451508999
0.004199286574913544
0.0022429114601773595
0.004578625617467366
0.005538343770411344
0.004220471007960874
0.0026298118300724215
-0.002752321430529866
-0.010679343923679465
-0.012060414067110488
-0.02071080144301671
-0.01323574304971859
-0.014452358213935009
-0.014446907479880916
-0.012931983831218184
-0.0276473194222093
0.022451369950430903
0.05517393880394956
-0.09468533993400541
0.02800945241901405
-0.04513844890466308
-0.046214529924348824
-0.021268832820012545
-0.002332230855950151
-0.03829223395084791
-0.019434988383460538
0.014443958720236369
0.03721519039706442
0.010595511394190474
-0.009085173388322224
-0.016235708775807003
-0.013432474540062645
-0.09374682006723414
0.03754293110396905
-0.050718563975593524
0.02431687886312747
0.02336813315726128
0.026232748654242206
0.04485186463401237
0.06861528400051972
0.04515609561834335
0.03069210578290867
0.045586523817368205
0.05578862896136828
0.021589125389939325
-0.00019011847592065241
-0.01163915183097942
-0.04254750808577679
-0.07390391176119866
-0.0019817541483962333
0.009135914393696007
0.026535624826463104
0.006928194733389951
-0.013833692509170725
-0.010209838421724989
-0.009706141610931517
0.006154471183060238
0.1253045606062017
0.03925232709635193
0.030757301090439643
-0.001065587798912077
0.023440340422517844
-0.009253494724647331
-0.01041028487087731
-0.021262387836614632
-0.029249547501992136
-0.02567529599079363
-0.03288942827032557
-0.027993980761993664
-0.026677084844243925
-0.024472953854116707
-0.012072204707026713
-0.004964690570098357
0.01721287629982797
-0.010516887619999912
-0.0143411745784317
-0.03028701707155404
0.026557142281361454
-0.0013457987917399395
-0.0331749457930078
-0.03672449828985421
-0.03473179599892418
-0.0005280426876286919
0.0005672152625335447
-0.006986126059030251
0.0411515678925015
0.08239692221642839
0.07509114674652824
0.018309311533326714
-0.016136045446032383
-0.01996905112498649
-0.023909033822796244
-0.02519340800250564
-0.020300395096514965
0.028070102267668942
0.011161485136366481
-0.02081422204742556
0.0013837530966232768
0.025317724648051633
-0.020312244418351846
-0.05546872093029711
0.003859747709593983
-0.03161462101311232
-0.0038372572825379776
0.011336047895311122
-0.014271895887782443
-0.00305303626576743
0.012163706580263632
0.04224060070532313
-0.1064938280845769
0.0456533335134275
0.0059858094741916555
-0.049305969282883326
-4.81299975681271e-05
-0.0025124375734226104
-0.004126117402265254
0.042242833760465996
0.04684591611017999
0.03212938779740874
0.03989207016390095
0.024108366582727345
-0.014340262214461013
-0.015987386786410318
-0.013203677592924389
-0.008723846579005032
-0.007418540415380972
-0.006174975378215728
-0.033159087181847714
0.00610859105669871
-0.013630287943904877
0.0036788305758005215
0.004351079869970868
0.005910988696645347
0.011567595247282073
0.008311281684973611
0.031168967532776953
0.05929735794929723
-0.006676138252343649
0.03616648704843598
-0.09303589284295914
0.02119801118719852
0.026516935275530583
-0.02068269464172764
-0.07278535251526409
-0.017389753865158328
-0.01323297217832354
-0.024857460701467108
-0.03236259893450579
0.011043232191560838
0.03716626691001657
0.06338409691785839
0.18766263929365445
-0.03457238541352418
-0.04356317059191821
0.034463556767469754
-0.0165523833484578
-0.029945089105031557
0.04947186472573546
0.06290950681430159
-0.0038290684157765804
-0.058761950656776404
0.013341618143317358
-0.033432545128313895
-0.007855590247550257
-0.02202700270107643
-0.0015217005370119535
-0.03943269198048928
0.025577877919842208
-0.03221354965361739
-0.06988307708524993
0.0027666483356614097
0.05295741323552185
0.03001021896723343
-0.01013403622037566
0.010274699847161572
0.04605315396221008
-0.032647222483684755
-0.08156274089133397
-0.060505299900922765
-0.06360916346442412
-0.059848981547227224
0.06078115328766328
-0.03331482469176347
-0.013452748104494084
-0.07699622809688612
0.026397258022487907
0.020291101854574018
0.0671048093220063
-0.00013172809812193767
0.0009071244179263435
0.0003664571756361786
0.005762362957583729
-0.021768472944645633
0.014184034850830479
0.005391532483845469
0.004410485921234946
0.008651434666054348
0.050416042957654374
-0.005310042938639116
0.024608784258597555
-0.0057003512555919384
-0.017732474774190047
-0.024148279166870665
-0.036465720645073356
-0.05255631616764192
-0.02839752215618707
0.011722466381460628
-0.021338737765906654
0.004272527838846849
-0.02356555143810518
0.04818829743296591
0.007734243138948047
0.011543275890221876
-0.019402179622548487
0.011560962307922104
0.03632651706180162
0.047824053735996234
0.04161211497671998
0.007917344880096268
-0.049259122916106644
-0.0979706680119142
-0.017644533558166628
0.021634939861222263
-0.12759678912119535
-0.035557654643951324
-0.0391952527767131
0.01026807789102892
0.043204332589032654
-0.004320050349022222
-0.010172783943918342
-0.008945295208994168
0.04001351840132395
0.017647512881253838
0.02763481726689634
-0.01098163274335811
0.003370514252406677
-0.037711069498623066
-0.04854219669670811
-0.024870068133145275
-0.013475125768625149
-0.01845553924601925
-0.033651864864976976
-0.030403829582875522
-0.01888704636817596
-0.010417229440598202
0.00022708546215630126
0.0019179232880474927
-0.00812479897546565
0.04429898757785167
0.08048814447472963
0.07282038322140807
0.04859014271860411
0.018142466549883243
0.0072214446964671206
0.06382417190870021
0.09441318911767183
0.027759024111220162
-0.03458582751873317
0.05436148387929322
0.08076303811659573
-0.003337448689534463
0.030373686091840324
0.03266484461429071
0.013843234172930085
-0.014151215989632112
-0.04206668307355012
-0.05256379830448869
-0.04710887211449585
-0.058943007515835984
-0.04068690717160716
-0.017633305863848276
0.025062145794241153
-0.007107631556608674
0.034671764457164876
0.03131172654893612
0.004496345639623438
0.011791877887344442
0.004425661607080076
0.007488227730373653
0.009753600914248923
-0.01801687487204054
0.004931239535992957
0.02295455248121216
0.013494924015042375
0.024849748066472083
0.030198988277042847
0.03156357908606946
0.02263473278819872
0.021306245801929684
0.03533542709799357
0.03953905969442995
0.02846773235006837
0.04640218118264037
-0.00249221432259358
0.026081010272937237
0.026486229269011587
0.024892328817973423
0.019407838717934812
0.013829233971195877
0.05292803638687061
0.001771455342881108
-0.00524861028825436
-0.010691839750751563
-0.012169420275461943
0.02624577083654056
-0.015362549715751652
0.011779459039304616
-0.01220351057222348
-0.007011497025777661
0.004660964858217282
0.0108545605348917
0.01723108384935198
0.019238054339116597
0.01795447150677923
0.01331518834772627
0.008237692957730573
0.0002507828631542044
-0.008696006193160537
-0.019151612736017797
-0.021762263758070884
-0.022105513990375105
-0.016514890330651965
-0.008295488318187084
0.0004994355624749866
0.009208919898453736
0.01331471878539028
0.011425233241678172
0.004422811380306306
-0.005233577554680733
-0.013685037623463264
-0.01919564462734836
-0.016772169751160398
-0.0087840470028092
-0.0016612785210740988
0.002500348800169107
0.0026982061217710775
-0.0003210712241018305
-0.0049657232523965976
-0.01072609196264706
-0.013212989900643011
-0.006775451892917957
-0.0010744941806214926
-0.007021998593945576
-0.014783908043539963
-0.013085529910648814
-0.007051882803280139
-0.0021812301803079597
0.0015923943142937289
0.0031799422784301317
0.0006676959193435525
-0.004964097820381755
-0.010270273534720018
-0.013007109995526758
-0.011066755257502255
-0.003973515236647435
0.015424574800522659
0.009087324948351183
0.014359433193431421
0.014218356006548439
0.010870564844782906
0.004662431270447995
-0.0033842349748986196
-0.009925315514404351
-0.017891750984890264
-0.021507978383266287
-0.022346134333867756
-0.022936749009195574
-0.01769456379117312
-0.009778382246679247
-0.0017038003678732754
0.003764951376479872
0.007732798471494533
0.009385960970939895
0.009601580025784658
0.005960530322550834
0.028390542314049055
-0.0028497453601119263
-0.008049595149706636
-0.011973369273776084
-0.012165296493504849
-0.020905663484954203
-0.019713914261336434
-0.010096045831655251
0.025221441213834236
0.04502906719397891
0.019084704756113572
-0.01670261844163941
-0.023939903977901886
-0.026276534719976558
-0.024565448427487428
-0.020973076613138953
-0.017422171465788328
-0.009901646580275803
-0.012084882547009875
-0.007860017285249486
-0.0034919395831360567
-0.0009355388253664263
0.006698478386174662
0.008494581047823796
0.01698080257668215
0.022499647002076052
0.03193053294353437
0.0232263927094179
-0.016147643359446472
0.015339110946101908
-0.05064661358789911
-0.008698781575474678
-0.010268224961491714
0.021146091958976244
0.015528173909067222
0.010686032852230378
0.010219148435135257
0.007320089099876356
0.010159144764573132
0.00957212883800172
0.006786079601430296
0.006593370221858309
-0.001645719121480777
-0.012337000293244884
-0.011664946552368997
0.0007817468775730141
0.000319467489303611
-0.006220647224935966
0.001267151179188268
-0.006972698536799928
-0.0059241953182130064
-0.023530247672066493
-0.012563212968895475
-0.004987455852872727
-0.006741031680909897
-0.03386747320620043
-0.0076221030820366785
-0.0034537387177018502
0.01065889276187435
0.015656857670229084
-0.003944935788024856
0.004674855011512817
0.022854129728813614
0.017469734842877446
-0.052523720153058735
-0.016863093867810975
-0.04369308313782078
-0.007163143316648293
-0.013519642331694268
-0.005202669021113782
0.006501084559904101
0.019298198226088855
0.03100721894419636
0.025658446898943525
0.005333422262679125
-0.030978168312770463
-0.015808898614717154
0.004274437326867679
-0.0045101486151752
-0.040164054795505
-0.0136616737701204
-0.02749216783808154
-0.02316961669402352
-0.021855404266811727
-0.012031808343449494
-0.024377124983173747
-0.024671147847995487
-0.0315223736271648
-0.017845978616948793
-0.01764307662203541
-0.017063337511203504
-0.017625078769543043
-0.023640389538711212
-0.03706367590462681
-0.021265384313522803
-0.019488938069370156
-0.019161821232936232
-0.018827828061421078
-0.018555006782984256
-0.019432518304243928
-0.028990429219466783
-0.064329105714143
-0.0453896031725528
-0.03331433263738245
-0.03343966866330211
-0.014284021320194431
-0.015525548043830353
-0.014112280514125613
0.01672983219698631
-0.01964943713766642
-0.00514281092623122
-0.01639936777418101
-0.009372525685658767
-0.00559123057808173
-0.004074036248117391
-0.001495686587051584
0.0004204915959232386
0.005255076016392635
0.007325975065082908
0.01549865649242146
0.026866490800914727
0.04165100054260193
0.05135318615239677
-0.0065269756892595765
0.007760010876326393
-0.0314057269056186
0.0018183394319211668
0.022665985849848292
0.008033092652155727
0.00937507111756889
-0.008211277408522155
-0.012058807314102703
-0.005640354875501556
-0.012679851416572048
-0.0025222701466993055
0.0034597339622302542
0.009676420046620903
0.019969404917112486
0.01483707440009983
0.023780226592070634
0.012915222551388527
8.585655521472441e-05
-0.0068480570841369555
-0.015458306463078369
-0.021383051176847145
-0.01012605409138916
-0.003172475253865314
0.004402075565645954
0.008962412902916498
0.008298416016801738
0.0007995581850118641
-0.009888440424867391
-0.018846681062183252
-0.02146707683281303
-0.015235659485541737
-0.006031179600438372
-0.0018431500186022387
-0.0038009963389289835
-0.00824628228716716
-0.01204777608818742
-0.011830378252513055
-0.008472037363287832
-0.012266235356871196
-0.01628457479975362
-0.014497473650837875
-0.010600103445644484
-0.006119177015335209
-0.00559313060494101
-0.010388846397147584
-0.015116654358196554
-0.014929074924838534
-0.009105371452579268
0.0001621405525482844
0.009444421265345731
0.01571989981936911
0.0159631513736233
0.012651899812278097
0.006957216454486369
0.0010318787648488524
-0.0028950772094536313
0.0019333560837158795
0.029076697753716203
-0.013204222174175356
-0.026647104884277253
0.03202385212968595
0.027391209370213915
0.004609113470359271
0.02110998269494837
0.028335842608427905
0.028973571827400752
0.028322306736221256
0.017389495468250575
0.009400293130607949
0.001988831011896423
-5.937029081636556e-05
-0.006392189527199971
-0.009178656655719472
-0.012554926556664047
-0.01451658985649181
-0.015901887557055697
-0.016582723692892192
-0.01737103890159361
-0.004212006836754383
-0.01741412006136611
-0.012301665345634826
-0.010699409253779343
-0.008755327071049047
-0.00942211702408564
-0.009551085217467193
-0.005998567636237157
-0.003815843797579975
-0.004691581393228683
-0.002757932930879065
-0.0006597668762702627
-0.0011366372844796597
-0.0004686238212972831
-0.010508700269854955
-0.005487582711966586
0.0007773372032768262
-0.00045630772799048943
-0.0162132479577915
-0.008900962855697452
0.00010636183449725843
0.018356602271880972
-0.0005491319970663004
0.003504047545547402
0.0031100713595352855
-0.0008268699079969548
-0.006738480007802678
-0.013397368660114657
0.0040151498309049845
0.007670564016870817
0.008828389624789521
0.009828168222675678
-0.006611446591535094
-0.016817327106215935
-0.04215881312210879
-0.025787361648642218
0.018256608060018976
0.01169264263288392
-0.06341806543637422
-0.004056983900520526
0.009560948620356547
-0.058574611771765275
0.02666975834776851
0.013635396004108305
-0.0040582541501673315
-0.018116116281319188
-0.01960915072765583
-0.04312867799873521
0.0011221043637385773
0.050651288627630395
0.1895063586329631
0.02464898614762797
0.04915657633738019
0.04226909758547602
0.036456976769939475
0.027666083686262128
-0.014286459273015606
0.018500235777726595
0.025336877642309536
0.02445323925414553
0.01712593166086426
0.018550465082730755
0.027131132775565503
0.02607822173739399
0.012254018047215804
-0.1347140362110113
-0.03820535687031656
-0.05427771526556697
-0.06326990890904606
-0.02704602836346825
-0.013796884378956294
0.02902867119443359
0.036706282956343324
0.009577833145707251
0.03155354364904975
0.032737860935620054
0.022526019860663694
0.027757245485115416
0.029408802897443825
0.029726890554128214
0.02870556635949615
0.027892688754732525
0.024682366091601352
0.023373226651509933
0.02405332730290426
0.02049137903977654
0.021589778817141924
0.023605626081624583
0.02309219747546525
0.017575719187699016
-0.06520899164574681
0.015909456731880618
0.020425176762501048
-0.0010134197615442105
-0.020524007640982434
0.017102057089479795
0.009571498018408847
0.013148872657492535
0.005294831669884783
-0.009069014237578039
-0.04020982191076397
-0.07673077346317488
-0.038169162969016034
-0.016293131775521465
-0.005958682653002985
0.0007591876939959834
0.003854232705291589
0.007783817578356369
0.005374832742894503
0.0120931471464322
0.021823774093567627
0.025739785804426336
0.06716060191339002
0.14171382552321551
0.09334350660502166
0.04253544702080307
-0.012135399922189602
-0.00790804834022423
-0.005975936471508471
0.00010838058523073665
0.018736684151602394
0.036048303253725315
0.03823704563848577
0.007995918162874092
0.030128915362107316
0.03774266354996099
0.015053428381245347
0.010469777741832676
0.0064459186272348605
-0.004131397995415465
-0.011108553467232003
-0.014110999074971714
0.0013064043877888275
-0.01423838142112091
-0.013198594990081353
-0.0068913539520400035
-0.002337898635053379
-0.0019319016263335885
-0.00134539530246131
-0.005944444166876539
0.0598419068685466
-0.011174529715080213
-0.003160530728998794
-0.0010682013692559693
-0.003648920003699495
-0.0074286622403911436
-0.008840010426602252
-0.010826289654856448
-0.013049083556746928
-0.014781844280639174
-0.016394382887584966
-0.016883996369316485
-0.011775739649028541
-0.019692622149927275
-0.022003510935602755
-0.026869858597757944
0.011124236269507443
-0.029673128273807844
-0.022638462823753872
-0.024733901928069593
-0.02076350973179027
-0.019196171286819268
-0.018097332099274187
0.001396045767674613
-0.008492075240196137
-0.013549022418299571
-0.008679790614212094
0.006145203021326552
0.01132985124687299
0.014317360379446316
0.016180667190042877
0.0164415411767189
0.01559959713083743
0.014985759764768902
0.009248003042993815
-0.01562465620838159
-0.029199075786533253
-0.050241129002497206
-0.04948496547355016
-0.038499621225793354
-0.008852325781297693
-7.811519636569547e-05
0.0068738993893914845
0.009730009084081922
0.008588557475062809
0.0020681879523565907
-0.008316312441034727
-0.017739903384725284
-0.02175143158040471
-0.01613003981024999
-0.006980827756573082
-0.004039787852738874
-0.00783492864114884
-0.012146777297704301
-0.012996362153976659
-0.011362756511155956
-0.013191298339114541
-0.011593658813312015
-0.007227161733946633
-0.003973687543254151
-0.007143215858824518
-0.01540805088496146
-0.02197062480396494
-0.02064611303928437
-0.010447681964690618
0.0024096866179572126
0.01394723194289824
0.014784177711146729
0.011739270885830506
0.004942405550777215
-0.006281266769000572
-0.008443709951171444
-0.012265982488523276
-0.014543740965411365
-0.014236819932934446
-0.01901197875489942
-0.02841989645917912
-0.016603022542205415
-0.006649849698358314
-0.003174341034738474
-0.003327050423427657
0.017392990264502348
-0.001285643381461892
0.0046405093088890395
0.004473390861930646
0.0004244149041019168
-0.008134248362448809
-0.0008639068281554775
0.0015777741656079855
0.0027771090807210057
0.002844428562602081
-0.004618922103507641
-0.002184412742101938
-0.002176492758035289
0.000843043864803432
-0.0047862486335461885
0.07812280010439736
-0.009828981802829094
0.006219688264828225
-0.03981383299578482
0.004966061545217022
0.008234276896084688
0.00761587067762702
0.004738992493428848
0.010216227347024927
0.006294367612808997
0.006032388772701281
0.005482951126475548
0.005033193225549047
0.0031991510630327343
0.0010504888333891852
-0.009168784105364276
-0.018007464546415424
-0.004391067233392854
-0.002626763250109832
-0.0022114383077715713
-0.003380959413740064
-0.00940843854745898
-0.00543639231040516
-0.00668526941806772
-0.007254231152627996
-0.006906833966429503
-0.0078113532802047405
-0.008096334299293267
-0.009455790939696056
-0.00823966949385374
0.01123177442219667
0.010515426376565247
0.03308788041272817
0.025236547716187437
0.008338705926449077
0.007897887619986353
0.007781429408541298
0.007537299899126671
0.007223430146164051
0.006726998098541443
0.0065897131590015885
0.015237477019747599
0.004517225508222704
0.0017738219175110121
-9.722228484271799e-06
-0.0015831805922101785
-0.0031472403799382323
-0.004242395290742386
-0.004857757023581711
-0.004744131188798832
-0.004128745269523489
-0.0024848770500869814
-0.0006165480859716056
0.0018943342295821867
0.004426686255304724
0.0064936744316855385
0.007660598298252979
0.007752554228731291
0.007211811128252346
0.006721668928391832
0.006593378840108308
0.006384707264355718
0.004401299389135344
-0.0008166906456504987
-0.007667418573097064
-0.01083090533491902
-0.0057846465398486875
0.004609930204831129
0.01185621811519196
0.010854940926525112
0.002091141926983724
-0.00855083088058214
-0.012837817819900389
-0.009113641304039483
-0.002257835978455719
0.0035524817014889122
0.007188478677854698
0.009210459438311225
0.010146104050853928
0.009680812713518483
0.007308663625540222
0.002280734400059468
-0.003234025742493434
-0.00010019693666552528
0.010111704869370866
0.007222428285228021
-0.00517018444967076
-0.007550334470361366
-0.004717062671092688
-0.008792778743101155
-0.022026246534044468
-0.0135751576065673
0.012987806111979645
-0.03194858209766146
-0.024860700636555648
-0.014980983287347824
-0.010141024023614982
-0.007942419514780625
-0.006624721323433362
-0.006084550573826534
-0.0055462613445985635
-0.005073733110270154
-0.004689344001515135
-0.004488970013936438
-0.004626167980378617
-0.005269534274894615
-0.00618012977616663
-0.005076795187383568
-0.002870042947462793
-0.003169197627630349
-0.0019799092716025596
-0.0002644782315395697
0.001281734642592099
0.0027385350416001494
0.00415033862519059
0.005357794497980733
0.006174053115732857
0.006547171792403478
0.00595327016219844
0.004807264561970365
0.00500344950577778
0.007473720662984214
0.013671956475494981
0.023862140961866687
0.033179851303412417
0.026704696827771116
0.012380579473737833
0.0032710882660403067
-0.0009960911149371537
-0.003908313224211404
-0.009621203392093675
-0.009688665682283137
-0.001140465902011705
0.009151561984260665
0.012881623720774664
0.0077646501376119476
-0.003302009785167573
-0.011679964780805853
-0.010992133801991513
-0.004053501369780565
0.0025235974751430025
0.005435590411312348
0.005415466415948863
0.005026348366617838
0.004681937731686391
0.004262161526475182
0.004457500572973576
0.003556423726620898
0.00028412491962130756
-0.0066271683988666985
-0.0036288260019739474
0.03458555269724213
-0.012890284224139651
-0.009952490858938175
-0.004663852951141364
-0.0021290368273395046
-0.001122050358312181
-0.0010414974373268635
-0.0017793952115244445
-0.0027471842276188185
-0.0012039014480899808
-0.004382892009736877
-0.004059403679390318
-0.001945014085012051
-0.0006828505941292774
-0.00020287393918669148
0.000970603099818504
0.0011923514462598979
0.0018697091907741096
0.0038489310379854294
0.0058141399993856075
0.004112802796558831
0.00019416286642568204
-0.005213203848592414
-0.010393223593244674
-0.010626999212413411
-0.006103424810039785
-0.001359965295667642
0.009507276611152348
0.013068453318363744
0.00014315001721366892
-0.0067324089006304865
-0.01012845137040651
-0.011655520425477508
-0.007648992601358526
-0.0018754664120822367
0.0019716610278862493
0.004240074209187467
0.005318004375651617
0.004892452450375578
0.003941322393909559
0.0032464325989157517
0.0028372058294730633
0.002182997764384028
3.073817530195811e-05
-0.002189503813561967
-0.0036890935076181763
-0.005556142158523325
-0.005852142729717116
0.0010813369429499436
0.004895968136613699
-0.003167850304737571
-0.008964595293814008
-0.00791344626823375
-0.006411589561783493
-0.0042261401938584065
-0.0015030775429420574
-0.0008171096744658019
-0.002868328189063576
-0.005889946250687263
-0.007863082545420294
-0.008015550539562266
-0.006498539649357027
-0.0038599545932919885
-0.0007401664861288545
0.0024281656336257586
0.006003474271594309
0.007814680173692374
0.007748701218818743
0.007833494457239968
0.00699202760638897
0.005994448113656602
0.004996559447212016
0.002728580421571226
-0.0014016926047682385
-8.650424132450247e-06
-0.003482534562001635
0.002593838949117321
-0.004214211395746943
-0.002902973539146514
-0.0025967938033251104
-0.0035481676267761653
-0.0020563238739365014
-0.0011468570609267513
-0.0007797135423172676
-0.0033338699641417206
-0.01219135728497721
-0.0012484475717459839
0.007084709657932218
0.0015486149873116522
0.0020550375236455722
-0.01457423637778213
-0.004827111140703399
0.007379032123840847
0.010014487925837595
0.011966840087603157
0.013318277838929332
0.01365111671053131
0.012220533191708845
0.010965781448868112
0.009772076732762437
0.008482328650236353
-0.056929212554863634
-0.024788889626584487
0.008565910326159765
0.011426336673232203
0.008522358154125173
0.008773907216522542
0.0006814439879684903
0.004771953576280088
0.008382389328375628
0.009581160556248311
0.007827988613968195
0.0013577677099152563
0.005559290312234157
0.0032561579863892537
0.0006777454665380041
0.026258368087914024
0.03494634357314651
0.017112827459111288
0.0022218126808672277
-0.0008878448429072982
0.0003997646964988645
0.001929814405339319
0.0026487036742046223
0.0021153592219228757
-0.0025310478914383244
-0.016737165544890957
-0.019753208656644063
-0.034539247117839
-0.013123180267967563
-0.001663383497758409
0.002390670157183447
0.0058650674831984525
0.01117777197861527
0.019079723953117463
0.02768843318606669
0.030202409175447864
0.008833208983374963
-0.028270579333613027
-0.042596343965510604
0.004342057220128867
0.05847581491565496
0.13892714550097057
0.08136229359260849
0.003234499813897641
-0.03739381646756125
-0.039160403809864394
0.0023574041937841567
0.028792718305313512
0.030082880491177317
0.017051118770306125
-0.015831545330194974
-0.013198864459970263
-0.0018864126055742406
-0.00252074928545583
-0.005765151629427012
-0.005340442902609519
-0.0032535582480417964
-0.002548127477984425
-0.0022705485563038964
-0.0016576649543545488
-0.005863908875721058
-0.0041236749282589635
-0.00818462556875926
-0.014623909508195044
-0.03401091773517338
-0.012929373753373009
-0.0018464111501162773
-0.00033025728063496853
-0.00018965478249237497
4.7425066602417145e-05
0.00041956949362836806
0.0018128050821460608
0.0042711832217052085
-0.002572795052546495
0.0010452919637030168
-0.017042665518461803
-0.02033781469072743
-0.0036628375004686227
-0.002051045032232262
-0.0023739979746903285
-0.004226110644390965
-0.002417341652921044
-0.005376901724292129
-0.0024097228419508623
-0.001751068240879688
-7.701742296280498e-05
0.00025635048111159725
-0.0011119033261238547
-0.017453267497123875
-0.003236182179965778
0.0051015107508487235
0.0071781986811136215
0.008054277933972847
0.009929047369372493
0.01098486374125225
0.011616213786130999
0.006502237874647628
0.00821159449066985
0.009004662625541702
0.007419989457399983
0.00020611307302487633
0.004961732275053065
-0.0009248135121329243
-0.005788598375410135
-0.00858875166657777
-0.010694897007659446
-0.019575189686168153
-0.023130297110651808
-0.025268037993673883
-0.02366920254348029
-0.014977731135600832
-0.01776928243649158
-0.013504575279302551
-0.00539977884099353
0.0017726652672793925
0.006043729555447071
0.009673093793521473
0.012093366159365595
0.00711078935557488
0.0032333629406985963
-0.0013444731314455661
-0.006113582390675861
-0.011205748546409754
-0.01655928931083625
-0.015644583539073574
0.0006664900292697677
0.001529205624345861
0.0009326486430316887
0.00875308060352715
0.021363957715291534
0.023870213520907495
0.011942852046082955
-0.00013282606225387716
-0.002717891551641117
-0.0033572372291103447
-0.008249262999595362
-0.013551349556366343
-0.014128903933019429
-0.00973509443389086
-0.003117216312743163
0.003056395072795334
0.0075044911584765586
0.009948277882727504
0.010191888255154992
0.007813546463430958
0.0035349499165279854
-0.0021706546669700913
-0.00835042745518304
-0.014121173078247541
-0.01814969192882338
-0.02066392707973539
0.006701915310030708
-0.021689606283885377
-0.023763922961991552
-0.023381061891419058
-0.022908704341313244
-0.024623876769862052
-0.033715557173011966
-0.04692692476801183
-0.049047233477886754
-0.00954144622903032
-0.05482934901592468
-0.030340087131404788
-0.00413863137487789
0.005652087675302795
0.00864969334323583
0.009466005512365403
0.008070856526409532
0.006061756065141864
0.004146257489509961
0.0037530195151479944
0.002213258308880363
0.00031320813294435424
-0.0018153267945572667
-0.0042755916338618055
-0.010673321052773405
-0.04952498359518141
-0.013226969145474183
-0.012854157815818454
-0.016542020200116622
-0.020850515043725797
-0.02591345756008754
-0.03060769616845793
-0.021076710775182014
0.02956535325905725
0.0032240771948467027
0.0259124872576327
0.027512753746727264
0.00919908872968572
-0.022887781379771252
-0.020510617012684192
-0.01343122926391453
-0.009407259997288765
-0.005337199120875215
-0.0003116570417159187
0.002612699141892028
0.004371820816473649
0.005560584477115767
0.006389583805780633
0.007185436416872174
0.0042540613356936985
-0.0006517387012702492
0.005179766210802156
0.009207014514492433
0.009937666044338173
0.01093029230364809
0.010049928010233427
0.014868853696206184
0.009777803526132134
0.006636079393349988
-0.019684811993047897
-0.0392562729529602
-0.015455204346753232
-0.01042658536992497
0.0027595150222208317
0.00919750743022275
0.01599673720338858
0.011622528327391744
0.011956499221075431
0.012029825830084894
0.012026453691083305
0.012018658979969211
0.012032549708033444
0.011633917477727528
0.007307470471627142
0.006697130171525813
-0.0015365657895210056
0.006098766230317299
0.010697300071261432
0.010591893500690236
0.01013502234024858
0.007833103478016955
0.005743006240065953
0.008106685692746104
0.007423726594112749
-0.005403496663768981
-0.01273146145711876
0.003953686191789112
0.0038576685512292587
0.00130449279916357
-0.0045253311340762645
-0.016986607322814314
-0.038502660034354305
-0.025843475157921632
-0.06132406275178797
-0.008096731627712838
-0.033193134411617316
-0.018762876149699566
-0.0100495734081343
-0.005912709711265696
-0.006636301149046299
-0.02016356289531857
-0.005283315474307171
-0.001779866156164961
-0.0004431172815622144
0.001522097310159608
0.005400950269096769
0.009289180416936856
0.00556755060287929
-0.02220963235583282
-0.03708315426820601
-0.029316043572884917
-0.038922670532332344
-0.02286973965406342
0.003845669204249632
0.008740993669835584
0.006255856441555482
0.0028494274582315762
0.00964544129062745
-0.0012018784681979203
-0.0019950400342927635
-0.0026908113380158766
-0.00321617050544263
-0.0037147027699060316
-0.004020999667465621
-0.006461231731858198
-0.006325548618589213
-0.010415771356447463
-0.005495711313003834
-0.0027648808575861158
-0.002092473210381839
-0.0008360663818103709
-1.0769698313622848e-05
-3.833461025330527e-05
0.0019724875970381305
0.001357529112803103
0.023234724855646087
0.004922607785175206
0.007512873517401072
0.00860812229534
0.008620574436270663
0.005076518370423385
-0.005709046146506514
-0.008380289343354653
-0.013383739845958555
-0.0002939307247848505
0.00961203431553991
0.012778902104555965
0.013430807144502902
0.017521444457248857
0.0315174390704717
0.03342753815510316
0.009835564229638832
0.006022896944092272
0.0031612805268855957
0.0004835696129153562
-0.0018931342599851446
-0.003775233096985477
-0.00500194430705757
-0.0055262701421867795
-0.005259156223900037
-0.0034921060006866587
-0.002368066541255277
-0.0014826131406029206
-0.0027168973354002642
-0.005642663748581072
-0.007862932948033637
-0.006894933842356159
-0.004675285447326112
-0.0031173540873174763
0.004735240127908912
0.015282745961122656
0.010868487360493556
-0.0013069485437350163
-0.005082761795299717
-0.0050196431335649055
-0.006329733770540033
-0.006234860831521288
-0.003495256865499027
-0.0004548902448714627
0.001184986553565094
0.0013767560128405147
0.0004779653924060676
-0.0006676502946072916
-0.001798124037078413
-0.002785007579293921
-0.0031939845482112416
-0.004165863979323872
-0.004843261368464967
-0.005376444426884972
-0.005842369584140679
-0.006218240517547918
-0.006625287127627462
-0.0070055764457294814
-0.006669177427792158
-0.006779378396018386
-0.0067129937093424
-0.0063465266462444285
-0.005807328346035529
-0.005162575024254502
-0.004011341781987293
-0.0010337713763930343
0.005480714442093354
0.008054955993333297
0.004554890575539755
0.003637753560973773
0.004763854925317846
0.006282204859168184
0.007755555259030983
0.009084854513597144
0.010182323328382249
0.011021085513738168
0.011491321707584951
0.012026431883098597
0.013141806997368296
0.014428005849657376
0.014756186380212508
0.014505079468518006
0.014204634490032763
0.013328336787663417
0.011614235461864464
0.008582537358254323
0.004072135259499201
-0.0015779943294857543
-0.007272926805410892
-0.012198413210700332
-0.01430126090251264
-0.010243522555007439
-0.00111332143176744
0.007748722500298893
0.010912294518487657
0.0075936644765294105
-0.00039792576041440287
-0.007348562366230628
-0.009134065502839869
-0.006336103612181258
-0.0016405592797622947
0.0012602461724850952
0.0005303336649697938
-0.0006457131738099178
1.2557113922883388e-05
0.00031022036311873603
-0.0034473348971044084
-0.009802090848767805
-0.015939061428884377
-0.01921020896467696
-0.01888513586240077
-0.015454078467762278
-0.010100979712114272
-0.004055511453759636
0.001671897132030741
0.00644181574642231
0.010103906802613284
0.012710068313288747
0.014324711152064736
0.015160866220174889
0.015562644448316247
0.01569985621184515
0.015662449005427244
0.015529835988141045
0.015377549711546363
0.015207348011498454
0.014999782276743005
0.014795903721946994
0.01469409791179772
0.014580230651815518
0.014491689618622995
0.014421425965583308
0.014366605453801702
0.014346812523082772
0.01425271842936072
0.014033826344624455
0.013558209309002244
0.012630152994755731
0.010874614754829664
0.007872190385639504
0.0033749734309679075
-0.0025206909473425468
-0.009079227865586301
-0.014770986317716084
-0.017566217135050764
-0.015923099598441688
-0.01015991656973458
-0.0030593015057579
0.0013011794849322673
0.0009890332087803227
0.0004926752076909736
0.0015209912138347099
-0.0001470672930783065
-0.006140501797470374
-0.013172054377063992
-0.017079778241179205
-0.01637965303283171
-0.011793196273191284
-0.005241631555243853
0.001352299562796795
0.0065893343510999
0.009991791697195631
0.011792372821526797
0.012381558877232714
0.012274583836023157
0.011893698208755838
0.011414616217394438
0.010979181252937538
0.010551205512704939
0.010028188327988739
0.009411411559159097
0.008572210329022554
0.0075381867176035735
0.006431057856133474
0.005352974008859084
0.004224654526954896
0.003038243234614697
0.001793110867438847
0.0006933218320583001
-0.00037627630035962697
-0.001563515615337917
-0.0032381410626401044
-0.006554093437606821
-0.011807288728713243
0.014343299291337744
-0.0054566043396319
-0.007762377740401844
-0.0022030413409034827
0.0009503767305008622
0.001477311744059567
-0.0017939540568808344
-0.009533281167412287
-0.018587416901439058
-0.015840833869601435
0.007645758479150823
0.02481647674279242
0.009355747153653816
-0.017963232068988883
-0.023363982832260138
-0.0009147958341296715
0.0017755304415508568
0.003467409298070891
0.007564306155999318
0.008830651766260269
0.008051961672755953
0.007215619245901791
0.006494064659239136
0.006945708740055887
0.007424260609352832
0.009299558935682002
0.008537361140902639
0.007739796347097412
0.011666870063883023
0.008230827981509883
0.008843387826417822
0.009830468582271969
0.011342124411400631
0.012891006546564065
0.01422762090903668
0.014310514393591657
0.012014182455659137
0.005938335028500872
-0.0047216941927926085
-0.018765158149278434
-0.03009175231356818
-0.026871216813555834
-0.004919923610135266
0.019950230877769877
0.025715694760377016
0.014545654377365479
0.022332259757078567
0.017660320596381583
-0.0100237027642668
-0.035076722301875224
-0.03872182258339589
-0.02568238386736414
-0.00823904111719013
0.0056282950433237675
0.013514328301541851
0.016203601043813888
0.016030872429114437
0.015705038144685712
0.01346775594324144
0.005013475450620858
-0.025819940537920198
-0.00133777832534048
-0.022987811864159692
-0.023047937730817303
-0.004267793315212829
0.003002790673161331
0.0004913557975533293
0.007547576638185055
0.009076329531835627
0.006298687817034996
0.0071398710953338405
0.006867869163762048
0.007015704452574678
0.0071787987167059465
0.007426483400059278
0.008038871494126432
0.01226759960420124
0.007701877621850111
0.007253098090010301
0.006967859082062838
0.006745561671943153
0.006685557203763595
0.007102083429316202
0.010435653406163089
0.005413371479517281
0.004382369837576188
0.0033813125796262745
0.0015338975109299845
-0.0004003991022848068
0.004109130598156218
-0.0003929786021976464
0.0004518232838705584
0.0012226233136304603
0.0008692766203110057
-8.722525912061396e-05
0.0001512683241642454
0.0008157141996498495
0.0025384110300097637
0.003297018080449666
0.008949616200679938
0.007063363162593083
0.012439974034277296
0.009219997378095516
0.009578454917215578
0.00856218916810749
0.006290107340605925
0.0024147686566514796
-0.0031545172348788515
-0.00972551210991727
-0.015517761135370806
-0.017463514588083383
-0.013481257490135224
-0.005891531934387475
-0.0009654577265456508
0.0003244862949242955
0.0078084365267872
0.022271992308681977
0.02699484236568071
0.01678288888726101
0.012546992262337499
0.0007330544875159177
-0.004811906356681916
-0.011128897367219934
-0.01704224113009546
-0.017827173637157443
-0.014291151554718906
-0.008224371135821723
-0.002485880985536341
0.0020832651964535014
0.007268093882159062
0.010879305595204938
0.0075163311148782695
0.007256047146085378
0.005545106189539789
0.002563557387737291
0.00023707947340466422
0.005023254073831978
0.005513691123401325
0.004762206862003238
0.0037009152363569275
0.0020648442543079004
0.000636977899921107
-0.003553852124329325
-0.0048217676229685745
-0.005802815634265814
-0.0033936031257111726
0.0006643458206969738
-0.000760636397754235
-0.003013219251608246
-0.000173451589636452
0.00018137648966040542
0.0024765439205960316
-0.001286671951333206
-0.0016957685863383649
-0.0012770647094554497
-0.0003582708629814694
0.00014422069236673317
0.0002288627744877582
-0.00017207423114160147
-0.0015048756805751725
-0.0032176484514758997
-0.0039860230568353186
-0.0028567508751253844
-0.0011037044651507721
-0.0021604666806288747
-0.005392753013446536
-0.002347893795029845
0.00853323708009171
0.016057071363450266
0.013304057991636016
0.0009461715956898655
-0.007074061147404921
-0.005121001198953726
-0.001434821130348808
-0.0014532691117975685
-0.002992721466342412
-0.0031713054759778853
-0.0019168388344189562
-0.0006060963072913702
-0.0004631724240148452
-0.0009173112871668815
-0.0018042181421220047
-0.002870270012169023
-0.0031095359451015028
-0.0028613000274379944
-0.0022875748822650086
-0.0009156658305344235
0.0009059876954406541
0.00293732499339659
0.004990385681254442
0.0073632950021317485
0.011551487854976429
0.012701292527728477
0.02949195461587695
0.013643631795937451
0.012572532306637475
0.012081813517003024
0.012164713084284887
0.010362055753831135
0.020010892553498888
0.013241547580827127
0.013814469976603986
0.013379272635801593
0.011515445828177212
0.00540471089087597
0.003160142997291078
0.003238052906082296
0.008696376474550885
0.00843697097441086
0.006940012629583311
0.01021815026914527
0.009814685076725197
0.009314086885442203
0.006650852662574987
0.009425446108868502
0.009345950816514627
0.003966151028545542
-0.00016813213380409038
-0.020181655160684497
-0.01943290099586776
0.005705285676069434
0.005063517509543232
0.0031434019476143313
-2.0401529439526034e-05
-0.0005582026293764723
-0.0009338000920146545
-0.0038886305422209254
0.0016752296786055883
0.0042991649339436215
0.0038292770058370638
0.0018892800163281404
0.0032936911623567943
0.001277259915953125
-0.002031356647295215
-0.00691283345458248
0.009961978754162125
-0.004712196764663685
0.0015541876050261087
0.004886658118958094
0.005105677142393065
-0.017741769389050144
0.004810153387205584
0.004772826377418156
0.005748170279465972
0.005687871724443026
0.006218721528286346
0.007215463201528266
0.007730444262283146
0.008573152240407347
0.009338490678516392
