2.7885228599328338e-11
0.008906002415268373
0.011118099780673954
0.011348172514210674
0.011042996000407415
0.010425557829386629
0.009591751693772611
0.008777215419133712
0.00775506305175584
0.0065901737958860875
0.005045633934219997
0.004281643397878657
0.0027100354304503468
0.0015833962909787768
0.0004766843302991437
-0.0004305890759306292
-0.0017219859835059326
-0.0031477528524212093
-0.00436176294557885
-0.004200236861709617
0.0023489158296024827
0.017640627233759608
-0.036509366155344766
0.02993388491910263
0.027950062876259674
-0.0030495248508837225
-0.01738730677433337
-0.023132841028997014
-0.02460111867257374
-0.022330576318972808
-0.019605472181529898
-0.022980415055425897
-0.02183504640252176
-0.020362644798782085
-0.01860978350710565
-0.016509730160802896
-0.008578692818370301
-0.011400755917224926
-0.0068870998550436225
-0.00477648097648146
-0.0007991347844642082
0.0038504052692597632
0.00925834014459579
0.016307571861541185
0.022847199052335756
0.03090977581865538
0.039450074836271644
0.04949726926503393
0.05987777811772599
0.06800487706653677
0.06779417911069764
0.04323907619471673
-0.007002396626935209
-0.0006646812949332583
0.0755074800158564
-0.13107151772717765
0.041645446771469044
0.06777507517536176
0.0023176043959038965
-0.035314315673667426
-0.052291822897667685
-0.05285604942896505
0.0032722735818486635
0.09581767057767017
0.01413876368675348
-0.06827336589106792
0.09941158302189569
-0.1140258791815177
-0.1213427038836368
-0.050787937028604506
-0.01555881807141168
-0.00421156889736639
-0.0012519304280125682
-0.0013763285301450672
-0.002315013066115321
-0.0035108192446012833
-0.0036287437626727624
-0.004887241539640943
-0.00708367343515677
-0.004024080499910105
-0.014747808114197267
-0.016052333678966142
-0.01120497400496652
-0.009455674476705605
-0.008412429883619895
-0.0077328824092885474
-0.007337040579622053
-0.007015253007206033
-0.007030032110134445
-0.005953618153567052
-0.004643191946207907
-0.004218196169385477
-0.0038080009922038765
-0.003208976742710562
0.03267181954744004
-0.00344183597677882
0.006308720439467352
-0.0030996965630719496
-0.0021184857163848263
-0.0013635407059870105
-0.00036187056809872716
0.0013405008457430527
0.01410872247934995
0.0007403224895373502
0.011385704181812305
-0.00011617975652224849
-0.0005438886117292763
-0.0009987450360371733
-0.000981791527865784
-0.0017392769348022331
-0.0016859593574809007
0.03247794225672071
-0.005041392605742621
-0.005579217422046495
-0.0034411481240202418
0.03090923415608045
0.011054668160737765
-0.008664170071768423
0.02131379385212282
0.06647591385991923
-0.01231833999457168
0.02054528822580513
0.0025463023107865366
-0.011771846720454502
0.07687563712841788
-0.010515350734107238
-0.01150320467787138
-0.010223945333862354
-0.004552375447288833
-0.007067282404027789
-0.005928781934796206
-0.0007389153005101262
-0.004167971721595683
-0.003121482310365006
-0.0022485406916173943
-0.003296298042084459
-0.0033848400020376843
0.004815838740110524
-0.00018937796749525477
6.429764517064462e-05
-0.0007811041624153499
-0.004726762785516876
0.03770080799175776
0.00018758531022043264
0.004015033027726884
0.04098661419593156
-0.005045025879303982
-0.005559447824487184
-0.006105141748131749
-0.0037724285502538945
-0.006331206097678889
-0.005055996474764984
-0.004966613934823494
-0.00866302843889019
0.042736801056802526
-0.01014432535481191
-0.009046631841345187
-0.010343058265369276
-0.010823036150588078
-0.011034832333544966
-0.010749503731973585
-0.010441161282329562
-0.009790408928467437
-0.008730505429537629
-0.008304871335599606
0.04194086830651972
0.0030500998524248812
0.002543947146133294
0.01159947124221755
0.021874646836862455
0.03056921683153928
0.03928338352043742
0.047312624373512566
0.05126138436996166
0.048798279055341995
0.03406218674804153
0.016149882403488802
-0.0073884669351316455
-0.018347867150499523
0.00511176451097813
0.03769373715029091
-0.01445491034097397
-0.055247345295853956
-0.014536625726665335
-0.03741153088831819
-0.07227763294975545
0.00801462107537344
0.03466901214829764
0.00207629051137063
-0.018095524106983455
-0.01825983537349362
-0.012244364254484672
-0.008613620063381856
-0.010784862003918236
-0.010691183771555458
-0.03273808453619257
-0.03691485926206606
-0.02729928060679029
-0.028231151204884758
-0.033828341763208966
-0.03630884127497412
-0.037805141926583664
-0.03372547344558978
0.004324974689735831
-0.004117596330818341
-0.03457105432179697
-0.036905448713544176
-0.03134625143532469
-0.03290945752028352
-0.032016373367226056
-0.02463869526223855
-0.017837427356518682
-0.01468753682940643
-0.011195442787567183
-0.010859546810591734
0.04597275785640377
-0.004757490002953328
-0.0014838151705913482
0.0003023848078313424
0.002312738334027152
0.0036678734260567557
0.004279780212507869
0.004149010109732725
0.0027778260437380216
0.001883425126286773
0.012971740093861988
0.05102332471480467
0.009824000176314325
0.0035271820744342606
0.0033004836022041246
0.0008915951699158618
-0.013756523199233992
-0.004750331164797816
0.006471721684269628
0.018431776242190494
-0.007899566636415046
-0.03001045759394816
-0.001184032296255161
-0.015642467317594076
0.017450653234767445
-0.006623844690971978
0.010828668382051512
-0.005532559713157453
-0.035042171599322006
-0.01857192307538056
0.004240361301419238
0.009831930632343857
0.0032732631637693173
-0.02588233617053207
-0.020595874552392392
0.08733059318829679
0.0033723728723314868
0.012099333520500577
0.01205610560103493
0.017378794445747237
0.03385451721531092
0.018507285642421645
0.009948611970333704
-0.0026312553604930966
-0.007828228602670045
0.01166234142457803
0.015092380752555428
0.01071128104877369
-0.013597545320329916
-0.03212345312559109
0.012072112222705869
0.02537910131409723
0.004130268317536573
0.003986934590987762
0.013734056126699827
0.017255519667404684
0.014572121551397177
0.00952414194584821
-0.0004053765887734686
-0.0022730839393555243
0.005786415622904136
0.01670072385917599
0.012173793214142489
0.01634671498488947
0.012723176236006453
0.007480852163502785
0.010465647889848398
0.013761553460548559
0.00897079610925438
0.011923827154894494
-0.00046767670943189126
-0.06668367931013727
-0.015201675687399179
-0.005099452338266817
-0.02557139148222458
-0.0005606381853522334
-0.007891060113763799
0.00515833206788239
-0.0053262172417895045
0.00016825703199174302
0.009102979546932512
0.010213903511538709
0.008029583664057772
0.009418500839255238
0.005769405003856018
-0.003631023982715392
-0.025388240655873633
-0.05428594050856298
-0.028739729756693765
-0.009506190541615517
0.002649155386504862
0.002791671527902798
0.0023031308881302703
0.0017534903767490063
0.00037091411891152556
-0.017703500691764677
0.0022000302970653484
0.0013410714209269197
0.0034259090289647433
0.001602040292365219
-0.007236289061345824
-0.04408843283388534
-0.005315582831012993
0.009129012336006666
0.017289593588104266
-0.053163096705877995
-0.13289394853559158
-0.011257070283658391
0.024596480688393468
0.07309252391904433
0.05162135840510612
0.057832397556045884
0.08403658972776078
0.04163479828282408
0.04505498205037882
0.03694985799564191
0.025648824744966773
0.015658002562066346
0.018778378125823045
0.008524730344500037
0.00691795398473367
0.011703495933596512
0.01531054225101225
0.01512264472270093
0.015500677488663905
0.01658953109649886
0.01637227034972736
0.014832591563922267
0.004576816419810054
0.012527520942435536
0.017670408921516
0.016758565323389596
0.015897589994358537
0.01411440511281071
0.010503834766105715
0.008695272725553312
0.003449539099325855
-0.007574540600773579
-0.017869739388993527
-0.0032756524662697377
-0.08567464276354736
-0.005201150218891379
-0.010999297204190397
-0.01780822058307841
0.022128112176569025
-0.01718491775241893
-0.013790474933170985
-0.012671772488875594
-0.017513517016470852
-0.0010099748306793563
-0.006508755054986552
-0.005924212359289694
0.046863056133904235
-0.07028786670431827
-0.05578406364457998
0.05338603719253914
0.044911177841690145
0.010152977752882446
0.005899756216965419
0.019521412241548162
0.03779599329799757
0.014442355816684968
0.02592832404918108
0.02085499306489728
-0.03182522394252782
-0.0137350399756564
-0.028450295695089643
0.0032059665421401203
0.03836821861591203
0.029400198825396743
0.03205505963595325
0.021681273647344977
0.014965215902070195
-0.009203369550647376
-0.021187229165997322
-0.07696753304653668
-0.09733038198134984
-0.01015461218297933
0.03905404314295128
0.022500508948183652
0.02705275679929058
0.028066718029539053
-0.009745366937353206
0.023413095713587212
0.02299316739198014
0.049523456929069835
0.0534466230780057
0.04137881345766607
0.023431625035482934
0.02286297395081929
0.011476499740882027
0.009640749498404008
0.00699092257233964
0.029847067774557742
0.00218274939383234
-0.003181149566393824
-0.007698493603614259
-0.015141570846096455
-0.06434233781903469
0.027395141000925226
-0.03437534676494402
-0.04714779136159748
-0.05633848651038162
-0.06616072104314757
-0.0682245966279177
-0.055614996046432705
-0.0049623067243739615
0.0577252348574898
-0.03946321424993807
-0.030226307265620492
0.09602073747528177
-0.09910563276077158
0.039336530608776586
0.06532593711008892
0.04923333549424142
0.021709645118953073
-0.0038975743563570784
-0.016730880191309985
-0.02837685066937413
-0.04116286239186437
-0.0539912336458581
-0.05977428235147118
-0.057094192950734826
-0.021293922299993072
-0.162398181830558
-0.04859888141500805
0.02277674920595486
0.014382586190174008
-0.042886408606806065
-0.029819489601844447
-0.012392145014043851
0.002390631760082069
-0.03546945137778134
-0.008336758978011042
-0.028717231457583637
0.008075477624275537
-0.0008960462927799966
-0.012229308559788578
0.0016559843278714168
2.0111092973260944e-05
-0.015096621403274686
-0.0345910193463417
-0.02699133285232472
-0.03541472262672331
-0.03910220117599089
-0.032294356228044
-0.025123614863376997
-0.0043739176833382815
0.057273424868687764
-0.004637191995855122
-0.03992629566010905
-0.017369773760547186
0.005039427197558195
0.07427691018971609
0.005339944551701531
-0.05656447626113276
-0.04919332880922521
0.01107806545175615
0.06693686169012246
0.01887036906338256
0.010513908535396561
-0.012267616785061016
0.032126521527868344
0.012778879566233253
0.008840544669383365
0.03669075977893445
0.09491212095634659
0.06511592999966608
0.0681497689574116
0.09598947789952272
0.09103587572098495
-0.03487274193275843
0.01713199786691714
-0.03844283900927448
-0.023461353325581646
0.05643650242646864
0.05630508007050182
0.04525637528489367
0.0521818926776948
0.04058056051110927
0.028149336054314324
0.033213660881101656
0.012556643910325141
-0.00897274489674313
0.00938815739362634
0.0012222506900632683
0.003026913236003049
0.00466409483227889
0.013682118154075032
0.01757118527327031
0.009920245480816966
-0.0020102822774748503
-0.012714538722789777
-0.025138986895392193
-0.014519104904911963
-0.006745424231972
-0.0047157759284140325
-0.010806047131603982
-0.00872538209662704
-0.009210287640907758
-0.03786372193126421
-0.010927212325013194
-0.011842653057861148
-0.011551724671671237
-0.011879543312887455
-0.019432305001735
-0.010818127672868591
-0.054253299611658236
-0.002092138281138186
0.0014446856545339015
0.007385328778789954
0.009602957025693113
0.009478990283122947
0.008382463662410472
0.005452242715267352
0.002263281911711867
-0.003012472496907551
-0.008515482988058841
-0.014569284221547818
-0.018228855253953458
-0.023883398466488126
-0.023132824615819607
-0.02538874599207078
-0.02174350902450359
-0.01477374853164194
-0.008016680641994156
-0.001660785108117872
0.0029949201345313868
0.004362664839747994
0.0023077420199890428
-0.0016422580328527652
-0.005222697165337701
-0.005477652532619595
-0.0020605428100348845
0.003291504067466669
0.008352740426939377
0.010016259923901418
0.006127934862249269
-0.001123266487863557
-0.004385081656055179
0.0026224844611812104
0.015485902040520479
0.02206700265918878
0.016129643722261267
0.002656169795364899
-0.006406199812635233
-0.004902652467550617
0.0024355462720758773
0.008098193792888418
0.008651424616530198
0.005039508822199215
0.00016329518399464733
-0.0032069176360368756
-0.0036354278831157733
-0.0012859895190388145
0.002714059552600994
0.008478162053199215
0.006585327500192692
0.00573397596337776
0.0009260614902002627
-0.005053989292278484
-0.010354823754421585
-0.01529301243053541
-0.020033105133461293
-0.023175716296667925
-0.023446914736336213
-0.021407013014636763
-0.006657680362017583
-0.013179474024332722
-0.009758327621289664
-0.0053179435372646315
-0.0008873999999101298
0.002850722150257669
0.006227595982275012
0.007939963929090875
0.00925931837232262
-0.006668252260335573
0.008584344146078525
0.008100775398116359
0.008316192255450005
0.003037428483475649
0.007620092118881237
0.00836618371469647
0.011083731541184865
0.01755401327531456
-0.0004614835617817439
0.014116022883201605
0.005166836476707219
-0.002296446960550073
-0.00120632720737789
-0.0010815452270881945
-0.002730071454907156
-0.005918660425249192
-0.011532472369495105
-0.019666343364438732
-0.04266922427622071
-0.026703736383268353
-0.015339672006759989
-0.006200329960485574
-0.003838281044899287
-0.007710036476545331
-0.009306252801685804
-0.02021253761611514
-0.020357537090395672
0.01175634688843955
0.01384334881169772
0.01949808216368337
0.022316381327057273
-0.015085834430424345
-0.028687460141428468
-0.012561990941271787
0.0022751102232403345
0.007741777300807845
0.0030795351189193587
0.007745632950120114
0.005345017955584016
-0.0003485185581587768
-0.011123717594768325
-0.01318207390410445
-0.01604994671398357
-0.014246918571752374
-0.008820266339491335
-0.008385640347487745
-0.013574846813374737
-0.009249349634481391
-0.033076791361767485
-0.01702801986570096
-0.00878126447393588
-0.016346565911721723
-0.01244920440843365
0.025536205887335454
-0.010629482452577065
-0.011690728890344771
0.01925720022121325
-0.01565165101739499
-0.018575359640217802
-0.012067739283030105
-0.024811678374395
-0.053692627140261594
-0.030553905176504085
0.2014629843255312
0.1540679628102672
0.0023222277680674365
-0.0636218466824622
0.04482312088508075
0.051980013106112784
0.03369427275315833
0.018470092944367387
0.010730814803534248
0.003721055407028609
-0.005622971933411311
0.0025556403713033323
-0.012788911089433839
-0.013447884765411864
-0.014879843273139846
0.010395919500041704
-0.012427957459829705
0.010761136125776751
-0.01344196574446301
-0.022248977750228677
-0.0046238777774411065
-0.0036020577161673052
-0.00930202818019771
-0.013727644831337121
-0.0038859307224579764
0.0011433793396348367
0.0017057002156862825
3.6666950723321925e-05
-0.004360978875762723
-0.0027064319639020407
-0.0019536921110393677
-0.0006644631883250265
0.0004453066221486765
0.00027495534750919293
-0.0008340178518037257
-0.003975417093689879
-0.014587595293406667
-0.026182397161776404
-0.016606950821946093
-0.01611355165624214
-0.01952948027713985
-0.032919807229525505
-0.011307042314037603
-0.006446093860584239
-0.05328411117145764
-0.017284650593529998
-0.03426011545876601
-0.014913258841414931
-0.0211709416824474
0.0013198599161630346
0.005916355536234181
0.007289476393381132
0.008576048803886823
0.0015487537184164922
0.011178024000543678
0.014632131829943721
0.015712389368684045
0.021041517152167535
0.01801108986058315
-0.020134710672359862
0.006983046701736376
-0.011509577983782835
-0.019144157198221833
-0.009766534888639669
-0.005805411421902583
-0.0030864706882560086
0.002719727557054745
0.004219557156415531
-0.0008300057805276295
0.007402424983554317
0.008827716446851902
0.009998156616767917
0.009017221892835985
0.007103584311923315
0.006746105378484943
-0.011269223071211157
0.0028377944852828467
-0.005490421588475101
-0.01152126127416294
-0.01431098048703189
-0.021766154253854465
-0.0198872756847402
-0.01701975757525899
-0.01126659543448837
-0.004255287247909001
0.00232631899112678
0.0028478462494154443
-0.0002457262966402943
-0.00522178328688955
-0.007845451647972226
-0.004669451956439425
0.0033915091846944074
0.01183813812827409
0.015092868930399687
0.011219700184066398
0.007391220547956996
0.011752161444768008
0.017418153713758374
0.013342063283812444
0.0055156558898195405
0.005907814706192091
0.011536766236600049
0.012665323554619131
0.007018086535360316
-0.000902470093639042
-0.005922705587101061
-0.0059285456684584166
-0.002427120424345695
0.0012384526758556786
0.0023815558532374924
0.0007920644086210543
-0.0020186407605520115
-0.007222459495289244
-0.010069605757609436
-0.011111604358837299
-0.011151602373528252
-0.010790690333961926
0.0017513731171787989
0.0037468421533550277
-0.009432566801620385
0.028683643269326563
-0.008015732991187352
-0.02730192093333727
-0.019820662499807237
-0.009974063979491209
-0.0020359179084877234
0.0015754295969692346
0.007755445743441648
0.0037481153513539605
0.0005238817655583962
0.007624848418243214
0.002888509983482357
0.0067749428953381265
0.008336131700213313
0.007799523171833469
0.008480526012504841
0.006248218164190392
-0.00022810530224035287
-0.031441797915304444
-0.0030743154020337025
0.005548845055996156
0.0085243644324097
0.010274931976319667
0.008002226180867881
0.00033295819573536645
0.009666136126202726
0.010648784102611185
0.007932383673243594
0.001154270414030314
0.005985151021654481
0.006121392094477551
0.004818654235762925
0.0010153968571900295
0.010160848970624652
-0.0016617310437229509
-0.010988151444868883
-0.035992533433795854
-0.01585803402988603
-0.03448927631524021
-0.2071567715926421
-0.0029563861700276444
0.005832779703682639
0.008491921504924754
0.006328496153316363
0.001065393519981987
-0.0006724192087407338
0.008523341031688138
0.010571920058890428
0.011510771321135637
0.0062998624973541195
-0.0015757028774918249
0.019202557955708105
-0.020390033284603936
-0.050967975683007274
0.013464781368918741
0.011175294021339188
-0.08840598792269845
-0.047591021087188545
-0.07042114427495652
0.1480194564715398
-0.014781173271032516
-0.056298260748676
-0.027091454514852713
-0.013466201038127545
-0.05614282812101201
-0.061486252033199795
-0.08987567293067437
-0.0334157683975442
-0.0020236696241346113
-0.0809469689124886
-0.04236585540784801
-0.019855772488444716
-0.008426592828876518
-0.016839206010873128
-0.09360810830445652
-0.020769675455546737
0.0021339307835632803
0.005237423169542068
-0.001890891436895904
0.005485572060642737
0.012811056620607119
0.015187266583497668
0.013942040433711535
0.007158348783137109
0.04881995851588518
0.039580033437168635
0.047829307900723074
0.034592826584913604
0.0445900260198086
0.01844922105463623
0.012834176514325503
-0.0034641599605021813
0.0072317172382905534
0.008832965747227488
-0.00019263905237741462
0.007109891025006123
0.0101940016367282
0.011235943394448448
0.011124905061456407
0.006593184522187399
0.010271716111762875
0.009948205551821259
0.009690319983281188
0.0036897999145178795
0.004445014760602952
0.0066871686661911945
0.0021047901357680804
-0.0005655165646893035
-0.01633790471161066
-0.0035387259177301488
-0.005045631295747203
-0.016287412789750835
-0.02241379080238261
0.021482767625592397
0.002456955813291026
0.014065516975479071
0.022607588787615495
0.028374370672181463
0.021403975726934442
0.021331752340922123
0.021790220428529985
-0.029979272459031432
0.03524319049259231
0.04853079145078733
0.05262757872005413
0.054707610645143886
0.04320635018984319
0.04945302811280854
0.04496423125153124
0.04320176515263362
0.035551702521213174
-0.003986268842074468
-5.770753745191327e-05
0.006703248205658343
-0.024541749803435715
-0.02600874047678253
-0.0102152492415389
-0.005161486837020174
-0.007039673762040053
-0.029256519750585554
-0.033003117439147106
-0.0467745908352001
-0.03541641398087512
-0.03039976623582238
-0.010919365412382174
0.0021192859727325953
-0.00236612050517082
-0.006639722237189437
-0.006148123284404186
-0.004424386013613465
-0.0034675618431737124
-0.006702703632002117
-0.0041295502044655895
-0.005726051827515508
0.006767541232148886
0.011524415667321842
0.010137027560413276
0.0005066612891440008
-0.008751153995788572
-0.0028909420112848963
0.010076570732994871
0.011679123252639697
0.01675728993485108
0.01798007330513893
0.018300230731821094
0.015430917365864508
0.01755612433934846
0.01729049608229023
0.015460227798526979
0.014209985896532435
0.006159123355383136
0.012195774289127265
0.009572280603721008
0.003493982293833538
0.0012135957503244138
-0.0023188778614476047
-0.000765235516402724
0.00317415680550366
0.004721719422725687
0.004471548378628916
0.004610303442000365
-0.016970647839833822
0.0007707916670735423
0.008173580688873514
0.00878625240081378
0.006333592785227588
0.007776946561794292
0.006881678046788974
0.004019442362437929
-0.0005053865883591668
-0.006794668150795553
-0.01395269879478849
-0.01833981603398686
-0.01446175893301629
-0.014483383439159914
-0.032951110656689986
-0.02527197807995262
-0.008796327894168595
0.0004719963779898812
-0.00394064284065313
-0.0017045541961257192
0.0013167589411494564
0.0034316023937357803
0.002596717306894592
-0.0015799562116479763
-0.00717501937796684
-0.009791139897340023
-0.005577366775670961
0.004220297221666718
0.01287403689402976
0.013991306523925719
0.011266497745954692
0.014136123544093621
0.017384860162720783
0.013271763860060338
0.011223819152442702
0.014014561496350561
0.01205074475927728
0.0033166908034711435
-0.0058558690176264815
-0.010077820241764892
-0.008071157829127604
-0.002486400800954169
0.002157958398456816
0.0038541289106743533
0.0008850569804605307
-0.003301066233342499
-0.006235791133564691
-0.006757757043345262
-0.011190439648874607
-0.011475634189802554
-0.009795601184813017
-0.007825705065269499
-0.0029447408529964096
0.008989683601846864
0.0024214639105621175
0.0016065035986917021
0.002381067491519856
0.0036418256005348445
-0.01790837161475052
0.005969619842809021
0.0057263307396363495
0.005520393396748415
-0.004310327372834162
0.01050099154842836
-0.012528125956871366
0.0023212320477923923
0.0027368666427554735
0.001875436311670762
-0.029453292466535396
-0.0030701063901166707
-0.0017143920080367166
0.0036886600117061056
0.017886900589490624
0.03104136024064072
-0.006698406896607452
-0.0024602430216146
-0.005342161769944818
0.0037060101098146956
0.004871489983735491
0.005418187385794789
0.009941130884159769
0.006818731052137042
0.00518939648561862
0.005419914210571929
0.004764579520026853
0.003831836369595436
0.003135739304463677
-0.03479803388523613
0.004952465220838773
0.0132206462446499
0.001691541406875412
-0.0007289880073225348
-0.0016402430570976434
-0.0025843793534923542
-0.005203167698815025
-0.004605860309501567
-0.005350733267602626
-0.006050410195813505
-0.006944190985238796
-0.00742634223289123
-0.007489418994210835
-0.005720837352133021
-0.0034257751154939966
0.02025702890319714
0.016392668126021682
0.04980997835440408
0.023035322834141288
0.0015087601416979989
-0.0009133100039550821
-0.0001779656409638232
0.0013488876915107829
0.003122721088020211
0.004930469289976923
0.00758559128944035
0.013334349096918264
0.008453302600061805
0.007847642911790664
0.007226592277540775
0.0061228452807488235
0.004559952147622883
0.0028413545458803044
0.0011896376708985209
-9.971762374553613e-05
-0.0007786809844115861
-0.0005983259733839504
0.00048641252027586013
0.0024060287954827606
0.0048643104388524806
0.007366516383561752
0.009246169967194535
0.009730325166394077
0.008098664166962248
0.003935984513234931
-0.00255967940980031
-0.010185162740780828
-0.016557808958681502
-0.018522605378117285
-0.013549002655671018
-0.0019648212316439274
0.011709107473511171
0.021271308559436434
0.024568313663347125
0.0240646824517859
0.019759862397544722
0.009584963174528493
-0.0038594305701407827
-0.01499499639699553
-0.020655278744622658
-0.02125842263228653
-0.019203233172501884
-0.016877897811637073
-0.015714849709347625
-0.016164932576259245
-0.017478921857375707
-0.01681138084955674
-0.008991568367876028
0.007149817535499926
0.02040707297015219
0.0187379821617647
0.003275550856578648
-0.012343175576563207
-0.017995055987251964
-0.018568409612189363
-0.024727821728180402
-0.03592774911739574
-0.04064280258174917
-0.04440916218153011
-0.03213359689280514
-0.02238210623523372
-0.016720767085870537
-0.01330390317740578
-0.010965789747401061
-0.009146568725142839
-0.007625559690080943
-0.006325704394330502
-0.005237814103625059
-0.00438189214799764
-0.003782433661107215
-0.003430684370805301
-0.0031415901676775425
-0.0023811214237819582
-0.0015314664235134743
-0.0013558875464822983
-0.0008883524637444439
-0.00011873978666518846
0.0008810283683751949
0.0022249150996718624
0.004007800891664604
0.006215342771850507
0.008655613219405498
0.01083634474822399
0.011668858870428246
0.010197934173215276
0.005951934600570614
-0.00020846814946212585
-0.003738959678507953
0.00044275595199189636
0.00592453485133907
0.000563449511415816
-0.009980220344017967
-0.016544717984274353
-0.01821379045583995
-0.015097435777092869
-0.00774571609071906
0.004150213296037403
0.016038162140229816
0.02210012582351832
0.023036400047187097
0.021645377314097092
0.015135517199739917
0.0024273134312724916
-0.011066815523590193
-0.019199074416893728
-0.01998248323600827
-0.01508514531583265
-0.007565603158271261
-6.713348817481807e-05
0.00554117415265416
0.008338789063059545
0.008553871512639616
0.006238282371819617
0.0010691446330991774
-0.008276683902891926
-0.021151046246501007
-0.02506858388949069
-0.02464852105242815
-0.014970592504347043
-0.008646968624117965
-0.004981804935597257
-0.002636577323381833
-0.0010412490052614366
2.3716619467394828e-05
0.0007852934246002721
0.001570129987872045
0.001882879671646058
0.0024327880777425415
0.0028808160520942916
0.0030052721085194957
0.002841755811412644
0.002618905870942744
0.002487529385804323
0.0029636082187781956
0.004580161837394707
0.007467997706311959
0.01122266398324824
0.015439821559522308
0.0184107913872823
0.016784570179373886
0.008564867558053697
-0.0008958043156839434
0.0014540627176707604
0.01577058068303945
0.019988524429421627
0.006505138976165092
-0.004462142314665108
-5.6355857162142194e-05
0.00988644490013447
0.01571159513744683
0.01633838450342696
0.014259001229291997
0.01169069069917711
0.009625003706549796
0.008249826684703171
0.007750644047587019
0.008237115498933955
0.00946498820250714
0.010821545199971423
0.01070594797314864
0.007234095144645057
0.0006773384197833342
-0.003463799935641082
0.002153067919090474
0.014398695373079638
0.01919927328999084
0.010518260077288621
-0.0013989502593007976
-0.003744309523049272
0.0025828601025423563
0.00889806740852471
0.010231214904301532
0.007047175050279962
0.0021230487852851912
-0.001976209536286062
-0.0038859705594894377
-0.00344763842815007
-0.0013153157382495364
0.0015383951849784105
0.004232669039153396
0.006230262878364226
0.008042040914703081
0.008609414560812769
0.00642127432190642
0.004955089236538641
0.004117541734740372
0.0018850115144425363
-8.900949824174294e-05
-0.0007813292742375108
0.003446156214580958
-0.0023667858812154072
-0.0011726422267667987
0.027984406217369626
-0.0023840082354930655
-0.0029457568501872634
-0.0028658050381298963
-0.0026317717473639903
-0.0017860989642312392
-0.0011691979376971368
-0.00044166374586669687
0.001072706962332217
0.014229780315955651
0.0028934947241562995
0.009104792182447828
0.003872673980620059
0.003190042922757613
0.01226013482521842
0.006095196740407318
0.002412146593503598
0.0017429101505582688
0.0006740776299995105
-0.00024024108018785845
0.001185190890051794
0.007001061765216988
0.015050845951932939
0.005717388567069148
0.0028156388658750944
0.03378842440347229
-0.014949085722395141
-0.0005044867966834479
-0.004544224652519676
0.0010087307861610772
0.000945733027899895
0.003961861354255248
0.0020014199223870755
0.0017703243809351569
0.0041874729649507775
0.009988815111667097
0.010460706257471926
0.001735374236642199
0.0014344615621820797
0.014618243074119864
0.014980359932531
0.012576537048081335
0.01341803299342743
0.0035039326323581576
-0.002748577921616091
-0.004969083867955611
-0.0041396689195468735
-0.004146620571048868
-0.004462067590958058
-0.00448367054073703
0.0250017485680779
-0.00905511331517397
-0.012080652657090008
-0.0051035863615390715
-0.0032181422879528723
-0.002484931549437479
-0.0015165884049730325
-0.0007362814202268354
-0.0001638373322349153
-0.0006886743689330712
-0.0034896803431329567
-0.00555091874016264
-0.009488754163074603
-0.012182537564470368
-0.02532241220693467
-0.024725590466262746
-0.008020462050705345
-0.018442168775250734
-0.02702391086543355
-0.013897886672998409
-0.009917995608415886
-0.008286260316527967
-0.004057512652873926
-0.0009751258289031724
0.0017040145205922484
0.013122240913486873
0.0032637968663455784
-0.00310529683065026
-0.004067936562252899
-0.005006341755530074
-0.005341652284707465
-0.005110822604497217
-0.005128261659777529
-0.004756597147603574
-0.004268198466757763
-0.004195281652450326
-0.005995645371829701
-0.00840762307862661
-0.00969749984836317
0.012844484773822946
-0.009817503987862452
-0.007411974904456442
-0.006520719663611323
-0.005109484667674168
-0.0043624843121819615
-0.0034312342047416637
-0.0015014106918598126
0.002438657227176653
0.002568035391133581
-0.00041944795353247773
0.002568315594250842
0.004467865270073835
-0.004148180071763912
-0.003390462602064691
-0.002834151820801523
-0.0029734718413992663
-0.0022162005409024593
0.0011625714028850242
-0.0013477973671962868
-0.00080943507107532
-0.000554053748486367
-0.0003887908119393543
4.433482907254223e-05
0.01283781333744976
0.002314224924256682
0.001017759442340495
0.0012196438225530902
0.0012178303642774232
0.0011060539111730791
0.0010891706839054344
0.001003095512871799
0.0029182903442898757
0.0016802665996008227
0.0008605315356519588
0.001068917046179047
0.0034432475994478607
0.015095125651269494
0.0002594893064732903
0.00044895567914334146
0.0029939962636890234
0.003914956799030665
0.002651457148831061
0.003918490760954449
0.0055735293966806135
0.008160311256083963
0.011370926808788697
0.008856869228755655
0.00813726710901932
0.0073198669374634345
0.006109800465828267
0.004807861945165785
0.004531339009327466
0.005678499320323887
0.008528928242077398
0.012694208049444867
0.01706597541742468
0.019801671858565666
0.01848408320976358
0.01162524052943447
0.0011265168719213521
-0.005157813548003579
-0.008346672225526854
-0.0025750072977270026
0.013147428664389286
0.026491915843773486
0.029069246283030554
0.01989811414774035
0.003239490403318782
-0.009717796922790841
-0.010981825892376678
-0.0026114111219039055
0.00848555477426801
0.01685878122445543
0.020460601697503956
0.019826997271917984
0.01663198969887149
0.012637277325006566
0.009163298977660094
0.006947720406223553
0.0061167562547496165
0.0063440805087265776
0.00712036116651695
0.007963100880265328
0.008528080778899631
0.008737390920153486
0.008761463223758145
0.01710111798193546
0.00753763064174592
0.0055866618212186085
0.004336290406100758
0.003270659790542904
0.0018230408343470153
0.0010809254352862198
0.004799715756687687
0.0060087142153861005
0.015133754795699225
0.003600470536220592
-0.0006737224241465589
0.019629926535643303
0.0021007555791451864
0.0001035020356573406
-0.00029241819628638793
1.2909400180222252e-05
0.0007040048599632226
0.0007291534060112294
-0.0002939521450845835
-0.0003957881251170501
-0.0008069420765856971
-0.0013718900543824156
-0.0020327833121555785
-0.0024840261652100057
0.02675983876193336
-0.005297751095125411
-0.008323671640213316
-0.011449928276796155
-0.015991166918253565
-0.022133184380728827
-0.029418516385212284
-0.02863333848890039
0.006961565476773573
0.0017683790071853602
-0.025374949182493414
0.02222411057890013
-0.012099383887493051
-0.03432880564315084
-0.029970247393562927
-0.02227621921263234
-0.016582734473874153
-0.012167550424858668
-0.008681086540022219
-0.006363306033834392
-0.004710853250792095
-0.00357229590155006
-0.002642491626376329
-0.0022180208293024898
-0.001832883249803339
0.008437541610986655
-0.0007005063624506097
9.674089901213637e-05
0.0009349012882767445
-0.0024520151104238043
0.0021946405653909323
0.004740901043530266
0.003975630139800362
0.00800135001935025
0.026179182612658173
0.03791646411622581
0.02132804733541692
0.002808466058217443
0.002748730887292676
0.003662295030509179
0.004405564539302785
0.004448632797146239
0.005103476163989786
0.005378382727170888
0.005510941382087023
0.005510818791777573
0.005427633822165925
0.005214014152410218
0.006577876399726037
0.007028695890500965
-0.029850446743600247
0.009238158533215982
0.006389930530631524
0.005581273442668489
0.004774277792853701
0.004751157627867383
0.014177757655587755
0.004161946987041622
0.003922159999933432
0.00799539576427226
0.016188092947174455
0.002800117742870172
0.0023238017628922523
0.0011833012435794256
-5.940544496107599e-05
0.00017436682498851624
0.0025626524119911577
0.023938433611768267
0.0856453403285021
0.04721938910128675
-0.01027588977647285
-0.008090671889200478
-0.003032811843476392
-0.00016229965191310694
0.0019894506708763504
0.0004494698135173437
0.002774651258184805
0.001961893673521798
0.001378034713994674
0.0003529406382142551
-0.001404761274138946
-0.0035577801801112458
-0.006274849910091662
-0.008065106006114512
-0.010797740921532678
-0.014393901296894366
-0.01041016893534575
-0.007615563507296268
-0.0058689617069803265
-0.0034018610705914844
-0.0014412785535069742
0.0005086067186193647
0.00523124429206
0.0016360349068702336
0.0018524786201851602
0.002033007418088552
0.002068271226535854
0.0020923498047724183
0.0022059875434457003
0.0030524824674383814
0.029491008141215577
0.005876534936600072
0.002792618355020244
0.0015966282063076254
0.0015712013371452242
0.0011493033769335217
0.0011950735765405606
0.004071656644083312
0.0014539104641027956
0.0028935232169103584
0.03762804416013904
0.002697620854588401
0.0018299542061106532
0.0019032436812717896
0.0019968350643642563
0.0023264602658049235
0.0041696541954992184
0.010501240624866166
0.006810385146390545
0.0044473088586557755
0.005140980310840506
0.006670054821120302
0.007707140866120265
0.010020665150478695
0.016734022426391538
0.016629082831052314
0.0051787920836824835
0.003441703043266832
0.0019470309252034848
0.00019679169851456797
-0.0017336940383970662
-0.0036164528537784004
-0.005122430343151511
-0.005807295975069898
-0.005192710994070991
-0.002954960977023669
0.0009143902441154859
0.00567171699637342
0.009886875721902633
0.011324909066085657
0.00791673955729831
0.00013003269692509086
-0.006445060323182983
-0.0029830587800103257
0.011235287272607414
0.022466356050928234
0.018816751949795645
0.0037670142866251697
-0.0075596580378625424
-0.006746499106777572
0.0007824543309977661
0.007302791212041648
0.009722076773056552
0.008568438693895392
0.005561292298143203
0.002159060755545345
-0.0008405340017204942
-0.0031493042475140343
-0.004795933114279705
-0.005918467429476869
-0.006651915499882224
-0.007169337823367173
-0.007537963369025845
-0.007834790352159924
-0.00810953798004529
-0.008387415316271659
-0.008663464057587555
-0.00887644779940335
-0.008934585752164145
-0.009040347800760113
-0.009138750130861996
-0.009080531282514312
-0.008883219731474276
-0.00850524331162413
-0.007805038466391306
-0.0064636286566760875
-0.0043528651417096284
-0.003194408752658656
-0.003463171017979674
-0.0033780023671285617
-0.0027829994163784486
-0.0019790540971563212
-0.00115346693748408
-0.0004361134924281047
6.085361338667377e-05
0.00023579114694683296
-3.190990297384077e-05
-0.0008838546542165109
-0.0024002950985646198
-0.004565407102901438
-0.007478611572918665
-0.011007155710561383
-0.014882459290793994
-0.018843179038168408
-0.022417572461905688
-0.025013352752476417
-0.025853615891949074
-0.024160138223071326
-0.01946917286691969
-0.012231491067988026
-0.0034677725589426205
0.005260062850121194
0.011078786156737047
0.012235669955510139
0.010675442126442242
0.009107626342643458
0.006853277970281019
0.004112978353807036
0.0026926034310210466
0.0022691966588593536
0.0006020642072639599
-0.0037585088435087735
-0.009344256187322642
-0.0120407547721106
-0.009198363013396537
-0.0030353441000900336
0.0021338125927530195
0.003663527222356368
0.0011847745841179812
-0.004211725330694511
-0.010895255843016462
-0.017367032430461518
-0.022596317741722754
-0.02608129828481473
-0.027752916276320747
-0.02782724619829984
-0.02666661426776311
-0.024668106760662015
-0.022221345948407883
-0.019632578327580964
-0.01709750184751658
-0.014764979461020391
-0.012721448387331864
-0.011005019677985797
-0.009623865853402335
-0.00856020706175606
-0.007796813365852006
-0.0073314189802101
-0.007156684372189288
-0.007260074038490855
-0.007671706015328013
-0.008421013220152098
-0.009549299186794027
-0.011098267395588649
-0.013091083532162743
-0.015527612818912552
-0.01830903515839465
-0.021238546632374823
-0.02397298324118149
-0.026005535111815827
-0.02668902047465324
-0.025347521181454453
-0.02148790699087753
-0.015132472608240872
-0.007160141074776195
0.0005476892319624545
0.005478861407021766
0.005605867076718679
0.0010261127219022546
-0.004780197182701197
-0.006361611160464521
-0.0020165766349073974
0.0038800747244370874
0.006424460669290842
0.0038369382888050227
-0.0027723184246443056
-0.010977196889273998
-0.018438031013734056
-0.02363964557948445
-0.026020824370035302
-0.025773579503090147
-0.023492144781778995
-0.019898650168059435
-0.015705506389568392
-0.011492933422541617
-0.007671457418784744
-0.004489998688565755
-0.0020597624756416126
-0.0003992285622272995
0.0005487131378712555
0.0008865802006040657
0.0007386661602939242
0.00022275176911450508
-0.0005966000469329137
-0.0016271622894947358
-0.0027261007321836635
-0.0038273310491508303
-0.004897114801203768
-0.005938439481232886
-0.0070144257003654925
-0.008292049931684161
-0.010185693743361287
-0.013682131412486911
-0.020390982958372744
-0.02417374102084383
-0.022761041972957755
-0.013804062014303148
-0.006747526119621811
-0.0016179589820118257
0.003510830514831104
0.009942149041245922
0.01808067129209001
0.026179296412910055
0.02989704892424494
0.029303514810314894
0.02991336006693292
0.029075884171840514
0.03021510921484388
0.030080141010013942
0.02793554166365821
0.01881545587510849
0.008845851264836651
0.003141348548234047
0.000355880116050386
-0.0008279054881820194
-0.00118648615721505
-0.001093142952161524
-0.0006949241351687588
-0.0002315138578873237
0.00037048728765486636
0.0005732294162746234
0.0006817973624886946
0.0011535434446471966
0.0008897107649387994
0.0009358933467005614
0.0010261599035659985
0.0012742393288771683
0.0018493018830200358
0.0030164248451645336
0.00515538416154586
0.008717858056936803
0.01397825303497561
0.020511473958431774
0.026407189441404137
0.027980465939981818
0.022087857667912526
0.012952754095639635
0.011999454529935295
0.014179355491289531
0.011167096651548077
0.012360254280474046
0.012987736174032474
0.016460877526008305
0.025533053329940863
0.030983738933075766
0.028668368995895855
0.02139453139813336
0.0129666898133739
0.0054938237574240645
-0.000642150106888912
-0.0061621709834553924
-0.012363865344541742
-0.021818171687004326
-0.038787407970986794
-0.0679323611426972
-0.0861448751317327
-0.0876886341172152
-0.06238604901087096
-0.03496972211746364
-0.017873664505901807
-0.010384657434158803
-0.0038293981072975336
-0.00039128760085247003
0.0005724504960942261
0.001957968929899395
0.002548809075966952
0.0032028655713629544
0.0036470371836442414
0.004061824331367863
0.005338339141928392
0.010185179286934454
0.005291664094534956
0.004585276094484915
0.00454010413749222
0.0046101442021762576
0.004875882618852362
0.006389216308253894
0.009933716884674945
0.00502564398934783
0.004706630706772524
0.004614237265493062
0.004494469141936542
0.004917586638695157
0.006544514971114996
0.005037566039377609
0.004669764232877195
0.004450484878621403
0.0038545863872243204
0.0032036931460906366
0.0026881883331890148
0.0020742240839857766
0.001446160231089372
0.0005694880506485698
9.015460798768788e-05
-0.0007059594583886708
-0.0006619907458807996
-0.00037944530373135795
0.0010166000524666886
0.0034030199568049063
0.006779556849776123
0.010824748131536012
0.01473256427887507
0.017195937300089326
0.016593052827307022
0.011601037511837829
0.0023731588692665825
-0.007907110045592693
-0.012625451060080716
-0.005490880558950143
0.011281396457066509
0.025401704958344897
0.027947148848529457
0.018361228838321836
0.004079824127955651
-0.010071203449689741
-0.013028099867660282
-0.005479221375445035
0.004735987900530259
0.012373801616961463
0.015783494914524385
0.01566914265675513
0.013458435644243405
0.01072431028215387
0.008729626769175687
0.006548687058417131
0.0029274259255110523
0.0010747289624612908
0.0002468299039365021
-0.0003413925553891828
-0.0024755894001976665
-0.002109013620802018
-0.0018423895786465689
-0.0018658836606472125
-0.002169639792758503
-0.0028532159431481825
-0.003794927424311361
-0.005105141174231231
-0.005771021301074267
-0.006092670155487219
-0.005650327149549483
-0.004948424517207816
-0.005072575681493574
-0.005529687803329422
-0.005926970814421591
-0.006554596755633833
-0.007013001028183632
-0.0074796381212104655
-0.0072297093552351616
-0.006171773274900696
-0.004201570360611702
-0.0015178065408310085
0.0016606129246973457
0.004814394295305304
0.0068932144722516995
0.006594183657149418
0.002858391687801345
-0.004193227535959301
-0.01206230792260744
-0.01551186799151583
-0.009205499535201408
0.006044666303812124
0.020563033938107805
0.026732275523958474
0.024760980943259268
0.013613397718408556
-0.00298935400167405
-0.014735274061505797
-0.016118028498271417
-0.00995473029749654
-0.0019783868251411854
0.0037465010472857445
0.005837223088240817
0.00477906357327716
0.0018287733787423486
-0.0018887824719496591
-0.005312802147888344
-0.007773125318561839
-0.009041015023623223
-0.009213223093841951
-0.008528636798201112
-0.007222051360827205
-0.005585382648839105
-0.0038560864601240646
-0.002180573734817138
-0.00043227528224896197
0.0019119617423733976
0.003052543947570245
0.011107863712913483
0.00547198717707909
0.003982693611111704
0.004097252303398633
0.004929729378585267
0.0068115431439336035
0.01356451588634029
0.009957114745656337
0.01071531580296993
0.005720356075992189
0.004694511422451524
0.004608668455403068
0.005595703718975348
0.004697647223095278
0.004977765467425584
0.007691792327519474
0.011068585905059006
0.005179617997121621
0.005056228128856955
0.004963671719996926
0.007039162409580106
0.015377132245552164
0.018164483330153566
0.0083639470033382
0.004092083045136701
0.004269033995160329
0.0029991951125376785
0.004237886714554399
0.007311775967270524
0.006183596912921164
0.009991341103855446
0.011947873911885688
0.008108477354077036
0.01180362821787595
0.006418124055769929
0.0048809101055153166
0.004841894268232096
0.005819972601389601
0.009365728707959074
0.006268134562817269
0.008385621464234098
0.02467379170644344
0.025735713066207044
0.012509024997464592
0.005864078664792809
0.004744602723811699
0.004908941874653373
0.007177649146364664
0.0054410342385052555
0.006321288174740139
0.009501972416670787
0.007743686661159086
0.005666049477080157
0.005127770929073846
0.005102305759730351
0.004957689159822205
0.004909855455225953
