-1.1014427848163537e-10
-0.010744263616805498
-0.013856834206629372
-0.013789882978568055
-0.012845819739581566
-0.011432493999104416
-0.009944307056763918
-0.008811430300859015
-0.007696336139115106
-0.0065385948493855645
-0.005462750672472667
-0.00585344224215477
-0.005420111086243525
-0.00458184504595177
-0.002715919021119016
-0.00046526217159589123
0.003653919495606877
0.010273127576442154
0.02113588728121245
0.040079460658781645
0.06789068836879815
0.08451672025885856
-0.006679291721799306
-0.03348110914253264
-0.028238372733982095
-0.02217339795785768
-0.027197051863931627
-0.02996463207402151
-0.028253595185404014
-0.02634919538201455
-0.025633507448360147
-0.013777024327013757
-0.008168465998470244
-0.003402161113467303
0.0008586656913060332
0.004477336878157728
0.002446100544494215
0.009968147126186775
0.008540817462844937
0.013690304468114244
0.014676985237871455
0.014733708536206156
0.013701796042061466
0.009697625243948106
0.00809101520775323
0.005820028835570185
0.0034424422342392924
-0.0008402325387427968
-0.00612460871782414
-0.013042353006094113
-0.026290243335775298
-0.04532521897121967
-0.03398588332001723
-0.0009057439930004721
-0.017110755450351983
-0.00433755382896366
0.020799608204044622
0.015795064205306023
0.009816191962151612
0.005848497686581331
-0.005155537979669188
-0.009584705585218362
-0.017474936807663488
-0.01431144111673541
-0.020087258301625395
0.002107278252032538
0.043874288638100854
-0.015009954611582027
-0.024721088620902446
0.011822210065900247
0.03454079418433827
0.04404847182669795
0.04652391931685755
0.04553409322599128
0.04279780860038608
0.03882259263113212
0.027860522668246904
0.02112054481232715
0.01696251852136133
0.002309453816052727
-0.01352933509755914
-0.020848309076844856
-0.010939739114835489
-0.0005852132918194439
0.0039248632247142435
0.00376430685696717
-1.9233085264302275e-05
-0.007537629798331104
-0.01387964297925771
-0.010643278561525978
-0.0060338389984413154
-0.00423516466329873
-0.004462194641653222
-0.008333053596703765
-0.05808951857084708
-0.019020640951375754
-0.05305163312436004
-0.025064806848130398
-0.012550926524581866
-0.0066077705191755695
-0.003461600449017807
-0.009781462268367161
-0.04354431419825693
0.0008477569055473648
-0.01405109112675157
0.007821585410723805
0.010306241018636595
0.011970645554909095
0.012744906891974996
0.01061395269548543
0.0025801378098292476
-0.06602941422050843
0.01545959811059548
0.020118340252481364
0.024972853435580526
0.01100770956540229
0.07697542433545813
0.09726033840494368
-0.05866714307484504
0.05183143974358694
-0.038297561662992564
-0.03251206051402102
-0.06935750385964408
-0.05818022407943485
-0.16199100212777515
-0.041477660936731685
-0.006107263462175445
0.01754609746616057
0.017546626896460724
0.03159382549685637
0.03887888032641939
0.04257136351114494
0.04556288403659387
0.04737032385027673
0.046670338134373525
0.044281209659890866
0.037480900690006834
0.011001846033404372
0.007681066158319675
0.004344637064610763
0.013477838378108046
0.01602146110345974
-0.0972783630262809
-0.03521033197477204
-0.031720470062292706
-0.05707273528661371
0.018160542155256167
0.03561983559392835
0.0384389764568445
0.025477355936505925
0.028248246067529372
0.015843621038374767
0.012735546577563728
0.016527358049097204
-0.012417829260814682
0.01991827610325763
0.016851121612644907
0.011195381237034913
0.005232215836471328
-0.0012523463787664653
-0.007890798724353634
-0.012303746443608599
-0.015081025434308237
-0.01654398269138748
-0.016900609772714167
-0.05976814404062441
-0.05739720785482661
-0.009378364535555822
-0.006530339182253363
0.006673200259495581
0.015342267885011506
0.029521247688725424
0.039621198087686056
0.03881460349248379
0.021701479538323323
-0.016657536017554743
-0.06300927599576203
-0.07646233829456021
-0.01579650788188329
0.054864785318065996
-0.012788628367273154
-0.04031646534277376
0.08386859822374516
-0.04776843054985675
-0.01608280510801261
0.04296741763757515
-0.08629414607110618
0.016549701339749926
0.07231657119851298
0.02054375017723797
-0.027781318868861222
-0.033469368941771285
-0.01258506922539184
0.020381977897166673
0.0648701840309226
0.04209955524103615
0.03238197138311832
0.03162364406381259
0.020155838806839615
0.007688778573332605
-0.015073315327916151
-0.05278661820903442
-0.06957423477640313
0.06700187581905485
0.01525197467376159
-0.08826567145176084
-0.058815047929657555
-0.026342336516729476
-0.016435885976821683
-0.021112429597616472
0.003227447278321779
0.00019998544502069016
0.011449795628154414
0.01537034376517399
0.01879119588178013
0.014507928850339686
0.018437644641545823
0.015628807984634823
0.014537161292548818
0.010887721664097504
0.00843965474383905
0.002832292928274284
-0.006016155305554956
-0.022373052544377648
-0.045740188652075665
-0.0272239983127844
0.05733360527400063
-0.040497150790428836
-0.041196391813264774
-0.016964351973470175
-0.00013488326419657418
-0.01830594814959861
-0.004506112626255165
-0.015488447827227395
-0.01280680723886047
0.015201322525681953
0.014971613931969916
0.03755220772845423
0.04000795288729751
0.07030015195667771
0.0027775895632601963
0.053956924642680267
0.06131121724050246
-0.007152814624836454
-0.0038153070104737217
0.006527282233684198
0.009572132932146784
0.02351420983475991
0.034279110334476136
0.04290223134072991
-0.02362608664391763
0.009322929998770574
-0.01807342427370976
-0.03929403786835434
-0.034561329281819056
0.03793361049447428
-0.02876428228871952
-0.03741929498387017
-0.018026315795829334
-0.03705151100666252
-0.017574759601442887
-0.01913858095914012
-0.012401442827428947
0.00930928369560915
-0.0036618992166961755
0.012664083438137288
0.08048566617884252
0.004592986703277309
-0.02600109639313073
-0.030646040772435677
-0.03076950786590248
-0.02157387344017243
-0.01258674441588472
0.06289702577802611
-0.015242254332234988
-0.024123603450147288
-0.0248663306299676
-0.00918906622583919
-0.026664155132433743
-0.027414361246087413
-0.015829602857871126
-0.010308938151635924
-0.019637442526241108
-0.006069499677853656
-0.005414394457717876
0.01349959158955737
0.08733683058970086
0.030523907637344944
0.020969107390581627
0.00628827645908762
0.00988263322629565
0.018707430521417684
-0.0021859092093550825
-0.01298817439664531
-0.010531773778488603
-0.01286683330176667
-0.01697727930771132
-0.018162791774796228
-0.024002257006078893
-0.017204631992093773
0.0010384110704375498
0.016765898223328204
0.005676501222820816
0.012735440966597553
0.01151966267952575
0.00841619895605295
-0.004158579485798605
-0.00808296142912225
-0.008236819979216296
-0.0010937092218816843
0.03374264018409527
0.02104362957374852
-0.002390189023103676
0.012949824687728654
0.02403469387937063
-0.0017768906008246853
-0.05698923039615133
-0.03140419199362792
-0.012081902539742808
0.03694213374253999
0.014814616361160776
-0.13339844811193946
-0.024843623901185805
0.042672658599096684
0.0038655794545822252
-0.007285854942645287
-0.04170710652323021
0.07803485310917241
-0.0074869689699977975
0.02807701693773612
0.05448425963928991
0.047661095715740745
0.02020351469785233
-0.06159057729272457
0.009141495839115214
-0.0009815406890570496
0.008305354798998778
0.0015120916213044583
-0.0033917369263452768
-0.0022435307840461996
0.0008622068622472045
0.004963059421110304
0.010437964796799539
0.0006411778508618663
0.012489844283413432
0.014534273531043425
0.012756821926606427
0.01339541129356943
0.015358622266760257
0.018178087901045612
0.019999073079896804
0.026888323260367178
-0.013809924745124685
-0.008009133424677923
0.030686224574900712
-0.12230625232152634
0.026382708916270377
0.02597135302302517
-0.017807532641158873
-0.1044832428984802
0.005783269195570808
0.015321384160025856
0.005579904496632338
0.011518344556025616
-0.026637655495047468
0.00870535632447123
0.05961077591314651
0.08260749642040134
0.0493927376427182
0.04427097021493805
0.08119121009292872
0.07673158215001141
0.03267687729029453
0.047998577044185975
0.04158647182609371
0.007367904857220106
-0.06750558446517349
-0.08127013238500617
-0.025058791451034828
0.06304871173296572
0.09329627925994277
0.0953105944890334
-0.0017376159013263732
-0.07022782328815633
-0.08836538592568989
-0.03522375926446163
0.025784426108315422
0.05801282567979351
0.0453879026312623
0.023782003399921075
-0.05784912081827609
-0.11287247537781964
-0.03513552928034366
-0.01950258101030794
0.005089600934275351
0.008264303560968014
0.0028387230651909594
0.032552706952771536
0.009505948385969803
0.00965352113169839
-0.0395085445753973
-0.03616911134182302
-0.03536507077130363
-0.007083016233150281
0.0021358253172071933
0.014438608317385056
0.014332528559015742
0.01548619267651543
-0.042939345432340854
0.006810014174753412
0.015899827922480295
0.015557415142070386
0.018081644646941415
-0.01313064878986927
-0.0925606937778811
0.006027846099380046
0.017532460334601215
0.014721590698260597
0.013289620298319692
0.007201070571041593
-0.0053351628468240745
-0.03843922110523152
-0.06439389843725887
-0.04808286323193586
0.001157323319695727
0.12111457506612758
-0.03710510360927694
-0.01818581079014818
0.018580977459082368
0.01914976026005343
0.031594392472370184
0.039011107875263774
0.023892592220042745
0.0028178411452989115
-0.021849044183617144
-0.03778826991703673
-0.04469980969789094
-0.08591013315607478
-0.10756392096597647
0.10444667758101972
-0.04675447862459391
-0.004815378346442811
0.012428664620639834
0.023081171328298105
-0.02753519680546343
-0.0215184990422514
-0.012671577180266007
0.03966206572270318
0.043200521332195825
0.04616393296697528
-0.016789363046207043
-0.03542004432115317
-0.03828232837864141
-0.00100857256393585
0.027572001478034642
0.02944245989658425
0.015488414298784791
-0.004043063581562139
-0.015776973205712367
-0.01816066919985945
-0.01957605417945852
-0.019756448381164433
-0.020383743745586706
-0.017731413726714693
-0.01939602786512582
-0.03326981235433437
-0.0138474819892273
-0.003026499141621176
0.10332952930671137
0.027023891903752137
-0.03169304340787908
-0.08888922178419802
-0.004279376295077614
0.002253344630745882
0.0132256604027666
0.16449095034734898
-0.09416155096777558
0.03227592781101287
0.04674375905262603
0.029400938120400042
0.015932147330124678
-0.00559404131674212
-0.0208833892169278
-0.0149456521149501
-0.023686734260934983
-0.008154145479320408
0.06655739728310854
-0.1501397273731524
-0.031598528620788074
0.007279877973946291
-0.028740324391165844
-0.028243313469303373
-0.006273481772964588
-0.021227188012729086
-0.021421391359445437
-0.021832734350169303
-0.0036653882523810404
0.00022217260788420462
-0.014093208878662068
-0.019263666256999712
-0.022511319763036573
-0.022838001195227654
-0.021305651976340538
-0.02050662561955193
-0.024537123789680315
-0.019999630051569708
-0.02195321129238987
-0.025043189706906756
0.00227671831864938
0.005163347421175281
-0.003637702124592493
-0.01344998757895934
-0.0074444698845163365
-0.002584821988633779
0.0021929540011516877
-0.015978010311073845
0.011176373663721963
0.016780970868343605
0.018804110663325747
0.021328725046693055
0.04745297474039044
0.024592012900682466
0.02448115104303628
0.030516839868517706
0.024501406971392258
0.023329754432242847
0.020987111911355206
0.018312417306531728
0.01491862774147142
0.011229767883742955
0.008296367518104817
0.005651111971837203
0.002168665847137447
0.00015862500426527346
-0.0001472218086374118
-0.0020400410178866932
-0.0006886219738422842
-0.0019433334222671598
-0.0010448556430528565
0.0006114930889826556
0.0019960161288340417
0.003527158734775845
0.005132346885192679
0.006826202617422164
0.008810634627377939
0.011115006996101313
0.013270289814970195
0.014029498152960217
0.012497725317219106
0.009098566084589055
0.0049047351474658584
0.0010570481988324118
-0.002046665903006452
-0.005482223834594974
-0.010681182637833587
-0.016231464673197863
-0.019048058258296634
-0.019068094522105627
-0.017425960242802137
-0.013866203387973211
-0.008550291358563113
-0.004158103133701295
-0.0021512535696749657
-0.0009639517945086181
0.0011488720556672263
0.0043409705078246595
0.0075746040199049834
0.009762138706941625
0.010525125309538691
0.009944416501938476
0.008706583985204441
0.014054932557765982
0.0065696397083902505
0.005734030524240593
0.004505736446519324
0.003177006725339017
0.00180642519479071
0.0005913286001142533
-0.0008217289727206655
-0.001906837668629697
-0.0025344821941418027
-0.002665478188718053
0.0030175796707358517
-0.0011478844963293095
-0.00024231723495495749
0.0007418560997880191
0.002617247470186735
0.004829181594582745
0.0070112963612281205
0.009958118794776125
0.01228116026999118
0.010432883048975444
0.016367714535615367
0.019103463252300747
0.019805524486469935
0.027919831804623596
0.02120245753199196
0.020585256186193522
0.01816838497070357
0.026453599591556562
0.053965275238977276
0.02157763937215214
0.016538153704750768
0.018396605949622415
0.018735808522880096
0.017912129056420614
0.01678789577725839
0.01596602839480124
0.016664615267759475
0.012259346560843204
0.016725241251893275
0.015690912514017875
0.013072702251617913
0.01627016162544366
0.016001939386656953
0.016113401650153167
0.008634557265637574
0.0012370799919620972
0.005229884241941335
-0.005541023070485314
0.018038014695344246
0.08020692177813775
-0.02005639098126146
0.0037523901606998557
-0.004676194226795801
-4.067325070164485e-05
0.011968061968629389
0.019523145302817492
0.01807865677158588
0.016783195604115172
0.012265406960085245
0.007903400158462921
0.01823286897046553
0.0007046936465982086
-0.0027798385562522727
-0.005463851110689321
-0.004433371927179749
-0.005569821447202373
-0.00809166093342159
0.038396770566855455
0.011884263595343105
-0.008108697574477103
-0.007206024478322605
-0.00998056761534281
-0.007569063173899881
0.014177057871861486
0.0008770106070171732
-0.0026525675584096547
0.030701867190613633
-0.0016752169387496537
-2.3218104609674944e-05
-0.0016213099719766576
0.0013845590367880128
0.0064460453136678045
0.02155916867099588
0.03816121983260076
-0.003647541400090973
-0.0001947240923396769
0.050918622752460486
0.02222828611619989
0.04753225750944065
0.038680968941673714
0.025226302347874204
0.01754376120910752
0.011096938610203805
0.005903443961539678
0.008125843167803357
0.007176518635914547
0.0054872663909897096
-0.0010643793352510516
0.04914193593523097
-0.006244680366157593
0.003938670622704137
0.0023815257638646935
0.03424795286450624
-0.005049802700961312
0.004938582894509224
0.0014828160501596864
-0.010886098059380192
-0.0036180983807916948
-0.007762114003595438
-0.008083391444559608
-0.007730238620567719
-0.0070390777278890385
-0.0060383091533139765
-0.009306267536517211
-0.008832949580674179
-0.009642068621575864
-0.009837044872947268
-0.009739832061933941
-0.009372036713212423
-0.010674960642249978
-0.01519191549195189
-0.01812675349029057
-0.015812880723710045
-0.005162744141608018
0.005539164986204048
-0.010726889797072982
-0.012691766801256653
0.003446805658890499
-0.01517784079749745
0.022703722076018992
-0.013964060048310436
-0.01650466502180171
-0.011925337930336663
-0.012414659499687978
-0.011959212292073564
-0.012663728559380295
-0.009019215064024014
-0.014294537546457842
-0.014843051537033464
-0.01586930190188827
-0.016150041959722347
-0.0021311786434556144
0.0679694099634333
0.02962360101703798
0.07940458699946823
0.04190059152530983
-0.004798622934670779
-0.01307311277617655
0.000987114060582286
-0.003965507859092347
-0.001510622700949372
0.004564638859820093
0.0005760159786853227
0.0007198129853835823
0.0003899389679832503
0.0009138709686374673
-0.001585698230068498
-0.0019408017670103131
0.0025537122648087883
-0.0037175447124820934
-0.004069525901677816
-0.004921598975064669
-0.004280631782615411
0.0020269751407899937
-0.0045500517524631546
-0.003427217952183519
-0.0017054878831353761
0.00040930016549010976
0.0027076125373405578
0.0050196512613500935
0.008079537634228626
0.0119142088005542
0.015494541695362176
0.016800495526014158
0.014950424016102012
0.011066614283826937
0.00620389817386201
-0.000512506397927507
-0.010851108829924723
-0.021450243437580827
-0.02568150151712088
-0.02183346973587445
-0.011862080783050089
-0.0016921849932951996
0.003860254633731235
0.0066219064502717655
0.009284557912201466
0.01166098751891073
0.012406196267315232
0.011315066868859247
0.009553292183425427
0.008326230622206351
0.007959840884108532
0.008316116688977799
0.009069323649582501
0.009899991869125662
0.011420271394948351
0.013775418729646365
0.017996154146565243
0.023193849461257302
0.005950217035342283
-0.008481492765440716
0.010096441127349278
-0.01357397161975532
0.024131226239016867
0.011159843466719357
-0.01484228617177532
-0.02677445087354467
-0.02778078832458643
-0.028219349084358587
-0.02261219925139456
-0.020564494977011686
-0.017948596958508714
-0.008662387520368329
-0.010818617431712923
-0.008405475124918174
-0.006471365056076784
-0.005018985280206892
-0.004127081869418204
-0.002896777827281172
-0.003436947576632082
0.0031733663751376093
-0.006013067457331362
-0.004498156734987584
-0.004158551511527156
-0.0042880205998929825
-0.005407887678590502
-0.004222072576088703
-0.006718181201129101
-0.006757214900620272
-0.00664430445777398
-0.0084591909741286
-0.007288729728809674
-0.008176025843134031
-0.008916627093044572
-0.013381222620513878
-0.008041591827292293
-0.010687609210287271
-0.009039075163618474
-0.007703425435673215
-0.011837361243293598
0.013944188353264362
0.025373721111357276
-0.010544238034546042
-0.009600966574604236
-0.010072703960603594
-0.010507552611618735
-0.01167529495585884
-0.005951681712315426
-0.011985285737960455
-0.011562236193091338
-0.013846119757994298
-0.014855194443464547
-0.021969525217689707
-0.008722042971983743
-0.0256038494186128
0.023812996047092704
-0.034431134611835376
-0.042898135152027034
-0.03172989108497068
0.009215931593140063
0.07693697428187717
-0.05114924423073482
0.024444135245644698
0.039336758590734225
-0.01915634068387565
-0.03463077158241481
-0.049794882140757966
-0.031657781417435124
0.000874796156124784
0.0067430545350764355
-0.09618714664641989
-0.021898475641761284
-0.00631755069999036
-0.003296498417535683
-0.0041832388759727316
-0.004465041304026045
0.05896060331984845
0.0061005485547492135
0.0003677547197995017
0.001607600372317054
0.0046768910073725495
0.004367328881733205
0.008106970325171981
0.011385831472584972
0.01873888570171006
-0.055363036960453145
0.0035085593467735444
-0.00985106595602256
0.004508240628139595
0.01758722584873932
0.0654124398605292
0.012246051509799825
0.0111916256299541
0.034249180677518656
0.0056850441713165965
0.004904942668541074
0.01592443841016406
0.0048172653645622
0.0034336547769614405
0.0033365060982290043
0.003257962059617034
0.006790861542368363
0.0029807943885988633
0.003116476581299862
0.003410828985428398
0.0028622004482499693
0.0036184665300410417
0.004104421673735077
0.00593000765689215
0.0009952620825385257
0.004390311457550766
0.0010274579098385119
0.00572515030614138
0.004229087267646554
0.006493047570758204
0.03591294324593313
0.003386027320297162
0.006578908687228117
0.004995386689940883
-0.0002119914779364662
0.0213518408522474
0.0438166153353331
-0.01866870482673597
0.023706029627054728
0.00395559046110585
0.004329270109615792
-0.000989480418953028
0.0009203669383185672
0.009287373069299323
0.0029434371523069675
0.001271511339486778
-0.0024126331849439638
-0.01596338622146141
0.01727141673626846
-0.011296779329341361
-0.002619539316091745
-0.013239628102561565
-0.009659024614302755
-0.006136121948673041
0.00013622468642090723
-0.013727387586322474
-0.0387053711506458
-0.03647021028968385
-0.046592750770176876
-0.039477026067891934
-0.037637641810478045
-0.018344528136573314
-0.0006839978685249732
-0.004694079933494275
-0.009965149919829918
-0.010819485040418294
-0.009935460733490421
0.0012415734338770185
-0.005415167226103242
-0.0033250083992551116
0.0007710887055601583
0.0027658490011112646
0.0028086845270594036
0.0019247770754371942
-0.0013722358381177177
0.032834147768249874
-0.004489361557012268
-0.00018029027367827516
0.0016444540081126638
0.0014232457482765749
-0.0006106154390945694
-0.0009292788230881874
-0.0010430161008911163
-0.00192069012716292
-0.002392083205654229
-0.0032834029867259322
-0.003813534986066754
0.0006827494376920755
-0.005007935069813265
-0.005664894730459985
-0.007960230102806888
0.011865803679089586
-0.009959733564425073
-0.004353379887192611
-0.008491846892907657
-0.007606923856313641
-0.0073092777804041114
-0.008432209715198044
-0.003145300626297501
-0.00967901575772744
-0.008492157813154022
-0.007683372473877979
-0.007427282961233863
-0.005979648190576091
-0.0036951214733437414
-0.0014324777879039068
0.00041438675492650985
6.94395206812371e-05
-0.005762453005369216
-0.018292666322355915
-0.029230278853815673
-0.029456927245910283
-0.021782646551290072
-0.021025229564765716
-0.02004419988166283
-0.007007655547984701
-0.005403524339366345
-0.0015010285284594448
0.0011526188506010865
0.003398651007691353
0.005696402516517804
0.00866325222497258
0.012584921191654087
0.016062519604000465
0.017119306380669802
0.014765006309670441
0.010019192989107023
0.002803674478390668
-0.009304917877402813
-0.023075756460817252
-0.028453883380877735
-0.021405873553614545
-0.007436286223607871
0.0037206394086757516
0.010302103377569921
0.014755904693021831
0.01706468529567602
0.01631277878061376
0.012935301583287952
0.009095615343092207
0.006267809105316932
0.0039589778447385975
0.002468282171442759
0.0005008296260490631
-0.001240024991698039
0.00038816377523748295
-0.004875097668279239
-0.006919989129973526
-0.007862333449015591
-0.009312759903641976
-0.009733327542855
-0.005185026947054532
-0.007969425139723202
-0.012011780281182669
-0.012498722705672578
-0.012247204211188238
0.011887526170829771
-0.012332304702398161
-0.013641510533044533
-0.0136503458093449
-0.00798689848848714
-0.01111320760350663
-0.0035734565276756194
-0.012854546524227848
-0.011200287646183795
-0.010085241055065693
-0.008912976798476557
-0.010728575816692535
-0.0041048292885104655
0.006484800859247993
0.0053104365748853355
-0.034122769507466295
-0.012652582752712893
-0.011870104903695902
-0.017555534657395695
-0.010875778234566634
-0.0110269083077357
-0.010669608162337647
-0.00659666886236649
-0.010526219068050617
-0.00947982370438424
-0.009500322055879404
-0.009030107577047877
-0.008533541574513472
-0.008007061926894732
0.10614658778514378
-0.0064466138918157995
0.00048420367580581284
-0.005293998963723732
-0.00575945759441431
-0.006315490703699578
-0.0059202655218281676
-0.002190096688807734
-0.005247738391626739
-0.0046791943902831715
-0.003946199532968219
-0.003228455630661844
-0.002261623043005152
-0.0004774082549134807
0.0033243179159738482
0.007750796797497684
0.009097211045454023
0.01427189671936988
-0.040524103448136756
0.004128773893613707
0.019316192188935384
0.011930616234606405
0.0077544536523943735
0.005803828113137475
0.004914316905416812
0.004493730668914805
0.0045258717900025
0.0032218856252304385
0.0038934929647099254
0.00381869545415622
0.0036508689476167314
0.003476592119056989
0.0033093995696946306
0.0031737087438626515
0.0030421049254350445
0.002837394148078425
0.002458880330460828
0.0018101303140829932
0.0008439794706667398
-0.00045211420121014955
-0.001977010942085413
-0.00349897666056748
-0.004701143829217672
-0.005222010136714723
-0.004775168981418257
-0.0032578495098674874
-0.0008525650388134252
0.0017153251542606478
0.0035966275630222935
0.00419955107271851
0.003794272914561289
0.0033384332016446125
0.0032531786726677867
0.0027155791781920432
0.0016991746444223847
0.002078126209211676
0.003737183001788655
0.004798116117311847
0.0052072594122807275
0.005528570593894313
0.00553554224624745
0.004606533451273264
0.0027830009607163657
0.0006853034270659176
-0.0010851888028977014
-0.0023078971785320344
-0.003520590998955299
-0.005873226786286407
-0.009837939965160704
-0.01327871798771851
-0.014322487399857382
-0.013699260048124714
-0.012083632937173672
-0.009772953494752703
-0.009420360974881655
-0.013710079750884
-0.02435429308227292
-0.048903677707708496
-0.056553657762414986
-0.021072192582700815
-0.0061243557416213274
-0.001381690346480806
0.0007357318813861336
0.001886739231576672
0.0025096006608613425
0.00283625326862465
0.0029372922302507622
0.0028957400342126864
0.0027811298678391033
0.002651244890658187
0.0025771239667484055
0.0026494266187952436
0.0028931951473516212
0.0031040583672725724
0.0029026529326002504
0.002220316111035948
0.0011375372828825079
0.00011133667984460141
-0.0007644913897382718
-0.0015849825471133468
-0.0024109332494257744
-0.0032131948698303587
-0.003847499851498682
-0.004098447413758991
-0.0036782037355882124
-0.0023811258163528104
-0.000699876977630963
-0.0004610135469040932
-0.005310717598901175
-0.015288259096084375
-0.02116363503750937
-0.015055757716285693
-0.003246365745857094
0.0046471190885589014
0.007501891114011707
0.00729126557962079
0.007239850476961872
0.006598224893502363
0.005409096873135374
0.003506210911313831
0.002432004959065605
0.00407181140716833
0.00629943667914886
0.007513556033531324
0.008445320531857467
0.009203915939569082
0.008881514287238053
0.006888486351073974
0.0036361423117851244
-2.100415026741168e-05
-0.00317673458704954
-0.0054363338730074205
-0.0067540633865433315
-0.007079509216327666
-0.006610875185743813
-0.005793783920369616
-0.00910478701169483
-0.01761692229377578
-0.00014444903165959842
0.0019906550603877708
0.0012112243841619578
0.0006038188817816537
0.00024316932882482723
5.7321871897246265e-05
-4.9902077026383574e-05
-0.0002548302990129294
-0.0006891850540836526
-0.000772036503604902
-0.0009883029948399586
-0.0011677797062598402
-0.0013122374001664466
-0.0014792066185476186
-0.0015977646543534124
-0.001553971411666183
-0.001312249601727543
-0.0010231005485314892
-0.00087756448825479
-0.0006778254811352994
0.00013614792079847066
0.0022638932858579115
0.0059506384164108575
0.009344350170903556
0.007527188313042151
-0.0016141819377452954
-0.010131233737547951
-0.010904261371380253
-0.0037454615103519454
0.006707479794261893
0.011131163288515558
0.007877382149943808
0.002473566670903169
-0.00139614214851982
-0.0031235207756316326
-0.0035262770354878015
-0.003268202227583401
-0.0026953531505430756
-0.002077062848971394
-0.0015660451474735816
-0.0012202120445680368
-0.00109639352981872
-0.0005194798261615868
2.0893666563506727e-05
-0.000931379645505286
-0.005479837256840402
-0.012758727036211616
-0.018015448499345728
-0.018888827914462836
-0.01569653300490745
-0.008990226022787928
-0.002326589393746601
0.0005141542920670277
0.0005701739425321913
0.0006142237253146456
0.0017059420454232578
0.0033238375026586105
0.00462186367675915
0.005160481459222948
0.0050406715256086695
0.004649811307304567
0.0042963033258747625
0.004130085749578191
0.004089235829906624
0.003963859448382044
0.0038737289230337817
0.003765827135483475
0.0033727644203485493
0.0029394021022294417
0.0022521735252215187
0.0015432636909452346
0.0010264501238842162
0.0018821034405323701
2.7882478920282882e-05
-0.00032150469854169385
0.0029346518716285327
-0.0012659107179177264
-0.0016943177009386841
-0.002090217194416536
-0.00045017202524550787
-0.0025231375611785042
-0.00281775053184309
-0.002996539751476994
-0.002864860478215635
0.0029802992711360763
-0.003758946490229827
-0.0023216276284787982
-0.0031415937850766793
-0.0023622028787150646
0.0032598233012287223
0.0017376343685417263
0.002862871615978324
0.005641695726135238
0.008602636434007872
0.008108441026892576
-0.007843397975489006
-0.0448655419173904
-0.04199031679939905
-0.05424045512965307
-0.021820014129941934
0.0012148388043421588
0.02689165147318081
0.014925402712885704
0.01220190718900813
0.007913251461035845
0.004801972726341543
0.005479566086601821
0.004086818196713576
0.0037794151605234313
0.0038419696804808767
0.013032933475250674
0.02164583298764479
0.015053430651408004
0.0073996669533665654
-0.03077047474140413
-0.03456770115528842
-0.0432665990054584
-0.025116620003492143
0.009764734051280527
0.022184024964460796
0.0200522665945479
0.016129043553764176
0.012970321010092833
0.011399287777999006
0.011878873603700912
0.02816467631148308
0.025948004498331526
0.0589679044323773
0.02711338580084975
0.020630633744896876
0.01952235901289684
0.01973875157591098
0.019331580717565577
0.016333114081145492
0.008779309694408611
-0.0043016295153274235
-0.017217641468809917
-0.02396348499260981
-0.01846132980404323
-0.0012618731267178703
0.030589476278211767
0.04389394247598605
0.036920936825799874
0.008056470708705337
-0.013683105859182967
-0.021102912054384592
-0.01866390515954392
-0.006021598044632259
0.007666725089580831
0.017103217556137244
0.02524071284941707
0.022872500708015154
0.019473360975082163
0.017182062170775746
0.016709495390277333
0.013851429647520667
0.010043419290189842
0.0079887979552826
0.006660697054162024
0.010859838895514552
0.019111120783446813
0.0063383344972508734
0.008407900901615655
0.021356492392176886
0.053793536031939024
0.009725150871110701
0.005027976888431086
0.0032540933749719016
0.0019292184717965427
0.0013447238317799133
0.0007151297036808171
-0.00034188864941488693
0.0031454764820071264
0.012908328409140944
0.0009517057004178682
0.003001968316835936
0.005893975925534599
0.005388777165732729
0.006594004890117894
0.007563373985535792
0.00878216077903242
0.009328008308916301
0.013033671143982208
0.011007470546167195
0.012268580641156325
0.012387458479619941
0.013311883519946159
0.014414722695105887
0.018839458057013404
0.013974230641290785
0.013433298576052992
0.013080880686340357
0.012782047827582374
0.011853680900325663
0.010955461183749895
0.009764461228705874
0.009453797755690274
0.007746491295621364
0.006151598362944942
0.004718527339605829
0.00402093059753217
0.0031161307927972236
0.0004518440919545691
-0.0009726866141621863
5.098965397287044e-05
-0.0014033305937091467
-0.0009530721034747099
-0.0007083720039589643
-0.0005477913513066655
-0.0006861953532404169
-0.0014611424140171549
-0.0017105857020324993
-0.002722350036022323
-0.0036684992644294223
-0.004591389008701954
-0.00498498483742222
-0.00506860251840851
-0.004803899389095485
-0.004057840822657476
-0.003034394096298691
-0.0015870870128133108
0.0005039366840974433
0.003451797434021924
0.007011640306755084
0.007539427171943746
-0.0020821343771427496
0.004889400591730131
0.009691880964947433
0.007257619588209798
0.005394070518596422
0.00561784995868532
0.008309109664587595
0.0126663726459061
0.017801118857278066
0.02064601151312814
0.018745812036430415
0.013112903609977541
0.006443405084418697
0.0008495332044701048
-0.0029479386198701368
-0.005171476942405274
-0.006358711149430981
-0.006963826897093331
-0.0071641714020826185
-0.006944499917498814
-0.006309949806902113
-0.005260426460832098
-0.003937218258624621
-0.0025529986033085757
-0.0010883491867743
-0.0004445263947197915
-0.001719620275042129
0.00022290742999227627
0.0003205168128763466
0.00023441936558340646
-0.0005976174170038424
-0.0026876118794555773
-0.008102040157362388
-0.01911706693634349
-0.03263632954269375
-0.044271119521985466
-0.03212801337775762
-0.018901882381936155
-0.009227973297147576
-0.0003160061196540755
0.0034869839192423102
0.007565506460881133
0.01003187787875357
0.011279638109722804
0.012114274048606894
0.012636451347648634
0.012386787145476915
0.012249722892480424
0.01194732050475986
0.011462894686515429
0.010891007775633524
-0.010782730708939
0.009159367570165756
0.008954208333271846
0.008947594833268416
0.010738036026888368
0.014899625771046685
0.023781836552129593
0.030955596318799808
-0.0050026482748374256
-0.00900575431594983
0.00904650685053897
-0.02513803350657915
0.018231671749905084
0.02640363941467538
0.010925645015223667
0.0001292128542756741
-0.004491955246734759
-0.007511399460142464
-0.010857224470897063
-0.01259609294758093
-0.013615783324585337
-0.014256023935015705
-0.014523533109927772
-0.01546350823316411
-0.016591204533753064
0.01637573327433439
-0.01752310650805532
-0.017428950516315277
-0.01784104667824602
-0.016902963666586845
-0.01830757958582214
-0.020775300321576227
-0.02016883465751455
-0.02324018748048523
-0.015494461022872809
0.010033262754383798
-0.01332731681079945
-0.008577281110258808
-0.012780571829295397
-0.017614350742647607
-0.020725769487813357
-0.020721331255544095
-0.021772269051357637
-0.02224181514016878
-0.022631109001866778
-0.022873703798932124
-0.023098019943764522
-0.023444737913405955
-0.021994625522979913
-0.024457981437228965
-0.06383254787885685
-0.021196134552315626
-0.02428970537722459
-0.023780085641994762
-0.023018470299075954
-0.023535899975852582
-0.015172179176140468
-0.023267003240348277
-0.02319567544418396
-0.022818233842417785
-0.019762923550138107
-0.022573317774298007
-0.02184998347018299
-0.0212655185764054
-0.01951894412279967
-0.01165101645171905
0.00730898003946105
-0.00439660557833826
-0.06803660084999862
-0.02793187325181101
0.012402879161171549
-0.0032752610938302906
-0.009591458458595157
-0.01094596289601447
-0.010440010715610147
-0.035923653107329576
-0.006624514994240669
-0.004044063527860303
-0.001268746143115424
0.0014368460038054476
0.0022852043585713903
-0.0014106306471221997
-0.014935817102990663
-0.03596042063248656
-0.04885792343249708
-0.05917967386918924
-0.04721836391644211
-0.03310732685795871
-0.01363593135774008
-0.0022241609452522395
0.0010729773946741563
0.001294309198013508
-0.0015314623023055512
-0.0011395936891454071
-0.002319353280076931
-0.002963069091000792
-0.0032762542472311433
-0.0032724305326351996
-0.0032240958218548213
-0.002967635587189891
-0.0007084856896661167
-0.0013658824680325306
-0.0017678396040767558
-0.0014628366681006361
-0.0009593527304348566
-0.0005080177167028279
6.348556357759625e-05
0.001104479720127634
0.001212081703983194
0.0018191392948609972
-0.007496008353381835
0.0029448926006242116
0.003387711939833309
0.0036956021332095563
0.003550470593861661
0.002142321082564847
-0.002004753426617613
-0.003182564183936874
-0.00454974043398966
0.0013230804192088713
0.00469016041373407
0.00597350774809169
0.007513502593754367
0.0061838728123069595
0.0034381841311093343
0.0022961844276716556
0.005564690947400309
0.005272897335270684
0.004769239748566388
0.0042438658291242305
0.0037308412157222434
0.003260221819994466
0.0028273296430808325
0.002377640151052709
0.0017818010064162568
0.001031195716194913
9.758595164523357e-05
-0.0007529983615735099
-0.0009976196045602941
7.707202606303877e-05
0.002539603138051526
0.004805371943927539
0.0038489124396990904
-0.001293110906554225
-0.006652486802094739
-0.008720725882074521
-0.007351675342205421
-0.0028761817208003524
0.0029875340994170657
0.005784454973487611
0.004224339532674044
0.0008163139655623887
-0.0021076475107078
-0.0035377192062972787
-0.0036776138759970086
-0.003078904457245836
-0.0021485863838971195
-0.0012058724495357005
-0.00034837387369497717
0.0004030424301050914
0.0010153676828882612
0.001578586427950137
0.0020218803540396737
0.002385839660639713
0.0026683929492718876
0.0028976140820949
0.0030747868147247225
0.003160816711189013
0.0030868122689941746
0.0029758219085926816
0.0027431138609142164
0.0023778014861840493
0.0019472129363820507
0.0015072534896964445
0.0010651532704917894
0.0005201202990583719
-0.00044922706232882115
-0.0015774488817118537
-0.0026133383436594093
-0.003938105303190287
-0.005311807587611481
-0.0066017006407507565
-0.007799786446621935
-0.008902232037603004
-0.009868111439336318
-0.010635481366506286
-0.011083160343575498
-0.011185768570462887
-0.01097467690108881
-0.01045472595548159
-0.00944341208656326
-0.007991067510643485
-0.006290070251746884
-0.00439208132672677
-0.0024700066276652365
-0.0006593800633261362
0.0007686962715196221
0.0017364859269490972
0.002344760550401305
0.003206524104897685
0.004266522386407871
0.004496852069181268
0.0032672505366346605
0.000680874412093796
-0.0011148598146882125
0.00016038123953217675
0.0029903848378447645
0.004887131593374015
0.0051026614268057
0.0038516512763608008
0.0012656690795698042
-0.002624609108582834
-0.00667112700878266
-0.008424592495604215
-0.006347578427156958
-0.0019218895535343423
0.0022768569586959315
0.004920576674602266
0.005932866588272115
0.005808342220947543
0.005100129421002568
0.0041728962222204935
0.0031969701870221147
0.002182233831014705
0.001074352118118236
-0.0001410644386200991
-0.0014783080914264398
-0.002896868373881893
-0.00429854906741852
-0.005588156460459208
-0.006770905895952971
-0.0078015910092039216
-0.008644017058371162
-0.009307258670032303
-0.00980089630677268
-0.01014724089199516
-0.010335993614947624
-0.010369943831271234
-0.010295689204322812
-0.010105876727024798
-0.009782483989527751
-0.009307768654913976
-0.008644296911972986
-0.007782957397475468
-0.006676878882747768
-0.005304962898566343
-0.003719763943301216
-0.0019956859629726314
-0.00022874209796818588
0.0014647515605134159
0.00296403122902921
0.004192044728844394
0.0051963496670582275
0.006068430566454475
0.006813368917548202
0.007158662079990607
0.006490892474365573
0.004023037310848798
-0.0002451163683535437
-0.00460971499252153
-0.005775065965126891
-0.002702827273539067
0.0019408235968507396
0.005336494986568689
0.00683455900527871
0.006878531497724121
0.006226949052460377
0.00535930453665141
0.004396250132974084
0.003215408413638529
0.001743870930001214
-3.2537832822685784e-05
-0.0020681545737798236
-0.004178408799503423
-0.006170042951207335
-0.00787822694791555
-0.009214864715721551
-0.01011909962186442
-0.010585037069009514
-0.010638465773943926
-0.010352653261397275
-0.009782460004796613
-0.009025352329776155
-0.008124417381387196
-0.0071553397241293165
-0.006182757286785199
-0.005241012306435869
-0.0043517768483594035
-0.003565658037007659
-0.002879511269844179
-0.0022475507716478438
-0.0015488752307947938
-0.0004968121877560455
0.0007950244868981766
-0.005982878965497559
-0.0015503529103215166
-0.00144570250342518
-0.0034331116466632698
-0.00432867932410799
-0.0041144614483041835
-0.0021648394699151463
0.0026624922832159123
0.010754767802022476
0.01769866099923651
0.013027667379595235
0.004254139673366553
0.012224302677462023
0.019880351516592804
0.015265101827377984
0.007783062401233234
0.002268385954309272
-0.002768917516764052
-0.005278457799599967
-0.005897311961353686
-0.005755742135158658
-0.005428859087093012
-0.0048919639728990955
-0.0043591001531790765
-0.004009292602092961
-0.004009362459241817
-0.003934711323164582
-0.004033436797874163
-0.004672489533598997
-0.004961629024372686
-0.005681191158887596
-0.006528514480461424
-0.007429139365980452
-0.00822708168738605
-0.008781023201756027
-0.00886058526748982
-0.008088729564982841
-0.006005285111368006
-0.001983310644413632
0.004692396951632455
0.013990165912395904
0.0224881363347671
0.021795374164023704
0.01029366795612418
0.0066376933539387195
0.01396674184180581
0.013955508463684386
0.018755735049062132
0.028622196648366828
0.027691420160484287
0.017365561806726784
0.006161495891327876
-0.002034572091311392
-0.006865311607574097
-0.008951728388102211
-0.008826620481817999
-0.006750641277537537
-0.002945855568264541
0.0034113123766705516
0.013164534140370944
0.02597698352800337
0.032350448770573366
0.03538209514644571
0.024999916471075308
0.011227309876039999
-0.0003039850877759331
0.0023141550926410073
0.0038286586284091376
0.005203512247844941
0.007542309905853524
0.008601121651069726
0.00894817603272503
0.008934299334214331
0.008821276747792312
0.008679131411859997
0.00832581952388866
0.007381922529364194
0.008329445980142704
0.008359666207106207
0.008282754013314096
0.008170898533847715
0.00799465931884474
0.0075129957570263615
0.0066903633141777615
0.007438450732859293
0.00723643182528711
0.006735384055359002
0.005866721268915727
0.004078317981441405
0.002185493670492354
0.002851372705300327
0.0038305215341486298
0.0038440637244015197
0.0033966013369838618
0.0026005055504288773
0.0015307990609771977
0.00026212470631524845
-0.0011192085066274115
-0.0021945683450822193
-0.0034989694453587015
-0.004347032164600527
-0.005588844473500287
-0.006035601097680201
-0.006562774312539012
-0.00686254143886026
-0.006867932648027793
-0.006354176326387454
-0.004965355423569202
-0.0021920543150216686
0.0024459637363385463
0.00881555655936587
0.015669956003296064
0.020451226100338622
0.020621860154088446
0.016529037120785343
0.011692885252801318
0.008268542299380458
0.007132621090161079
0.007703302040618121
0.004186969432565722
0.011302320596920167
0.017641899538697468
0.016908332269781667
0.011706925817753773
0.005197358241607386
2.812423480009456e-05
-0.003533917338849215
-0.005451736228438029
-0.00598897002087371
-0.005517424965942216
-0.005166160882181162
-0.005796868318818875
-0.0064850642161775225
-0.006276724034844387
-0.005855241590984295
-0.006430419200428768
-0.005313473984789421
-0.003769688212790292
-0.00247439648192297
-0.001494266782962263
-0.0008530497485230498
-0.0008963716277567441
-0.001408494103821085
-0.0018704122315994329
-0.0007607138658138056
0.0004404146138893076
0.0007637877382337519
0.0005812672337659088
0.00016317751807533055
0.00041934821497579573
0.0004606404484268678
8.897257646635808e-05
8.487792173904075e-05
-0.0002349751611112401
-0.0007415091504742672
-0.001529393366990702
-0.0025740033005870163
-0.0037265838398117994
-0.004641312703399358
-0.004790701199840192
-0.003682359976069637
-0.0011284004376338032
0.0023463953729361887
0.00525380823689318
0.005933007136226006
0.004312593093328547
0.002371412125417758
0.0013596512782287373
0.0006854073978056152
0.0005893772078891641
0.001529771437371012
0.0030004601608547444
0.004904329333256244
0.005429820397423519
0.0034085450915209902
-0.00013071261374057223
-0.0033789437723212496
-0.005163013204093684
-0.005403298529781362
-0.0045421801560103755
-0.0030958587803389067
-0.001521311716401453
-0.00010510118340833277
0.00100072780596157
0.001891870688216917
0.002692648089244298
0.0034125583501813505
0.004132963402907566
0.004848817230068788
0.005504932528364631
0.005880331052892654
0.005948558844043858
0.007390327325407266
0.004196635532208776
0.007203771476252031
0.007901260277616845
0.007388016017214412
0.005499763375613841
0.0011996931249408543
-0.0047404226566434135
-0.0019804673702732986
0.0030189447619281794
0.0064932590300417195
0.00744980576030345
0.007544183733844774
0.007910826992976133
0.007620973359392906
0.0076894672333868725
0.00751916355102611
0.007337762832532145
0.007329334345482954
0.006744788343667654
0.004793739468534518
-0.0005497940450008129
-0.008262611580140267
-0.009178497265931103
-0.0025783358946597826
0.0021206415229266954
-0.00041186916365051614
0.002510105619658781
0.005922208479197503
0.005356421335652357
0.0018126081910630257
-0.0010783217643444663
-0.0009801368747584507
0.00032653779551452313
0.0037996734325525597
0.004851290135300828
0.0051956291929355644
0.00459490185388151
0.002720914348710752
0.002029538952258669
0.00025017338088000095
-0.0033342204573182134
-0.011720576444284096
-0.01711151504406374
-0.010797301398781833
-0.0010551981991186066
0.0039016963335894114
0.005559240143970853
0.006985769315370839
0.005657662304664081
0.004144343462728103
0.003459018741612007
0.0036877740874525903
0.005854731190670711
0.007454550452526558
0.008203068950997221
0.008677396368887341
0.009021097278733419
