-1.2382520283307867e-17
-0.004349953435572103
-0.00522492622959645
-0.005401285099449929
-0.00543360998606875
-0.0054087433605682425
-0.005357729553515391
-0.005303805442278209
-0.005230944358184612
-0.005129453860496471
-0.004996058927935101
-0.004874143080354829
-0.004745740694060293
-0.004572416267621682
-0.004312049058114275
-0.0039037487569687267
-0.003224299698789583
-0.0020422598500630645
0.00014611497955645166
0.0045153700268071514
0.013832073672264834
0.03320559635944043
0.05860547288497343
0.051302483218636626
0.02848576373595491
0.014051730446114062
0.006172046305041442
0.0015607719175589952
-0.0015111013633054126
-0.00379598550524182
-0.005665399408472064
-0.007308041137056123
-0.008899626022225044
-0.010512847601192697
-0.012211904573207113
-0.014053672515843753
-0.016104267578937716
-0.018382132598458882
-0.020998746070962478
-0.02398891844245566
-0.027472275034679965
-0.03155528561464211
-0.036382383912267335
-0.042141715081434224
-0.049067047462095725
-0.05748281760797012
-0.06782626962830994
-0.08069787561987894
-0.09692718036065612
-0.11773195117071508
-0.1452051228973585
-0.1832560092689672
-0.23297844823209882
-0.2670415612590315
-0.19001417582726965
-0.05253062864035197
-0.013085947880784736
-0.006887338330242407
-0.00495325039206737
-0.004472005514794453
-0.0041534517201203425
-0.004186530240278535
-0.0044305463712625975
-0.006504545750877424
-0.01763492275093929
-0.089872580049014
-0.23386455880937387
-0.2676292635157734
-0.22823998942361529
-0.18516356585962476
-0.15137090696514427
-0.12509639821919033
-0.10420635792299587
-0.08730543760182821
-0.07342468084380575
-0.061857608469094924
-0.052106069141652826
-0.04370539837578817
-0.036288034256311684
-0.02950166256701465
-0.023111877775695778
-0.018190086904255567
-0.014932867435535548
-0.011876222717567475
-0.008855413603037782
-0.005973694884643793
-0.0032576205159300714
-0.0006669182920994541
0.00172458410286914
0.003623875667668163
0.0053629939694612005
0.007021377112744574
0.008565789394037395
0.009969299760569416
0.011063506683443393
0.012432206386927986
0.013394347717744972
0.014351742688170719
0.015051016755985521
0.015593088340678555
0.015967289838965056
0.016115974183870126
0.015969392776633895
0.015875984569075522
0.015210111542194356
0.014326838535176674
0.012835669990386434
0.010677946745276735
0.007639452533537251
0.003392360028307312
-0.00253817390845524
-0.011012937632426743
-0.02252913563979959
-0.03968441170554079
-0.06508891584187265
-0.10222859718401194
-0.15098077713814045
-0.17639090502080826
-0.07166685483624348
-0.02489684832279023
-0.14270432362610738
-0.165053037677298
-0.11518200132744112
-0.06970585726740651
-0.03807857171108385
-0.01616992629652837
-0.0009814829727873638
0.009922586692831586
0.01784341911360017
0.023957125393965394
0.028662663263078036
0.03233106955909623
0.03538633599126639
0.03786000038587396
0.03994717919262705
0.041719806921753456
0.0432374235588484
0.044563348271256645
0.046205218793622604
0.04717039617472857
0.0475540452208601
0.04807495143663331
0.04810964191364188
0.0500517074747253
0.05085965469437601
0.0498136513194756
0.05016373219514116
0.050173414465186195
0.050182718159606406
0.05009166620649138
0.050176651615635684
0.050216395843223974
0.05012815571641287
0.04971041413152232
0.048582975436503556
0.04885682848098537
0.04828073759767865
0.04766258704792858
0.046853018065998134
0.0458758327823479
0.044723232581440536
0.043341364969433006
0.041707093303537085
0.039773482033889786
0.03745566334420404
0.03393504358602021
0.030909741177932583
0.02812531927345087
0.02401556911704373
0.019161175116054873
0.01362644112329419
0.0073491356340704625
0.0005666575758150382
-0.006280672545370573
-0.012200632898872561
-0.015552490813863071
-0.013196265679277105
-0.0018831356073535752
0.021043970129631377
0.05358649123927789
0.08431174576160982
0.09557090019026934
0.08114954884335948
0.06207215333594585
0.06857409436860817
0.0881471028925521
0.09398986571205117
0.07635130487022472
0.04696761079759383
0.01932821744375199
-0.00026749430772734806
-0.011385375981876639
-0.015988315874252066
-0.01636154530667617
-0.01429314917758778
-0.012133774536840673
-0.009110386051214158
-0.005518728023508824
-0.0024088758692332192
0.00033997111221164883
0.0029176959272024733
0.00551201607537627
0.009005079438108552
0.013454901183737877
0.014326624899262395
0.012896965062886498
0.012510237891670935
0.013209504605053029
0.013633257164845796
0.01391509908156378
0.01462161648281226
0.014799259769003481
0.01526360144748097
0.015416261007537319
0.015416452014054659
0.013910031058937736
0.01531066729640706
0.015248200560637906
0.015027366983050702
0.014792249894778054
0.014466895391843164
0.014105897870544717
0.013705977444152265
0.013337577043483166
0.01323776782300219
0.013867375252000207
0.013665285605442964
0.012484659481780114
0.010964616644237592
0.010003404525739775
0.00914257943966331
0.007596171767925177
0.007244379920138754
0.006085226088530135
0.004698395635549929
0.004504258296234062
0.0035388691782921003
0.0023167086775713703
0.003655065830330722
0.0004983707615135774
0.0032415154933027306
0.0041848612441039166
0.003187640260141485
0.0012634953216953163
0.00010916110946346593
6.177920576764508e-05
-0.0005544335202801254
-0.001445954410243994
-0.004181426327828809
-0.003515526255497418
-0.007966437628703145
-0.0044944798987550825
-0.0047569551773397915
-0.004969969557620969
-0.004731445929124751
-0.00429837975284456
-0.005806582850376159
-0.007293929785770224
-0.008526855071233182
-0.009676200969023472
-0.009546838770764307
-0.01010981264441406
-0.010815994198433425
-0.012204475173312364
-0.012958033161546078
-0.011954901861315674
-0.011071329811145607
-0.012907016018140127
-0.013941139286788713
-0.014751567590559643
-0.015439194449750308
-0.01619553025266034
-0.01690695167866734
-0.02016844537664062
-0.018505389908289895
-0.01903288522998358
-0.019443481639555414
-0.020523957841175236
-0.020295576071900155
-0.020750446230607997
-0.021379483873996998
-0.021621606132220028
-0.02198744119350535
-0.022636720909212003
-0.02293062233915764
-0.02375565232077724
-0.02769098815379484
-0.02501697708570999
-0.02518277180390919
-0.02824543875160155
-0.025826891730863097
-0.026377804558588448
-0.026413854444002943
-0.027565066849074168
-0.027234859130308983
-0.027398432605326747
-0.027797684292698098
-0.02840063198054176
-0.028988453560449098
-0.029391909629300186
-0.029653474537556443
-0.030283546152555484
-0.0320612657991995
-0.03089136082676936
-0.029419647900203794
-0.02879900923270641
-0.028519714949444226
-0.028136036306176327
-0.027523841834933886
-0.026541277642874794
-0.025536949634638956
-0.023497780140215613
-0.02207583529298306
-0.0192050865226728
-0.015817859895217935
-0.012915592986552076
-0.010283533658949599
0.000676714191781739
0.01285379565513293
0.028996744831676656
0.03813687106878674
0.06924829205304102
0.07167195308143832
0.06732553277308347
0.052890621996378215
0.04071465959762321
0.0485797470179872
0.059341133369678147
0.06875277971214354
0.06243956103506231
0.048776043140102886
0.03449741896692108
0.022089270716608225
0.011214099618066898
0.007010602163097101
0.002875322639473052
-0.00025156706847213303
-0.0032773806250220995
-0.005383511685728958
-0.006675891137910141
-0.007398415829810146
-0.007775337777343314
-0.007920739471232483
-0.008497058995051935
-0.007592799779694102
-0.006991880261163676
-0.006125048985451433
-0.00514685252137292
-0.0041079594848118075
-0.003031823372546289
-0.0019925740463960866
-0.0009225244671905721
-0.0008934367004739736
0.00047263969077871967
0.004473674422889293
0.0041879611830577534
0.008828127688963388
0.010706358353406078
0.01095395872320963
0.0107148956125936
0.016942242623368655
0.020035366662191842
0.021615383585986234
0.022345955716718956
0.02102226414743103
0.019139086742971826
0.01325614612041676
9.072224613144605e-05
-0.011256987676711856
-0.009652042738283307
0.0023522353113893985
0.006351934655911965
0.007421710997994729
0.0035132415657803183
0.00048356998863483913
0.0005892352690516846
0.004801500854137472
0.009876101709823193
0.00949520807961064
0.0024161370767676786
-0.0016223772925786002
0.0002975175045498283
0.007508747066737191
0.010969833206624553
0.007488555413631328
0.002783538724994642
0.0009472041938616893
0.0024153180302970067
0.006895263487718028
0.012710306583056497
0.019478349774964186
0.024907570121941818
0.02713911384278089
0.028429342557509785
0.030538571577383548
0.030753574312754224
0.031305247953319904
0.02911096946949119
0.030685266216144043
0.029672029948942528
0.025867422583361534
0.024199297156596005
0.021930300093816146
0.024055275696623944
0.024504786959047745
0.024657656527173576
0.02398869295203508
0.023005817862824452
0.020456501082957993
0.020510461183529363
0.019722566958206688
0.018237984053716513
0.016184043391441357
0.011826417458199684
0.00907869062538934
0.007998860295164119
0.00444984725531346
-0.0009201384586701043
-0.008219810446177526
-0.01797734035169668
-0.030643133805017275
-0.045127078207588496
-0.05448080013898316
-0.04023280101109183
-0.012748902404635724
-0.009141359958259172
-0.02176322817833767
-0.04397291089967428
-0.04155771786170959
-0.027522878067163418
-0.01408652901712152
-0.0038067289865170205
0.003216258821346949
0.007336534523314215
0.009239065567313078
0.009254277045773597
0.007933242137887415
0.006290649455597021
0.005306380030345142
0.006875509054347817
0.0032170652841583968
-0.001727762071226665
-0.0019693635309645584
0.0012500489930765957
0.00531998625647395
0.009731307691064837
0.008446328609235077
0.0010308219876053039
-0.002197456947626627
0.0012765258293170494
0.00888534257444694
0.009756762507146195
0.004850657213607793
0.0003402364009417543
-0.0018925178707606862
-0.0018258997009384854
-0.0003196577530571118
0.001583023527232806
0.0038506584701904047
0.006008501833241007
0.007642004135425159
0.008773077548860472
0.00934961401707683
0.008910312603127577
0.009986222969196856
0.010838593487981718
0.01002566195823888
0.008703371912873598
0.0024131590461492916
0.006927457092037751
0.007071355307467101
0.0043075170803651315
0.00433572626097375
0.003743831120784097
0.009125968589642085
0.009875878259874949
0.003553780215903481
0.002294849732781574
0.0012269772808231071
0.0007873363963588527
-0.0005413073349362885
-0.001994681033467073
-0.0034307325034303032
-0.006121384632071798
-0.01044892853941193
-0.015224266107549879
-0.014579831367427083
-0.0072926951575480355
-0.008034753053265854
-0.009022103909337362
-0.007816401524526418
-0.006217001935757917
-0.0053829435253527425
-0.004332267051135695
-0.003680431570173868
-0.0033030869189994757
-0.0034716089916861943
-0.003454740595619541
-0.0033245652404881023
-0.0031827653679169844
-0.0030846592584335766
-0.003084308940215616
-0.0030463801359696136
-0.0026486396335824317
-0.0022751244444499923
-0.002371000294478857
-0.002160168540847768
-0.001662272852802442
-0.0011693723052829947
5.84588112614556e-05
0.00040129406739150976
0.0003253597669946452
0.0005320401827584754
0.001012801611234902
0.00160580946953273
0.0018025407839511697
0.0029811738050216996
0.003633784960748241
0.004421553174989228
0.005209018339454364
0.005184114653908025
0.006603521419077855
0.006368062317316845
0.007537545907723745
0.00832871124999064
0.008853689088739524
0.00915181462254407
0.009208538747330072
0.009280890807475444
0.00921718067363496
0.008916565182271314
0.008432534504974807
0.007861467890497771
0.0070549782543442635
0.006027269220815281
0.00501359423151516
0.0037169784305913275
0.002645788905721259
0.0014257620855314993
0.0002241487504021092
-0.0008473366936538127
-0.0017908091990006601
-0.0025899708763202985
-0.0032262726500591203
-0.0037072476416367336
-0.004061117008745665
-0.004312156447998076
-0.004503242181687627
-0.004653630195672275
-0.004779269066915252
-0.004885411430033995
-0.004970356016845384
-0.0050311247392198395
-0.005067063451832489
-0.005081151932938033
-0.0050803713179080525
-0.005074111656542944
-0.0050705705513957875
-0.005073348444869094
-0.005079813936502958
-0.00508253888465382
-0.005072625231324103
-0.005043068414394212
-0.00499048198319212
-0.004914691230800419
-0.0048173768435419905
-0.004700433957138755
-0.0045638152542765995
-0.004400316427811163
-0.004196532775777216
-0.003940543356506627
-0.0037524638194411293
-0.0031193365671815182
-0.002557972459129663
-0.0018367593237351763
-0.0010146124408058343
-0.00013221030769003825
0.0008190441438115832
0.0018433625857919302
0.0029178531424769024
0.003928556111099083
0.00486661178232549
0.005265913531827711
0.006460226651040512
0.007223711503334825
0.007868285132773727
0.008354682610432039
0.008722773474987407
0.008983049699702452
0.009102306262587304
0.009137015230449849
0.008512483000298708
0.008965886407675953
0.008735832711877615
0.00855566339709083
0.007421538982966122
0.0079454635918098
0.007664372102758133
0.007409164003642381
0.007239243083490573
0.006492712998186898
0.006372000506486894
0.0055713786487214135
0.00483595099279635
0.004377719207781366
0.003896401928504298
0.0034314694713761776
0.002998842399193789
0.002566572886214381
0.00222134988222153
0.0015718977348973648
0.0015023822099000108
0.001684243750114585
0.0018308276899492279
0.0021636755432766883
0.002797658832720313
0.004155228969755648
0.006263595358331851
0.008884604966244368
0.009578246265256515
0.00467680366923378
0.002035052004567117
0.008353054299544598
0.009480696505615015
0.0064004162449658245
0.00327861457183561
0.000854609436064864
-0.0008341645434171735
-0.0019929323081672944
-0.002572559292475947
-0.00299629486334623
-0.0032949549262339364
-0.003696723358906033
-0.003669291915042911
-0.003811031738586609
-0.0038182369130817487
-0.003750862615003464
-0.003740865910353711
-0.003762058430883625
-0.004371033029146887
-0.0039517899914342505
-0.003661689091034064
-0.003798301048770929
-0.0036240646864163103
-0.0035286871697573544
-0.003715776310928849
-0.003322363906702618
-0.003339605212015918
-0.0038710651046700638
-0.0032504245181275825
-0.0032623506114234507
-0.0035828211228551682
-0.0036569104807666957
-0.0036875646135053905
-0.004244248908918535
-0.00866320517589093
-0.008098227812793188
-0.0023081589858344677
-0.00229532058373774
-0.0011749802040110023
-0.0020661155019971013
-0.0026310220850933766
-0.0027116667875170387
-0.002622874772909396
-0.0026039716528813545
-0.002728613741637222
-0.003053628251650335
-0.0028259838896629017
-0.0026421284384866225
-0.0026706760576957964
-0.0036747514741903866
-0.002823703513466147
-0.003163046547620755
-0.0029464344135981735
-0.003319158254756984
-0.0028058791273327206
-0.003114908993751209
-0.0030966778911567646
-0.00319307105201714
-0.0031292400463232674
-0.003099467434278613
-0.0031392455832379416
-0.0032167998067312692
-0.0033378093708733804
-0.003513244033612686
-0.003468688558670907
-0.0035402012291933364
-0.0036154801744619214
-0.0036961181659097503
-0.003771800328875617
-0.0038215415699590556
-0.0037949295874803025
-0.0038482363430280384
-0.004013379693399421
-0.004162208665955743
-0.004291966507472465
-0.0043108211227356604
-0.004105619796904974
-0.004054520417323434
-0.00436129550294577
-0.004000772625933239
-0.004386093090236943
-0.003824589604689439
-0.0037728950714257183
-0.0034351928903682185
-0.0031984746475571305
-0.002962126081113625
-0.002710938843480434
-0.002509018958261488
-0.0022083371493651703
-0.0019954903915115414
-0.0018653971989325425
-0.0019287367551930842
-0.0024211701727782733
-0.003603886301411275
-0.004650515213518023
-0.00420406703088706
-0.0014779601905857366
0.0008966701336917616
0.002684880252467675
0.0036772251768686388
0.004980635311890236
0.005821637772662631
0.006242383412824952
0.007080236978481987
0.007691111048578359
0.008071020715628784
0.008235608455870205
0.008133215496285914
0.008270905049981193
0.007675836672907245
0.007073080950748747
0.006779882402134508
0.006006435776531083
0.004884097793662728
0.003357814516239667
0.002451086838499154
0.0011136480203345124
-0.00018651569499939647
-0.0013731953351074576
-0.0024022884375851355
-0.003164586000069857
-0.0037310725826714642
-0.00412566150150986
-0.004399884509946423
-0.004604439129734079
-0.004767710426367968
-0.004898615635848747
-0.004995190327556003
-0.005054750265682353
-0.005080865011525272
-0.005085519231591016
-0.005084050704753882
-0.0050852421094301405
-0.005085303858351485
-0.0050707436219412285
-0.005027699216285104
-0.004949201427769162
-0.004835462872755749
-0.004689801767451577
-0.004511785808593667
-0.004287638943690658
-0.0039862042664851405
-0.003568488851072635
-0.003008727141374435
-0.002323230629144178
-0.001558837103328249
-0.0007297182309969612
-4.316156555232898e-05
0.00032524868639137184
9.73997094673912e-05
-0.0009893849361091668
-0.0026658088786217487
-0.0034464077769369873
-0.0035478569464314803
-0.0033234739927126586
-0.00200380846724051
0.0004278227863957177
0.0024779953209504418
0.0038975513383314223
0.0046292749937025665
0.005233428101489487
0.005217629327739774
0.00521973584308429
0.005064362331467375
0.004590846207538551
0.004479532065889366
0.004118539172243706
0.003658166354514997
0.0031559420151163553
0.0026329007768758988
0.002026660539875649
0.001538242417653265
0.0007550290328623828
0.0005994245400017911
0.00017419780154351294
-0.0002580823235943738
-0.000655780792399696
-0.0010760269831451056
-0.0015518266284300837
-0.0018762139539096978
-0.0022349844716923963
-0.0025996773060280986
-0.0029415688703452285
-0.0031925675451722076
-0.0034458115740915005
-0.003693562307626282
-0.003976718776270425
-0.0042165849886132405
-0.004276648706415631
-0.004474624570493104
-0.004825951577491381
-0.004791333740083987
-0.005170591235356773
-0.007249331421591046
-0.005084273799951341
-0.005156480576247974
-0.0052477192950578285
-0.005366668112821931
-0.005494807547251595
-0.005688394431697257
-0.005675481419383304
-0.005796959794101192
-0.005935741430457056
-0.006114746764307679
-0.006321099875590289
-0.006577079148488095
-0.006287670732548456
-0.007671250705425206
-0.008408129950537689
-0.009970557092463387
-0.011653475810039251
-0.013051376528340021
-0.010112806119795861
-0.0063531129407756156
-0.008488180798331746
-0.013244575820015406
-0.012692010902830161
-0.011127879125912319
-0.00973975445817442
-0.00913621559213361
-0.008825925226522533
-0.008734415510116497
-0.008911997455866938
-0.007124567081890146
-0.006469686436938071
-0.0060831865318122505
-0.005686149371930967
-0.005169293410483894
-0.005634886438948648
-0.0051284394691788636
-0.005325344559582733
-0.005439044734712536
-0.0055018650332167105
-0.005416820909919534
-0.00542048382018582
-0.005398334948152127
-0.005416150340255541
-0.00685269555354299
-0.004406017973970618
-0.003836858116440918
-0.004463160286213035
-0.005145357185804867
-0.006156090017929557
-0.005361534341069589
-0.0053789875869647945
-0.005727561117796906
-0.0053774644026394714
-0.005361048388261519
-0.0055337173099076105
-0.005388526599244595
-0.005377974539368558
-0.005389925619481153
-0.005411681909234198
-0.005470426234579837
-0.0054778932126080355
-0.005519466752229882
-0.0055638744859194175
-0.005635508949520321
-0.0056577830054149545
-0.005656406894517259
-0.005703427249646593
-0.0057444136499622735
-0.006791103741610705
-0.005795709266584035
-0.005790830751624823
-0.005887164826916371
-0.006007908438232968
-0.006128081041541412
-0.0056309709073456
-0.0053324290144860014
-0.004835639398622331
-0.003776091889167014
-0.0021113653232429437
-0.0018413488653089651
-0.0035342712950566166
-0.0049813712455468945
-0.00475584360989316
-0.00477385595006283
-0.0045567732017310295
-0.004472502931273643
-0.004416091653492413
-0.003977056222634918
-0.003444316480934999
-0.00267090904695776
-0.0012638095183841692
0.00033753657578700547
0.0009185830417468147
0.001251878207200657
0.0030114202944002124
0.00521045905916449
0.007288497704365569
0.008036604346419368
0.006645548280957336
0.0020038759529068455
-0.0021353221069444904
-0.0031335912411561695
-0.0026940379688688023
0.0003572123180845976
0.004991804768724544
0.007749022459901227
0.007836918277242906
0.00636448353129981
0.004778031412601927
0.003211979217703843
0.0016367806791141102
0.0008445641531013465
0.0001707013315056847
-0.0003684001125372214
-0.0006936903558730607
-0.0009201638940470226
-0.0010759014512014193
-0.0011970057781143311
-0.001888564391882985
-0.001205258960932951
-0.0010557908364017062
-0.0009468698806677295
-0.0007844158752665474
-0.000558571199325023
-0.0003459993496087038
-0.00012745140283520513
0.00014349339777912137
0.0004361491743442077
0.0007523341176439565
0.0011179985577490109
0.0013875607982025474
0.0018236807805423374
0.0021802371135457997
0.0025245358208404395
0.0023582393035099713
0.003335307750067215
0.0035860625636435837
0.0042882414687988495
0.004736124912981392
0.005135031326645509
0.00556672438476968
0.005741758250186603
0.006473901577642848
0.006645937820478702
0.006979496317006173
0.007455680412477057
0.007632090670345696
0.007603442101170218
0.007375062733642022
0.0068371249588724
0.005852268404050823
0.00425664381076608
0.0018919501650364163
-0.0010017804358682623
-0.003233785646770823
-0.0038187003612586575
-0.0037443069625170073
-0.0029919023663199083
-0.002286419273032032
-0.0014783249222797142
-0.0016118703393065673
-0.002107899057772586
-0.002732862300124093
-0.003326832640866996
-0.0038144054419120086
-0.004178963134431357
-0.004440941029581322
-0.004648596110196543
-0.004817409081917008
-0.0049466685735707104
-0.00503092323335095
-0.005071784036955952
-0.005083012554255403
-0.005083823126552207
-0.005082431091788671
-0.0050684139141035384
-0.005023089499919631
-0.004935370366642479
-0.0048064851584701685
-0.004643939679629054
-0.004449322648810134
-0.004198373064743088
-0.003843112794538565
-0.0033448734110836822
-0.0027048722704372265
-0.0018812180691539998
-0.000966633716848642
-5.0025433451604006e-05
0.0006956088367121049
0.001870872036872852
0.0027897445383505636
0.0035656890836167398
0.004255795325417695
0.004721814273005436
0.004828646546165772
0.005515500497804228
0.006021585102233324
0.006319371422596163
0.006485410329126751
0.004856244072823022
0.006741317881757515
0.006968670700576829
0.00701000230511404
0.006490292346477741
0.006736790668163837
0.0061706864619918535
0.0069362416735538526
0.006882034501267393
0.00679031435977422
0.0055969232664128815
0.006584016060705478
0.005980571128485871
0.004849578432950829
0.003529168279032021
-0.00044236708025705956
0.006349977457473909
0.00680961797140323
0.004159384895491668
0.006918015874147351
0.007013456704048186
0.006985280238932649
0.006680448918961844
0.00664349223554732
0.006811981091245007
0.006782038780375848
0.006692402497137989
0.0065842206749793086
0.006429911468363748
0.003951179835859925
0.005947876205127687
0.0053926818383503205
0.005643662551034109
0.005530850893165988
0.005357825299436884
0.005098725172247301
0.004576583159218314
0.004516763291603134
0.004174491886647365
0.0037980531101224698
0.0034025753159346067
0.0029736012667697163
0.0024622875320587565
0.0017940432747054415
0.0009726173626656591
-0.0007444961305725468
-0.0019459509443612926
-0.0033610623080753727
-0.002658074349828817
-0.001384838460102127
-0.001052312430103979
-0.0011493341200702924
-0.0014037551100615573
-0.0017169602168017422
-0.002048065560322594
-0.0024108230359337623
-0.0028180100060297224
-0.0029819002773259435
-0.0032293381347094233
-0.003466935627182482
-0.0036796816377331174
-0.0038653040948252557
-0.004028640598310426
-0.004171168157975372
-0.004296021934852281
-0.004405121851548928
-0.004503421998902797
-0.004591189921464167
-0.004672041957521596
-0.004746506411738362
-0.004814867424764095
-0.004876926825721287
-0.0049321216422109
-0.004979719442900469
-0.005018961272890406
-0.00504921967196621
-0.005070042788803102
-0.00508150457679599
-0.0050843753478139655
-0.0050802329807642585
-0.0050714547579825495
-0.005060849434218266
-0.005051279988717341
-0.005045501388189095
-0.00504567554610167
-0.005051659530329079
-0.005061062961227488
-0.005071062509368136
-0.005079061311643914
-0.00508313850615483
-0.005082591890887117
-0.005078448757975422
-0.005073265117547598
-0.00507013686739317
-0.005071087621987512
-0.005075314487256158
-0.005078719668429328
-0.005076668560975204
-0.005069159457300035
-0.005062406091032098
-0.005062991828461256
-0.005069926952467944
-0.005074410124572936
-0.0050659159141074215
-0.005036041433597578
-0.004977068057299355
-0.004888593122535199
-0.004826684982084296
-0.004805002953505
-0.004775475624276067
-0.004730759013034317
-0.004679650931125024
-0.004627548109627498
-0.0045779222391361864
-0.004530944902960633
-0.004489730399068588
-0.00445539393727968
-0.004429584830442116
-0.004414097879929069
-0.0044110487561506255
-0.004422983314820435
-0.004451362659861953
-0.00449042859754174
-0.004517588167122371
-0.004525342460114948
-0.004538205798692568
-0.004566088170552471
-0.00460631303454808
-0.004654850331789333
-0.004708897122885634
-0.004766517041700735
-0.004826022980245258
-0.004885193639084111
-0.004941359156027955
-0.004992422229733861
-0.005035543285022831
-0.005066911464655241
-0.005083429785799358
-0.005086363596944516
-0.005083989394615178
-0.005084070079181957
-0.005085523366680361
-0.0050858958549444
-0.005085113880768029
-0.005081740478076851
-0.005075232160965644
-0.005065676052582048
-0.00505499727954028
-0.005046319363335699
-0.0050429416747863895
-0.0050465042113230565
-0.005055468307179217
-0.005066763155654063
-0.005077426387810595
-0.005084572451357926
-0.005085745300922693
-0.005079208838409165
-0.005064296905960853
-0.005041214229615453
-0.005010065845119351
-0.004970833324321196
-0.004924929521775678
-0.004873599932764897
-0.004817378197014028
-0.004756319962848346
-0.004692957079213957
-0.004641525878692675
-0.0045945017465814746
-0.0045420708577740675
-0.0044832216400550835
-0.004423457975386002
-0.004367095440187511
-0.004317723976374399
-0.0042806139983541805
-0.004262424348432446
-0.0042567447716143425
-0.004221534705241245
-0.004200521538443512
-0.004197743529768746
-0.004219546990369729
-0.0042620900727271096
-0.004324995659085854
-0.004399520529048725
-0.004485251254667803
-0.004576570665099403
-0.004667728331564312
-0.004757351332324325
-0.004847980950989035
-0.004934942628907386
-0.005009743882868629
-0.005063262011575662
-0.005089666662727332
-0.005091720944588381
-0.005083129261428758
-0.005080297815129636
-0.0050876386014006535
-0.005093284529162541
-0.005081415785982003
-0.005045576226398524
-0.00499048965613754
-0.004926386143343787
-0.004864213320645664
-0.004813353709640114
-0.004780187293703666
-0.004768075144967853
-0.004778520982263911
-0.004810157915942696
-0.004858423399344402
-0.004916467922319874
-0.004976262282850758
-0.005028471945805057
-0.005065133796630871
-0.00508262988527376
-0.005084089687136231
-0.005078760888563211
-0.005076419269194021
-0.005080411327620109
-0.005085076599056309
-0.005079614739004805
-0.005054556507548401
-0.005005752480480215
-0.004934067394845796
-0.004842981065105336
-0.004736325976772707
-0.00461633396506206
-0.004482071678430088
-0.004328659248639291
-0.0041489717307677506
-0.0039353602343361535
-0.003682016895395479
-0.0033877440102057744
-0.003070756668048459
-0.002708567393303157
-0.0022682347875227506
-0.0018307797574962366
-0.0013983814566877945
-0.0009234106348817782
-0.0004476267005189039
-7.928788653619557e-06
0.0002988971261884614
0.0008745227039749262
0.0012392423983501935
0.0006920789870608537
0.0020694524252656203
0.0024780333079834184
0.002836071058182292
0.003068239706535087
0.0034554907756623615
0.003730031289787476
0.003964918062894563
0.004119358019463736
0.0038108765585515413
0.004417206620710821
0.004143867601417342
0.004728680408872526
0.004908984226248988
0.0046674315508867265
0.004967876555543197
0.005192134297629711
0.00520736106561687
0.005114452938273548
0.004824162352841544
0.004035892015490049
0.0021922174502124908
-0.00021507617268361578
0.0010832340777154204
0.003568425531923354
0.0018898065022992052
0.004421506696282233
0.005733162290807468
0.005824493432214965
0.00587700082678538
0.005981769026872645
0.00581493299625513
0.005914085339576043
0.005995704952213877
0.005965183146732387
0.005750576405630526
0.005570824791569473
0.005630120776677334
0.00517647551316686
0.003544035949100915
0.0012029317086020902
0.001712592889831184
0.003836006147198626
0.00534764217597542
0.005898565144848956
0.006002939937069762
0.0060660453339615806
0.00605128297945057
0.00601964965048228
0.005892011639572102
0.004821184913015575
0.005761997832251775
0.00566633465389185
0.00596545030762207
0.005913583608624448
0.0058496962622079235
0.0057109087284953316
0.005442326032240726
0.0049617698337137426
0.004189447326018363
0.0030059493964591285
0.0012111596213603135
-0.0008800550575034669
-0.0028648368471769947
-0.004038057428894694
-0.004483209537280953
-0.004662535800990546
-0.004563124124090376
-0.004186483213513215
-0.0032626530091141655
-0.0014400692384374698
0.000719994484842145
0.0025608095796858217
0.0038731612233273527
0.004624377910973621
0.0047096418023867695
0.00526437631693352
0.005698396261753515
0.00583377614459252
0.0058753113167247335
0.005885986142561487
0.005884492665852765
0.0058781104124986765
0.00586302232621464
0.0057952583466060695
0.005780628781602897
0.00578192911411748
0.005704744740143122
0.00573058651808829
0.004419265569444269
0.005676922954712537
0.005772849072540183
0.005746062777003517
0.005764326014861674
0.005769824459019613
0.005774755241972523
0.0057719274789546325
0.005726525692460602
0.005589380047345432
0.005687993769953604
0.005381664917763464
0.005290503688123858
0.005678506694674008
0.005717324836674503
0.005707149069177894
0.0056146416296286895
0.005648502877690733
0.005383702781090867
0.0055439031268778504
0.005454560162129875
0.005435029146025658
0.005331435575034107
0.005181574502767768
0.004603782079471685
0.004850418540337166
0.0048107518348103895
0.004651197481670232
0.00443399944592485
0.004225830722211638
0.003970856247797424
0.003687113870031812
0.0032861299734350553
0.0029741449340352933
0.0026272907981868404
0.0022195734334571676
0.0016928486851810237
0.0008252448925759852
0.0008837370187910125
0.00038668104069848223
-0.0002682185154518971
-0.0006784431179033679
-0.0010245045948371523
-0.001476834181616914
-0.0019409555322545216
-0.0024145441086940484
-0.0028762949114620674
-0.0031837598519176597
-0.0034977548246700545
-0.0037829869656100337
-0.004018280561429597
-0.004210992399512822
-0.004375431588970187
-0.004516174087177313
-0.004631517823453884
-0.004738324481761345
-0.004833622200734314
-0.004915529195086187
-0.004981460481151499
-0.005029949266947144
-0.00505934101344256
-0.005069180475556657
-0.005081931883735186
-0.005085260255387284
-0.005076200000611381
-0.005066964325049444
-0.0050647722292648375
-0.005071447509691554
-0.005083317350352769
-0.005093899069372865
-0.0050962911797372565
-0.005085180816948803
-0.005057867421302871
-0.0050139462816432565
-0.004954559112390315
-0.004881492737589863
-0.0047964956552697564
-0.004700492892958829
-0.004592860641888786
-0.004470896348965967
-0.004329928001319662
-0.00416515126896735
-0.003971658350772772
-0.0037463285865093343
-0.0034886102411087177
-0.003209614693942994
-0.0029026990189451422
-0.0028109107473171116
-0.002255443738037754
-0.0018991869978499467
-0.0016012557629935663
-0.0013523433802556447
-0.0012291577809525804
-0.0013738558708873776
-0.0020157025544562637
-0.002825995463160612
-0.003240418642117055
-0.002055241688339743
-0.0006413639601015044
-0.0006349298070557601
0.001080437966136594
0.001790824680238725
0.0022839033155420195
0.0026332186749556405
0.0029215803678119914
0.0031467054080002014
0.003343329553772366
0.00351138125090797
0.0036167657510143766
0.003681024723922507
0.0036927045414873326
0.003584990972597478
0.001126950635647089
0.003423143909711921
0.0032646634538292425
0.002912151022591445
0.0023799967290256
0.0015912406527328383
0.00037619322867884873
-0.0012974436993625953
-0.0029102901409946156
-0.0034814550841107115
-0.0036046690937672175
-0.003360262237357492
-0.002387267433694875
-0.0006187203637374637
0.0009188312024463907
0.00201655697551313
0.0027578032606798853
0.0032940034368993103
0.003663092437642647
0.003931160982757937
0.004129091520532607
0.004273398262732812
0.004386711750202924
0.004461133152189598
0.00444940106829523
-0.0015540159295867745
0.004546730659131165
0.004660482074127691
0.0047170251308169394
0.004679377105437688
0.004744599677911074
0.004550857722187165
0.004744631529659522
0.0046714526676654424
0.0039652255585338365
0.00350680935174818
0.004179030013394416
0.004610718289895753
0.004802227686091865
0.00479284186024285
0.004620994176110684
0.004796282458824787
0.004828312787816224
0.004833151232047936
0.004831013667607913
0.004822831308562545
0.004809078170290699
0.004781976837730255
0.004584090970306864
0.004619543977128649
-4.5981256545124146e-05
0.004569002498322453
0.004672256600167671
0.004671712792984112
0.004621175843215868
0.004568099510532411
0.0038106308137418263
0.004486122810741889
0.004414036786233144
0.004076659133142569
0.0037114521006541574
0.0040713928435003035
0.0039038189823318503
0.003605786543828659
0.0030712569537302567
0.002121963273214343
0.0003617726122284685
-0.002093649078411164
-0.0032509699859270312
-0.0027099736384376266
-8.318032027937388e-05
0.0017783329063245836
0.0027137326719644927
0.003168661374428307
0.003335222230889055
1.1525302792527795e-05
0.003456900639126425
0.003448107767248414
0.003308342413569943
0.0030460847370634143
0.002628808898838987
0.0019091350756029167
0.0007136769875017028
-0.001084323809445173
-0.0028376459132266915
-0.0034279369827992204
-0.0028066130480482523
-0.0011537032480087445
0.00041077729704143797
0.0013795832859940873
0.0019173072527959507
0.002140739177391108
0.002050565252923914
0.002397236562212618
0.0024474370644872304
0.0024308394645303263
0.002379625413587877
0.0022981864605533513
0.0021980651873456025
0.00204523505597449
0.0008646525526636044
0.0016992785331084183
0.0016755812747230106
0.0015784214793551602
0.0014338859531035182
0.001284701960480951
0.0011114393419629645
0.000812894650953302
0.0007336394485806629
0.0004892402921222392
-0.0010890085677190788
8.086815406762838e-05
-0.0001141779168093373
-0.0003637016656770769
-0.0006505665393569477
-0.001005790042854975
-0.0014902731844192638
-0.002168142177351114
-0.002120366008497837
-0.0020028194888998007
-0.0020639326197622932
-0.00223317266146505
-0.0024921350906800775
-0.0027165375365866347
-0.003122501992242005
-0.0033008547533906886
-0.003243221433929167
-0.0034215209089966453
-0.0036084242924614503
-0.0037870178764899606
-0.003953620638376598
-0.0041073972606904905
-0.004248005901098889
-0.004376543477290384
-0.0044947918792925335
-0.004605909648221316
-0.0047071248166413214
-0.004803147238343702
-0.004890553654466538
-0.0049661299183726025
-0.005025873628453617
-0.005066189282614898
-0.005085678709381497
-0.00508741087465828
-0.005079777603562693
-0.005073424369067134
-0.0050751785493714716
-0.005083171847376548
-0.0050884756283235
-0.005081470002528837
-0.005056967448052967
-0.005015021109625357
-0.004959330874212099
-0.004895158045376771
-0.0048274875553352865
-0.004760301609197708
-0.00469641882640614
-0.0046377307513923586
-0.004585503554434274
-0.004540624931767483
-0.004504634247720864
-0.00447465764102724
-0.004453267534928643
-0.004440123284049522
-0.0044344318117280155
-0.004435746415086227
-0.004444089177252027
-0.004458955532697473
-0.004478992788812131
-0.004495615567063629
-0.004512768404347044
-0.004534455461562818
-0.004560840474198138
-0.0045915780148491165
-0.004626687987593711
-0.004665430684411941
-0.004702937568429297
-0.004729902418236215
-0.0047472815736914475
-0.004765049842759419
-0.004787058279068666
-0.004812105782593535
-0.004838591560277397
-0.004865448577150168
-0.0048920262771399775
-0.004917859090677585
-0.00494256758575721
-0.004965914240097709
-0.004987774622002986
-0.005007567606745565
-0.005025009094382506
-0.0050400828439248185
-0.0050527800144020765
-0.00506299480486139
-0.0050705992241571836
-0.0050754884254586696
-0.005077527892272714
-0.005076770213233343
-0.005073436849403081
-0.005068060222343122
-0.0050611904642032055
-0.00505326407697684
-0.005045196383967943
-0.005038537644052804
-0.005035250520882559
-0.005036310393028478
-0.005039699895770148
-0.005042206770794658
-0.005042011176965071
-0.005039074115671428
-0.005034373218835828
-0.005029212285884924
-0.005025020006009833
-0.0050233989928149154
-0.005025138516328269
-0.005029691454050334
-0.0050357983812021586
-0.005042657891601811
-0.005049647839962427
-0.00505642891702735
-0.005062674506123442
-0.005068048769236245
-0.005072257672083341
-0.0050750570833894264
-0.005076281386043699
-0.00507588403299519
-0.00507387939038507
-0.005070393298675345
-0.005065617535882892
-0.005059807587058046
-0.005053256443554043
-0.005046325321134362
-0.005039384210719207
-0.005032787050346427
-0.005026882595468953
-0.005021997132479296
-0.0050184162768275595
-0.005016358163826111
-0.005015954184316791
-0.005017272250093716
-0.0050202989332165555
-0.005024912846701181
-0.005030908514543891
-0.0050379547372991496
-0.005045673728032166
-0.00505359531326514
-0.005061191098727106
-0.005067912300594971
-0.005073258557608667
-0.005076794364501662
-0.005078191180495901
-0.005077285428767339
-0.0050741215411020885
-0.005068949760085821
-0.005062204017984392
-0.005054452099322901
-0.005046321811201365
-0.005038368797746786
-0.005031431095595185
-0.005026635932565738
-0.005025558702445988
-0.0050286179759416625
-0.0050346303993441905
-0.005042181958726819
-0.005050299028711443
-0.0050583708402867815
-0.005065791839224349
-0.005071937420325638
-0.005076226344364483
-0.005078143587121818
-0.0050773350961350085
-0.005073569414630627
-0.005066701972881355
-0.005056750170241526
-0.005043818476467828
-0.005028076174779858
-0.005009731730894831
-0.004989040707614974
-0.004966278838141088
-0.004941736697051301
-0.004915698997856679
-0.004888456311303267
-0.004860245515993564
-0.004831325649363897
-0.004801905885836909
-0.00477228877691209
-0.004742902990503291
-0.004714026012777876
-0.004686158963913617
-0.0046597223618651
-0.004635165121545098
-0.004613346968909603
-0.0045952003135932605
-0.0045829027712438845
-0.004581696478820124
-0.004580792605831602
-0.004590356720516537
-0.004615581214280109
-0.004654944734525866
-0.004711590736805205
-0.004786147256307008
-0.004875698779239083
-0.004969912235874458
-0.005049181721644169
-0.005093917364630975
-0.005106111656543078
-0.0050987554190238225
-0.005063073785115765
-0.004997870757510423
-0.004922650802005713
-0.004821419946256889
-0.004697680919778605
-0.00457951643659058
-0.004475003206650654
-0.0043853210428770485
-0.00430726481744787
-0.004230945587461469
-0.004165602154170922
-0.004115519943603716
-0.004086271031644446
-0.004062615043160302
-0.004053479189340855
-0.004075308083634131
-0.004087988555297957
-0.00412854845161008
-0.004184456504937287
-0.004253986187305629
-0.004333037719435707
-0.004420826305187561
-0.004516207187123871
-0.004616788266031939
-0.004720087741494316
-0.004823214337180383
-0.004921437484592176
-0.005006994562875465
-0.005069882381871981
-0.005102501291992372
-0.005108810458994713
-0.005106724700512303
-0.00510806337156541
-0.0051110448954098065
-0.005113911846115988
-0.005106690627500074
-0.005074508956873721
-0.005012587302340211
-0.004925705174443491
-0.004821776190425728
-0.004707451297925872
-0.0045864502935001866
-0.004461024616418603
-0.004335544666463024
-0.0042202279041408325
-0.004127699409885784
-0.004089413690484069
-0.0041348848926905735
-0.004234129848849673
-0.004182400527518024
-0.0040008005773474855
-0.003848670816890692
-0.0037733644298143477
-0.003545706814982962
-0.0033281433919688866
-0.003103575301355359
-0.0028612058502779157
-0.002682551686691934
-0.0025331209689622145
-0.002423041831454395
-0.0023360210865981416
-0.0022709869330848954
-0.002245947039702924
-0.0023154883993703056
-0.002174323916240532
-0.002139271114632594
-0.002135479682944773
-0.0021484082015731125
-0.002179934247963713
-0.0022540035050124967
-0.0023816035962350977
-0.0023299071908667816
-0.002396364228122994
-0.0024866779201640626
-0.002598588934393898
-0.002748762007990054
-0.0029358692601367887
-0.0029858379021400197
-0.0030538606537441337
-0.003148806696410517
-0.003258857206573178
-0.0033804342865854
-0.003517661669736968
-0.0036590672286923756
-0.003800637319556239
-0.003928876098612975
-0.004065141106122153
-0.00417309100828755
-0.004296930782935453
-0.004396434052548626
-0.004498055919797824
-0.004592522875643411
-0.004682307140053441
-0.004767354038009168
-0.004846768733504559
-0.004919023398780455
-0.004981906564507419
-0.00503284746919105
-0.005069409785742945
-0.005090082379318187
-0.005095288114844104
-0.005088349599235679
-0.0050755572287266215
-0.005064429763558818
-0.005061119753618768
-0.005065556807472944
-0.0050703069639700905
-0.0050821253503341626
-0.0050882430697770445
-0.005078888946518976
-0.005053293425045636
-0.005012946131730603
-0.0049610594467053275
-0.004900864874619414
-0.0048365597875887146
-0.004774074869948063
-0.004720139855118216
-0.004665849779609301
-0.004590386392230698
-0.004523057099041547
-0.004505505955641236
-0.004492475365559848
-0.004366270318617686
-0.004238839162002284
-0.004149452709363538
-0.00408875241262687
-0.004054380475821338
-0.00405045548966875
-0.004089930636865932
-0.0041538256562072525
-0.004202452593709862
-0.0041745292721711135
-0.004120674104790541
-0.004102593936105801
-0.004113040278270031
-0.004154861782134179
-0.004198066450961542
-0.004258073936547219
-0.00433511647278687
-0.0044007851359325134
-0.00447711432500019
-0.004554717678356361
-0.0046314263309325115
-0.004705743159223095
-0.0047783041862433885
-0.004848254790954161
-0.004913479380326647
-0.004971399152412411
-0.005019349577353742
-0.0050549747880834755
-0.005076743749946499
-0.005084735180606898
-0.005081301064961888
-0.005071223944442343
-0.005060641573249117
-0.005054774965482163
-0.0050563323467432714
-0.005064750361669237
-0.005075633334783888
-0.005083076170306087
-0.005081556977659978
-0.005067346835437598
-0.0050389807024432895
-0.004996896134763285
-0.004942666001631289
-0.004878253780106793
-0.004805625124332064
-0.004726225736368992
-0.0046410039252413925
-0.004550538629934701
-0.0044551069545546215
-0.004352411747363249
-0.004240694403192553
-0.004120953198091104
-0.003992334689374718
-0.0038553102692295495
-0.0037125341159186896
-0.003571864463517888
-0.003443618007825703
-0.003299603272922184
-0.003303581856013224
-0.00297510509069948
-0.0027646836475241484
-0.0026270150363872534
-0.002552471445577562
-0.0025419854513716
-0.0026502000180575708
-0.002362278078525178
-0.0020909007218162124
-0.001714337106151723
-0.0014780468014067196
-0.001315401696020062
-0.001236441156977296
-0.0010142426926287556
-0.0008624452309071285
-0.0008054766332767745
-0.0007810601603975821
-0.0005482741594196274
-0.0004924275568831708
-0.0004866143236904973
-0.0006220750580996009
-0.0010018261634376407
-0.001053458375874556
-0.0005469022649648799
-0.0003363265660153353
-0.0006042836217163873
-0.00035077831839895184
5.098090055643743e-05
4.881590265967418e-05
8.829852034363839e-05
-0.00011809692746437738
-0.00020144336215755353
5.427064704494672e-05
0.00011519933412035076
0.0003599612594655097
0.00045377177270470063
0.0004442303932841606
0.0003444639041310702
0.00010348272808119976
0.00014263224637086898
-8.036148513433864e-05
-0.000813874408164371
-0.0011062663418769663
-0.0004155994714140769
8.720340879167934e-05
0.00031472824577054114
0.0004050258704083841
-0.0005097250185575894
0.00041655156798017394
0.00035236374439963
0.00019381508341635603
0.00022741799053154564
0.0002828958321033547
0.0002706399663804219
0.0002150662591380686
0.00015526610417766727
6.824626308193056e-05
