-1.4583514665854056e-09
0.018935371225316477
0.020573441027788127
0.013109847943906778
0.002964872709896556
-0.007124941108050678
-0.01558206458552512
-0.022160668300143408
-0.025150074557522457
-0.024486888706482253
-0.019722945097686153
-0.014084377409003264
-0.006310561836715728
0.0015217397000841658
0.008583240430348853
0.013135337532944453
0.012322191048193066
0.0034209156730464828
-0.014633729985607176
-0.03410035760625163
-0.016580967231226734
0.056846771129516686
0.020488659659571393
-0.057096015164687874
0.012734679915366977
-0.023754135863373136
-0.022511047039266915
-0.0022649263661751722
0.014815915474787509
0.026080596713942174
0.03431281595451648
0.03811243065750768
0.03721575814868788
0.0331912750408345
0.02695751834633885
0.0191661852727213
0.0022995816929174805
0.001207858374738283
-0.006877889155700491
-0.016352428399670726
-0.024175910341233738
-0.030758919157120725
-0.035722148601456324
-0.03843437460494439
-0.03790910582539634
-0.034199968231938466
-0.026289571749908168
-0.012518677418662067
0.008402523653128473
0.039312824801951994
0.07424880747202425
0.005403144764642301
-0.0693460490603767
0.05454576730842031
-0.0782079685892183
0.11903009395909102
-0.02540863032785475
0.029911844191527308
0.0349701055579921
0.005975598003859901
-0.01909891594753187
-0.039704895428235305
0.007904281688468419
0.020877377270779592
-0.07010303860975217
-0.04754095703867526
0.07900335975162553
-0.06551123237894275
-0.011232840497933856
0.04773801743135213
0.045455168049725436
0.030388718713175854
0.014458033693049481
0.0013195587476166621
-0.00845965427663859
-0.016012662096118003
-0.01963412234058972
-0.022441645595064723
-0.02220787277155702
-0.03974700581047687
0.00017456939973590062
0.005727232848351369
-0.014099493332701383
-0.014501958194196493
-0.010362066504676895
-0.005680851740010239
-0.0002550228805712827
0.008092114644150324
0.017791373597733796
0.014185063544053562
0.009783352016701226
0.013427762194919719
0.014548075475643685
0.014396877676337008
0.005865382808993689
0.01596602825431739
0.025828384887529702
0.020461748809265896
0.01894721723624974
0.020052822390578103
0.017604419449191798
0.015513725768276837
0.02257386621367214
0.01206676527875637
0.016457033410420506
0.00837901312531161
0.004256490887957266
-0.00133777745414137
-0.009763116293749922
-0.018672650228119373
-0.031780757566967015
-0.03828734988000383
-0.05182874842643337
-0.05520492844327015
-0.06008352355593712
-0.08267195225106892
-0.01533325499623169
-0.1260668289823039
0.08699959310910008
-0.05382917382518175
-0.03193122712946203
0.15341269310337918
0.10933588660167085
0.031936545176068316
-0.014309151720902573
-0.012801737991796045
-0.010762493232894669
-0.004342133299187811
0.006565198633951394
0.003145007449427069
0.00539754962710573
0.006332328133859002
0.008027674541460826
0.007623841925079792
0.001131442517238247
0.007683071232984558
0.006420272207454201
0.015859287977655387
-0.0005538528164049476
-0.0025776219995292345
-0.01214425199193375
-0.008767019886769228
0.012317099163495672
-0.02764853495041919
-0.033750654149483444
0.009142386081996209
-0.006822357205263574
-0.00345300437548959
-0.0019610215382227405
0.005698205549987257
0.001901196231706103
0.0004636157101358144
-0.0013951709070384817
0.002980286674022513
0.005440095967658249
-0.00022380075449829548
0.006274200330910218
-1.910473452245711e-05
0.001308343991774763
0.002020163946604195
0.0027210057694279366
0.0016526718730423024
0.0010529497868186318
-0.0002734244631241797
-0.00519788470978988
-0.002029032117375821
0.015693708030865075
-0.0001682947865466467
0.008618350604607191
0.00902959196412915
0.01626903427989141
0.020072136333136575
0.0190758605611251
0.014422858150905618
0.0029683661518534643
-0.010983111104128111
-0.046477919848746704
-0.05455988629433034
-0.035438155240889585
0.00853949068208848
0.0032297327725417184
0.04529891165278991
-0.0911561870256851
0.07988232720831023
0.005351047798873789
-0.007463783945819857
0.003457456782685388
-0.0005555866359169391
0.018220363818085932
0.016408729623581957
0.019973453434813562
0.028340069976364766
0.03351679246693199
0.03827498014292199
0.019047374060546386
0.02098286654558625
0.0007730860394759735
-0.01658194702018362
-0.024142352405927162
-0.01883812679284408
-0.02525600273492402
-0.0326215236485533
-0.004537379717050822
-0.06620491860257177
-0.04534588118310081
-0.006939149423798529
-0.005559492599649011
-0.02123317754981502
-0.017813753603342978
-0.008753854425972898
-0.005875203908319682
-0.003256581043442332
-0.005466261185895533
-0.002759593889284009
-0.002239029456529675
0.02680020700938515
-0.0014133478239430467
0.007266692679109964
0.013354728888867766
0.01221241567695422
0.012812789703878688
0.013593019435733182
0.013508672367526706
0.014985625017030591
0.023642534567779663
0.027995813365310745
-0.011794420602668004
0.030309120584235825
0.01980299346708536
0.0130456151417354
0.008516758499286748
0.031143319519494915
-0.0004937160391899505
0.005156287622407613
-0.13067720572653158
-0.006712471580610494
0.022277782152909688
-0.019490264619377008
-0.020904789669976356
0.04086979191845878
-0.002131190061871081
0.022345054478451986
0.027680605312538808
0.021291412881131143
-0.007903448132567197
-0.015326709586339245
-0.013103365437888427
-0.018175512908556006
0.026978900361644673
-0.03738013008243837
-0.01860131208298518
-0.054397998446894476
-0.01667928378566981
0.009722418662650032
0.040623826354441915
0.037647305867762985
0.03823796884324344
0.006612513731131129
0.002788923353490385
-0.014554936400527171
-0.01813904876765596
-0.01637602076649545
-0.016976252360142767
0.00909364323163482
0.05332379747274676
0.029297134759911598
0.031356952312786436
0.027518309621253397
0.00985774057522935
-0.0045842783615212355
-0.010174405392813115
-0.0061361018731090145
-0.009882828391355862
0.05921216646997872
-0.013765460882211016
-0.016816264501460683
-0.03686392291696082
-0.013261555466465302
-0.007938140673589285
-0.0025624515881778028
0.00846506333801482
-0.11342809340389602
0.003619994414191564
0.01139366116218239
0.005570051706922884
-0.00254987320124802
-0.0003182769304494219
-0.0028413494940123527
-0.006578097733691915
-0.04215407728611545
0.001961105059287577
-0.015399876124413549
0.011715475087323445
-0.03290241273107012
0.017379890042610237
0.017938126106297688
0.020502136603006024
0.025030588243728637
0.006109280005336602
0.00859851612760675
0.01797248247012019
0.0012233037597384159
-0.07561484203672514
-0.05282899224767293
0.02383126621781321
0.015950544237111945
0.024048928041515375
0.01897586251634097
0.017719195771865502
0.02506325203882383
0.0485785632334732
0.026637244243233948
0.0077554827898951425
0.00541440548164181
-0.0167347346257985
-0.029562317009198178
-0.0419741825570694
-0.029552371023165058
-0.020890165532662753
0.054454567003547276
-0.01563476500292038
-0.036815582230840395
-0.02166524995388871
0.08156896086225597
-0.03433261458064419
-0.04542319618960037
-0.028659853742921668
0.05468833756754842
-0.02607497520798846
-0.05076035331094221
-0.0016676329724374518
0.01670913280980187
0.04064092785351603
0.0026041663593359197
0.0022357756114498384
0.0019888326134847646
0.006351756259125237
0.0007475703079085473
-0.005477004692074188
-0.0054967191319108665
-0.004583726249776955
-0.00207617549655076
0.0021743565567812957
0.018245396479466724
0.007684567962395805
-0.018539156309791336
-0.011959484788155268
-0.010144951012367611
-0.013430440578327424
-0.026005964493501774
-0.01887791914142344
-0.025189661648234274
0.003817172385991648
0.021643254936585168
-0.018067847982196083
0.1281289578987178
-0.027143689935080158
-0.0010476321355752584
0.05793090917511901
-0.08203527187120084
0.03289595468473749
-0.01882065965750314
-0.016420910922852267
0.005591423279408829
0.062294238880020704
0.024378630813123945
-0.03078144393094806
-0.05695741328571326
0.04452753593724844
0.026295675392876156
-0.10735722465585293
-0.12325195767653105
-0.019591902670018035
0.03363087592976052
0.04094904205887973
-0.037257614152836856
-0.08969958093745319
-0.01749526281098158
0.022166409985868187
0.03287654739332121
0.0025339457004049217
0.040006142625436156
0.0012263684412181556
0.015587584964763857
-0.07633952379099206
-0.06461420750137767
0.019723407324254826
0.05758943643602461
0.06455449003186112
0.03858112413840277
0.02317983407634045
-0.012960064417355113
-0.021326220000832813
-0.0061587916890699385
-0.0203215906371402
-0.018492388642995412
0.013725995204128703
-0.0007011497659811805
0.004927790035482649
0.010525123700760971
0.00673540128586157
0.024032146840047112
0.0881397956901144
0.06965940139571852
-0.013463092131936355
-0.01310952717190864
-0.02017767905184959
-0.013824958241290142
0.02545139627453334
0.009946538685751686
-0.028137905696332375
-0.033135521352167734
-0.02957010368899966
-0.02630928547576983
-0.002483230603644461
0.00900305299840715
-0.03638340027864693
-0.042523537157016
-0.03983403845388906
-0.028613102211464816
-0.010106254804985608
0.012088581915092596
0.005962787376849355
-0.07754719647840869
-0.045923426327790104
0.055318916587812905
0.0136777963021823
0.027112126605486182
0.05657470614808735
0.03760122008943313
0.06299311190406542
0.056729241831272516
0.039244029236274736
0.02552511712053253
0.015613619667837331
-0.003158344922596793
-0.0136992587762923
-0.005519570133164726
-0.018177672760634044
-0.047454162775977006
0.06619442385535476
0.032671253057540005
0.014322389894886064
0.013281276335509767
0.01733114409307345
0.01885169328982213
-0.0034342665021021047
0.03416615281858414
-0.038537276292821915
0.03194755018783548
-0.0038395509491467765
0.012812945445272766
-0.03499180263366445
-0.042372821105944605
-0.02380660012182814
-0.015006522226422849
-0.011678186016987793
-0.002844465445298875
4.2251354765250514e-05
-0.0098280114215629
-0.007784922010121741
-0.003917725182506829
0.01216612050779194
-0.0481951960777993
0.006319324979766175
0.02569483425826216
0.02545468165139583
0.021180443639342635
-0.032089551460356025
0.024062798226803118
0.027642835880915043
-0.02862168693822227
0.00914920597577966
0.029403756101398545
0.11078835589880082
-0.05518986294137433
-0.02020666024097412
0.0201172909925229
0.010859099638468657
0.0023526145649080377
-0.011800426628110532
-0.04020374050660006
0.007763869084954002
-0.024986016469432472
-0.037308253112828905
-0.05999930779110302
0.00393493519319427
-0.023819590880611204
0.026772462920224595
-0.08974445507268551
1.8705420641348493e-05
0.0479778715614741
0.03237077882170782
0.00676384507096037
-0.004899496811438089
-0.01077035187297942
-0.02030750495768111
-0.019109064218506385
-0.016641080745224877
-0.01327432120494843
-0.009489449987495801
-0.006676289823030676
-0.007449662477724204
-0.006242653170161641
-0.006490069885094848
-0.0021052906870379783
4.020039673061124e-05
0.009453692782358896
0.009365285885642028
0.02834921176365261
0.020897749621985453
0.007517083949154295
0.003842047118583327
0.0029961029917396297
0.002465576390335309
-0.058800015608356494
-0.0018453013826191201
-3.0111749860910744e-05
-0.004168538770046227
-0.011850969804308909
-0.03967108073083292
-0.014282940451008683
-0.06812419368382111
-0.005026963318137422
-0.0037798845958536375
-0.0013485408033586147
0.0056331083442123925
0.011797918774234724
0.015566644722826912
0.016979287869525923
0.017753331398323247
0.01233453373813829
0.006227792502619753
-0.0033809328295445478
-0.010683074840237249
-0.023344921767553227
-0.025160617044478892
-0.03159992060051683
-0.025534590087584408
-0.011844728468964562
0.002093847754571897
0.015195082190719888
0.023222219370820026
0.023674797249969515
0.018411986881954386
0.0117665777705915
0.00945272033018194
0.0076904225978559095
0.0032616665614562056
-0.005598438031827453
-0.018479508507907236
-0.02606740807344118
-0.01602259948706028
0.009115147972040962
0.025488775350925495
0.02095881343776249
0.01812268769855149
0.02221031951172203
0.018513611853947905
0.020185925900493333
0.02816049137269343
0.01787405927885151
-0.006513845993884393
-0.02162914410437056
-0.019448150342016402
-0.008295280384067747
0.0011952590150378336
0.004616405223223712
0.004841513980282044
0.005593658125478504
0.00809084727119705
0.014856200243523238
0.018869238055806946
0.018642117001253133
0.011824692322574982
0.0008488396965140511
-0.010419929309923814
-0.01983366297785434
-0.027212542004754734
-0.03008870552542694
-0.027613425775349556
-0.021455591267245642
-0.001383007096732153
-0.0018281053577744394
0.004136107634302703
0.009379891981324296
0.014209713244060401
0.016688672913531988
0.017637886017594362
0.01543153570225611
0.014625667823479295
-0.031329446994299494
0.00853737549689275
0.006408608504188447
0.003105204142908658
-0.014704686095401199
0.00249095865040174
0.0016182314229335058
0.004933998983302212
0.008244655634981737
-0.05771545648506394
0.009948192780461964
0.00827621291053324
0.006957689158695586
0.007884769512117046
0.008651307401134206
0.007965598190553997
0.007516232000551409
0.002773031057757289
0.00255783922815882
0.022015077691466194
0.011392732397782827
0.0024342380080844103
-0.0002716126417304026
0.003267391803267217
0.0060984169337460516
0.01265191570283396
0.03321291622004265
0.059023171506976745
0.013939383142497522
-0.03744865924633862
-0.02196541989510591
-0.02480340384669142
0.05758184897765616
0.048361079947113916
0.013088720868420885
-0.0017714670998911384
-0.009437287580505752
-0.011957856909915833
-0.01178204007775007
-0.013731127555685367
-0.014385681061864134
-0.00932197906227863
-0.010307227994285236
0.003089953476215898
-0.0009167124289016329
-0.018374359383944792
-0.018722087368848988
-0.012896773718232973
-0.02127772735038104
-0.001233509659968918
-0.01497600365276049
0.0019112292449650539
-0.0047415300381808455
-0.009894373380105759
-0.0500942844070781
0.0009234490807829928
-0.004069087867152463
-0.04967037856180372
-0.015255615536046705
-0.01815177646137228
0.002973506481672145
-0.0037321905907989456
-0.029290605561698824
-0.046418989558046714
0.03328950448464586
0.03559242251011422
-0.0043027096300632265
0.006108670363822897
-0.03782663681281312
-0.0008518544983739517
0.035683274513788985
0.0364882644165811
0.02000440085187235
0.016611803198591398
0.02885917174562181
0.03921028334827421
0.030521632846249116
0.00949269163543612
0.013364101718611887
-0.020559095546471482
0.016803118323030997
0.0030252524939090968
0.015185501065451504
0.020753591759077268
0.009557241237373193
0.01515009667731533
0.016847585228081306
0.016411032561741413
0.010799238702847578
0.009301202406835156
0.007271561663609603
0.005950159406626999
0.010432369157299956
0.017288094114528866
0.0040670665279968765
0.001398225792467491
-0.00025917634495648234
-0.002033059295385906
-0.00428008293438363
-0.006984886127744675
-0.0038603795363085407
0.01975726986834025
0.013445713321757192
0.0034529256706126495
0.0040624843572002025
0.005377909297315501
-0.005754905532814913
-0.007171638400184229
-0.014728057914911018
0.0013935365794183667
0.013274917374328739
0.006361476033825111
0.008506308625909405
0.005679872216893114
0.008603708678127346
0.011105255187303582
0.014585922530506296
0.020722990245318956
0.022799922388076984
0.027274897537358206
0.031823773910752334
0.03492983081403158
0.02700734244229965
0.012953012592952973
0.0005847284610529778
0.01830562973896309
0.006406451667847284
0.017442874370142896
0.005912789916861944
-0.007295983372220084
-0.008507425711662811
-0.009568153834829262
-0.015273346121582695
-0.0013565511692362833
-0.0033930547592711836
0.0022677007962581958
0.006424059227745735
0.011860480633267929
0.01445923243256143
-0.011135673341631541
0.013976839479594121
0.0050227131642864
-0.0050213664390508905
-0.010942855434694178
0.009758339046269866
-0.02374969417370976
-0.017654847370213226
-0.004633758920893128
0.010770484245125469
0.021937284361801195
0.023076629608501324
0.01785405965575553
0.012991793593101831
0.013281213175798105
0.012168544298210522
0.0011811248024684842
-0.01782300419969716
-0.02742140304330665
-0.01085571835610407
0.012191034799297644
0.014453604661781904
0.011122908305398043
0.014244900061608137
0.020163807287350437
0.007698865469738203
-0.015415881309091328
-0.01862631260415377
-0.003742249974515086
0.008996449306353313
0.010814659178111813
0.007936226498210495
0.00837144181078403
0.012033343630450598
0.013031814285812819
0.007923057329644868
-0.0017494829299300565
-0.016233980598388396
-0.025302613582745003
-0.026671502263934367
-0.017085724395087137
0.002464688453363388
0.014841583386087412
0.012913168463332628
0.021844496480972503
-0.022546957230348424
0.002191892342938381
0.002796379075553198
-0.0038762731515342196
-0.0051679940270458824
-0.00353393934792248
-0.009892089196683999
-0.0016593592115881407
-0.004718284369918276
-0.00690812351045191
-0.0021150298018038404
-0.00610026256838498
-0.004024194749925959
3.513021041376139e-05
0.0027242799024400927
0.005150629257505318
0.00562858599460026
0.007645109745256218
0.013576524146661542
0.012725907623255569
0.011038743313430768
0.01165338957438039
0.012671185434472161
0.014674119011200696
0.01981631935519907
0.011987182635276055
0.010575248606631567
0.013653368135987923
0.013151790289470089
0.007674087758319152
0.0056068291773046204
-0.0007750058091882092
0.010943906636585567
0.007264766939046084
-0.007343194215119896
-0.002665178697381983
0.02766084576212181
0.0005123281595137391
0.007433919257391618
-0.028163650632449678
-0.00948284813413554
-0.011582257147133465
-0.010621609332759175
-0.005400148150460807
0.0023176023349955627
0.011198544852535972
-0.008213340716752079
-0.009705129321118217
-0.010199455414223582
-0.010032913261453079
0.01196805546136128
0.015479969888092072
0.049972029972004235
0.01786535472497534
0.0032117732414949176
0.012073865681873948
0.045638390888398085
0.0054600410440008434
0.03954585820458823
-0.044136224065967705
0.03574864949884819
-0.033513349526855314
0.0021023430410026206
0.011847380137323078
0.01649924733889688
0.034234233004358045
0.02762982099041754
-0.05810096080526283
-0.08506951452308804
-0.0348459728444464
-0.05600120211922422
-0.03607736128704895
-0.020410270471972167
0.006513294840640251
0.10312718424238551
0.026031665793138894
0.002969255633678213
0.0015606436076121151
0.007078572963568766
0.004071135104674301
0.00181476978788433
0.0014660022984525698
0.01235978292545014
0.022792049868167703
-0.019294297692784925
-0.03697984561625834
0.0010464237631487951
0.01676506531809674
0.01887004796693668
-0.0022245957216388006
-0.005550262824589089
0.017780204437645934
-0.002749062603531322
-0.006093945054841311
0.008105015842672257
-0.004254242690986222
-0.008803754037069896
-0.010860572514283932
-0.01156335795362227
-0.009214222862914482
-0.011329075441997809
-0.01190146356889887
-0.015163362782660608
-0.014992130358924365
-0.01768843245588031
-0.021695637889030478
-0.023011429944536463
-0.021691748995707565
0.05649391031185708
-0.02486112559579379
-0.03363019809236266
-0.009825052843170328
0.010359477122657924
-0.051691936132182786
-0.024784912048450024
-0.028304018304455437
-0.015562126592960124
0.009399260541819075
0.046133485265213235
0.0439841680531984
0.0036353771416550934
0.06477409270525339
-0.01940601282299457
-0.031054125631933372
-0.0309218333233997
-0.02616947841674882
-0.00824046467331188
-0.010608133152301993
-0.006578482633808368
-0.0013787287048439756
0.0071439942254143945
0.014489380834399216
0.027647468408171814
0.02270059166914355
0.01641816347600935
-0.01600966809261689
0.0018922048024473195
-0.0031834523968943085
-0.023905760372759065
-0.014393765432979443
-0.011924048915003505
-0.09833419828202919
-0.0485413158904726
0.004166353052141436
-0.03146012465951102
-0.0041304118582331135
0.0076453783324651955
0.0016118079921598877
-0.005527955623207756
-0.009182066090974253
-0.006389108580190147
-0.001698725682780242
-0.0037104659210438064
-0.004270677849961839
-0.009549920604680783
-0.010398735417565136
-0.01226187400537193
-0.009163517191902544
-0.015716943911168575
-0.0012554085702871072
-0.009982199329801732
-0.007362796054182946
-0.0036469696658685915
-0.0008643051209828513
0.00022908049495572264
0.00148166084238881
0.0019212594782937894
0.002255401322729976
0.0024741121177878594
0.0028526223626067384
-0.0007746561301797754
-0.00023637554133482285
-0.003038941776968494
-0.0017495993457812772
-0.020899203659174533
-0.004005912615773848
-0.00026628886235145586
-0.0058768589376629226
-0.005013137086370695
-0.00379100620879607
-0.00386512112394649
-0.02624503983622929
-0.0077211959886680365
0.01381843385959041
0.017138878713843734
0.008392132918455978
0.015443588716032207
0.020347734427428477
0.021212487113295982
0.017164655628099972
0.007600467941149062
-0.003615950095850724
0.002595027378587575
0.04288209149777185
0.021612921252455453
-0.011393299814790007
0.0015470011681046247
0.04621261624841181
0.06000579693258265
0.021792647331258005
0.014706094136358752
0.015066395195298619
0.01715920855819319
0.016381932587739123
0.012513336060962253
0.010335184106861376
0.01354865871441279
0.0123050149175554
-0.004137587944964885
-0.025656842868697367
-0.023429079861650926
0.00048450986660591853
0.010292156577719093
0.009595172013823233
0.010188289603748738
-0.0023132624005497465
-0.02525671051092977
-0.023992218483299913
-0.0029674457852262542
0.011191503158113703
0.012404331919959951
0.010835962795631924
0.012900417452179555
0.015938820831673677
0.01351902721401992
0.006400689041020309
-0.004910947919023946
-0.012424183956234429
-0.0036825904303330994
-0.023385762512474297
-0.02276802361385739
-0.01722686606315134
-0.013041361426995732
-0.0021250944510506063
0.01675227479948585
-0.0011005119616912993
0.003259940621151618
0.006738980776388769
0.009625226753390375
-0.021351626203426514
0.010315534326311071
0.006029402948686777
0.005307100583001369
-0.010426789108420709
0.015370221322822546
-0.02182161203642667
-0.0007503944113865147
-0.00197680120500523
-0.004414464202047137
-0.06806537624797997
-0.009257814723955192
-0.012786653130009665
-0.007104275284557886
0.01603460111921577
-0.030676336242044494
-0.018661755805455767
-0.020214788360660166
-0.05913643705938632
-0.001582796810532815
0.0007098526909906669
0.004228671060230179
0.010685686486146794
0.011470514898833585
0.009064026557442586
0.010281189057209053
0.010343056897888454
0.009789376203599598
0.009629121937318063
-0.08508793289844584
0.017455486195228066
0.029992238904523096
0.010029562754115857
0.007172593825549847
0.005097987445009458
0.003993272447881421
0.0058913689621580495
0.00022290835123067672
-0.0012409535085229648
-0.002827745464268229
-0.005428463360582782
-0.008048396915542067
-0.0096803877275072
-0.007048063252626011
-0.007342459119798011
0.019629405115042034
0.019176915904056187
0.026430870609616033
0.02181968147327091
-0.0034117260472276523
-0.00694054810028782
-0.0038041745855037353
0.0001143881860554451
0.0036556924873193146
0.006308878621624073
0.01023281433001177
0.0073623652548908455
0.008100877830930286
0.0068757225593578785
0.004738778870361903
0.0021385734324527966
-0.0002625197376353261
-0.002033307764928367
-0.002736268687541741
-0.0022668841725539362
-0.0006438107313389514
0.0010982040652437555
0.002707637911317546
0.002588259017850509
0.00019035038412706023
-0.00450537020775351
-0.010552237172339368
-0.01584948980298947
-0.01760962705754239
-0.013300496931696206
-0.002356210514522769
0.011625490705572335
0.02055332377739461
0.016003863435451383
-0.0009130017658932874
-0.012800749380929895
-6.1011943497474846e-05
0.03007715627423041
0.04964336367369486
0.04799666681147317
0.026045795633727473
-0.0036163897786655745
-0.01506692694766842
-0.004195393698663701
0.01202263824903132
0.02039676210153807
0.020220217336138237
0.01662194096521892
0.014170899133085385
0.015227502153492533
0.018993360485053536
0.019528941208390257
0.010084732621535012
0.0049343066213300086
0.017244121960011932
0.015416673545954452
0.005679241050869031
0.015730979557295053
0.019452297852388334
0.0062730533574124735
-0.0034752843447502864
-0.016700878625956293
-0.033942721153020994
0.007627158525788235
0.011056224565069701
0.00912580831109637
0.007764346979359751
0.006355420925224179
0.00455437213464965
0.003098384941313687
0.001635295412552877
0.00046753114733815245
-0.00034861144398470504
-0.0007435428876648362
-0.0005867930464059328
0.0002302575258373084
0.0013070586405707714
0.0002651987463419804
-0.0009078259818840843
0.0018295429590314306
0.0025626117643506746
0.0026621833553298253
0.0030424470923466405
0.0033058687902923645
0.002792939750459489
0.0007676510139953574
-0.0034333022483043515
-0.009880465496184473
-0.016025008449108615
-0.018274245007005807
-0.013306923766213084
-0.000925611561171658
0.005300692726671074
-0.00767831178654513
-0.021529091650560744
-0.016587047493807607
-0.0005241123466404706
0.008676854639999069
0.005209368913190277
-0.008617214372202139
-0.020302515676631435
-0.017855096540093263
0.008629731841055536
0.03873499787192357
0.04853793371860463
0.037390189190672295
0.006416686698944676
-0.019334132483978993
-0.0161961049908412
0.004116521828479696
0.01859754372157153
0.01819876816250954
0.00787743196998241
-0.00418941334416352
-0.011751529412660885
-0.012671891826643609
-0.009620886815919938
-0.004039812570233583
0.0029482324079222245
0.011678403317933747
0.015757529817827028
-0.004261309415152989
0.02077578924200204
0.01264005739076574
0.0054159656423434024
0.0007965755932106401
-0.002130798569951901
-0.003768366337218622
-0.004344356028651145
-0.004563048313594596
-0.006619500541534543
-0.004304203108728828
-0.004853016781063909
-0.005780200180210119
-0.0060854776893891896
-0.005402719895389305
-0.004224994150532079
-0.0011996627482631164
0.002683956521944475
0.006026283658192378
0.007891522585158432
0.008696534603664752
0.004497645108517503
-0.0045299746637593
-0.009354334200680917
0.0012949451041041695
0.015560497508414584
0.0016122385713396507
-0.016066470805872157
-0.016479804791491817
-0.009293784202994928
0.015198692793114758
0.015249411353593681
-0.0010349588130162389
-0.007476928132622868
-0.004033243624603453
0.0011182112151562021
0.0037576126086381867
0.004026183697074469
0.003721053809812824
0.0026702477045733265
-0.0002528340526969031
-0.005768429298387216
-0.01353074364509142
-0.018887365576726385
-0.014178006282942711
0.0034891370328575086
0.017842026836284303
0.011362579223149545
0.0027630439449762524
0.0029788401239312684
0.004672341382739333
0.016715937945246517
0.018160395457359375
-0.0010046362113893521
-0.01643193393004199
-0.015129231489342613
-0.004465315387405489
0.004547300362861575
0.007159261991724763
0.004696951168333249
0.0009109869008525715
-0.0013263007603260767
-0.0011205383851637782
0.0008015390480092468
0.0030983507434634945
0.004695854670565665
0.005893372208638804
0.0049188584137806034
0.0033624803803174144
0.002319663249943303
-0.0008140006812922797
-0.0038253853712995646
-0.004454531941976269
0.0031030505659957546
-0.006608878326131765
-0.003998483420391775
0.030362900971310596
-0.003987313729296399
-0.0036026597050745207
-0.0021056463692644264
0.004528695587212545
0.002076804763996056
0.00327239827559954
0.004896681412861316
0.009161669220718876
0.028596287011678007
0.006480988711193919
-0.0009367033564965941
0.007614051712345352
0.013366012058317648
0.03656262639100268
0.027660834853090187
0.0188445999776445
0.020032876659693607
0.018909383614482328
0.012593232945035573
0.0006721701119371142
0.0017632326427829206
0.0123970979149088
0.02784132953080879
0.0009255064393643653
0.05665409361148033
0.03866315096149776
0.017811063543308955
0.011630017420522009
0.018623591426440187
0.01711787215715151
0.026914492521203
0.020084190038220585
0.015857461390541436
0.013713513054556281
-0.012553744726654213
-0.033819213597263136
-0.004538539898469548
-0.015454575088087109
-0.0032504499614531834
-0.01299073531526546
-0.0152227424143827
-0.04651074112010623
-0.020173010804503483
-0.0025671657566571954
0.002629879403407675
0.005123327084990148
0.004061735208572905
0.0022750896677476663
0.00353941790869044
0.04359613700339969
0.005986259601877554
-0.03799711834913747
0.0010189814942195465
-0.0012809129016959188
-0.005887957397498409
-0.008790855372654064
-0.011028263443270184
-0.012137187528655159
-0.01111599984939558
-0.006645654254195686
0.010723417863507861
0.023579780857887266
0.019314989637062678
-0.005259774478621812
0.011901211622289515
-0.02854291871566116
0.005915808525050512
0.009663003672403712
0.012393079920525267
0.023641636695109033
0.01078476624056116
-0.0030118286017160488
-0.011174927969121371
-0.01188721655216105
0.017218479669487342
-0.0017664481148058366
-0.01572881751183461
-0.013354166308971238
-0.009044319415078285
-0.008458662304767427
-0.011054148548670706
-0.011911405471275236
-0.01177892644114358
-0.016914610106263512
-0.029500209047478642
-0.009821928813973374
-0.007238665851505043
-0.012309324206181319
0.0021782471541114613
-0.006969460887045714
-0.01290545613216726
-0.01455447642819486
-0.013937712079398208
-0.013767923398425867
-0.013169513290151353
-0.01288404336666004
-0.021873991871030788
-0.0447410634420565
-0.017401265849768553
0.006668809063138071
0.011528786198298696
-0.01524958180084377
-0.014846805989909895
-0.013187829471851688
-0.012830364072904088
-0.011784996855437775
-0.004406087807050148
-0.00952311764114327
-0.009227312184414256
-0.009249477640890109
-0.009179182982487821
-0.008514411292312523
0.020868404651257007
0.000708867702105273
-0.00520157646528165
-0.003916449018520725
-0.002116763023909333
-0.0015417967179169076
-0.0004546127449570256
0.0004005793060634255
0.008260223471518351
0.006876693479035676
0.00602251118251815
0.00678162054220863
0.01353158000391213
0.02909978251852383
0.008491325160656236
0.009924901104047971
0.014036163428703494
0.010460745548810555
0.00997184648162834
0.008393643591088584
0.005922956241564142
0.002420496505277022
-0.0035437167857770946
-0.0064634922758474884
-0.011184542521009649
-0.014499084381579742
-0.015502728269981997
-0.011531206707537663
-0.004610795945899778
0.0038590874776375742
0.014085228491872636
0.017960273750997374
0.014193896134369666
0.004357859748421873
-0.0036338805838837503
-0.0008864994174487386
0.009510107713488406
0.012599164625081608
0.0041365335164124176
-0.02600150713357714
-0.040984891283014815
-0.024889173729722453
-0.01796004670652452
-0.03566710837025244
-0.039304236667742555
-0.010247809841936928
0.01578068148465143
0.01700750963811802
0.006362418713879276
0.00054716216839187
0.0037475900400787765
0.01101014673099821
0.016092428574967774
0.01568759714832896
0.009951278926967526
0.0013255603944738233
-0.007003932730492931
-0.013011980087210046
-0.015758159684358567
-0.01548845026249955
-0.013083340073275544
-0.008829061316275486
-0.006157884169159673
-0.006748426157344865
0.0001623914949168033
0.003928218814524639
0.0069172646344289
0.008614472740007593
0.01045517174037874
0.01660404184193702
0.030538144111647215
0.027554383593469328
-0.012097002386820415
0.03877029731131562
0.02304559895629785
0.04704278226193241
3.658514173461535e-06
0.003217484663388582
0.004017769958060308
0.004845864019351032
0.005310477951791834
0.005454126638352645
0.003957859445655427
0.00269519891349816
0.002452337902409178
0.0020431030136796677
0.0017055373700763975
0.004662850426797821
0.03559152690246567
0.003691031560448724
0.0016953589733858052
0.0025046675808037097
0.004276731185678017
0.005981228890619778
0.008905257896009235
0.009510469839228965
-0.02001921520865482
-0.010818758388279845
0.008964511524817663
-0.03825752382868074
-0.008239434784272325
0.0031600981038293853
0.0002894474079395057
-0.0006226828815979016
0.0004096909018570449
0.000691996294519344
-0.0009128131784628523
-0.002611576907112218
-0.0035955593826385275
-0.004260347563565105
-0.005577076269411059
-0.006407081854633375
-0.004306967022861577
0.07115982491925393
-0.004039773397217153
-0.006101352738185502
-0.004594433222540648
-0.010174933637843478
-0.002548779278495612
0.0005682514181108792
-0.00012103514322318437
0.0010388446690667772
0.003233014721753126
-0.07590086157111092
0.012576441836300177
0.018769953413704483
0.01871070454331745
0.012961420941101753
0.010034054002122409
0.004372296848515689
0.0024001899844223883
0.0012339747726579223
0.0006484990077784872
6.215549108249439e-05
-0.0006257411517307162
-0.0014022077687839243
0.0024797838945444474
-0.0015750853511613911
-0.040329437592611414
-0.00838111156065331
-0.002013928883762679
-0.0011618297988137828
-0.0016033442619639133
0.00042976934817039034
0.007766437191084214
-0.0012983385543291852
-0.0018361235814244223
0.013680202725267925
0.028016346724169326
0.00048121612789458866
0.001614626604703661
0.0026534378464692647
0.002525759980796755
-0.005818687723600516
-0.018229883144554572
0.01463464706645892
-0.03672204028404928
0.003586847135242829
0.023687637035330226
0.01261167623777351
0.00939283103397581
0.008108734948861761
0.010040387297979464
0.03554136948779063
0.010071675266931193
0.007839470607487544
0.007318009943991942
0.005682773859751163
0.0013111539649088685
-0.0027213137713583218
2.236052343724326e-06
0.021260336806220616
0.009740041799260692
-0.044194496153686896
0.013584848018410674
0.02209922887348924
0.002513088925635608
-0.0012795887447763236
-0.00029588650857335496
0.0020354734847937393
0.005362859339863494
0.0015801072707527027
0.0004427430755467673
-0.0005435411141870944
-0.0016509987086266928
-0.0025973492809666476
-0.004041094511456491
-0.002931953703969299
0.03651840939571436
0.002652476875487831
-0.005149988334808684
-0.008456268540935204
-0.00897398298639571
-0.010366601388658187
-0.01090248793165274
-0.004983445549330027
-0.012069599969625104
-0.009824609810881565
0.043704303766865654
-0.010180350353166398
-0.011022561895639328
-0.009440157511733282
-0.006988765599878683
-0.0016497046000636614
0.010423785985770451
0.02295387470465185
0.02055123910086996
0.007507409750202032
6.353252967022569e-06
-0.0008066632378709817
0.007506016934784854
0.00023195021619056827
0.0029685693937310034
-0.00466814473594516
-0.005815437773414684
-0.005436028649169908
-0.005859506544903231
-0.006420596841756612
-0.006521765254908473
-0.0055718485426461475
-0.0031327472175191025
0.0008779632224033097
0.005671068309163689
0.008943073723505984
0.009767338263702392
0.004991174224767668
-0.003933006793361352
-0.011581161549396986
-0.009166966808836781
0.005809855441452612
0.016827316336963598
0.0031650926771200905
-0.014557844413818306
-0.012638562461011442
-0.014691891671685933
-0.009909109035542112
0.011910758840530205
0.0167638152588196
0.0024374741413740425
-0.009382126575718689
-0.01057339545954818
-0.005286772559598583
0.0006998149822198775
0.00447085968795849
0.005840797359692389
0.005451018703052947
0.0042166488757818445
0.002769417082945974
0.0011246808728155964
0.0004131497256645913
-0.00014677802895110358
-0.0005038186258514996
-0.0006298551413238773
-0.000537777799464708
-0.0002579382042528436
1.0573088875788253e-05
-0.00044205553896630204
0.00020056140057977633
0.0010118261175884
0.001402678063188902
0.0016987672941164024
0.0018899256465168292
0.0015153991947005707
-0.0009116774453189684
-0.007175358420012769
-0.009679170384772283
-0.006164998431521443
-0.005278199686949465
-0.006715175449935978
-0.009005860540841756
-0.011675980474864817
-0.014466138600945743
-0.01710837225857471
-0.01931434207630641
-0.020719260754949703
-0.021089646180406218
-0.020132140762441745
-0.017597319763396128
-0.012402641901326074
-0.005198278610519615
0.0028191620272320634
0.01074086148205517
0.016789678234657095
0.01897579453188035
0.015551275397323018
0.006047372538533509
-0.006890721779426481
-0.016472787751830174
-0.015457028286008992
-0.0008712646650487491
0.020515804709127197
0.031891052618315534
0.029718928247072812
0.02548004464089511
0.018515613006276545
0.011051650163579344
0.009192640051852314
0.011383292173940813
0.008570466388452219
-0.009676838722367903
-0.03960457930958011
-0.055544882809577534
-0.03880306510247107
-0.006574341231169277
0.01319413110346308
0.012265785770239358
-0.0004696134040556911
-0.012864451366183612
-0.017751819888777578
-0.014284871308578855
-0.00549421780974774
0.004602173587999214
0.012909755948337136
0.017821269330434736
0.019126500504487217
0.01740537674506411
0.013707964893043354
0.00905156718507171
0.00412042469772391
-0.0005334522852228162
-0.004573817515900429
-0.007866457935142603
-0.010370494912233078
-0.012172883291703697
-0.01330962894875696
-0.013877834674766802
-0.013951760011060639
-0.013519211456061699
-0.012523378060841611
-0.010884303775871063
-0.008506463892222108
-0.005283848375984866
-0.001142776943560193
0.003832466277536025
0.009254608992615756
0.014319210255555402
0.017802352213618016
0.018112970639492493
0.013755824074209128
0.004323606872805279
-0.00826888508715205
-0.019067804167569043
-0.02136997463871896
-0.01116713400389065
0.006608780827554725
0.016542776808348314
0.003961835859700889
-0.02318532921304302
-0.03166853389998493
-0.009392926165544711
0.013825597394183618
0.01457919900875114
-0.0015175729595798466
-0.01711185963987146
-0.021215716702919635
-0.013643296701145323
-0.00062337152150998
0.011106570393865487
0.01754059387989959
0.017861889724926663
0.013272097339573765
0.005935627902492481
-0.0020800242357393245
-0.009202537992746316
-0.014539306709559257
-0.01775196021596587
-0.018942710205693176
-0.018387786902533818
-0.016552208655883527
-0.01389844912445233
-0.010881318976888427
-0.007759185323315875
-0.004803196668213863
-0.0022843474935399406
-0.00016902438741837374
0.0015973701535862465
0.002946013387312747
0.004043505382026536
0.005136780528591703
0.006624974885634763
0.009675848096097455
0.01597103116550315
0.005574237685056916
0.016869876292156274
0.015490315529602654
0.013094239039592708
0.014252850800030175
0.01682266281073087
0.018540771752527038
0.014403404958855798
0.00013665935629548101
-0.016418961021912017
-0.02601210532549633
-0.03389940310089333
-0.0251417841590025
-0.014263576859252756
-0.0023793955403329666
-0.0010545283700917508
0.017018121333633427
0.02221144140986674
0.013042177946226727
0.00336013281943463
-0.0035701713461232976
-0.008480623812720134
-0.011778345634135295
-0.014554426030303347
-0.016471659031769708
-0.01844933936379405
-0.01876799570225289
-0.01873704918539548
-0.020279634768013845
-0.018660521699280314
-0.017934786633793474
-0.01639080431257717
-0.013669406692892483
-0.009182913079286087
-0.002533032079405193
0.006442829545010122
0.016660278653489572
0.025106847300043807
0.027128874917597856
0.019590673107303332
0.007433455309749881
0.003305909595683673
0.0023572269517163763
-0.021552893359458373
-0.03846736083865074
-0.030820808139431558
-0.03258535298996268
-0.018270534214421548
0.0037381271182324156
0.008036744160565061
0.01416955662617369
0.027248405187063254
0.034477268881235285
0.03023544954192163
0.01815530256290015
0.004136117813245932
-0.007833157909693767
-0.016370118077651253
-0.018768093561959413
-0.010021441148884891
0.025079562768394854
0.03535414251539066
0.04692564850911413
0.019214348598048693
-0.009282872118143893
-0.01874924667923015
-0.016367981476922158
-0.018350856819935094
-0.01829357020885629
-0.016035398299781407
-0.014714541837254763
-0.013838775174954477
-0.012630269817600768
-0.011854149406307376
-0.011354665680925684
-0.009981493205641862
-0.005261166821477241
-0.009290373632278807
-0.009884270684414602
-0.009721739159477744
-0.009766847103087804
-0.009919709743522083
-0.008851586399411937
-0.006389975610442147
-0.010606341739188934
-0.010763447064330878
-0.011016510479434393
-0.01095930075677155
-0.010130564769016234
-0.012353565720127312
-0.012072935656861926
-0.014527280277446158
-0.016563196760725526
-0.017871545459396922
-0.01917781102139154
-0.0201789622859645
-0.020830854968125364
-0.021342151288447696
-0.020525701305450686
-0.02010631064254695
-0.015825562209612495
-0.012502493894921295
-0.003795384717776438
0.003807884875417722
0.011280338571557205
0.016797616887121034
0.018572580934949484
0.01567348168933468
0.0092230905620151
0.0031971144338142792
0.0030505666813284774
0.010702044899608465
0.01674487244235123
0.002206891635103165
-0.033625206743067695
-0.05075081227846747
-0.03175796549931413
-0.024348043808092825
-0.044075695749602926
-0.043258800258495
-0.01650612450609859
0.010932149459160382
0.015156222379233369
0.007230772850872734
0.0024641784513128786
0.005076303038363052
0.011003730801475037
0.016178592628601208
0.018205329120486526
0.01591102951726706
0.012785504582179709
0.012865929720885598
0.00922124435349237
0.010056364541796418
0.010570757917455514
0.0013757840148407247
-0.010638712085520703
-0.0150907086786191
-0.01632136275383799
-0.016009440799013366
-0.014452945870739116
-0.012204198889312403
-0.009382677396858437
-0.010211842134707844
-0.007691712482881704
-0.008520868672302236
-0.01103362532769053
-0.01055083269074494
-0.009171472468116924
-0.008913719612008443
-0.007322446031029165
-0.006136625796704342
-0.0008366431815992618
0.003086964642527074
0.006412181777982468
0.008323519621169577
0.008574212008615863
0.006006819305015765
0.00030254723353178746
-0.006663005094844387
-0.011076948722538976
-0.008212913451267644
0.003456702925540674
0.016174542084250315
0.013883072665933707
-0.007792356024322234
-0.020223856406120466
-0.000480839124095855
0.02123033037890724
0.015108209444246085
-0.010157763235083722
-0.015383796000085243
0.0054410054916936915
0.01874828591277679
0.011773297996481913
-0.0024352699714045266
-0.010657871708125972
-0.00977949269534288
-0.0034244402273478454
0.00358322239714237
0.00788502340414543
0.00839394420434332
0.005996153101890502
0.00165073414685574
-0.0029065398411026503
-0.006721670807468161
-0.00968023705797362
-0.011595733462823358
-0.012567093865865523
-0.012828410904808601
-0.012657488461144699
-0.012436384723695197
-0.007692862082256742
-0.005199676983540775
-0.00850714351938805
-0.009529002975454634
-0.008199712253571996
-0.006757377663168045
-0.003663583602251799
-0.008902039423684133
-0.004234066784505193
0.0004421801188186695
-0.006289061715710702
-0.0059252311187702
-0.0016211318215803175
0.004670607838054267
-5.079627820184149e-05
-0.0037939526285698825
-0.0006817725861725503
0.004475591109731751
-0.007036407466201079
-0.0069425000435303285
-0.007749037681612229
-0.007819944013979849
-0.014509021668090986
-0.013106698126111996
-0.0009364205510886651
0.005631457293422981
0.022467208634077144
0.029841605694457828
0.004511776524044533
0.006179540687901467
-0.003346772433039
-0.010195501215430303
-0.01540990954957208
-0.005247599647038682
0.008905250699901494
-0.0011165640518464044
-0.004973654722114288
-0.005400522369641512
-0.006964718013539381
-0.015583386042040234
-0.008589831271297917
-0.0043981506079587744
0.009183949563445934
-0.024504408322321387
-0.0072470436489873846
-0.007247721039595165
-0.005665355328922934
-0.0038410017472020053
0.0792531037185726
-0.0028391772613538015
-0.004561267263254523
-0.012809126472495559
-0.007140664267120037
-0.0025528263975213377
-0.0014572986698603455
-0.0003737473000798543
-0.000833215790422811
-0.0009176538104893186
