7.958637195698636e-11
0.00628101351688453
0.010420991730963643
0.013111043022755337
0.015708798581554547
0.018416192573199396
0.02117520749230969
0.02361906082703288
0.02585403495766764
0.02760512320820153
0.02925579402343309
0.02974908032158107
0.029838646246178702
0.028821064492852846
0.026701462540514146
0.02349214665193496
0.019616806315052106
0.015315241088212358
0.01176289401285025
0.011720236736363366
0.014018750102437583
-0.013558168336566341
0.036742559666919646
-0.0386169947008865
0.005799163029323655
0.012685912024885558
0.0003169120618012454
-0.007884889821943408
-0.012989309108656071
-0.016814784811938512
-0.019103843464014423
-0.019176738865311224
-0.020338657825017002
-0.021163591604694304
-0.021660838730821134
-0.021788794581103405
-0.022943048667937956
-0.020515823802372404
-0.01973687929815192
-0.016930923804576115
-0.013817210689625393
-0.009672602959809892
-0.004309083192795904
0.0021513632763987076
0.010323451355089906
0.019882425382049925
0.03128804272906742
0.04366952122061255
0.05609574978586401
0.0650342812679765
0.06094270361489572
0.007530126655947137
-0.09654816735045658
0.0072897267239283225
0.02817228572940713
-0.20916690056457793
0.10913163382460637
0.12390368887675866
0.00474076589759717
-0.06227286995735573
-0.10223503129214603
-0.11358883525998854
-0.03365122362362076
0.1425487556245866
0.09069424594953072
-0.12784571604901931
0.1498262886322791
-0.04168478905388235
-0.08600147846834418
-0.02028180244830367
0.015341987649141924
0.022507247007301834
0.01954950767533992
0.013479176480795833
0.006805322976993121
0.001200963828283945
-0.0039931856925765515
-0.007262206166551775
-0.009210481898333496
-0.010008725108307772
-0.0023916286253792534
-0.001788144067242724
-0.012245122824173898
-0.01723736167298342
-0.02005499372030883
-0.020689615381010284
-0.019254432217677028
-0.015927641946555993
-0.012290482567873623
-0.013955951219150869
-0.015575408873373775
-0.015727261250967906
-0.01422542831917808
-0.011507294490466386
-0.018611540986671168
-0.0035142477739943533
-0.003928721731678636
0.0014907771706640979
-0.0009888321890917813
-0.0011212800602956247
0.0009617786340885133
0.003732696109248819
-0.0009743135019879653
0.007683632340929565
0.003302593572673205
0.010633046790650403
0.012989667733713194
0.016289852960244863
0.020616754941526077
0.02629852872470479
0.03260571302863829
0.02099144035540217
0.03868494605860799
0.03513241044407655
0.021952028509414925
-0.020554813266815845
-0.1065782509463015
-0.08596555040611552
0.1662078599093266
-0.11296446006208095
0.12666057787373236
-0.08737380357729702
-0.0025470755326810176
0.04886503804264318
0.030478709049319635
0.05640468624456132
0.04776686108423775
0.035939318291842416
0.022432525136643337
0.0187639403600066
0.011914129587385563
0.0025738436404235806
0.0020266420220478487
-0.001867207730680169
-0.003317421968160483
-0.003795892069759144
-0.0025492113539513704
-0.0059026427311450495
0.0009615942884739424
0.00044792966419125724
0.0007145571821346979
0.003697496749824644
-0.013795919021944764
0.01085477478445283
0.0019020163869162803
-0.018765404663084767
-0.00922606154269542
-0.01842521210909812
-0.021639666259348846
-0.024906514842841544
-0.020477989404492396
-0.01682504103414088
-0.017809590867426894
-0.017045289694388233
-0.03781778384956989
-0.02015793735277993
-0.023418740430361688
-0.019501946103467824
-0.017113260789723927
-0.01377388423362002
-0.009670764948636432
-0.0057941425825350544
-0.001677806252919017
0.003712141490324251
0.012198161506002256
0.021910056799887383
0.011528025139839476
0.017743935256159183
0.008171909633420458
-0.004242558085789272
-0.016204980631254494
-0.0361934771990642
-0.06122404266350301
-0.08924729063912173
-0.1131396623436876
-0.12015417643575492
-0.08620512079365816
-0.0158820551169166
0.058260502727377934
0.02926600935760995
-0.07614322683331434
-0.021615132527532138
-0.0693659107239371
0.09091091462330045
-0.030852449588584942
-0.01997097756991828
-0.05723059412267682
-0.05240963184300481
0.05637153410361467
0.08720222495074371
0.050574992836060095
0.010519560685547096
-0.006331574420064889
-0.008272700449065308
-0.006294749124372835
0.03786973629088588
0.0614841305595651
0.06433189036126219
0.06892483858137259
0.07465987102186365
0.08446738820971157
0.10266100540087181
0.08359191802230212
-0.03478198656016157
-0.0036295684752131784
0.08497902564036473
0.07602202075987574
0.06392580012713972
0.05747375241369605
0.048886048212951096
0.03834155788309467
0.02288043107174956
0.014614170189427128
0.005654148654403624
0.0028693082572214612
-0.017206272589659392
-0.007690310778532853
-0.015672121458693393
-0.02169957442947279
-0.02370434040227851
-0.026037160082757478
-0.025787748444061523
-0.023104132583590162
-0.0160201495456777
-0.006869805298937952
-0.02822939512258771
-0.08460388602279176
-0.01608936484180277
-0.0073466552408687985
-0.014424006762267107
-0.01408150444195838
-0.0158003807920682
-0.0013961876151375354
-0.007750826787727391
0.0427903055714873
0.006086177193525942
0.003058270097938771
-0.02165048891734787
0.02431786813503066
-0.04506502929762391
0.027927299949946405
-0.01667118519154928
-0.025030656897570284
0.04541778924962653
0.023708287894567442
-3.962733416404989e-05
-0.011511266045718779
-0.0031656435162340083
-0.029096082378002097
0.02648549136210493
0.028122999831297193
0.011498623721222553
-0.006356097973948714
-0.0034627661692775698
-0.006169062639983988
-0.049429990195241344
-0.007956285072228586
0.0018243057996193146
-0.0005163279478353664
-0.004860948877158997
-0.010619772886316384
-0.01707048665524194
-0.009794801132457866
-0.003929067237796271
-0.0003888847436509641
-0.008118753365719576
-0.058565900915500936
-0.026917121594035687
-0.0005085483876038413
-0.011647078117644196
-0.01697101196249857
-0.018797654379922316
-0.0066876593766863135
-0.03178852762497887
0.0046747526411565115
-0.004180563746761305
-0.003993112335275931
-0.0214878051483969
-0.01403401029295993
-0.013942909185797485
-0.021301650999951946
-0.009617326381387169
-0.010764054416194511
-0.015579693737277751
-0.0014982464242211456
0.014598519173450994
-0.03892949541883189
0.028435900518052903
0.019858442796013145
0.06259067994040923
0.010304018140411623
-0.00343118272713148
0.0030983225531540895
-3.4320744927132054e-05
0.006202976415516807
-0.0006944225658537851
-0.0016640049914087517
-0.00035175756739173994
0.010054536098489645
0.015103432138904138
0.02291077565394643
0.0454629141590451
0.02839844362123355
0.03193898793543175
0.030201503000058527
0.017916065365707546
0.013470819506671665
0.012432701060065898
0.014101964057326732
0.015478783983668571
-0.011377061489872754
0.002228249251017089
0.018911547904889053
0.005903151199845489
-0.008645294257085896
0.026449168324553237
-0.02612892963493806
0.0051642950203621505
-0.003651132144702903
-0.019823821725526068
-0.022543280817297364
-0.0823482042737689
0.0865927263298786
0.14605531608131556
-0.07432303418361397
0.07175519233721459
-0.07745399892507887
0.08402302903913356
0.1139550098008254
0.026781105866244506
0.007381845465397101
0.0185794424092353
0.027745192987091438
-0.00024886176885734277
0.016571961976908696
-0.014905275771247865
-0.01979136698618871
-0.013850064907241924
-0.016251370051299244
-0.02077750644319387
-0.02334228219699328
-0.02492579006560101
-0.02436428860441339
-0.03579912231894104
-0.023041729384274193
-0.020306607341370655
-0.02479272914975732
-0.025605276049198187
-0.023788247017866117
-0.019172510739755576
-0.014476760262293479
-0.00047263421742850374
0.0016481045514738152
-0.019390786930271426
0.009813059374216225
0.055215346768820374
0.012505857350155086
0.023152987575932548
0.00130409309730371
-0.04452201772359833
0.023631498715649738
0.03087323924705842
0.02802670679750003
0.032878799172225
0.023761145325483412
0.029881645885560776
0.021590638958845432
-0.030125986723220873
-0.02758017494264868
-0.04846574572176577
-0.03004668276857142
-0.017339843463724032
-0.015912001287192872
-0.02207556935679352
-0.019127156545453126
-0.011564581915597841
-0.01890746627588089
-0.039685781226482815
0.0015183946846735602
-0.009694068182474268
-0.015604233151852732
-0.017093554268311797
0.009202775621412381
-0.03324122293681466
-0.04022616248998151
-0.020479862325351574
-0.02246940421419824
-0.03201058058548665
-0.02271781822670707
-0.011997041570145908
0.0036792416477486847
0.013885838205884706
0.006884811418765445
-0.012134190992072835
-0.0043097683845800695
-0.019125586626521304
-0.011601856263534032
-0.03915893442843732
-0.010143332149426098
-0.009120676887677372
-0.03334276953187047
-0.03542813389600709
-0.017669344335104722
-0.003471190144624969
-0.014651630029581217
-0.00882073611750476
-0.009422912380912047
-0.005763778694266257
-0.03171434048202852
-0.002314826027175463
0.00019007133240162363
0.003038653964076855
0.008855248269029538
0.02426299342910452
-0.02577430713120908
0.03085596455134375
0.036813037794161785
0.04265041122641153
0.0499564637046669
0.05598075734680862
0.05236004682845182
0.029453018447570083
0.005200218958253808
0.030583309930166988
0.010709432982277134
0.03521835175391958
0.00989556251847204
-0.04092305424119744
-0.06269416130028718
-0.061368523074903265
-0.03807549591313934
-0.0229324853386234
-0.016441107733605406
-0.014764882202521713
-0.014689468698012744
-0.01912364179455476
-0.03198283011811056
-0.060143043266935405
-0.06476528710792366
0.04946313571811376
-0.0005701463627340778
0.04829027780525977
0.0778034257094468
0.06893307078848118
0.013885249036173903
-0.034603330146844136
0.010043091156087121
-0.011608322053914991
-0.019082834333063386
-0.01123024076968308
0.007284900047904906
-0.03782103881106448
0.0039056134278095565
0.03381996162238986
0.020226646333832393
-0.002656157145303366
-0.014407516551117846
-0.019991556604623918
-0.015180293215183695
-0.011269489522693552
-0.007887691762896545
-0.003189088611769852
-0.0015400133430136258
-0.022824338920562962
0.002745214950001694
0.016063414692745186
0.015016857526172754
0.010148347098372371
0.010979921363822361
-0.0060324790250411596
-0.018918799680121848
0.04284645989059001
-0.05139488228538547
-0.059893541476204105
-0.042815743044701045
0.03241399292399067
0.011918646181563134
-0.0378188335187225
-0.00555753567281359
0.010621756621143072
0.01772166658618202
0.001512154963041436
0.020946536050239165
0.024765192971957645
0.019566353501712458
0.020225959494479973
0.02843243024367831
-0.0840282330210477
-0.018916462450200854
-0.018073724349695112
-0.005551977460193908
0.0141202499494392
0.013941831612330305
0.023160708230472376
0.025035282941504113
0.026928481680539282
0.017345418430444293
0.014252496138902258
0.028754821996939368
0.015784773507820545
0.018624221583672173
0.015595158689770733
0.011154851257209433
0.003583863488470965
-0.003012121994033586
0.003054552509096069
0.0025047245635750597
-0.00344415475780096
-0.021793813092727526
-0.009181946998754237
-0.016820565523383242
-0.019540630624816594
-0.017380731816884126
-0.01665394157861
-0.016514504607610156
-0.004700815607159042
-0.015898329430221406
-0.014837477111983754
-0.013037037559640079
-0.01114766787065698
-0.012628707715508097
-0.005111037916197436
0.004830188962084001
0.0018007124073416481
0.006433879443725236
0.009818977046682182
0.014041865569033293
0.018112584266370767
0.020997299765324696
0.02214028284228404
0.0212789612857035
0.018233308632566662
0.013649361950765888
0.006153303252402099
-0.0039063096178943366
-0.01278088435237519
-0.023224059799966883
-0.028113533801848247
-0.030959164175145108
-0.02967548777828363
-0.023509618865816713
-0.01423026441269229
-0.004143754367684196
0.004542140854120769
0.010249795182588636
0.012522912476901975
0.013765310789653675
0.014374497337934836
0.015468648864062655
0.01673954268714296
0.018609334992406384
0.02056143742836706
0.020576066167024818
0.016227719594112858
0.007324644020439837
-0.0019497833370473964
-0.006751752186964802
-0.007601060044967266
-0.006803277857258957
-0.0028545940515305513
0.00539363243331991
0.014062314453633101
0.018776655064392
0.019057111469337185
0.01700532620976976
0.014636045541536578
0.012879733118287684
0.011967713005205254
0.012107582114745191
0.012360304279430825
0.010802723140124287
-0.0009497099550080958
0.003481665948078635
-0.004732015064227292
-0.012734709448595335
-0.020468356511127783
-0.02642389050263883
-0.029223887164691327
-0.028456138576627862
-0.024765253202290463
-0.01893816721757769
-0.011754091485177563
-0.009049358900150102
0.0029766300447248806
0.009805092654070207
0.015479816519771043
0.019183302720320934
0.021371957108164016
0.022183617501300844
0.02137258676316634
0.02001124090972078
0.018005554262239553
0.01540514922994413
0.011891011637909342
0.0092861736504708
0.009795296596230312
0.0027094851706466
-0.0012210028291398988
-0.004879700276204514
-0.004743367523209745
0.013384603506747153
-0.009766151836719512
-0.012114480979704531
-0.011518681100941603
-0.011224154147382776
-0.010348714568706296
-0.008751300571443223
-0.006662171718900409
-0.0037871655988983557
0.0027890249899067744
0.004479142383957447
0.012353860484434605
0.01699668804022558
0.02050767513581729
0.02618343288579964
0.029083640945942364
0.02745643076651248
0.006356948916039733
-0.03254165459361731
-0.024188184911965907
0.024492412277889276
0.021102438458588012
0.0011380150376655055
-0.0446655633036537
-0.004210170008820908
0.03512391336716083
0.04609467261492929
0.042527076657054526
0.03303746278803574
0.025806858337619816
0.01965062256735103
0.015753872559127947
0.003326599081513245
0.011902622015472498
0.009666575982108032
0.00912932886038549
0.008137762411436947
0.007938547759294999
0.010082292530589702
-0.010230933220018718
0.002637161703672214
0.01312054063728016
0.008326252259872598
0.015775756331937268
0.01721071876820592
0.00033828636253768453
0.011927890273688254
0.020622851799165825
-0.006570852432804368
0.024656729189189555
0.028537011807940216
0.0291654135335229
0.038102513384173906
0.04970096622389796
0.054248948964648776
-0.028271462931166336
0.008563208100283819
0.04183920446279101
0.007659372727078922
0.0008683038706842544
0.023230983970424595
0.02569511202768529
0.02515588794096965
0.02316438360382121
0.022808969294522512
0.02326263696099727
0.010934577642619158
0.01726716185416291
0.01976382253618654
0.02274602384711834
-0.022012304296549916
0.02291923852774759
0.005570378755037842
0.012228023464240107
-0.004179691715307745
0.012291250027468231
0.007539209502431409
0.0039381666681524265
0.00047502739447439753
0.005261034745745751
0.004872152516525691
0.0041927886150226
0.0036711165813569455
0.0034500582781214094
-0.0015854214255708514
0.0018716385980021384
9.780274185768067e-05
-0.0007559852467711221
-0.0014688205501128114
-0.001976294130624593
-0.002445597717915953
-0.004578189881101708
-0.007605134312780612
-0.002953554841330112
0.0003532591248909776
-0.008840937560975586
-0.011823315468768199
-0.0068360383570027555
-0.00732973013288024
-0.0009678488338261425
-0.005612931393779596
-0.031195151130490893
-0.008138736749499482
-0.017225323753373448
-0.012826910720993238
-0.014070237418028791
-0.01457424630441286
-0.014895452970881181
-0.017534870727812915
-0.014374866736775595
-0.014043339721988212
-0.012322457220924947
-0.00861073229833649
0.0027915991703183125
0.03941980114316045
0.060184871314182174
0.0734882377956654
0.030521896273390903
0.0031145299334489297
-0.002027871197319397
-0.007266146068349519
-0.0055743093674657735
-0.004208371527974934
-0.0007536927203332604
0.001661112844661608
0.003976795850529804
0.007449461588400135
0.010579632807062495
0.013414954182729501
0.015929183009891382
0.01484697077650386
0.013807740849787512
0.009765064651030112
0.003114993264655971
-0.005978117705691535
-0.015395264995433264
-0.019984955497935254
-0.022711237995268904
-0.02039858852847128
-0.013344304649173626
-0.0043780621157426605
0.005327602642857371
0.011201238703842183
0.013160935367773467
0.013590341159938695
0.014548512728034719
0.016414263523605466
0.01892571745666279
0.020848472812879847
0.01832108868205747
0.009015926031429793
-0.002023581246114561
-0.007300321364623582
-0.00507199657648708
0.0037426700593552642
0.013759360597960403
0.01812630098994015
0.01676561813624506
0.013643636064223101
0.011351119078593801
0.010567769342066014
0.010981344447783611
0.011016037287560313
0.008498050804097367
0.0024185494717954294
-0.006366546834516038
-0.0152166679846794
-0.020489737851040926
-0.02309426520088309
-0.023069677618329395
-0.021959257563716143
-0.019949754744236742
-0.01210303991020254
0.000476030341616394
-0.00036885100492361274
0.007445673547890497
0.011990557035960763
0.01606692920728931
0.017094137252646812
0.016321082239977656
0.013149041680380898
0.011475106084055053
0.009252767008278954
0.0067108107790804115
0.0036754511191093475
0.0009564310987738048
-0.003035648702146614
-0.005972731195805993
-0.008240167853361824
-0.009987262519403078
-0.01063283394557248
-0.009873936882529386
-0.010829117472593729
-0.015847810109977326
-0.01164212733123296
-0.013527448240724653
-0.014381718045943471
-0.014828228211391082
-0.014902015401753324
-0.017549807369225637
-0.01508042244468085
-0.015094956518303157
-0.015195243403751496
-0.015882254106622376
-0.014516439020504332
-0.014326306596765388
-0.012185113951120364
-0.009933480966391732
-0.01291125975598378
-0.010283033799309326
-0.010587262078322638
-0.010154345067005008
-0.008813234341955085
-0.02403859166901411
0.03223013960815057
-0.010296750532690266
-0.01245648100328213
-0.012833598011089475
-0.01277269714014501
-0.011835352237488238
-0.017492578992021703
-0.010823314415135652
-0.010583791833640093
-0.009182172626105631
-0.006461432107480415
-0.003727404275705719
-0.023855986440742872
-0.0076389095775199955
-0.005177651201125348
0.0011999305198292442
0.010903314164825638
-0.011055784112080459
0.027310135106349654
0.03774710188010058
-0.03669745020550224
0.010824916971076412
0.04577866485440088
0.005065606657541043
0.003210457464026356
0.03451082528922014
0.015153757026338938
0.0006099986025570272
-0.0025274039585231082
-0.04705130084396971
0.04839634851794795
0.02544800629248679
0.010146608327304445
0.0021360503079347923
-0.004072115212588632
-0.023724228405578508
-0.01165193831493819
-0.006795847107821163
-0.006406938475558254
-0.010406016368646763
-0.008016862071779597
-0.004451136158709827
-0.002160388832163537
-0.0001973243672530506
0.058302212716283705
-0.017796118400636534
-0.03887045416921048
-0.021421458445824146
0.00018942219107781955
-0.023078149034989857
0.00027101030554769746
-0.003046176095741486
-0.023880442143669325
-0.007895746530212229
-0.009996128475314836
-0.015616715672303046
-0.012781226182938381
-0.013414632667303526
-0.014175881771448883
-0.014668515345354533
-0.01608294239267699
-0.015137297984762597
-0.015321448055883103
-0.015129377681425605
-0.016088352296900234
-0.015129266763922896
-0.013759458003409252
-0.01289456968223779
-0.008091646060026865
0.006348605402502618
-0.00631439621051848
-0.008228067704745925
-0.008064129140372802
-0.011719068867944962
-0.028913958691845352
-0.008429726621045408
-0.01444685187715261
-0.020934368932512656
-0.03110727178038019
-0.02711054956848229
-0.01310081388094801
-0.026087204707637274
-0.005855238152091375
-0.0003883928092689381
0.003398493649895542
0.00351947087798649
0.01247584253522116
0.019720832656161785
0.02674748758718389
0.03199965262322433
0.039385806516928426
0.035710032137460615
0.02719358432987624
0.027394170172211046
0.02802950911878406
0.014721184130923262
-0.0041129561891572715
-0.018275471617850734
-0.011039154794770028
0.007563737163293136
-0.004998863406954847
-0.018358279142632883
-0.008853482444436482
-0.01605841175519984
-0.014912927752293564
0.004659818776701581
-0.0023387286794291765
-0.016184331131082537
-0.012771157162749245
-0.0038991211779189163
0.0061505903625400805
0.010887544238816006
0.01537469288682541
0.014577032692898825
0.01142076417979923
0.0094632071655779
0.00790711204508814
0.00726648215953121
0.008573467105320353
-0.00035817556487439034
0.0074164603355203005
0.002790345592514128
7.21968935900716e-05
-0.0018329351484973895
-0.0025280802960592967
-0.003492057376066027
-0.004418954416415024
-0.0043506516016134375
-0.0048172091949624605
-0.005129901899302241
-0.0054453402705795595
-0.00543115320928671
-0.005212560822570854
-0.004388566725020438
-0.0023168789750316414
-0.0033991298004408094
-0.0009307567185039344
-0.002892952331963894
-0.002836249211637651
-0.003086290984060702
-0.0019376161356406422
-0.0002219563520495915
-0.00422801368794246
0.0017558589589330917
0.004825802772551832
0.00596965776995638
0.006293585138230664
0.007935381713034961
0.009336248410476266
0.010395344667375695
0.010445281433813475
0.008946970506388128
0.0059491846048185665
0.0024719745319479827
0.002188530276388812
0.0019548090599694127
0.011939378585473597
0.009218293094233875
0.006726363970091561
-0.006029549751834821
-0.0031383866981612046
-0.005687980309805726
-0.0043974956748420386
0.00018127563477868578
0.0060281260327514205
0.010207963171327739
0.011577358220185371
0.012966547368666832
0.01475824646628619
0.017914324277140493
0.02144628439354455
0.021671682764866727
0.014254831895451616
0.0031959795140072077
-0.00127939218116296
0.0045469062154715675
0.01562515906581484
0.021906488380194725
0.021009995353959282
0.01760515885717177
0.014886408376153692
0.012995798852761082
0.01178769072433168
0.00979756998694301
0.004651634803415383
-0.003853281167403442
-0.01227035358189725
-0.019320991692775874
-0.02380616395226813
-0.026563117862381552
-0.02165234503278803
-0.017017043092054228
-0.012288257965564469
-0.006919273472509219
-0.0033715081475211464
-0.004108452287760134
0.0033300892604546124
0.006663364478305695
0.008497936303659527
0.009506259353462406
0.0008882627174896457
0.010689869372993774
0.011859000550617543
0.01187419686494506
0.007642840916426501
0.011323289251914302
0.007767420829731572
0.011669793079313356
0.010661845552731508
0.010301478943681844
0.009358975853918766
0.01241681792835822
0.010312950164504765
0.004857638820051779
0.005828810205451276
0.004439649396042554
0.017375067048380814
0.014371841885879448
0.01234547111598041
0.011181375436001357
0.010855172673500075
0.010476848049713888
0.008446276190494276
0.0099556127274542
0.010093443074588515
0.010090812607673855
0.009879132018925766
0.009876121792320648
0.009418519091717365
0.002464028673429813
0.00788037989751608
0.0031274627561020587
0.006292197344311869
0.006038973548654339
0.005787497390210976
0.004565105527645543
0.00030910372427510693
0.001882780596481788
0.00021548409753845214
-0.0015579169666019687
-0.0032799194734611584
-0.005082770556449113
-0.0071994489291799125
-0.01054426551453974
-0.013051410156492606
-0.024723393392434845
-0.020158419935747962
-0.014530516761745825
-0.020174108415068136
-0.016176318937112303
-0.012032974034962693
-0.00903705658160257
-0.006368721322738047
-0.0037398714956605283
-0.0011261793730588747
0.0002484414961828421
-0.001348744337507392
0.00567560248933828
0.008165125256138495
0.009368147174110096
0.009823769699487613
0.009769094694381066
0.009019180644240841
0.007799282720324175
0.00626738735805288
0.004873250802876688
0.003419255525236317
0.0026293011655211104
0.0021376675368356365
0.0021422964133196625
0.0027047129624963636
0.003815111374701479
0.005387873406143922
0.007148024443589439
0.00863169977647256
0.009188915086013046
0.008141255823701172
0.005252732492583698
0.0012408624101408658
-0.002024302165596675
-0.002326007460137212
0.0008931907857063911
0.0051316602231710135
0.007366649551572135
0.007454427773872736
0.005378245392062126
0.0014001443762777241
-0.0016034571091785898
-0.001597968241244329
0.0007829129748982848
0.0037919263026965446
0.00624136499764832
0.007854600746758917
0.008787084939537863
0.008980765063250056
0.007774099836192586
0.004164766745735465
-0.0012761166620130335
-0.004867803997472786
-0.005082847014055804
-0.005336843517202772
-0.0053696511398194065
-0.0020479167876773256
0.0013930513836025132
-0.0017439534378648211
-0.016898751657286826
-0.04510370210791865
-0.05413105092287307
-0.032526502350717884
-0.015142196119176415
-0.007082849186189219
-0.0032819032016728
-0.0012222176423043582
-9.303240814666882e-05
0.0010372227009543282
0.0018245246772628644
0.0024553183841250882
0.0029479045410904683
0.0033065351476616912
0.0035455818742702806
0.0036920645066004596
0.003870498129638955
0.003978594754946567
0.0038239065120075273
0.003282957772811203
0.002282704118094786
0.0014199891094206559
0.0007254713058288198
0.00021524307631560927
-2.6920425286177534e-05
0.00013342325445226777
0.0008608282819231667
0.0023199276674006155
0.004422170504304817
0.006896320354539739
0.008806055703786819
0.008271387458690022
0.003546116990641893
-0.0038337110670483548
-0.008083822724210276
-0.006606042186242153
-0.002884849940726863
-0.001071018910387008
-0.0016611698097894088
-0.0030900168976358165
-0.00303193823423889
-0.00045909550420385886
0.004174814628711713
0.00779361231365186
0.008771893322529372
0.0078711223299481
0.004143681226258981
-0.0007258871228846348
-0.0030132313799724085
-0.0017814296446533174
0.0012677094762185486
0.00399584809068502
0.005156691310587762
0.00469531129486011
0.0031101496201011046
0.0008656007846727745
-0.0015449716202891972
-0.004016633679811216
-0.006919313704569823
-0.011575929277405169
-0.020292267028813753
-0.024729551098605772
-0.015953624636492483
-0.00802558221395917
-0.0037676602537488105
-0.0010979362274572736
0.0008816837228989254
0.002442910635097006
0.0035807899907889006
0.003939074458217695
0.0030565808154063164
0.0051230781398533135
0.005600621374443634
0.005877944239845178
0.005388814035642338
0.004561347629420172
0.002870979917713267
0.0014224823605248887
-0.0002281512860368063
-0.001880379806452679
-0.0032582818075688287
-0.003871333466281514
-0.003527717880541381
-0.0013340631997333155
0.002065214523758561
0.003863536655459707
9.707475300284176e-05
-0.008147678427372317
-0.013016051932487635
-0.013362074344367427
-0.01111601289159265
-0.004151394496019815
0.0019471071492140565
0.002515410283073948
-8.225415971342128e-05
-0.00256503124355581
-0.0036620230183215204
-0.0034952486290441786
-0.0026287193550845185
-0.001533176555176618
-0.0002728692868689694
0.0013288425603167028
0.0034647423286791605
0.006211898460942416
0.009479438774432643
0.011807424336731842
0.010621138365003826
0.00427702954697528
-0.00437604693681949
-0.009648206001967813
-0.010649543027317875
-0.008610728193979667
-0.0020629699739853546
0.006565245767008766
0.011624550072561208
0.011624811446179667
0.008970237395821808
0.006205877603157789
0.004491624539173803
0.004046721799739681
0.004704714047100912
0.006130274734223741
0.007699256238825293
0.008800624590674731
0.008978847498254722
0.00799741046819574
0.005183688753790257
0.0023444384471721282
0.0008951094051079193
-0.0016593869735142732
-0.004484087060915447
-0.005874086171627294
-0.006784687829037186
-0.007753500240550794
-0.01081750122515636
-0.007444084490139128
-0.007401224936192375
-0.02140208579132959
-0.004610801415886998
-0.002987225956696774
-0.0015409255122038543
-0.0013285348074574782
0.0008390972947933842
0.002011758215689304
0.002923937212074741
0.0031173777051430734
-0.0033406879383080933
0.003961924822285116
0.0032657914519265345
0.004974743459248302
0.005585899421583169
0.0019555988420123785
0.004714125837087242
0.006060120502929903
0.005900928540346174
0.005923526263733784
0.007104837056803924
0.011060329663806035
0.013369416265515154
-0.00402672664028765
0.008968967430606448
0.015561603280344746
-0.01058258630864815
0.0011871829011293534
-4.938993610271615e-05
-0.0007814877288188336
-0.0017677879891689911
-0.0011871891045857547
-0.00278614555973183
-0.002373255974863291
-0.002489212598364848
-0.0027893203338404016
-0.00030016495868354944
0.0016909618393391493
-0.0031689962014836903
0.0018434901133275528
0.010118444269560831
0.00652955055442276
0.010271283155069212
0.012883685829879962
-0.001684774193161545
-0.009130128169211289
-0.010603639242491216
-0.010614254309494475
-0.010159773345505798
-0.009710452273946828
-0.009583124465605119
-0.015454074369305812
-0.015286736424694835
-0.020101365974851744
-0.015125733513200817
-0.008934922016156411
-0.005881184120464965
-0.0025380891507120478
0.002467705352476401
0.00964542964792463
0.01885139670856622
0.02882620099504892
0.033302606619977665
0.034489451801193234
0.027669971523587585
0.013815668065971917
0.023490754055025907
0.0316242062995475
0.025384087427973767
0.01728035025115543
0.027015116369554577
0.037242414681569844
0.03893449995170429
0.03317090202270052
0.02302622851902698
0.011571574617764755
-0.0012714539607481176
-0.0033027928836765327
-0.00638071461472642
-0.00933505505907478
-0.011968071589704957
-0.012946517093946687
-0.012981151521064495
-0.013406495544401632
-0.013991998883051979
-0.01509477416332278
-0.013815090261613603
-0.01516178316605596
-0.016405995395821105
-0.020650368769024048
-0.02732800306163782
-0.017336445921876775
-0.014147811056294547
-0.01350596395254033
-0.012869658936541498
-0.012494549662872445
-0.011999438377421298
-0.011195498302107544
-0.008752337459778114
-0.005005590824915713
-0.008772238597164746
-0.009175887682726043
-0.009649294301316218
-0.009053598459626498
-0.009098376767559082
-0.008742849946069324
-0.00841385804589114
-0.007223508734470718
-0.008476790263838373
-0.005248958577370318
-0.004546280268679708
-0.0026972203984990087
-0.0014105249152629557
9.266751619875538e-05
-0.003226787263852966
0.003021868507621817
0.005668017289361736
0.007558862593458771
0.009170760368612326
0.011372012523424877
0.01326554484369301
0.015189307657007819
0.015304232549625058
0.017436290372151757
0.019251174984400685
0.020330492009589512
0.01939928115548588
0.011284285913425228
0.023419261477826588
0.023825000363673566
0.02124588739074963
0.022624622514626002
0.025600251679120917
0.025976457548203255
0.02552573592106454
0.023063737652134517
0.018109678053733706
0.01955192273985615
0.017054992787848007
0.011807254943686224
0.006305343038739132
0.0010718155505555055
-0.004570690609593162
-0.00991162074989346
-0.011704145717431318
-0.013387881494064618
-0.013641441580456394
-0.012308432462715563
-0.010287332127438657
-0.009238859090567137
-0.011747464565447131
-0.019935154955976017
-0.0184468078542736
-0.014863142762444997
-0.012191265039472765
-0.008165457963803063
-0.0067661108972753145
-0.009245063818197058
-0.011968019617610768
-0.010801719601196648
-0.00708954656286597
-0.0047469460045216
-0.005518238045852786
-0.00851259025635375
-0.011922057150049141
-0.014354061275906995
-0.015147117066808885
-0.014159643416730728
-0.01147733599706375
-0.007316966773584228
-0.0020537692084259033
0.003657699500798738
0.0092510122444168
0.014234461514307772
0.01829211643352578
0.020699456694369033
0.02259627179917952
0.010932489467780342
0.02436665931363045
0.026111591711820224
0.026615538765277016
0.02744123923776369
0.028553783806106785
0.02846913163170867
0.019918231569772987
0.0066790561923880925
-0.010325657744233987
0.014363099070636027
0.024839637667076576
0.000984984913204138
0.020437461310056047
0.01954985584435906
0.01751604539860121
0.014878825287147792
0.012678856947709437
0.010627802715814852
0.008950738680267923
0.007513479722842189
0.00588182751413539
0.004398082556348488
0.003038673041945596
0.001350906739412014
-0.010840209979289413
-0.00030960580079264033
-0.0009895687490606895
-0.0016692744368038347
-0.0021266506681234133
-0.0013790767309681945
0.0004902254543369236
0.004776239153687235
0.011498006408738359
0.008410955776856268
-0.0018548205575857541
0.013631244220638997
0.012600797970044847
0.007291352340963151
0.003132951111032049
0.00046710688970226445
-0.0017892527185976923
-0.002730123510472143
-0.0028325001723581733
-0.0030723389000593777
-0.003335696846894626
-0.0035977031284171418
-0.0035894343093395313
-0.0033674908859817622
-0.002742025823790872
0.003036092324066961
-0.002606304987745346
-0.0031197613154824977
-0.0032322090289618527
-0.003352404626787459
-0.0028007183985664557
-0.0020274260257819266
-0.0020116701018137663
-0.0018081083900061262
-0.003875793090142883
0.006483051753384847
-0.006064218584324077
-0.00680252723823394
-0.004712979538693258
-0.0024530642527986167
-0.0018340266411095618
-0.0019118205753810371
-0.0018815717534718336
-0.0018693808755662373
-0.0018246500085535215
-0.0017180388195299008
-0.0015237952289256119
-0.001218902073982028
-0.0024416509031447015
-0.0005685120509557252
0.00561299688269775
-4.427822221691286e-05
-0.0007958041066399433
-0.0006381166766205901
-0.0008155110020473275
-0.0002836685882013377
-0.006119825992756214
0.00010438597589352762
0.0003893619447563636
-0.0002756780166807354
-0.002296519338344068
0.00040990335038289065
-4.673432468705487e-05
-0.00019258353530459578
-0.0008658936015261086
-0.0015888146378712819
0.0006595341071487527
0.008161821739208541
0.022836238885349282
0.012972555826371721
0.002285528517052249
-0.0007988397263135413
-0.0013806189065334621
-0.0012737389365666352
-0.0013377344188701948
-0.008282234080012387
-0.0012498742060552254
-0.0009166844601945531
-0.0006507531683193111
-7.800432785129728e-05
0.001674554683420285
0.00459148379123133
0.008719241551770044
0.008933250446508218
-0.0008765012500660059
-0.006683628676150327
0.00011955120248050915
0.009125021041214883
0.007827212542893773
0.003391112107400106
0.0003104115624917206
-0.0019066609751947129
-0.004491991063859263
-0.004032382147454538
-0.004782682178940297
-0.005516606898619483
-0.006218883701496887
-0.0070035498511994716
-0.0076756690932733625
-0.008782660789199726
-0.023681908202173623
-0.011807642640737444
-0.010797224452550372
-0.010809516541139942
-0.011388753467935088
-0.011668767316666566
-0.012159273280828872
-0.014388137310904481
-0.012828425144915357
-0.013619381164303453
-0.03169846005117718
-0.013189440108252022
-0.012175427523380921
-0.011281539772123424
-0.009906263868704494
-0.008084740290570347
-0.00697643700933564
-0.010872956149964086
-0.005909174892215294
-0.0031613682282541013
-0.0034521975150286223
-0.004035787436516689
-0.005073842666467574
-0.005126390843669474
-0.01142862071142873
-0.010384584282676603
0.002764505050194893
0.004909038457455593
0.005841765276125805
0.006101272117315123
0.005703316642972618
0.004635083775249633
0.0030400268377453474
0.0011382849249372449
-0.0007924782542359632
-0.0028445433085581436
-0.00297408516951827
-0.0026667290193103316
-0.0011384259453438722
0.0014239288884470122
0.0038552414540233056
0.003847303753090021
-0.0005521570264338018
-0.007513075507643116
-0.011616824485265655
-0.011801013499763036
-0.01175362744137308
-0.010361736392352645
-0.004938409760448285
0.001092709824617923
0.003646587481986055
0.0027198469807314875
0.0003598550016531847
-0.0017471100334757739
-0.0029844244549179525
-0.0033676362797073274
-0.0031140616130206932
-0.002526139277812189
-0.001811332438084321
-0.0011112103567307878
-0.0007750387836238011
-4.522717808311599e-06
0.0005045890558154288
0.0008238992112838818
0.0010512893140607656
0.001216655008166096
0.0013330960424183793
0.0014407691070744434
0.001177178708177801
0.001394011190601293
0.0013917697394714638
0.0012618104219615542
0.0012176889059233166
0.001310761310025563
0.0016549149369451187
0.0025161366797289337
0.003750248857650424
0.003964057335277963
0.002953511648071801
0.0022754242039013614
0.0021722042151991854
0.0024086968691432835
0.0028474157239082184
0.0034311478078810236
0.004131280495913041
0.004925906861702481
0.005801137651573446
0.006731364226665964
0.0076628736769922936
0.008465523400150915
0.008969617554928653
0.009122005799515553
0.008872535151615174
0.008134945726440667
0.006896031704667064
0.005231285530131071
0.003301855609457434
0.0015253866132687675
0.000542251794036772
0.0010786851746947515
0.003475734070999195
0.007228022794000956
0.01076618795173156
0.012225713183409311
0.01223110157584618
0.013002680055456805
0.013891435194455029
0.014285786049029081
0.014801514065376269
0.015405399625828835
0.015005579960613405
0.012287522016035429
0.007845853863901025
0.005457010486802322
0.00795849103582668
0.012550455429610623
0.015055326799471505
0.014269622233511053
0.011254162129090273
0.007623427943956294
0.004599903141250431
0.0027616282839592813
0.0021661141156332237
0.0025579318610254365
0.0035775958395001272
0.004871504038645698
0.006168085471710233
0.00728351016647072
0.008143238700852913
0.008720353574031264
0.009034409744282415
0.009131794972747248
0.009067766741963072
0.0088945279941551
0.00866398706616404
0.008414622201171727
0.008184932607858884
0.008013153480352515
0.007900560261944953
0.007838021773749605
0.007827935759920433
0.0078597705937596
0.007913165760737289
0.00794547527119062
0.007902538180561785
0.007722900286954494
0.007309330660534055
0.0065729005439506645
0.00547195242230394
0.004053422189864492
0.002488261499060103
0.0011357014779108663
0.0005368988701049063
0.0012990727551156316
0.0038086339021310804
0.00780272848617322
0.01201669413742021
0.0142268325538152
0.012735327296144305
0.008867372065837998
0.007595685367629786
0.010782271843998485
0.013905292938715022
0.01347692234328403
0.009986504013837352
0.005607002294741716
0.002175446926482372
0.0005085233243705515
0.0005317865383314712
0.001695725301608032
0.0033751424740731772
0.005044335229591643
0.00631685067728161
0.007038929790397964
0.007207892279436823
0.0068917967920842736
0.00620647938158459
0.005277798836869742
0.0042213807332331125
0.0031335649075798413
0.002082293127366152
0.0011142827466470242
0.0002547826185453631
-0.0004900558024211658
-0.0011308726741904472
-0.0016799341217375824
-0.0021543764321578125
-0.002540140440204596
-0.002939806904810562
-0.0033963556022610286
-0.003972017991534428
-0.004966134436375494
-0.006945839408474068
-0.011501398069332753
-0.018212277891480975
-0.016208614998314465
-0.011150877433895983
-0.009987713654182545
-0.01036174394977645
-0.011766012284967155
-0.013193255340479921
-0.01339537926837173
-0.010991867912895413
-0.007055376809017027
-0.00737445503837357
-0.010701035637381034
-0.008535750238313709
-0.0077224339293904135
-0.011446479079625258
-0.01297808119097263
-0.014671161368012626
-0.014349098115189954
-0.011291323606280221
-0.00772791692443429
-0.004692872529297547
-0.002429032509951244
8.545684573338494e-05
0.0017787685018758545
0.0028009642727611977
0.0026293036563208795
0.0034622365081733246
0.00405546324739679
0.002170259564452146
0.0033500680670260916
0.002319024041935627
0.000621318300774397
-0.0018650486728441747
-0.004941831332605026
-0.008717713032338821
-0.01302888863128728
-0.017373063120326212
-0.020944592193303486
-0.022708035508695386
-0.021647116410307293
-0.017565172305396077
-0.012903485939639811
-0.013017694114569291
-0.01871697887861195
-0.02226341039279893
-0.022548358320059858
-0.023032884989004212
-0.020846076790162312
-0.017105746784112197
-0.018078440518703567
-0.02307937607973703
-0.027391878241868284
-0.02842097497555328
-0.026167098496874677
-0.02171857938388671
-0.01645646481249894
-0.011925693933128725
-0.009695419117274173
-0.01026696241476414
-0.01520665547293221
-0.022650706913529776
-0.022752937085985282
-0.02123356503799407
-0.017892212107146116
-0.009702934491798865
-0.006502880656183919
0.0009159957339683169
0.003681373714579705
0.006392384164295706
0.009246121369046055
0.00987747204552042
0.010517179821428059
0.010450171306127305
0.010290656364968287
0.009967488922773646
0.008674190621713476
0.004041512501308508
0.008673527792524557
0.009449588860160812
0.009548155045969876
0.009562154411090939
0.009406110444260535
0.008054364912953018
0.004823816974429919
0.009867454398036246
0.010480543404083153
0.010844304189919992
0.011144958516127823
0.010583062670532068
0.008089175466293523
0.010153386225034845
0.010794577088490515
0.010984456688207231
0.011290314371790825
0.011422555678679022
0.0105828610753157
0.00920640173535402
0.0070989202919560295
0.00506542384482661
0.0006682257860784722
-0.0007944660418400043
-0.006063959637801404
-0.007962825106257244
-0.011591518769953103
-0.014744506221236103
-0.017274161041015715
-0.018763527512845036
-0.01890197380114445
-0.01753419085884059
-0.014791595163746937
-0.011448182307535842
-0.00900280301976956
-0.009081735302135878
-0.011739796937572431
-0.013924473221210956
-0.011864278343373703
-0.007408535304961374
-0.006594629686763231
-0.012065842625618226
-0.02127506806132787
-0.019928506339956357
-0.014213136149876503
-0.011070598476333652
-0.011403462343145102
-0.013920131715626609
-0.016628126893302925
-0.01856817095309505
-0.019289642007089686
-0.018739835390748957
-0.01695788593543214
-0.01516004469911687
-0.013922569243423541
-0.012292970918715783
-0.012429973005796204
-0.010549785226187994
-0.006049316197885915
-0.0019248701744704723
0.0005198308654438138
0.0019410433041371572
0.0026621682002258016
0.0027941898630673046
0.0014833761907569309
0.0004556052932223627
-0.0010161894431062757
0.0004611793196627817
0.0019559873768561975
0.0015145542068904824
0.001764628008325017
0.0006813335654375997
0.00026260699555515614
-0.0008777726852109657
-0.0036684027303934877
-0.0033809176522151554
-0.004590161496020481
-0.005682068635635763
-0.006526882426091359
-0.006945217450529398
-0.006860183147614378
-0.00596592369814227
-0.00418246047307365
-0.0017483629108837246
0.0006376754453259315
0.0017546613353479111
0.00037184571720008615
-0.003459501356546028
-0.007130625013121291
-0.006944699883762462
-0.003113935293212871
-0.0002469203503880279
-0.0009308067145357121
-0.004431481572590668
-0.006755321848884598
-0.004838792242905815
-0.0007798600498347162
0.0019235545874928817
0.0019272491359627994
-3.415359926260904e-05
-0.002606439894107117
-0.004811328959407034
-0.006182842619041236
-0.0066015371503922934
-0.006221004979519733
-0.005196797252311107
-0.003918288137716814
-0.002260693623983693
-0.00041581011841741066
0.0010824157313956836
0.0022245824913656276
0.002955516877848978
0.0031954255046786765
0.0026347945909894937
0.0007077229799931042
-0.0007547020691723622
-0.00950079924902019
-0.0019417878812703457
-0.00043466275452476953
-0.0012030274251839269
-0.002740968596630583
-0.0050261813897814695
-0.01005338151808256
-0.008574668234036886
-0.009722595377768112
-0.006244783150161346
-0.005409190819212684
-0.005385164061672818
-0.006929906983908918
-0.005882920646053165
-0.00645229167671791
-0.008785658856555563
-0.011269081371515648
-0.008184012827439559
-0.008499578965804494
-0.00874743412510963
-0.010499440326824289
-0.015202808287615457
-0.015840442455976725
-0.008828738099331778
-0.0031778556156574593
-0.003302949349255883
-0.0015042494486820028
-0.0029159577214474823
-0.007335887440644056
-0.007631398504418517
-0.011040680729835951
-0.012389010496215071
-0.010483464006959447
-0.012112144356874058
-0.00882125085074101
-0.007862450591730531
-0.007938619602083816
-0.00887856153167098
-0.010671205034817877
-0.009539833380567367
-0.011019626829536472
-0.02144327506631814
-0.01998073294472444
-0.014012334741624341
-0.00863210850023956
-0.007154559787936926
-0.006770414805345451
-0.015264701687801623
-0.006496833329625918
-0.006770677051717522
-0.00761294179433089
-0.006738335265176991
-0.005056476375388287
-0.004084309850260527
-0.0034131668259918765
-0.002506377572815755
-0.0016028160637388408
