2.6779375662060662e-11
0.0073253776511275496
0.009092387394755576
0.009243231699896473
0.009046073618556074
0.008713244654868285
0.008346356686700631
0.008069271106663667
0.007779273082873412
0.00738735556901514
0.006870217350477062
0.006497386633064525
0.0070730579442169015
0.006708781387850868
0.005920174489445558
0.004575934429098725
0.0029108084717170716
0.0003698250716803898
-0.0035848498992078278
-0.008458573146647858
-0.008985129852166894
0.010480111084390889
-0.024305054554166615
0.029993501520338323
0.01332909048199159
-0.008129709689225531
-0.01346324529087679
-0.013435037257133582
-0.012942446684638885
-0.014186461378703151
-0.01619025864571196
-0.011891088851308712
-0.011242707053971419
-0.010827285066013293
-0.010377320866522027
-0.009866822751445431
-0.01287897081812456
-0.008145190291091757
-0.008289076247631411
-0.004536797314605371
-0.0019058712852317295
0.0012180991521222315
0.004882744909215866
0.008262048508761553
0.014422126526110407
0.02156044976043659
0.030437482572270733
0.040037191044834254
0.05074060361319767
0.061261101595798055
0.06411656356712567
0.050506100537035074
0.01920065342178274
0.019442611818098362
0.020906757509206238
-0.12566892251305276
0.025770203969913835
0.02511112277059634
-0.002478509099826284
-0.016364161300735078
-0.019399588282262733
-0.020585221735517047
0.0062088161321279065
0.053353880499156583
0.03228622021937957
-0.037155628195705816
0.07206890277562433
-0.09554542170135609
-0.08313780161434008
-0.03652818645666499
-0.022411651507671146
-0.021226878788746198
-0.02294010179775116
-0.02472572683024029
-0.026020076080706472
-0.026907705876880364
-0.030036206981110702
-0.02967909047899405
-0.02505825205440375
-0.02238829898899923
-0.016868916952662107
-0.01485517265407319
-0.011014429779773483
-0.01060299570618509
-0.00895531965028759
-0.006363926672619579
-0.002990663228341858
0.0013903362202474128
0.004881119044727745
0.006380029090496219
0.006589128434453313
0.00800003413963613
0.009547751901759558
0.009913310591530687
-0.02001077179354445
0.014189311152794237
0.003832127566810941
0.018265776392230072
0.020043068456281097
0.020276590907517017
0.019797025633653754
0.014993809479875992
-0.003091926675559397
0.019018224892986112
0.009384763701768464
0.022414169804270134
0.022869745348322645
0.02216817052974543
0.020042857298984074
0.015794407046563295
0.007570106829899306
-0.037914713276926665
0.009093764642796284
0.01037202802339155
0.012035335810272066
0.0003842784182112877
0.044022428131030765
0.007330490417682504
-0.05036308158997991
0.12354408784136213
-0.04632074441902057
0.07209866796549962
0.040797853430141556
0.004612480957338292
-0.10872640650508723
-0.026993525125175125
-0.013863849315212388
-0.0038097006405895277
-0.0053688666377538
0.0010110242775649174
0.0036554665221814244
0.003278149751943444
0.005214302070224121
0.005880439600172943
0.006485620609951122
0.0075719764491477765
0.007894525668686377
0.0036796298962609862
0.015118396626174617
0.015018317976026922
0.01065594787395397
0.004524962011674481
-0.05053531297488806
0.010064949376264277
0.01284757426122568
-0.026577948573323445
0.0029212474765876106
-0.0008125160409227089
-0.004136799732866428
-0.00929028194635649
-0.0011471693739662978
0.002465861077216741
0.0015332807724112193
-0.0023132617091635027
-0.04042787535267626
-0.006227057990673413
-0.005148285679873615
-0.004190731849050201
-0.002933601170311001
-0.0013698048828528176
0.0005016715544231818
0.002030292269593304
0.003166313766076273
0.0043372992459415425
0.004104635682012457
-0.03755929354839326
-0.011425671416878157
0.01070444082908665
0.013826124592168278
0.015761639322931145
0.011223989867250608
0.0047304438275134
-0.005932505168222074
-0.019760245600608146
-0.03387898199003878
-0.037877245638983766
-0.029300507984548283
0.003383541320495516
0.04521167078875545
0.035892214026854906
-0.03488143502505147
0.005018017495133349
0.14522967381904295
-0.019276463745727668
0.0725129575640677
0.08210621970913902
-0.05970708888984974
-0.03957349155963403
0.026304563705884694
0.03464615820709641
0.0090008314035882
-0.013673068136009365
-0.022399707430000988
-0.022231971520920744
-0.026027646641410437
-0.0006080748262977694
0.01009791794210773
0.01232290297673557
0.016827591412374745
0.023360775960646424
0.029446799080283043
0.04284272310721618
0.04254209278839083
-0.014548764356123695
0.004102654790590957
0.04396310962748469
0.03783597104638588
0.023209919202309404
0.016425969658666648
0.011623860253902985
0.010735887329490152
0.004861882780569123
0.002368882646397998
-0.0003901584310352739
-0.0031350898205901277
-0.028708800373599005
-0.006237627135735363
-0.006269975183457273
-0.005881486768245117
-0.007134774259713295
-0.00701757428799816
-0.0068028133532986815
-0.005029424645012793
-0.0005627081264994036
0.006785230366197385
0.0010687397804124905
-0.030809979662027538
0.00419909935159135
0.0033225006401797546
-0.004293011867987857
-0.008512115035503708
-0.007526025846712613
-0.0055303153728351
-0.0011755700456202224
0.013914776729337223
-0.010730642524123228
-0.009510841047512786
-0.014643770244150622
-0.013126459169262939
0.0057229414885882545
0.002913694961349164
-0.016920119565042396
-0.023408843187575915
0.0034978824346801086
-0.000386420506881353
-0.00876349392184431
-0.011117200806049185
-0.011961449707208485
0.012934145184980605
-0.011330778083084513
-0.04586275316849108
-0.0042408289747208295
-0.0017742290622264267
0.0048338662516977885
0.006073402466240165
-0.019474749959599327
0.0032760904494316735
0.005871531966949781
0.006121052046177758
0.006289263022102207
-0.004246145323658331
-0.0056094895433928035
-0.005004695467982704
0.012878375162581024
0.023973430042894383
-0.005797161338004741
-0.03917585003748277
-0.007722193891166078
-0.0003440761443482282
-0.0026206333091805924
-0.004812308464294708
-0.0018490695011609429
-0.0017198161622083146
0.04201778230242212
0.0008918787700343103
-0.0008349098921928255
-0.0004871196625529525
0.011025474974185559
-0.005187642917538524
-0.004338713281064188
0.0035048189373982764
0.004103112547339841
-0.003598998700030937
0.0029630296563489286
-0.005342003202621876
-0.0034248971641257626
0.08677915267004534
-0.0007986191114900758
-0.00512432119779966
0.03171071289615497
-0.005150873245060467
0.010722249757280073
-0.006777804442742132
0.011450419714146905
-0.0041833651361367795
-0.008381384820397495
-0.00850341698879821
-0.005244430749381741
-0.0010720282928030414
-0.0009140217924286087
-0.0030470533573090314
0.010317588418348959
0.054853077836350114
0.024731358329259122
-0.003272942527461435
-0.006854646939977404
-0.007508909940358808
-0.007039583944732953
-0.006545886496960537
-0.006745256526713945
-0.0001842390637255672
-0.019648733692284294
-0.004421811414297772
-0.015192666008029756
-0.028458191625098463
0.005105758694962772
0.059075044197289005
0.016085193982588623
0.030850842052579507
0.050198588172467126
-0.013632063887764573
-0.1305794956566464
0.011336379221909694
0.011124989212213911
-0.04329667151890309
-0.17215782289860335
-0.07529205320179448
-0.07723059938807082
-0.014510645140557957
0.01102394038080528
0.02471121333319246
0.028649810168147764
0.024556914423886758
0.020210388123294405
0.009121523939955266
-0.011390593093180636
-0.013521667538971627
-0.002328508898412671
-0.0037519161815823708
-0.007205203005927024
-0.010163895211806067
-0.01170323275104867
-0.012273461489381896
-0.0032543140449054872
-0.01154669861270051
-0.008265595659579093
-0.011676038037125852
-0.012610973738966042
-0.011986630908350225
-0.010258984462215449
-0.009076202422380972
-0.005755047561666072
0.0034201617078364684
0.005475713672159071
-0.0067486114840849135
-0.012130949963022658
-0.0053826482788665655
-0.006624879298417023
-0.00867423035433539
-0.026759655871456664
-0.011259608248936012
-0.009145570378351441
-0.013311266051649749
-0.019759990565738433
-0.043415785917945586
-0.045610313625090944
-0.042771155764903104
-0.05052903164756547
0.02746981235570762
0.010032914151205835
-0.03207920844804674
-0.04058286632689238
-0.01200145544268674
0.0008992949864590207
0.02117324684561761
0.04396131644133569
0.05351760660871522
0.0015375110065226245
-0.07458555728730892
0.03524151226469251
0.07602927114718246
0.06893240975702848
-0.05684498104942675
-0.0382784378583847
0.04062575810824196
0.048404975243219864
0.024689323201249957
-0.009329371464698791
-0.022548749773487257
-0.034171371688659746
-0.07692509187676311
-0.09685385535554458
-0.037507900593941886
-0.01509493664060001
0.02084845210461759
0.021417662092732867
0.03010665752205012
0.02684349416765469
0.039062813887274235
0.03840195770500534
-0.007201477482012532
0.006851619082720849
0.01565263969760815
0.02533364637829932
0.03202171066402573
0.041831191257547834
0.04194082330692787
0.03918992677378154
0.013724356608586112
0.02941200413578848
0.03175374914090163
0.027672764871488016
0.022048631502820853
0.007585607539207855
-0.04131050246120374
-0.014843363726505545
-0.01908010580755306
-0.03248064864550136
-0.047021040766555375
-0.05902697647387156
-0.05613524431660052
-0.018771821343410683
0.06781926581984055
0.06514312005231487
0.011222761373780012
-0.047830661050944516
-0.004515818273633035
0.03786397642648432
-0.005180398191575488
-0.04755146926620111
-0.03178914963951523
0.007611225538060461
0.045587998979748114
0.07774329242157374
0.10373641958197313
0.11980356224261772
0.10365473682063277
0.022985531905110983
-0.006568245637947638
0.035262288677654526
0.04576825284554654
0.015656639281838497
0.011648507876043084
0.02195061710886973
0.006409371187220854
-0.026696574161104825
-0.06217582977391575
0.05482115578758349
0.06437251151257564
0.05442966825179915
-0.06711274371341887
-0.019597505340925175
0.016567406172474954
0.014495091847466241
0.017576755755428965
0.020463485946567432
0.022800786307182724
0.01369928365299896
0.017420477864812333
0.024209728688555244
0.02468639265477667
0.02453511687058903
0.009923723918893186
-0.029933721595972195
-0.006375585822861047
-0.003061476493407023
0.01019331392674879
0.007976195094067393
-0.0696665054303332
-0.026418775124713405
-0.08510898716644513
-0.08426896092202862
-0.010574659836414419
0.010233551577366457
0.11021543185925983
0.10550330303778721
0.02972475165759315
0.0009707724742136052
0.01309414064982871
0.01331510014776395
-0.011324361728158738
-0.04928880848216918
-0.025871671309275788
0.003201370243695481
0.011802274016391197
-0.0018766560532370454
-0.07853065278815766
0.062196404402095756
-0.017915335308061737
-0.019316973345277523
0.012803644845238332
0.006270148788210925
0.011392291502111147
-0.00017348078823118432
-0.0058163203373917775
-0.009569809674394374
-0.017121012475804224
-0.01712944918535613
-0.004679756546498388
-0.008666578354347474
-0.00010715150529235079
0.0037737645000158167
0.009996128764388233
0.013567558960775267
0.017123708140436327
0.018078187798854194
0.0194983005696562
0.023026663869381615
0.034814126695153186
0.03643574210388508
0.034219722170212345
0.02727278094884054
0.023453116623168454
0.020114350328769365
0.018412326353575106
0.007887692082277721
0.016443678754855022
0.0175096087055679
0.01623130824020976
0.01546219109640939
0.03022356327924804
0.01582439392687567
0.021576770565881476
0.019656380651708105
0.012518540625528627
0.008088091527603022
0.004536940059703402
0.0011456206089189482
-0.003701530631053484
-0.008632863967982093
-0.01253050399279093
-0.01569518362679897
-0.017761965818573817
-0.017059365358870687
-0.012759316551124424
-0.009031674082514521
-0.0016272021566439117
0.0017599505958345069
0.0048697261918619035
0.005143447031004151
0.0009326193271824541
-0.00625208492779025
-0.013862477258598026
-0.019398026112558468
-0.020851065856682265
-0.01735857693845762
-0.012420624183140066
-0.005704627306462087
0.000560549972069601
0.006297438666009892
0.010618812325088437
0.011872078165724121
0.009753897578175238
0.007221184202548092
0.00973798848679576
0.019255843091924206
0.02979284910119782
0.03384288015573538
0.029134996835572562
0.01795625045181038
0.007339952437862135
0.003862207839432616
0.006791316039058026
0.010888770039281704
0.01230436495485338
0.010405341952101037
0.006420255329632914
0.001413062356702056
-0.005005448999911252
-0.011146955095271277
-0.014212758478659625
-0.005506030669847701
-0.01553635786165582
-0.009740335058929904
-0.004265419238674266
0.0013982712536442477
0.005871379939878391
0.007373208560806395
0.0056475116146525416
0.0018418052446269961
-0.0026328658969646543
-0.00678871660873865
-0.0016817999752530564
-0.012266461492335167
-0.014382710056077833
-0.014751988999453427
-0.013441403500007559
-0.01115090328526988
-0.008157435818735037
-0.004548951223901226
-0.0010159854095445656
-0.017382854780201917
0.004645648809777658
0.00733165526103539
0.007629823901995713
0.017504355257489144
0.008661034799696512
0.008260322592821057
0.00959151355541234
0.015096483638427383
0.018807301697707342
0.015341872526954512
0.008886180825301203
0.0061881682410014315
0.0029841304869666864
0.0010457167581958983
-0.00035439926326922075
-0.0010607799212315843
-0.0007091897230997434
-0.0014960435350790495
0.007810545408275191
0.0009146709397795725
-0.008430541215291394
-0.013666916394817673
-0.017911706774932815
-0.018892256733884897
-0.021588063777556052
-0.017411109911326595
-0.021271070909341265
-0.05342661589800954
0.020532012857968657
0.07532434261352387
-0.04726171721083623
-0.029741014186766522
-0.01279899262356386
-0.02574119370453131
-0.028068106380344477
-0.02225439292118883
-0.011726978090443468
-0.010581050907733683
-0.006950628240369988
-0.004263870161559613
-0.00035471444772689186
-0.0015868438970423242
-0.0022877793002718657
-0.0031872028498094724
-0.0033624041416883883
-0.004184635777745521
-0.0051398919380533726
-0.01469727519946623
-0.0014768129289283503
-0.006847321395108457
-0.012986368768670918
-0.008990103359556498
-0.009025030826311202
-0.023052368304698246
-0.00642005204265191
-0.008139796657644765
-0.024400196516250916
-0.007085267826915094
-0.006287210761453381
-0.014872412316295531
-0.011062601784076318
0.0019321494860324298
-0.01941563519991548
0.009480244829057217
0.012434240069391884
-0.006505427856799477
0.017010969776873854
0.00810309201786284
0.015507002330038076
0.012572079671015209
0.008494130941009849
0.00536411532434331
0.0015440929065053766
-0.0036556845535287937
-0.015396985886603272
-0.007577207569776967
-0.005045888206966538
-0.008061929614572397
-0.026273233135287736
-0.012991045739290654
-0.022900688945889227
-0.009686236875306406
-0.006742083507196683
-0.009306890519786185
-0.01319135080897721
-0.007668277631585971
-0.003785759921626659
-0.008499599610010454
-0.009839593283561087
-0.010036345403621376
-0.00990525005366152
-0.00938562407162044
-0.011753382414846915
-0.01014766276295731
-0.009778664386095273
-0.009913826455185102
-0.009748203374594634
-0.009476626674542401
-0.00923071412023219
-0.00913470014526268
-0.015223420486276604
-0.014043513904326095
-0.010741627060514555
-0.0070341490390320735
0.0005340324444516978
-0.005064923372883451
-0.005861920604459633
0.012647555226782195
-0.003661533795289923
0.003719150175289652
-0.002287052355182966
0.008231713057557195
-0.002456793035339115
-0.0019395967705674296
-0.00054216672146232
0.0008684642816229691
0.0062209274332001826
0.006935231498426673
0.012150843498102732
0.02029799662719129
0.029921123945907457
0.037628124193854764
0.01704725603733946
0.07805136865795284
0.039582709544360425
0.027742031384213
0.04209057318622541
0.03093324772292146
0.02901473415645967
0.016811229171257883
0.014051187049821513
0.014512162849057531
0.01237079472315621
0.008591457203158544
0.005888711657352018
0.00310415366988948
-0.0008298889024940865
-0.006891302580155852
-0.01764067815474406
-0.010024884628143282
-0.015603106389476484
-0.014602031692514714
-0.008940397452835244
-0.015352273339166408
0.001132028045244309
0.004328563715363802
0.003014700690501316
-0.00322074617314526
-0.011228039787205355
-0.020414988976211506
-0.024087454169159098
-0.021647327351685817
-0.015905231588930178
-0.009150421024262768
-0.0021946334698144357
0.003931982440554679
0.006924065195609188
0.007769838022502093
0.012552191757999364
0.023385517236340636
0.030472715417510794
0.025200333902965395
0.012698176383738253
0.005188341537867273
0.005297583367346658
0.0063388368909642065
0.0040781569516296625
-0.0006807738372570245
-0.006385077302441895
-0.012458978910698046
-0.01724220114765399
-0.018229884513989096
-0.014581457938044433
-0.008008555677949976
-0.0021423631814499987
-0.0020800551304373006
-0.006212606447863304
-0.014502855444592582
-0.024614682643870487
-0.03090196887650416
-0.01596384269556027
-0.01964635814904809
-0.047159326202604414
-0.020283982646383883
-0.04094142099596317
-0.03444324541454613
-0.009721866758469465
0.008807042296836085
0.022290485898154893
0.02533608692883171
0.0311459352409081
0.030055016944923227
0.02792126040114919
0.029212176971187522
0.02045167974558778
0.015112801459144998
0.011121430196127529
0.007841828137636519
0.004471512524990015
0.002955314710084609
0.001053745807070996
0.010105334642157323
-0.003414412145618328
-0.006705816377990678
-0.008618858619031703
-0.009382367888616249
-0.00980834992024091
-0.008006930855576666
-0.011801398989002704
-0.012203563988640309
-0.011704701484115749
-0.010437167462975266
-0.011658060263490146
-0.011246209978149383
-0.011031932471689881
-0.010586069889945862
-0.01243757954503318
-0.00967882578568395
-0.0067444782121719865
-0.0025691515474625427
-0.006527515750052825
0.00135601183074097
0.08637473344054035
-0.006443147875541999
-0.00646410591510448
-0.005913050262499725
-0.004615279483834625
-0.002737996802243114
-0.0007697812455441498
-0.0006397462994931327
0.001513214596443283
0.0028808960903691358
0.0060576180118075765
0.006527799064081854
-0.0025945477171398397
0.009672422755944408
0.057083689003600606
0.028940604602741227
0.03625379546521984
0.07593700710047153
-0.011940639771768704
-0.08905327407912517
-0.0022913084572419432
-0.059502044212564234
-0.04690444701475647
0.028074458426460495
0.030191220161040016
0.03238668393501136
0.015377820076578076
0.007048458700647199
-0.010315882938952447
0.013710667222726429
0.012403781835218107
0.018257646835030908
0.016499013451517212
0.012516836498016416
0.0074119259154129076
0.019076818346917292
0.010581046834448868
0.011955261126055555
0.014012906082597091
0.016591438259772395
0.0164257259285318
0.0180908262187115
0.019310951092469136
0.021602030962511697
-0.00919766271171343
0.013585485219667695
0.01206718905057142
0.015278207139412577
0.018196395336742582
-0.0034263623232809385
0.018683123477200095
0.018243103615421145
0.01928978589904013
0.015165534488845864
0.014028182499053863
0.014397342947399585
0.0128777037229425
0.011363758606514257
0.010562321383980675
0.00994574058092018
0.011043840475693787
0.008468340878775522
0.007777840492209842
0.006934346898353352
0.0069315827170494185
0.0057948619513392445
0.004678823619211383
0.004488262274949847
0.0015282836303684478
-0.02393134074832882
-0.0005971789332579133
0.0004177667900021876
-9.47877586767673e-05
-0.0018854580282157566
-0.015145727084841215
-0.007527421280231616
-0.009758378448144138
-0.01205995207974734
-0.011342152138677324
-0.005834702459660245
-0.004623316263225234
0.0059595519723645955
-0.003376383159892628
-0.019423532203158473
-0.023422296585214688
-0.025804968640909153
-0.029709715019216845
-0.030933412675608906
-0.03746174645705525
-0.041105490272381646
-0.04531923125093729
-0.03806157216892787
-0.019366454512764742
-0.026322384150486176
-0.020638441047748035
-0.01953720882600628
-0.013708035255945626
-0.009601754236784403
-0.023892769449237395
-0.03615080629371897
0.006962433964135559
0.005974511709181782
-0.027730511821601186
-0.005751595305436782
0.018504769676541088
-0.02079646194767473
-0.029913101007847092
-0.012300083618840829
-0.006075008059120494
-0.014201802759372918
-0.022817884917932654
-0.019455675708554918
-0.029208336495512393
-0.03309774481860132
-0.03321991497028327
-0.03622728881211251
-0.03647256232502049
-0.035621548518672656
-0.03286157277814338
-0.008430604619320244
-0.03066967640856986
-0.03304376545801879
-0.03179383108104954
-0.03197198162730185
-0.03226506817245492
-0.031596472000122874
-0.03009727743651493
-0.029926553650957755
-0.028665566766461415
-0.026707490201947317
-0.024356454670194934
-0.01896801192907148
-0.021060949358836654
-0.019109815806968546
-0.015289423981152173
0.0029762913529049035
-0.008910207752517822
-0.0011141386949761712
-0.005185647974276385
-0.0030799457673314403
-7.76926015915393e-05
0.0029572336377726616
0.011768811947557363
0.006879971671609884
0.011714830798236242
0.010895419787341582
0.004982715917074517
0.0015221740405930763
-0.0021313850980564774
-0.006602490716812764
-0.010211573482825944
-0.010641128622196473
-0.005276318547106393
0.0037728417218931545
-0.0022741624226249916
-0.02938627954281717
-0.05700769157820947
-0.048332392393338426
-0.027986994279205576
-0.008019505213940483
-0.003883140246885477
-0.003704142440452967
-0.007478088616605959
-0.013411951687625307
-0.019048825465408637
-0.020830561063681093
-0.017391866124960447
-0.012714391263119264
-0.00622755575876232
0.0008425589880418334
0.006530295025827836
0.009411460617303153
0.014510143317497549
0.025277933983584102
0.030984926646568916
0.023661577456609562
0.013420777201891864
0.009202716117623917
0.00637735920075126
0.0007498898097897303
-0.006006990954086856
-0.011814070362962616
-0.01730589497939122
-0.020631080640198567
-0.01876523443288344
-0.011605963845338985
-0.004957795955743565
0.0009334068271201676
0.004408912027474136
0.0045621739782330225
0.0015043801485412284
-0.002431677959502362
-0.005722794844938989
-0.008562825005252149
-0.00822277829265544
-0.0014867198824217293
-0.00732199563893311
-0.010257262230803546
-0.009854392636091353
-0.007895501891692315
-0.027451998816484347
-0.004373102286894979
-0.004616171709655162
-0.0030736579657809795
0.0012048034854572755
0.0056002894113481895
0.0032992984321819664
0.003329170615825791
0.004973189975790438
0.006895114902947517
0.005781250918107906
0.010479313212815335
0.019469621198095616
0.03405073727714287
0.048587812817158495
0.056495358905218895
0.013069016546225625
0.005921022469219265
0.017943712469461987
0.0019928994384050477
-0.0006251673023531003
-0.0017242852616592532
0.0016263327519140884
-0.0012752822405853652
-0.004515377037952032
-0.00530880491896633
-0.005976588972561246
-0.006749161780943505
-0.006802151531560056
-0.13267102239478154
-0.004398386475977812
0.001654296783352096
-0.006478154708814878
-0.00823787606449151
-0.008588777810879838
-0.008278596017247218
-0.008007706314038646
-0.0071768333568635306
-0.006254483981878911
-0.005256597858417137
-0.004464905859885442
-0.003664915204048027
-0.0031632940802067866
-0.002573934957527917
-0.003049992088141397
0.014514678745124021
0.011779346487104169
0.06784351372845421
0.02729895453130998
-0.00014550519742521911
0.0008391703776383263
0.0021552913744278574
0.0018782406593478768
0.0004452012317471087
-0.0016223902908049479
-0.0028082175075540006
0.0013345932893033046
-0.008476459289388491
-0.011442665338379333
-0.012666732449655285
-0.012814088577896357
-0.012175236246601554
-0.010442627276968895
-0.0078950669821339
-0.004711211147351326
-0.0015707430318700473
0.0019387506891453022
0.004588617159337769
0.007098318528400772
0.009123038407848541
0.010419590990699367
0.010682946867749418
0.009531950650632967
0.0067190580848914706
0.002246843615575711
-0.0033374764037037673
-0.008634547856354534
-0.011750843677081433
-0.01092339890156943
-0.005757437282506743
0.0016775945394095998
0.00762399673297615
0.009778340461840078
0.009397889588284221
0.00879475162709534
0.008027873458317458
0.005035860550767925
-0.0009526428703164848
-0.007637842530455664
-0.012152984241775645
-0.013239562938946455
-0.011609336688248506
-0.008822349926619196
-0.006215739270497686
-0.004435237238381794
-0.0029104669057222433
0.000628263476513593
0.009182246488362756
0.021218413149688153
0.028929233425571976
0.027812898939129475
0.018907237922527957
0.009029895537318838
0.00787131259205405
0.01885906772132843
0.044747596249533846
0.0970010074133794
0.12402758659138051
0.07684244135688988
0.04498967661433797
0.03045871790783592
0.022559683570839234
0.017395669915953312
0.013918109221541642
0.010532424977616603
0.007976007878379694
0.005895290604895262
0.004239291617578027
0.002936716322227139
0.0019172976826945566
0.0011421342049224778
0.0007106207949641405
0.0015296342939383491
0.0023714375404385204
0.0017945671063872041
0.0027343841224911603
0.004171432537076662
0.0055624392041432975
0.006841965684515665
0.00795745041733271
0.008771304039726521
0.00907411348424061
0.008613919015930695
0.00707807030224059
0.004050300888579768
-0.00014877313082793225
-0.0034246856684176856
-0.0009728540649976994
0.009304871028318042
0.01711768745947741
0.010570059921937902
-0.0028679169249173696
-0.011633085268719295
-0.013900279477068006
-0.01091950716080849
-0.005639388611286279
0.0008367066344121592
0.005220726812144037
0.005969726335347403
0.005411294888137522
0.005287829005816895
0.0041462837319077555
-0.0005898308938640395
-0.008251422337594407
-0.015113636314986472
-0.018101183445911037
-0.016560550579239986
-0.011878438953974552
-0.005923327561756124
-0.00013399687723206574
0.004828753966570113
0.008774917283226158
0.011950968798087476
0.015628939758294803
0.023540516441664487
0.048048348885990584
0.07514557055312629
0.037161376220317864
0.01604366268877732
0.007456412810698898
0.0028125939983412326
-0.00036757081281051654
-0.0028462015657454045
-0.004742999282893789
-0.005338857271286603
-0.0037261579257182246
-0.0076834461842755575
-0.008539973848728523
-0.008848500300576087
-0.00843713479519251
-0.00795693916525834
-0.006475644883834788
-0.005670143893015103
-0.004514066351661281
-0.0028732696969566295
-0.0013338948811198207
-0.0011486347064836146
-0.0014351499730801617
-0.0033595792468727836
-0.0077449246237166385
-0.013209925810941167
-0.013137474315909873
-0.00023844667667757645
0.017466545480513945
0.021161811064381
0.00652972381277088
-0.011613941716550825
-0.017266620537483797
-0.012316596091159641
-0.005267241733370676
-0.0002344724382284472
0.0024189985744348733
0.003822880688587317
0.0048185476229733095
0.0056072644698217135
0.006419025138140912
0.007343862385360704
0.008223765231548191
0.008618898260448912
0.007103785942848724
0.003880427440209606
0.0009249217685883942
0.0030417431058003875
0.013336282535614785
0.025568984305855864
0.029351132491476462
0.021514801456351568
0.00825515745912006
0.000328425629419992
0.001109381940874868
0.0055005995787570676
0.008366779899902884
0.008273017846876647
0.0060595695273199645
0.0027404583233445793
-0.0011606194728474226
-0.005332173608939369
-0.009068698123547228
-0.011628458910859204
-0.012496301282085209
-0.01144435960711823
-0.007613563342518785
-0.003842413731884999
-0.002083821694028544
0.001230418662008742
0.004779937136676516
0.006458855583319775
0.007487891735435574
0.008456131453873788
0.011898498227596279
0.007717113644289039
0.0077396315123171855
0.028841126537634935
0.004090242518833587
0.001901267957150967
0.00012439167028875282
-0.001897935005512676
-0.0025283095228587535
-0.003495854694662146
-0.004123394838111948
-0.0038204852913439817
0.005675683137110853
-0.003403636446798678
0.004186658454269179
-0.003148665059567058
-0.003530028863866125
0.00433683188316058
0.000487712416372738
-0.0018782428602136935
-0.0017111070495488693
-0.001562300538379075
-0.00136198306636269
0.002869454589783287
0.026998347299462322
0.06158370582373376
0.03914185198879486
0.006192955922365829
0.03707143659223181
-0.039920735713309306
0.0034790785227746404
0.002155198871520408
0.005873222123632826
0.005638497075861694
0.008882040460115826
0.007215416284772079
0.005403403399147506
0.004982623523214849
0.00968894651976659
0.011644684249674199
0.0006188471760871533
-0.0035905528501665586
0.013551862392158406
0.05285161514256592
0.04482774642027809
0.014820401537315599
-0.002127914717057841
0.00022572868226917992
0.0031878195289937556
0.0072353520680860485
0.008671257936567988
0.009651200545130469
0.011623222713766684
0.03378442735928912
0.008205248231354953
0.005811224317535055
0.0049439952818216394
0.006063962052116117
0.004882342018343271
0.003131109732064456
0.0013201432140956184
0.0003969321086847781
0.0012401190459680167
0.0045725554616357035
0.009076351384432886
-0.002037477873482652
-0.03496943517160361
-0.06091525253598245
-0.08865125586141619
-0.09086340078138554
-0.09018629878075216
-0.0728851116076313
-0.045800645916330665
-0.010597245765339727
0.006628358076694145
0.006209882866588602
0.002647542793562874
0.003315099051431112
0.0133357182980522
0.009094210695548294
0.006144944767821509
0.00715657501492641
0.00841587292955957
0.009283297400450436
0.009827811143918487
0.010063509609984929
0.010124233321283337
0.011200599855706655
0.011945777458042418
0.010977852734948184
0.011505183734071597
0.011055860736731057
0.03417222816755904
0.01080505222900111
0.011103222953156078
0.011421974260318992
0.011038126975641025
0.010621848548714393
0.010098688959326087
0.009766998010647695
0.011497911518789634
0.013794573164444688
0.010384112072611914
0.015098623008335383
0.01672760565979605
0.008881826775449046
0.0076071098234313204
0.006871396870024461
0.006560647544599473
0.005503882495934696
0.008051702753306451
0.004188617525129817
0.003698623392664268
0.002440023780318365
0.0018605599822890553
0.0019016832083517388
0.01071924387931621
0.0022349589841440328
0.00020996712355767974
-0.00017739844323916558
-0.00019361163992683147
1.1844042507171415e-05
0.0006792745972831013
0.0016655308771263237
0.0042648872870979645
0.0049164538589091394
0.005952998023466601
0.007962739926630985
0.011251388233040482
0.022191538385462044
0.010929120343223629
0.011118066442447882
0.012492187484491124
0.011003270690416067
0.006092269865276353
0.0027522218501666714
-0.0011156001263424912
-0.0039337443364827855
-0.004356191029436546
-0.01267327759046861
-0.01602176992341052
-0.015956295959466002
-0.01448256716078353
-0.012793158114271837
-0.009447976201727406
-0.005444625960535764
-0.0063206470109571315
-0.005843330228521914
-0.0057058697649056585
-0.006634825030501451
-0.009094182241305314
-0.012616453553412853
-0.012529741070923658
-0.001708590309284735
-0.007915089584736705
-0.008011539248462783
0.0036566632908712413
0.01200072287160662
0.012862493187769511
0.0063728916344764595
-0.006914527505715391
-0.021625490876666945
-0.03001923493099799
-0.02961303783683775
-0.02352535666581558
-0.01610297782837572
-0.010147868418761861
-0.006498279848665846
-0.0049116950769217
-0.004905608609839446
-0.0061574603697448875
-0.008474891436024925
-0.01155802257456473
-0.014434138763128379
-0.016453134842696334
-0.017086936863075636
-0.01616354394132085
-0.013428510277604493
-0.009699125781127202
0.00817935458133645
-0.0016607479860862068
0.00011763604039943081
0.002491662271830386
0.0038534939043869364
0.003552204791853686
0.0016760129133939902
0.00187160661627533
0.0027254769537400623
0.01719591043765172
0.0062187697318252634
0.007882698880688767
0.02528318538722055
0.012895948942538626
0.006668657149096643
0.00335896159892238
0.0014623210984003995
0.000358993598447374
-0.0009170173442909324
-0.0026267962615590533
-0.003465886475502742
-0.004197183996790093
-0.004750068961545199
-0.00502620370710231
-0.004498667400039155
0.02650034141690637
-0.006405958295897496
-0.009164174829542767
-0.011787222239258903
-0.015716483237687037
-0.022555063565459346
-0.03285732362133981
-0.04207692989571283
-0.027942168682955563
-0.05386557439378015
-0.08010771362121905
-0.03421222415580039
-0.04225125191914693
-0.04227394316235973
-0.027468559092469307
-0.01598213686190209
-0.008603975185918785
-0.004393021573197032
-0.0016734485629772175
0.00010364882892644445
0.001359813108746424
0.0023179929336801953
0.0030961918691819385
0.0038668299019561808
0.005538706551154392
-0.11396948346686583
0.006058335666589807
0.004905549241532479
0.0044086745355516686
0.003022335383045974
0.0038047031461572105
0.005745952504627079
0.002051411372455591
0.0016369105492625624
0.015012919424740515
0.029296235976229764
0.011038374981831162
0.0020383216719605233
0.0021489044123229467
0.0029162456467028757
0.004695616968306257
0.0034638219489749184
0.0033673060446323282
0.0032420367221952864
0.00303566846173027
0.0028093344963580776
0.0025560509973311307
0.002345025049246409
0.0046463547505867925
0.0036508439312416853
-0.061424466748828455
0.004146528449805899
0.0007252180310486624
0.00019042169134269736
0.0003195760840422647
0.0005511419171105133
0.01243263339041156
-0.0003330624458450646
-0.0006798268967161961
0.0033676328129776272
0.008726039113886173
-0.0034151411676423085
-0.005874082483135411
-0.00881117891788476
-0.012279462439707988
-0.014643261471671058
-0.014076482194659031
-0.0031891036278774813
0.04277895849861075
0.017593991245004843
-0.02865572944397243
-0.022105317396810324
-0.01592008625118935
-0.012560527714227979
-0.009754380847022329
-0.02872624714136104
-0.008428675489602674
-0.008886235678647467
-0.008364620591345306
-0.007287429508162059
-0.005508429186230065
-0.0020645344456669693
0.0028104026879997206
0.004395353202531998
-0.005565273972950795
-0.011984000830641262
-0.006212322895823038
0.0032621047269674928
0.0037042810681382553
0.0008050270937153168
-0.0017963301056046952
-0.003233408191160732
-0.00038339076643177585
-0.005498005649730941
-0.005959780351784625
-0.006145226053504913
-0.006178396808816409
-0.005988944624537926
-0.005496117581608215
-0.0042633854691060125
0.018417864758899345
-0.001117091662915598
-0.002797343382773815
-0.0030769391908266296
-0.002316819565152715
-0.0017866036810099395
-0.0008424374437885807
0.002208162692497201
0.0012175020256264108
0.0031980456629049398
0.03199882069570952
0.004498325122173361
0.004377107214157254
0.004794758104315294
0.0049767971690607045
0.004832816534062579
0.005751027275799582
0.012368952572418808
0.006466538526607753
0.0018685424331180698
0.0022393477980720486
0.00277068655053885
0.00260594634250023
0.004874233780575123
0.014779967445313591
0.015616074229754064
-0.0037610743636468684
-0.006602286843920642
-0.007762067972021481
-0.008087758020843161
-0.007612083670558871
-0.006268295036627751
-0.004224166711541128
-0.0017110954132543645
0.0010266803139611367
0.004408619715733281
0.005195271032401548
0.006231167548415324
0.005809772212227246
0.0030401031338974194
-0.0022946163895754424
-0.008056144290625487
-0.008895978783081866
-0.0001253414022439867
0.014134119497946502
0.02267819433029996
0.01954731248795977
0.0066096017550502815
-0.006792648762559766
-0.011329102088750197
-0.007525191457360155
-0.0009666707111664423
0.004620769981435036
0.008034401953224744
0.009633656797671893
0.010060893318930656
0.009729354439670794
0.009127474521799768
0.008452246166067483
0.00785245346385988
0.007896732564841323
0.007049434764131265
0.006626101614393474
0.006535496226495192
0.006621176315402633
0.006848162822244616
0.007253134958617705
0.007867301788976369
0.009398204564598587
0.009663523803175157
0.010077079590221213
0.010989293209496978
0.011977913889133364
0.012913102061534861
0.013783969397303837
0.014605008213156608
0.015877708491115184
0.01697262332921533
0.017753675946473608
0.018877255725607073
0.019902056236896004
0.020628759543516804
0.02104448585491525
0.021130992119095648
0.02083623378513727
0.020090767370503908
0.018781092224027716
0.0169634365630482
0.01471798244722039
0.012013011438309146
0.008726970699416952
0.005019382570231067
0.0012068993028168543
-0.0024880195195640118
-0.005699098587633263
-0.008038030225033235
-0.008987678314351181
-0.008282502028949675
-0.006105881698997415
-0.0035071793285696286
-0.0015056322143350437
-0.0006727686227107587
-0.0017055973672699379
-0.004045132719251725
-0.0062780784320063485
-0.007977821145502552
-0.009533662819528041
-0.011059178480932902
-0.01240007193311548
-0.014095489010973124
-0.016793182421642794
-0.020004728286478566
-0.02236394639524431
-0.02318161743494636
-0.02245187319448591
-0.01968547785049451
-0.015191560281126629
-0.010502763957060486
-0.007046965464900443
-0.005429641988784459
-0.005468395239238201
-0.00651934907749594
-0.00784803783518165
-0.008859876320193435
-0.009186224956800555
-0.008715081053455984
-0.007485448278069538
-0.0056582064090448
-0.003467533142413927
-0.001128558744949814
0.001214418557088521
0.003418894440860337
0.005377425012810159
0.007034683002069181
0.00836301332242893
0.009356045589454387
0.009968311799672563
0.010214400434566897
0.01014397780220082
0.00972844066381926
0.008955299188275806
0.007810098127452968
0.006264231700036589
0.004337543672380509
0.0020205574620221277
-0.0006464256282241961
-0.0035026247415441327
-0.00632836686464416
-0.008843332445010153
-0.010706090083941263
-0.011557638239632125
-0.01117231050494788
-0.00963687517906982
-0.007494866449877329
-0.005754736244510582
-0.005634372103961222
-0.007966238943239225
-0.0123503136816325
-0.01704479001668655
-0.019942329556494977
-0.020444040782816045
-0.018681196966421378
-0.014607278001951383
-0.009701570494863154
-0.006141280079534446
-0.005020806135676161
-0.006076733287788605
-0.008217703988220288
-0.010217549430421587
-0.01116604255914326
-0.010695960162656618
-0.008833758716383538
-0.005811529858586181
-0.0020595827230904806
0.001977593275979287
0.005941441809861781
0.009572163592181542
0.01269368785364723
0.015214486468916858
0.017112203143175967
0.018412956541196703
0.01917391898062969
0.019485556879289982
0.019452929686531593
0.019167045775188955
0.018693530163853802
0.018064075531565266
0.017234844851391106
0.01643785936152645
0.01571867379621054
0.015147093448568688
0.0151817584462934
0.01690837443757935
0.025151263252416282
0.050856534320741255
0.035161788874593175
0.01556388368633372
0.00910951570009434
0.004972925278947926
0.001352752593056537
-0.0032461371288006425
-0.009336401634256234
-0.01649091873273657
-0.021909589121525016
-0.018968101823578106
-0.012424151270258615
-0.018637987513721317
-0.024413976194399452
-0.021645062802051557
-0.016322017594751687
-0.013095976621081971
-0.008887417405569933
-0.00590113582143291
-0.004747124834698182
-0.004527571046255774
-0.004298943879275735
-0.005165819681746161
-0.005332119530592885
-0.005209252502294226
-0.00391050462739826
-0.0047717258273982325
-0.005806708247755854
-0.0037088180057637606
-0.00670593965856985
-0.007191474522255935
-0.007542193545154458
-0.007659161791534212
-0.007867701442852027
-0.00803827568672051
-0.008328446795607791
-0.009126415454436813
-0.010877963211208208
-0.013983498007903107
-0.018760178408558013
-0.025338278272786712
-0.03171805856315525
-0.030653557303915585
-0.017872674456705054
-0.010900971433696328
-0.01743820035644923
-0.020565899933877113
-0.02859524548329792
-0.03931385866463922
-0.03947258392509143
-0.03207755739249223
-0.024068019767941692
-0.017805231613738908
-0.013398460468120545
-0.010512143218520138
-0.008428530379305002
-0.005893187723436187
-0.0012936939304395883
0.005326062581250814
0.0173263985193175
0.04103749087150661
0.07604629235320193
0.06504214655825816
0.030486190607686144
0.011917789223621907
0.010002142572926469
0.0011263422682654604
0.0021474998869670785
0.002559114602582454
0.0007754318592832346
0.0018313216387701547
0.0023414865096347327
0.0031588468878975258
0.003793085462556553
0.004417919709355308
0.006026934819615912
0.011706295437029788
0.0058917794932510145
0.004950098950444342
0.004730142251575264
0.004614293722086269
0.004702790991986251
0.006199050529495753
0.010073903171918593
0.0036279934842282737
0.002532665555389075
0.0016176633786914375
0.00048294188597131446
0.00022068051712492224
0.003227237576097543
-0.0008222421529001303
-0.002308705571207135
-0.003275353003836223
-0.004934107913216289
-0.006703574029701311
-0.007720212556403724
-0.008371743306937223
-0.008223407646912692
-0.00858802842164144
-0.005818822833770942
-0.007306820211474197
-0.0033403133797148743
-0.004806627729378215
-0.0033391015743244857
-0.002342105385510962
-0.0017415504168072798
-0.0019687384153393365
-0.0033899502255189855
-0.006444231559148254
-0.011636289304326865
-0.018832655666030318
-0.026526878739585584
-0.031174423342999545
-0.028253067637465667
-0.016381744478241946
-0.0013841147640855007
0.008221966409567249
0.01011555157644165
0.0064114988360762255
0.0032057875025968286
-0.012687040566412759
-0.025496791439880363
-0.02687020355813967
-0.02151771073212536
-0.014226554281700813
-0.008443519473325951
-0.004490320613460607
-0.002416223412429715
-0.001957264014271198
-0.002584873591430759
-0.0031838690219528868
-0.004493031685254193
-0.005960322799392223
-0.008363450922228673
-0.012350701262753205
-0.011415289546744365
-0.008115918655946141
-0.00690480256011818
-0.006617290005314257
-0.006623678668276382
-0.006775163455933909
-0.005523529710807639
-0.004522055914052333
-0.002009604757937176
-0.004503689199899232
-0.00618968476096316
-0.004490356144644645
-0.004644744009508976
-0.003416049072543817
-0.0025272414408286574
-0.0009798964623073795
0.0031560308296771254
0.0020732749561373515
0.003717657823751394
0.005579997983402161
0.007479513141410021
0.008922293204127314
0.010009622183253478
0.010227282573031963
0.008905130191674524
0.005500848192164241
-0.00010666099462603485
-0.006904496493399921
-0.012150785055181544
-0.012065087150091624
-0.00478005274452545
0.00607997454221338
0.013577112733053327
0.015996221588170316
0.015580557506843354
0.010781829643134825
0.0010541939476237864
-0.008590031029278326
-0.012314325741521246
-0.00930281214300719
-0.002667238463256836
0.004067332825333126
0.008819627024039847
0.011203440701149089
0.011603875189229639
0.010819817305620623
0.00932944743420808
0.007228952348448298
0.005181651781003994
0.002772452659321228
0.0001839598608746855
-0.00174517461327633
-0.0031171095636267077
-0.003907197760449638
-0.004056961325892025
-0.003051075195740546
-1.0035971065974603e-05
0.0009392309083920606
0.01405775708763976
0.0033895144830745987
0.0009493970529420726
0.0012252793758386008
0.0026507410223729384
0.005370483018770182
0.016872047066359
0.010954610508829175
0.010043876648761205
0.005372070858173039
0.004846519355077528
0.005323241622182472
0.006951330667351349
0.005335592094721425
0.0047605621864263495
0.00638161171301823
0.008631513384083887
0.003240340841760107
0.002760341974342073
0.002525909765641336
0.005384033960289948
0.01930928372106093
0.023075041207166264
0.007959460183685518
0.004938493840103025
0.011138589014882959
0.003607732319407017
0.002832468959400347
0.002989927173772045
0.0018784116200579945
0.008735501631898726
0.012113836628191125
0.003450995324265513
0.0038848235295597714
-0.001227202432357856
-0.0027959082134685863
-0.002809233851655604
-0.0009510710923885793
0.005759056275482075
0.0008125571706280468
0.0032552885719310215
0.023051013561816276
0.0335936094672693
0.01149223294076203
0.0004936316178631919
-0.0017895325594097348
-0.0020552261510084907
-0.01138079439107705
-0.001434603939941463
0.0002075067643410818
0.006171064932741397
0.003548720274950569
0.0005401392102705958
0.00038779299063249344
0.0009410308539448001
0.0016784123551967269
0.0025643889376247707
