5.665835689600092e-09
-0.0007024961266739586
-0.0010016679490729816
0.003010842366014656
0.008692207463340528
0.014600135916412774
0.0195657193633539
0.022723969072402397
0.023847040720507237
0.02304301601107747
0.02025628974309611
0.016670458498557097
0.009707264571745028
0.0013987141618393038
-0.007682464108963335
-0.015594186248885061
-0.02129950826857906
-0.022618383973907762
-0.017674956522687257
-0.007831945489128606
-0.002247351027980176
0.03130363277547225
-0.007862804680802544
0.01445063693362604
-0.047965742450270736
0.0006171546096216438
0.026855171312182416
0.026268485110670075
0.014939920342255749
0.002180432225406844
-0.003466911732445025
-0.014006567539107841
-0.01810454030240505
-0.019813392507103598
-0.019613159351030994
-0.01789447960798322
-0.01871373638324403
-0.011077666322925228
-0.004620418135302855
-0.0018536355566229215
0.003072957181255314
0.007922686520559594
0.012498935796774085
0.01799747271413342
0.02049902557188298
0.02335336170419881
0.024419303357980853
0.025705335106191985
0.02696266560393397
0.029896997016224277
0.03010548628520978
-0.009330131542374833
-0.1076272421908842
0.026674111647751384
0.011648813043351471
0.0719498954046525
-0.014528169046653432
-0.009213339334151022
-0.0025796042125601367
0.003717055877550563
0.00814043950305578
0.0041088782968672815
0.0029870958516153173
-0.005013953476383944
0.003186848813869388
-0.0714703630873916
-0.009196252312227903
0.030686010513776844
0.031113758878678822
0.014641498044088581
-0.008002535893674684
-0.022145085160981192
-0.028731835144657825
-0.029405042774205428
-0.02695362205117395
-0.023105615496175767
-0.018014608633026636
-0.014732434933598361
-0.014422453064386082
-0.03681726442523387
-0.02436305651612698
-0.025802505817405647
-0.008506818845244046
-0.0006995815280426609
0.004876292304288742
0.008908949022129277
0.012509240480570722
0.015766613536823303
0.015517979985688012
0.016351922552136678
0.010831784603280515
0.011827093045000767
0.011081820484038968
0.011815959599960122
0.039454405992412324
0.019113193801121163
0.03265150842874977
0.02137053542823473
0.013265946095549954
0.007398975400378492
0.0026791424513312027
0.00039364256514848263
0.009256812511114296
-0.005095547721828769
0.005944198875796352
-0.008407151334685043
-0.0102278735899881
-0.011958957943797605
-0.014186200803937456
-0.01605842133928763
-0.01758354641036332
0.017314688415639587
-0.01871427270765662
-0.012490925042148248
-0.0019100727315969422
0.035248499063823456
0.0689123757709374
-0.02451680986937431
0.10551615490033245
-0.05448598703807776
-0.06288817324315883
-0.0129535265067534
0.017290861301517774
-0.00937227828163355
0.06915610543296132
-0.03360608810477181
-0.03355348091983268
-0.03136154543134013
-0.023823179602504116
-0.021175226059148424
-0.016522123898275492
-0.015560184092676572
-0.007644322998694333
-0.004788738050069888
-0.007606648261839149
0.0018139566061051427
0.003237347878752162
0.005224792789237485
-0.012360073319609779
-0.012242878478822211
-0.010750723834776741
0.002039485070565022
0.00945089346435133
-0.030350423979923092
-0.04283992372705225
0.016965505572167375
0.0050961273578899145
0.013034996822004825
0.016984926781144816
0.018260091583074484
0.018386638535893007
0.01461863839017501
0.006981969629936742
0.017681370596814537
0.024428035448694558
0.019035363128889676
0.020204558946803657
0.016391411690900293
0.016410064853579452
0.014872408748519438
0.012231123289811477
0.008312388239096653
0.004779546187008728
-0.0005676243434195493
-0.007297360700280643
-0.005164658547546093
-0.03966742267330716
-0.019988883223436074
-0.023320422463269916
-0.02654270408930883
-0.020890419904664097
-0.013291693962444348
-0.002790308569223903
0.010900868581498021
0.025239001490605435
0.0399359673199818
0.03891837323389006
0.03167556428560285
0.031542294812759546
0.017432588886910523
-0.031127255711887642
-0.01641772567209279
0.041515584805379244
0.0015870663537196272
-0.07485567769566318
0.0688783723807663
-0.01734002274373732
-0.0021944283755303182
0.0016336543007453674
-0.01600002156104417
-0.040387746256368665
-0.052588971072870264
-0.049371230646564436
-0.030478896578946285
-0.009574040903666503
0.00598478808463961
0.005952834901129218
0.002881634668617414
0.005394523021568487
0.016153663689401753
0.013506807492158332
0.02369814170783291
0.0037167921683218764
0.03293854183203511
0.017203948238134033
-0.006523631698169176
0.004604008449920244
0.008671939184607031
0.012319764564433185
0.00159331210320781
0.014750710907383124
0.0010989551761582906
0.007890321498724253
0.005711563872865506
0.005755641757765039
0.0014120587127506438
-0.0004558716780305038
0.00014353785795760956
0.0019022106966755587
-0.0007433698773569596
-0.0019145029201011903
-0.0035800674859311505
-0.006729903167781341
-0.012549841087430484
-0.021574898198881996
-0.02582623900364096
-0.006782671263529419
-0.027809567523632426
-0.02318794252633175
-0.013092145670791828
-0.006217930018481353
-0.01647332671410891
-0.014708092430907958
-0.024644896274453775
0.0282329780574867
-0.006250686434421243
-0.014580515416944712
-0.06536589695981636
-0.003968065630388522
-0.010297044904232958
-0.010168770234922872
-0.014980760174617882
-0.02131361271948022
0.003474198250249952
-0.009110400692183293
-0.008507744506847938
-0.007486994776098821
0.002904603877837345
-0.0023061983393788256
0.030035587541032676
-0.03149965490422508
0.014662771563353879
0.004861212262670436
0.0057356451201935775
0.00560755657246413
0.016261607723614412
0.006669310125923154
0.011236734652005859
0.029879211069847752
-0.0038524853923154
0.013706646250887595
0.008442623535314135
0.010905170370818045
0.04280574446364736
0.05403664164432633
0.0018312958623570086
0.014814470929932414
-0.016282959849562618
0.010167203858237413
0.003792712739233283
0.00250419324741665
0.011658188276048857
0.01591751263203512
0.08229863017212846
0.02126335737660619
0.009944680107640349
0.005440342338838911
0.01356780856123989
0.0021235352141557614
0.004554612113108857
0.018155805537209357
-0.07013869128093132
-0.0006304195709288647
-0.0011969476383310838
-0.009506761859373835
0.004974696099828774
0.06387620665416459
0.024221736821149892
0.0029732789806362165
-0.044870263062961525
-0.0008142130084257677
0.006073050382761789
-0.010435771370531668
-0.04756590828892192
-0.007185001622665294
-0.020720227938551473
-0.023854015351992667
-0.019999963510024754
-0.02465767983477709
-0.022433329275467297
-0.012154723253983887
0.025038581482496332
-0.01787781380151873
-0.03617056671339261
-0.0029135624587415623
-0.013186998790755433
-0.019998380242426488
-0.01752516136472051
-0.01532582990374778
-0.00910105658848097
0.030862363142990665
-0.0013764874808585318
-0.0035868205265324905
0.0016803163192342337
0.005215450596697235
0.029531095700973745
0.08482157075019656
0.007852099392094011
-0.052998714212502185
-0.0469859491088238
-0.0218080814508861
0.01508349105089103
-0.028488321899955184
-0.01522174046511666
0.02160561684816742
0.06095326262895367
-0.023660310648436985
-0.06301066775612232
-0.003268567447638661
0.0862580937907633
0.05632490273305801
0.008079979263083155
0.013596854486336372
-0.038845003661679374
0.0016787002691579958
-0.002685469753090065
-0.005385898145015383
-0.008218641842976736
-0.0049963531863125785
-0.0010556890285567484
-0.0004244106976134964
0.0015630894603133186
0.006966043520884174
0.035534343605467256
0.016566999358461173
0.013156649575371281
0.0005121336044327246
-0.0021166366193902117
-0.003210449379694512
-0.010443459332691155
-0.0041468252298390955
0.0007691320030712451
0.04421016664418001
0.05970919404854062
-0.008644328971203671
0.08893867896170544
-0.02687097929234314
-0.01520453559327206
0.029860115073333568
-0.1131779844618549
-0.007957359733785793
-0.04665470730596834
-0.04278141284884018
-0.01585027173739501
0.0129174123334514
0.01809665015793852
0.023198900007454188
0.03043109530008849
0.025143344300995032
-0.006202495517522258
-0.03464054546843149
-0.077477128136478
-0.04675358000370175
-0.021704095161096552
-0.013507520951305713
0.006845532114416337
0.08776014681922732
0.055681024592377226
-0.00879075886161879
0.007749261218405882
0.0280052122715223
-0.005649881757121454
-0.005410913771194481
0.012290097420225935
0.10540866596234773
0.06224309811401233
0.003808809920209965
-0.0028161925201734403
-0.012015616475043988
-0.03441241883280862
-0.07194829024069205
-0.07844903354233461
-0.01137019352394807
0.012127750828496634
0.03161656077661978
0.030933502393195558
0.05464508149863752
0.051081938208550746
0.03921930050599795
0.03215749158550964
-0.06961343915435939
-0.014805705976701779
0.044560367090826995
0.02945435220557683
-0.02117783047100738
-0.007946671574800746
-0.01248759775642492
-0.011262342444626212
-0.017823318517214484
0.0013672459956768255
-0.019728976339366065
-0.021261695832459116
-0.01592030933596608
0.026337325605490382
-0.05311552696033819
0.0053245275815985175
-0.015581706292102768
-0.012419900927732873
-0.003753014547876728
0.007184112370325826
0.027676230376117637
0.04674632632248087
0.026271223048772274
-0.0005431542539327453
0.019497375363658392
-0.02229181254837034
0.01720130835528364
-0.07152901789395369
-0.02034367294546673
-0.015140116514800081
-0.014848730505628863
-0.0160347267312121
-0.021918420694318815
-0.022268718127052466
-0.014206027019898941
0.004033141639675485
0.04084876994396752
0.052122669163164555
-0.02957814732983677
0.04512579817493824
-0.06968469450495661
-0.07789675223073055
-0.05494959288399192
0.020764011659891234
0.022275905038092098
-0.021398635861442767
-0.00607224219683071
0.0028970500557987055
0.05813646073861995
0.0004465653209852864
-0.018761165100963387
-0.01303936690695612
0.03014007281287047
-0.005801395727732486
-0.03175184698173329
-0.021491782200953855
-0.0023622062485705478
0.016609641294832125
0.01912577887192837
0.008057141769652387
0.007239492324023135
0.01022435451244291
0.01575565660050331
-0.002197349941241163
0.009189659388926501
-0.004321512711093411
0.01180039758644437
0.020093826083498436
-0.028202847298180424
0.06385819233875097
0.037053238460734064
0.09564912871928193
0.013828654133732219
0.019287613841700753
-0.007984134923981907
-0.05640797177129043
-0.09369068911142517
0.028901078026855962
0.033248057738587626
0.026095622738265573
0.03490956638458999
0.02686186527923038
0.02712719066509987
0.011252988136082826
0.02374575124237809
0.04294481024506007
0.01837356953552539
0.011859034555742321
-0.04438349054189997
0.01295979504170219
0.013179242103951586
0.011114163460032574
0.01855057219103415
0.009062200201169242
0.0038623816356402486
0.0021488433126244004
0.0005438476593029552
0.02396560838992766
0.003169035574833599
-0.0005838047094648185
-0.0006352759718998751
-0.0003083331018966431
-0.0006916239807129793
-0.015189652385348399
-0.02496989188248919
-0.006024624732651524
0.0015138827180216508
0.0062801702659522046
-0.022739849609078037
-0.007757196537442307
-0.013888448388455703
-0.0035256219079857136
-0.002350960535094381
-0.005487830479530762
-0.007504139467731837
-0.03011360952893691
-0.009838877781444749
-0.01623581784257883
-0.011536281083449614
-0.007623833257762272
-0.046178457962083065
0.001031344934894384
0.014370717826837454
-0.011355622758207827
0.01275951499976177
0.010205269180261576
0.013095832400010457
0.017824833967438166
0.0221004760068148
0.02600657646908985
0.02490343289145683
0.02416792235880915
0.02086083239804209
0.018368545477671132
0.013489783647976811
0.01660119301601253
0.014031499930410082
0.018240478041825863
0.019210474825725448
0.017383376179905083
0.014487308393495877
0.01028815278574775
0.006873922557944388
0.006455643182638135
0.0086259135364472
0.00925401773858473
0.010478874650847897
0.0069333378416940325
-0.00034235229154960995
-0.011689405788811806
-0.020393228346090742
-0.02462812779742304
-0.026390550308847478
-0.025449089189232114
-0.013654350023098873
0.012621339606026374
0.03398187049121005
0.03798111407523922
0.031385612289986715
0.011210440786774531
-0.012868723407274046
-0.022712923243816005
-0.0220658638934632
-0.020644533233752344
-0.01939619741136769
-0.015848467845990734
-0.009409360132278688
-0.0012648507117534167
0.007003565814254896
0.012308447212866391
0.010550991987998578
-0.007755295050703798
0.012246695240824878
0.010542365847863812
0.015108687298328819
0.017931997399981917
0.01818912596345106
0.01736410159950657
0.015901459817393455
0.013333060197549007
0.011041067343276983
0.01069238559754763
-0.009880791274283467
0.015034700836124293
0.015719349310653098
0.01570103449946294
0.017303222277918893
0.019270151644589457
0.01971666866463016
0.01995403356868558
0.020045688783414926
0.0047160498068635395
0.019274457679141155
0.011355369910677567
0.010057140703021933
0.0018989223456564418
0.0016930600248883
-0.0031600002725405284
-0.005852330077513617
-0.01249090591570895
-0.015941727854487223
-0.01359243100946518
-0.009564285318174978
-0.009932237426136649
-0.010404647280428054
-0.010338856297044409
-0.009603989974790901
-0.007996084384140678
-0.008631462052339212
0.0013008736901308224
-0.020512945819568185
-0.014262810543840966
-0.0016079073653819285
-0.009205093857999004
-0.012126934361613549
-0.024506690792897457
-0.022177661122016405
-0.019444276683002328
-0.014103544197998705
-0.02089023938910468
-0.06318167878725083
-0.04178192458913767
-0.04325535006121506
-0.008690536716933601
-0.014366157437441483
-0.004795765866651981
-0.003832690817882282
-0.003154356319691692
0.0002957139400872015
0.0032359215261193344
0.004777591733598135
0.006500191575896211
0.00393802789673309
0.009145028966853088
0.013111356416920199
0.011701967870008463
0.001221593957043114
-0.00040354169185319576
0.004598854109141298
0.04517148041642025
0.015098253490891136
-0.0012538901322146825
0.004756067619210371
0.006053797439267636
0.002300379720082553
-0.002169275563216347
-0.010546119094388467
0.00044956326002156406
0.0047138248203262055
-0.010707464762585413
-0.01433086057433511
1.3278604379195127e-06
-0.007887216152258425
-0.019606075809427224
-0.002676309839197438
0.014897707447884701
-0.021803669100760734
-0.012174555047454976
-0.036037315462432516
-0.03372254854028552
0.01041554655418186
0.03226623329634181
0.02662874615873207
0.010065706035034492
0.004151567829966151
0.012137756245302972
0.017020140926519305
0.007107634583718702
-0.007067656241516036
-0.0028237770098190275
0.017114589191560753
0.0037629523376390243
-0.0003444843350154756
0.0017828044007736164
0.018260071637402918
-0.003898459234998978
0.00591763868365149
0.0005326722160891505
0.0022521737832660194
-0.0027929733764577294
-0.002099044428337601
-0.002011225467422158
-0.0020999414462711612
0.0016919313215544819
0.0043879797700058015
-0.0013983964658217717
-0.002718699989504823
-0.003198711941463282
-0.003828853685744174
-0.004914436483780475
-0.0065433900353806035
-0.008717270953293782
-0.006183185950865778
0.0025913240220677867
0.0038836749235948483
-0.002279491899763131
0.006056125331843631
-0.004498984888087059
-0.005169937859531002
-0.001472775416012389
0.0030219996669023728
0.00117325572896458
0.002034034958464643
1.3161338595766017e-05
-0.001002765884553084
0.001400705146196258
0.00229068605692632
0.00220436726267583
0.0005881123527327315
-0.0004850764712991323
-0.006465607713281008
-0.01032797107629709
-0.018736405318856817
-0.024617598947512268
-0.00843390133262748
-0.01090156511482286
-0.0011344723290280588
-0.008040928237316338
-0.026186205242983537
-0.004448435119065562
-0.03835788335788571
-0.010395346070703025
-0.009719744718410049
-0.0203062459596046
-0.0071652914273048285
-0.007427836747774338
-0.007031285659407388
-0.006805039922647884
-0.002512782703905272
-0.0033974365888002076
0.022636625301543208
-0.007731229651041676
-0.00725967237287715
-0.006136436209637445
-0.005092693544463215
0.023901082838926453
0.005802327396698791
0.008836594285114555
0.008465593614514055
0.004208918349981507
-0.003775950316001164
-0.0032232795472187017
0.00048362023117314495
0.0040380581556023094
0.0028520019578646074
-0.004027746301548001
-0.016069622209175405
-0.029739131669549283
-0.03967270510208607
-0.04302142041104315
-0.027700840927449916
0.009785670354071165
0.0336135446162905
0.018893609155979395
-0.01826622958896295
-0.0395291283603156
-0.0393726638451689
-0.033547366994470404
-0.02586960019918413
-0.015823107045776805
-0.004908604310379731
0.003168205860510836
0.0050285583911071855
0.0025220505996332624
0.00017361930912134502
-0.0007412655112892106
-0.0019498148058988724
-0.0024814664037511817
-0.010530586097412656
-0.019806390686913124
-0.02614591518789009
-0.023381751616536016
-0.01631498277940236
0.009724962764642365
0.04010761116150731
0.011530287207178212
0.023504771252751803
0.020998942519413765
0.014008331325737295
0.009876668291405271
-0.0030886084606060044
0.002940784670719905
-0.011236099970351594
-0.0026156648963995654
-0.00024581197777719354
-0.03024758299050153
-0.010730326437465543
-0.012649147597464317
-0.013243379318364607
-0.011615870266057692
-0.009095673624291043
-0.006543815466931303
-0.0009751470058703225
-0.015109434525418568
0.008851870020745844
0.005016849686732441
0.0059414676363465525
0.007494573749005309
0.010449586913719323
0.007491922196888831
0.011358321516485517
0.010648676436033778
0.00913679704813121
0.008986071486737378
0.00724358427973833
0.008178524461369992
0.008650311210284228
0.012792902953677496
-0.003270319676666585
0.00616232477961427
0.005602449828913691
0.013650705997237913
0.003795458595859243
0.003844289639650948
-0.014480821574517395
-0.004418711112393282
-0.007532808013039153
-0.007817129577235972
-0.006743283651861889
-0.003033011471306454
-0.005961405433267966
-0.011609043182400896
-0.014415734777200057
-0.0171093143922565
-0.01796179274252025
-0.0069356816591570275
-0.02236544338897814
-0.030422492897482604
-0.029333485568013535
-0.03731259212160095
-0.016934861912048398
0.05202557002101603
0.03436633063832834
-0.02528414027631235
0.060566393724907276
-0.03763532171431322
0.0008364798241963198
0.02401712287161556
-0.013512281379422324
-0.01547360168832326
-0.0189747060670746
0.019896639100419864
0.00797026094527839
-0.035495443369119854
-0.015280631163170244
-0.054852785596643826
-0.04652684213495202
-0.038603526198979915
-0.03614997573156294
0.004544925695753627
-0.019299060281223992
-0.01682042654621132
-0.013465301382982338
-0.01155764837012332
-0.013075601022948418
-0.004355508315408521
0.0018663522322574855
0.017653263484889724
-0.0344901052957038
-0.023042107572968186
-0.0480085248933302
-0.018804134545564184
0.022605467565837572
0.08034868029122896
0.008279473199199581
0.0027897255722959904
0.01942697922010921
0.0008034299896268861
-0.0015492079312131798
0.01010433743774502
3.362001952140381e-05
-0.0020217295816841265
-0.002544164467752346
-0.0024909263371653435
-0.0007306213898852998
-0.0018922970544277959
-0.0023383952039478417
-0.004746404874883304
-0.006902858809652966
-0.007769041254036463
-0.006660728064914696
-0.0042926010646796
0.002555506174833991
0.05961156349768642
0.002317211143585258
-0.007857997993350303
0.003808749156528383
0.013311544157776689
0.008268982944231812
0.006657722362080493
0.001873394889760097
0.00572557950359376
0.0007917469908246734
-0.02532930788374563
-0.015676129925581185
0.005727411204486731
0.05534096035264369
0.01914285312908926
0.006022003577400448
-0.002517625627081235
0.0010544343996420722
0.011100667230831068
0.008819573850045687
0.009127912690820278
0.012037617839124768
0.012132392948658503
0.057342602534177105
0.026345848028814265
-0.04694764691959247
-0.0049147140085268265
-0.011998969029875827
-0.036773500528403676
-0.03746892143065459
-0.004138827341168666
0.004554307726248895
-0.06673710061096631
-0.01762468109895968
-0.0551764914070237
-0.022772343293306303
0.006052383640479791
-0.03156626272301648
-0.04181591377020117
-0.032773961845557864
-0.0180390501544806
-0.0034734191538924723
-0.03226645305328289
0.009835793622563965
0.01808793943421223
0.017647620008542014
0.015945862192513094
0.01797683319281978
0.0210784080520915
0.02925463170415083
-0.026547230038148552
0.03507127095089914
0.025729500469044927
0.02251695698058998
0.020361932106052864
0.02365550322020756
0.02290770712501118
0.022470760290463045
0.0216741250469096
0.02047137272084989
0.01897908954679386
0.01829623384317532
0.015066123938051904
0.014783807228107397
0.014038730947977475
0.017835005223032094
-0.034793913561319584
0.01808701887309505
-0.014294631795968352
0.0043427823447720025
-0.0020347316808810847
-0.004677714985951283
-0.004637250266667951
-0.008208583361817985
-1.7138119966760057e-06
-0.008143784098682504
-0.007152149553763428
-0.00801265905413382
-0.014469299911067433
-0.01806267440653269
-0.018889393820013638
-0.017739996802088147
-0.01016885828985897
0.006893215823377071
0.021420865358192532
-0.012919399243486288
-0.038990403764678244
0.044721812943055196
0.01849961124156888
-0.031086265524980977
-0.006420434640776804
0.005341748212966055
0.004959057443214806
0.0006264579764637459
-0.0038381699369691422
-0.004524059112751748
-0.0018980900027250652
-0.0014165320761674283
-0.003360609253115257
-0.013320189668336885
-0.026961700859086054
-0.04193145111228053
-0.052848806145932854
-0.04467009042382445
-0.008296203440393635
0.012551532189105697
-0.013846597831813485
-0.04730511987101916
-0.051640164806212585
-0.040198449638888016
-0.025168934847072257
-0.010192430613666838
-0.0004427776483784103
0.0013846145311856729
-0.002559877502830718
-0.007195229091659699
-0.009516594859738148
-0.005186465296839629
-0.0018267138347749941
-0.0007344094672043389
0.00883717899939092
-0.0037168761030528627
-0.009311032396171575
-0.012753403173698608
-0.012034197468947868
-0.0073036507080534
-0.024122951061458616
-0.006494344596092786
-0.00504171571070365
-0.004296753033453006
2.4936169523628333e-05
0.0328879093442872
0.0006118042144461633
4.361537797853282e-05
0.00410445123989519
0.02068422957902171
0.008369595709726396
0.04244705908300333
0.02279138823743647
0.015511205550081618
0.017530842656952456
0.0629240946208052
0.047421229745215066
0.04662739831356808
0.030798058609459538
0.03865103647764097
-0.06427424075199345
0.09604867862414182
0.04416298491141753
0.023678274841247404
0.008128092073586012
-0.004862967556809269
-0.010535462783436802
-0.024918394237787318
-0.015720984271887648
-0.01951720663825838
-0.022436005420982646
-0.023242484950054917
-0.02198547741580092
-0.020602471111982785
0.10038766092383497
-0.012335541946297109
-0.034090976866132515
-0.020037198026156486
-0.023469408216164785
-0.02650655902614562
-0.026699872092395195
-0.013746769273665058
-0.025834554323984387
-0.024698832726430062
-0.02280659142290195
-0.020476156683310064
-0.018567021789797137
-0.015054243259304738
-0.013410792776225542
-0.009890169613948039
-0.037295715769258005
-0.014652217381690636
0.02791534582695407
-0.01655229677683082
-0.012466679157745384
-0.0027308477088506607
0.003143669216840766
0.0063257989264161995
0.007997052799957183
0.008794521969949808
0.007909720307887932
-0.008597687669123256
0.007525111274567754
0.009178224592271139
0.010024228619479936
0.010920208066362137
0.012090163726936639
0.012525431761556412
0.011994554086254992
0.010044860469166628
0.00753336517183405
0.003221384670863356
0.00039022011439296823
-0.0023935174585351013
-0.003742817981500903
-0.0030159993375601093
-3.9336676772106385e-05
0.004817111777885786
0.010344651028545097
0.01441230566821441
0.014406707493543254
0.008977846745966774
-0.0001424981014786303
-0.0073435186585616985
-0.00721473749602996
-0.0018549552224735382
-0.0013171355296238809
-0.009971989314887906
-0.019291134508323107
-0.018926606977507136
-0.009934363122236467
-0.0032138395331475235
-0.005007199856617508
-0.009654981025499198
-0.009616570119847947
-0.003965630039957229
0.0029947770843393976
0.007440531438524174
0.007988587352058065
0.004555295537572664
-0.001260349027077901
-0.00394558846618939
0.005841623479913641
0.02283245327562837
0.02638763511981191
0.022669961352574926
0.010367062999092229
-0.012464060260244996
-0.02501962719701781
-0.031032170702455245
-0.04670095089120691
-0.04975675542087622
-0.024408131184338086
-0.0444446846526775
-0.028144508202164544
-0.015623918722070104
-0.00868334589395027
-0.004169462233156898
-0.0017999602518071322
0.001893610269049572
0.004133495454431974
0.005791300120053829
0.006954624949625839
0.007709276948110518
0.008182489609616586
0.00896720583852959
0.012200301335984846
0.019321762032568746
0.021591305369002157
0.013463605851691379
0.005946070136933968
0.0024930593729675763
0.000346738316274522
-0.0014755193924086835
-0.002856926516452345
-0.003223992135800863
-0.0017823750306360177
0.002083346266822097
0.00592988125013794
0.008665511588753276
0.009164029930547067
0.006032691046874228
0.01007099320821306
0.03673287292164307
0.0617199880126027
0.046098372247031505
0.01437579634984342
-0.002441166063834636
-0.0077057862407887215
-0.006589878001284655
-0.005985654584635488
-0.0029814802341524343
-0.005633314745849824
-0.015670945949467635
-0.02164398327660035
-0.016256198883321075
-0.007217238159725727
-0.0057882172199486695
-0.011364344863050177
-0.012791538976649487
-0.004737701436515937
0.008241652032997496
0.01916537798966813
0.02465574254007794
0.023400891857149355
0.016388493646174746
0.008644187616274935
0.0014024720537515296
-0.0050521328755139365
-0.010984596287588695
-0.00037851388486616084
0.0495264260525513
-0.0006419798122427268
-0.003501715427769325
0.0005133988130037749
0.003649678995664016
0.006168635473835403
0.00813853024869708
0.009900626732451788
0.011750081669707422
0.010297909145480885
0.01324505728624947
0.012359638985003077
0.011074759860423541
0.009758223747612486
0.008753857003504924
0.006016615456743196
0.0044758066594012234
0.0027515958969285396
0.0006639725041768008
-0.0027479555622935263
-0.005659024451611316
-0.006261237651645906
-0.0015148006201020673
0.003537289074452162
0.00021827028947950204
-0.008741212958325677
0.004127850526338542
0.03261483132489148
0.03634204416847944
0.012922201453123214
-0.01083139801849655
-0.004091896100069286
0.007764475331458623
0.008164507026788953
0.002928912038490342
-0.0016215478966286995
-0.0037182947894831894
-0.004113496433301751
-0.004728444532483147
-0.005678224538825121
-0.0064206967944292455
-0.007476080060628203
-0.007820658745182126
-0.00879943134497403
-0.011518601437550966
-0.016295932134009535
-0.01369569385969551
0.008750904863530128
0.03468351316782024
0.04064731337376783
0.025479717298393923
-0.003392274980225755
-0.0194579161804475
-0.018225946107810174
-0.01519474818309726
-0.015178095011236159
-0.014835812169721305
-0.011876287986890496
-0.00642091114065076
-0.00020278277298487558
0.004888348531372995
0.007381250836804092
0.007472192806133561
0.006390003966337183
0.0052862988249028145
0.003454781957538366
0.003402447184407493
0.006951849541400558
0.007877288067339809
0.0076890446288044
0.008746761463209218
0.007988223089448573
0.007591791486587482
-0.0033900190413048504
0.0032737504089950325
0.002856661667033816
-0.050029975292481724
-0.004066296451502715
-0.0112261666435819
-0.014700553896492516
-0.010639439429068014
-0.019924181187269113
-0.02177575302008726
-0.021585655273886183
-0.017264787338645744
-0.041364796567180645
-0.017450319018405408
-0.024059929824367773
-0.017916809544168005
-0.011612749541364195
-0.015166229754234069
-0.0002902448596911055
-0.003508427666493268
6.80042798875943e-06
0.012023902988654222
0.03539964763423276
0.06732947886375958
0.05786928789640831
0.02389220518941011
0.04766878331188727
0.09754750491564944
0.04445147896276282
0.0488759879159342
0.020255504978553728
0.018742497438766444
1.3295766987432512e-06
0.0009060770895894395
-0.0035085922027812467
0.002010256139222103
-0.00011469449606682176
0.0007779573676430378
-0.005712016211048694
-0.001498099076329707
0.038128714298122424
0.07759892630199876
0.08650290241537828
0.048902107099769866
0.04274538915366779
0.057419845121954353
0.05861210742824984
0.033180335490799684
0.014658905037230914
0.005850089829808143
0.002746071713529578
0.00462032166946104
0.013369326839317833
-0.05227099064018186
0.05675486102526702
0.07959774648603254
0.03551925117640927
0.0028598069092320225
-0.005439066853720229
-0.009952223697194871
-0.011693573221368063
-0.011733963491439818
-0.01033545277186169
-0.007115959134643411
-0.010569329761228605
-0.03557926447037626
-0.06647121675276582
-0.02093083832721429
0.07381271451828803
0.13158008304980928
0.08856206526181323
-0.001764214110569325
-0.06383646740430994
-0.047225561297265364
-0.01784897843051731
-0.011472049598900531
-0.010886082304511803
-0.006735418659740156
-0.01409224688913659
0.0056265638201967935
-0.002562268536737066
-0.007772534505307545
-0.004463093991584279
-0.006258799185298638
-0.010891545509045857
-0.011307132535195686
-0.009780824678336908
-0.006163109880905443
0.00024112607068854186
0.0031988098548188537
0.009958183886185778
0.039094001267676017
-0.00785276479222225
0.02720794808083079
0.000727779680553361
-0.007518802812104551
-0.010563696037160047
-0.012315528718656533
-0.013140193148104802
-0.013568135613821277
-0.01703634282873062
-0.01637090734097296
-0.005261932730726623
0.0004889420805748334
-0.006647431564205898
-0.0045120431068798655
-0.012764344131285044
-0.015551739285744255
-0.016376384558081068
-0.01686165387580497
-0.027062022100803204
-0.017687177836339673
-0.020967106221878164
-0.02110478402490854
-0.019436943780379717
-0.013985616187989656
-0.03321130461487086
-0.011607997391381682
-0.021238303221589424
-0.024501852493160857
-0.024667741810996267
-0.024449764799189123
-0.02333019603081061
-0.020452089615972543
-0.01591538450494595
-0.011560715256360649
-0.010020778925442734
-0.006339598287057075
0.0016326989321287417
-0.011027864108982315
0.002712136731993934
0.001862840140184623
0.0036307514183919793
0.0014173823246640788
0.003821170583916132
0.003211384352539042
0.0018944839326232956
-0.00034011984578372675
-0.008877500410113457
-0.006096464902154303
-0.005947221519667985
-0.005955005684282036
-0.006513990911791604
-0.006788720381771809
-0.009983412662175312
-0.016286949175131786
-0.014220667761414077
-0.012970726300566296
-0.007205063610837013
0.003846488819602673
0.014304893423945406
0.015873550007395133
0.004624338757569107
-0.008118089455909517
-0.028629041245090723
-0.023605772090256535
-0.008343925360135786
-0.006346607969034986
-0.008605278163909252
-0.007648856350181227
-0.014835864271004306
-0.021819201528642383
-0.01022788267217816
0.011902033050752383
0.025672594843852783
0.024440474500329473
0.013346125278766417
0.0004348107622296971
-0.008804635021233402
-0.012467998479093528
-0.011479645814104674
-0.00807674083692853
-0.0045689861029174165
-0.002505438898882255
-0.00201680383765129
-0.0024343080135082146
-0.002800515848405755
-0.0024511236765460145
-0.001073665779647027
-0.018760332451375664
0.0006511252807963275
0.0030693342499836978
0.0044680949987768405
0.0036410189681722795
0.0019636318029379505
-0.004172669264540991
-0.02640346188254357
-0.042395749815127184
-0.027181971314991494
-0.03712863393048358
-0.0030476291750257518
0.001113273238889927
6.605486767867885e-05
-0.0013898641385422864
-0.00560596140582968
-0.009247202790139413
-0.012101397445251561
-0.013762889981388984
-0.014596565871648476
-0.017461885904909474
-0.017580189247409006
-0.016518705232980928
-0.013184274832744845
-0.0020332938811538476
-0.007969122647984632
-0.0022723776516941118
-0.0076064359674652545
-0.006392798717930164
-0.00197897230536492
0.005186964695720679
0.018363729153229993
0.03266658237670593
0.0030768818488965243
-0.08408672791200357
-0.12485494123230635
-0.05490207398952662
0.026785539345528034
0.029200667271358668
0.014934456792453279
0.006370306056653373
0.004368222304947841
0.0023137543421983676
-0.0030154542559894214
-0.005252571575654796
-0.005777774631477541
-0.0053772020057370655
-0.0037072703958784857
-0.00039903159625489826
0.009698456882029714
-0.10159959030313122
0.010451519353694582
0.0006926451147762146
-0.0019848002302414202
0.0039916807398797955
-0.0028380465067524576
-0.0027300834951177093
0.0018045824395638533
0.011331286193519658
0.004178435219632881
-0.01408486108650919
0.01475252598060199
0.04928772763323559
0.02509371435848247
0.008194099046632847
0.0033541308636375446
-0.0012084869596771747
-0.0026883976809985517
-0.0034552167686250175
-0.003721561660619687
-0.003489942680074203
-0.0025436778571731127
0.00031197378745391767
-0.0018807757790531576
0.014052187428053335
-0.03286401059006914
0.008461333895745294
0.001569523940071787
-0.00150486717000686
-0.0010386629754296141
0.003969670761719868
-0.026752117445764532
0.003903364024611075
0.005203774083581774
0.010353542924042036
-0.013007114619927955
0.003398051081654781
-0.0055212549337501715
-0.00787185932745524
-0.007443765042271549
-0.004736587566993004
0.0026487573339773742
0.0436242821996192
0.14788028481216053
0.056063021083539825
0.012988973818301533
-0.0054590591247396895
-0.009906581906998845
-0.009905668809938204
-0.003750379223342646
0.02082072671419579
-0.0032791720123662325
-0.00851999038051955
-0.007666603974880689
-0.0032382088674141507
0.0051231403527367695
0.01595714974122571
0.019784315873678036
-0.015788914851431846
-0.049767245203937036
-0.007969448424082794
-0.04958246880229159
-0.01400935730703174
0.017982804168118673
0.015201854543214512
0.005278047813352952
-0.0026682040825214935
-0.00940993282143001
-0.012394597771873085
-0.0151126970288255
-0.016656567339252346
-0.017248879245136104
-0.016964850435265147
-0.015608229540353773
-0.010250383203352384
-0.04169391309328917
-0.010984131431029644
-0.011085105959255223
-0.01401771304911491
-0.01503784781897467
-0.01378395854572368
-0.01254195476120941
-0.012706306618159979
-0.007848777093805246
-0.0030540902364903618
-0.033345310076314236
-0.0004315420294386866
-0.0012699589994124123
0.0002990635155060971
0.003101875687502407
0.006818001368458489
0.007531611882942783
-0.0002600509208739658
0.0009482866059266923
0.006066737347792406
0.004326238726483198
0.0023753129547010887
0.006453709448932509
-0.0003762089190103062
-0.015267819246969851
-0.02501392797171644
0.0015018445034261385
0.0010798097195862345
0.0017370811487271646
0.0029991706182381696
0.004314463209267149
0.004983954509019482
0.004548819179866908
0.0026400821921326086
-0.0006216168357676899
-0.007492062020668018
-0.008477862890251951
-0.009959838322189087
-0.007665936114744801
-0.002993516010567098
-0.0006923133192621891
-0.005528273143421033
-0.012380093674673524
-0.0038566429680547986
0.017114351899710903
0.025480972113076494
0.021589239330463878
0.004848366959476093
-0.012300701688201446
-0.009618266631775006
0.0006363186693275837
0.003930156693413379
0.0007543906012734966
-0.0038564122106301167
-0.006725099666598188
-0.007230459230613453
-0.00616897247911117
-0.004161188977367538
-0.0019526205938070647
7.75605671564126e-08
0.0002376917074631853
0.0025573969169369075
0.003710570110570021
0.004312826752149848
0.004675520488105693
0.004796671187664723
0.004919052401102654
0.0057347269555388675
0.005418101834438343
0.005823602835314529
0.004146450336734669
0.002587985929954826
0.0015812919851055192
0.0010182384146700627
0.0015944455223180767
0.005940893674047597
0.014693306200470359
0.014866184781786454
0.004743818554750473
-0.0008918389138334707
-0.0020666615834317847
-0.0016333243277795438
-0.0005241826956829297
0.0010924262893761097
0.003265036822157777
0.0060194218185165346
0.009288295460116398
0.012410888818051535
0.014808138598130419
0.016953136437863624
0.017694704038616206
0.01681376280367847
0.014485800193213784
0.010275478393857035
0.004661015245222523
-0.001518935309924508
-0.006646014599513691
-0.008729470662980373
-0.006566645218511335
-0.0021424364211183843
0.0021633682420407045
0.005484420026604502
0.004975744877475528
0.0011732006106949325
-0.00022456233404023336
0.005494719054688778
0.01275799291872056
0.016773742458019957
0.019065252033571
0.020104115075226216
0.017887620051766723
0.010398230589683255
-0.0004803409656574307
-0.006314789832070199
-0.0011729748300255403
0.008870383485806706
0.01497222765265782
0.015448644247227968
0.012082310479478572
0.006589090968732401
0.00023924610602622578
-0.005473917534814089
-0.009227371735396233
-0.01028165923031122
-0.008692239355466914
-0.00509993818293074
-0.0004409909420978633
0.004495318379858488
0.008932847701225074
0.012479505392505141
0.015154799646588508
0.017008653703200677
0.018150597915759875
0.018768994920413177
0.01904244433574001
0.01914373524213877
0.01922973943243545
0.01925324438956911
0.019266110957862237
0.019414924209151235
0.01963196166311736
0.019819662073475772
0.019832982810394337
0.019494974417474432
0.018535892719504527
0.016606813540305427
0.013472786616432498
0.008972589194412687
0.0033025510308153233
-0.00293090863242751
-0.008519269467861327
-0.0119047080728482
-0.01176384619409953
-0.007879720711607335
-0.001648280675540247
0.0044331234688256204
0.008268545835603911
0.007933477661906576
0.0018754211225974142
-0.007690681222391709
-0.010679314261253264
-0.0033045708665766847
0.005279375254921072
0.008407450279907113
0.006627918764267123
0.0015741124558258047
-0.00496271474829266
-0.010438531591953999
-0.012513055392351043
-0.010393939781409654
-0.004906612970342858
0.002134948717974941
0.008993275370842718
0.014351929158418873
0.017575425699078502
0.018607638563798778
0.01780047788027672
0.015717721654852194
0.012890384866315326
0.009799914727622767
0.006855248120452937
0.004368013029313042
0.0025384617100157993
0.0009221944396607465
-0.0005527668746324158
-0.0014076405311087995
-0.0018569873596544894
-0.0017245924009897053
-0.0015187617577615811
-0.0012450014765625246
-0.0008367730393524173
-0.0009976717029356451
-0.0022385947529633245
-0.0023260798081207903
0.0366617960424108
0.0091620053801249
-0.0024964802651785472
-0.0022752720585193613
-0.004008608978755841
-0.007566253137126329
-0.009333670157390705
-0.006945340514029338
-0.00032802142676754053
0.0030988725371963884
0.005220228980805547
0.01625976313627678
0.004996382522336618
0.00010199301143358129
0.00018349664316377103
0.010508536369751968
0.0003944000017100151
-0.011528304036094063
-0.009367543369122724
-0.003909449660578864
0.0011443620298607435
0.004124828006715898
0.005728514763931045
0.006215358272282116
0.006570911103817593
0.005265056590352138
0.006163274364480851
0.00654505261106675
0.0026407362661803402
0.005000835924865532
0.0037217942445755196
0.001978831776801792
-0.00038292830014879275
-0.003467496832584012
-0.007597515875728289
-0.012228107261975528
-0.016390112107026233
-0.017859349087551116
-0.013312863400417655
-0.0013990674011675516
0.012167303996325459
0.013493150264925858
0.002330874321625732
0.011833087291852796
0.0187472826085142
0.0012822508154445857
0.010657130835169212
0.009943185761871203
0.0075997410392322886
0.01860981717502945
0.015244622693885443
-0.0020584231633596303
-0.017617591659862174
-0.023984359138862463
-0.022799107621017892
-0.018430486174166438
-0.014180950619094105
-0.011244552279816742
-0.0089389879890356
-0.008036650538248837
-0.0006510495359306384
0.07954312121056753
0.055675902667820305
-0.006836743008103329
-0.006268255054241705
-0.007873105743184736
-0.006258099446910677
-0.0063769100316720595
-0.003548502509208058
0.004524309671041678
0.007907930986956817
0.010752622834794466
0.011987323973843127
0.012835675851846199
0.013725931220991274
0.014870564848443785
0.0062262872331531206
0.014654764632379209
0.013548915981631184
0.01280741178303714
0.012395484663889018
0.012269099155043138
0.011876646662638077
0.0033697946386742955
0.010324847822979679
0.008457868413853986
0.006739706057221704
0.004901355702941549
0.0012414577651815783
-0.006103974014265863
-0.0015670819556801883
0.000697306066655703
0.0004343341124815315
-0.0003887135520830685
-0.0005911863152483378
-0.001228810674519429
-0.0016547129152066971
-0.0022378352709852586
-0.0017834395444269804
-0.004981272707996239
-0.003136704055233601
-0.008585532217961826
-0.006538396571857852
-0.009226881789557701
-0.011824794061262708
-0.012884120388428925
-0.010464051518871682
-0.0033770270825104988
0.007886271716049394
0.020378959602335357
0.02773843742004583
0.02211363900338189
0.0015560197125560312
-0.020978779958109154
-0.025697597060044874
-0.017178542235327512
-0.017890199763397455
-0.0239519253878087
-0.0352503406036565
-0.05115350764035609
-0.04431489562733233
-0.020911442684906377
0.007380208078737918
0.02417411788645267
0.025429236756259146
0.0164353716613342
0.00513675202911227
-0.003763238816724538
-0.00756870450311231
-0.0021691694715395273
0.00371432809797418
-0.005156893219058563
-0.007215028796326045
0.0005623576285560478
0.023978408273119357
0.004471747936796824
6.570008852834606e-05
0.0006468925534045527
0.0011442352813614402
0.0013545857523937336
0.00181217417822872
0.002217473231914586
0.008991530074691289
0.014257130381212407
0.010916308588108185
0.0052549041156152426
0.0017518654895253597
0.004123972677829866
0.005709216777347494
0.003950002087207502
0.002761856352677612
-0.0029071302232446883
0.000667017078161636
-0.0009720685876171178
-0.002877757105454132
-0.004788993420154027
-0.006588903202204954
-0.007176124310262109
-0.004880553852483725
7.860229453687611e-05
0.006131499042072822
0.009908521605698484
0.006942233732321818
-0.003928751649142374
-0.014925872910260264
-0.014057814717178997
-0.005249921384159943
-0.006812192438985614
-0.014183287287070724
-0.011135910912493474
-0.005581276300849714
-0.011127034468091733
-0.017927757219879947
-0.01186726773784993
0.0009999468364740739
0.008849801340222414
0.008301235933199926
0.0027340024704434946
-0.0032239848163707857
-0.006555606151968404
-0.00782741667879035
-0.006649823762602477
-0.0040353357185752845
-0.0018620614479724434
0.0004943899217747747
0.0021612146978283323
0.0022613823085288515
0.0015503572510555317
0.00034623075036719703
-0.0009067071125917088
-0.0024862903301844717
-0.005883519597792188
-0.002164908846478287
-0.018014616497267603
0.0017571735493730613
0.00113734855814042
-0.0011869018080910365
-0.006181965377550844
-0.01359957040222735
-0.03461210332510726
-0.020321507473267567
-0.012076698339776523
0.002878905542912433
0.007713225059065858
0.01594327887108237
0.024223859649223082
0.01978695812478583
0.012734406777724944
0.00934034455805906
0.0012596646729561047
0.004470682760910353
0.0013681722296730833
-0.00010510338056219764
-0.002786783976734447
-0.02083890864546155
-0.02157795376877159
0.009629778215272382
0.03290857006046696
0.06792302667816091
0.06423486667130451
0.025320276570477716
0.007905441252854641
0.005467562277774067
-0.00015773383753135684
-0.003417921209216581
0.0049578810619177755
-0.002667441053622116
0.0026954448324062966
-0.0015794714867005777
-0.0024101557908304716
-0.0015573779772126792
-0.006535566787459274
0.000844347987578977
0.005048676998897979
-0.021034690817765985
-0.03137301310648356
-0.005260031601205811
0.0011538943427387993
-0.00021070131248456452
0.000923963093939539
0.04728530295289775
0.0018444352526161213
0.0004980593466292824
-0.006007922405848155
-0.0006628080365387181
0.0038462539702735004
0.005580638527481075
0.007722163819943135
0.00963470164396862
0.012191071165823412
