2.5360366652134327e-10
0.0027340773980892184
0.005540810996559432
0.008022080952677932
0.010694581078173533
0.013277406005066729
0.015577724097357089
0.01745792670264628
0.01851498291780689
0.018558933422480654
0.017710885884977923
0.01650676768150133
0.014009501777995554
0.010841163960230446
0.006947112397887937
0.0034164684291084304
0.00024170344750001124
-0.0010427697222113385
0.0018559786295554704
0.010803377335807303
0.017755215855446146
-0.036130035149494345
0.0203363277373245
-0.044644175379590166
0.032986141264911145
0.04138718276384381
0.020980001197956653
0.0030752040904383792
-0.009436440840256771
-0.015176103827509255
-0.018400205014543272
-0.026093116205570404
-0.027606158161043615
-0.027507498264117747
-0.026190814774175494
-0.02377184580169964
-0.0151517806160981
-0.016857465944135588
-0.010760869410474666
-0.008327667193097134
-0.0038286279793585533
0.0010293747090628926
0.006104573368471934
0.012041070176264232
0.01590687138577523
0.019157502829311612
0.02064587769663442
0.02128328533652164
0.019794867034047144
0.015456575090629025
0.01485575851060899
0.03189882793307008
0.10248256066147951
-0.011029002335427592
-0.09814805296518031
-0.016487703654813224
0.007655872783738366
-0.009807073079755748
0.006315004957542626
0.017791726975758065
0.01670825604825216
0.007653878196188242
-0.01939371050910822
-0.0337584273050352
0.017841978318222228
0.031961627210267636
0.05304720485043663
0.011320062845411476
-0.03107993514061105
-0.06139126505698441
-0.06568126284369313
-0.057000100203498556
-0.04534505535728659
-0.0343911011964404
-0.02450729137031902
-0.01586207668568177
-0.0057265988150602505
0.001331434442111871
0.007351592918913197
0.024060466518270877
0.0383369904755815
0.04638074452529221
0.02489082872239719
0.016017635838676082
0.011662708329961663
0.009954284856936203
0.010352820182907096
0.01311978345557764
0.017009882215022396
0.011038209332022547
0.006966768923796652
0.003818941301856876
0.002162863382124775
0.0029164238352777307
0.034775480764355805
0.006529610961703245
0.01930822894287957
0.005627080086277942
-0.0012399393249119196
-0.0061155560375928085
-0.007917986357187563
-0.0058291460170092416
0.0045328517240741445
-0.011964311855205256
-0.0045015901296536305
-0.018731550306959423
-0.02091931405463704
-0.021952617440210775
-0.021401297509629227
-0.019214028868117017
-0.015244449061139236
0.013600477006090203
-0.01919951431419479
-0.020567870581897577
-0.019720648688603938
-0.007586885701045073
-0.0356027707709401
-0.06713644894621856
0.039922222085547805
-0.025640355258000843
0.01915836955190817
0.05480615039717169
0.05130346967623731
0.032843618532461566
0.08155281759138412
0.012569746535404365
-0.0003657973252333191
-0.010706442376707911
-0.010848803522660036
-0.020391792491980816
-0.02341256682526042
-0.017120310119351674
-0.025197143057876004
-0.02344230850577678
-0.021693221826969023
-0.021120639760733265
-0.01692438766754407
-0.00016664272242696888
0.008888857984305542
0.013061330379669117
0.004650894716139066
0.0013091412091253052
0.04023600205938187
0.038139019171896334
0.05573569997970126
0.051220730452499384
-0.0026772270952268758
-0.010711269547152085
-0.01254833823561739
-0.010347946800328354
-0.008060075689554322
-0.001336615886179665
0.0020118082088823835
-0.005953368730588503
0.0354656584028238
-0.010680187502950618
-0.008454068640897398
-0.012147133409109756
-0.012490793318048823
-0.011857131821836066
-0.01087915778682886
-0.010575466650893867
-0.010654395251196547
-0.009331976265899574
-0.006980622563204835
0.0069363118283712
-0.011084011621805482
-0.007966262581397763
-0.011234676686873958
-0.004888250827468978
-0.009526711525905503
-0.006335116023230166
-0.0009220018227561494
0.004554529044371456
0.009050284198957724
0.006441302436025917
-0.002644429019773597
-0.012957161941645305
0.0028122851617544964
0.04225912721507719
0.020283585570441163
-0.0651708059274954
-0.04693264721447509
0.06531423611497666
0.007848705457075505
-0.04636379466561005
-0.04069342989077111
0.026132800944169643
0.019871993245028818
-0.016227244388492323
-0.02902117712921821
-0.02034530431220868
-0.00817283221531961
-0.0038201165749085493
0.01198225510078163
-0.0010452545621551206
0.007723079941398917
0.02230071112820866
0.020375721661460518
0.015901451630765874
0.009999561062209965
-0.0018267578514340305
-0.021334851748786618
0.024181158989353753
0.008361438657545326
-0.015893120018384863
0.0007004909729699166
0.007084449023538378
0.005225263314969367
-0.0015490481330316
0.010579211132982633
0.0025347862097649335
0.0035726568186226805
0.001894768965101378
0.00028369167455954893
0.029793302288730863
-0.0011838785489925894
-0.003876027336704116
-0.003893491220792307
-0.006257548860310476
-0.0061113691027033295
-0.007930011873138146
-0.009075760703228835
-0.011323805112830189
-0.01590395935997702
-0.009622068814954572
0.04447454296530156
-0.014745764127403149
-0.011530518654755252
-0.003460042911197418
0.004223024296463547
-0.011995323273145701
0.01908337735710464
0.031187479214429218
0.0370850600867003
0.022552699921862443
-0.007262663521135995
-0.0020639085564708786
0.018148677469119946
0.0366324978962911
0.007309628089090542
0.011352809152672788
-0.01733901448477482
-0.03101557736004422
-0.012215880508596452
0.009381507280679546
0.012005944084459198
0.0156736772958778
-0.00900094217964881
0.013436457686497885
-0.026748087658949437
0.019450174032508784
0.012359685027135315
-0.0007202290699978718
-0.016110119436676215
-0.002768214526958295
-0.019888813249443093
-0.005538220520396248
-0.00623113540181277
-0.03157237851851099
0.005864476552973311
0.0054000369159654706
0.005058032550894112
-0.0006084673397403883
-0.029221909658347377
-0.031410836696451415
-0.018468939279278153
-0.06409622896470236
-0.02780264989660743
-0.009296167107341278
-0.003830797429329992
0.004013362655118041
0.0043470430660275455
0.01990074080622691
-0.006631030556815797
-0.001863630732402727
0.010887444416177646
0.010195872953098352
0.002347401417633262
-0.003966531460113789
0.0023451472134125113
0.019223736595830706
0.00015647507115013268
-0.0021975646862968583
0.001315749804540394
0.006594944970406071
-0.01690934097668378
0.005284017369354864
0.0064492059352644435
-0.061524057770894446
0.0049484302196081895
0.031024399640796105
0.0033067884993894904
-0.02944220930262678
-0.004470526195354128
0.0028809477894105426
0.0036513268948279785
0.008223177616614745
0.018293636915300962
0.02151240274823395
0.01860430817823609
0.016467307660001224
-0.03410070768338887
-0.013575992793608358
0.015537567798288196
0.019970902002867007
0.016606990637137213
0.019319593646174995
0.018364800955955364
0.01167431547996192
0.013051665248839314
0.0037767982838825412
0.006499532401106839
0.0004661587449223621
0.009637341383166898
0.022867469003929126
0.029132430543357738
0.011567081610734858
0.0013334386441791538
-0.025262084412685265
0.05381367383937635
-0.011420897901578651
0.03271033490922085
0.05534864062873293
-0.04668656106754981
0.014618034398457725
-0.061863489917326785
0.11082840071076648
0.06032952561644958
0.006613783660486089
-0.023260043998725076
-0.030014984059229106
-0.03064030797501047
-0.049064795420784166
-0.01849882678450995
-0.0253987696817863
-0.027457037856378506
-0.020570013854398626
-0.013809742381887511
-0.011821602396820329
-0.012707188062271918
-0.013170842588993498
-0.01270923413720466
-0.013205602677656454
-0.014178860542531212
-0.006905799815118027
-0.011599290292495481
-0.01197632860638402
-0.00905066906321508
-0.005004626235651197
0.0017342778109112834
0.012242479066611087
-0.00028237331346042324
0.02299161093062021
0.021392175674764674
-0.031291458106316186
0.029291154386872794
0.03315073482215459
0.045527596115091475
0.038380663539815445
0.041254112720244276
0.02898893997566678
0.020175595302411285
0.016931667751309
-0.010566965968468142
-0.017184424391026853
-0.008578800544476909
-0.005756416557465537
-0.0127584643066985
-0.05145542598872946
-0.03659636236540597
-0.037567361824899684
-0.003296612455036242
0.007291840359070404
0.035468047995293656
0.07070268313454578
0.02327778576686929
-0.02373484457021202
-0.013130319125781924
-0.052132883153062845
0.01613263560120643
-0.02594109739110511
-0.032523047114986686
-0.015122655516021126
-0.014075833317064518
0.04436663042804501
0.0491410165980729
0.02187772327546202
-0.006746776832564671
-0.0013690078647365014
0.029103711572874412
0.039171839100853346
0.0014899601961701947
-0.004228651369371624
-0.0034768577927320483
0.007467059233936117
-0.0014323929307740806
0.03410645814556791
0.0001461979686156854
0.0001786621960173475
-0.012561551514829883
0.007208448097680041
0.0026323142957124313
-0.004846073336964945
0.003977022029217055
0.0009174778962118331
-0.0003769464916196255
-0.0006033713168328548
-0.00758431147592412
-0.0039335102717756275
-0.003628241634949305
-0.004859469116662001
-0.0017242343707874288
-0.021634929873377305
-0.024893618898387804
-0.010662113509216382
-0.009225759414917802
-0.01201074011840958
-0.011399613144538022
-0.008427064757629808
0.0035568617685814556
0.02006035959324954
0.045707935386722645
0.08125698152310913
-0.022477441412041742
-0.09154333507847358
0.04457488470832739
-0.006567522052600902
-0.018523000232058797
-0.014182497530418456
-0.01850157794671725
-0.012177270963825084
-0.015722381727024923
-0.02556275771731675
-0.03730848751017992
-0.05107094597899964
-0.057604539434870976
-0.06180486256586102
-0.12634317632324826
-0.06159764097056991
-0.09050471061457709
0.02043409883981198
0.07635193276769862
0.050139912472940654
0.015880622261546722
0.01338660964179393
0.007335702554300006
-0.039877486090147664
0.01146350641673594
-0.04097835768060643
0.0134085103625658
0.007735439535428014
0.03388564535386182
0.08519376825463487
0.0715293493363133
0.023395280658676028
-0.01301385499987127
-0.04128291036638214
-0.03886824616614875
-0.0196848047514304
-0.0068356995132705335
0.0013746387418607296
0.004845279014891252
0.01544934390871186
0.025176033907428674
0.04521749358291284
0.015734866836473987
-0.006128315738023623
-0.06390768547438978
-0.000769307361855582
0.012463362904005076
0.09741872318600817
-0.022055113259209183
0.012214429058218993
-0.06699050902890559
0.03996679271918923
-0.015658721951873025
0.02823615173803687
0.036866976780919304
0.03976818968510339
0.03549417081267062
0.027300331025536268
0.04216536841682301
0.07067639605091612
0.05950714754454809
-0.012527493453426809
-0.1221620137962824
0.08632850366995747
-0.017573522508968126
-0.029838274688141965
0.0749218585036298
0.10119500270735939
0.08108097102658937
0.03838500631170927
0.023257948304839644
0.010015431688054712
-0.00011649116101729026
0.020563831971110363
-0.018334212308124334
-0.015227794832599123
-0.023710966724415486
-0.0255701872587645
-0.025059618692060786
-0.018928530555177122
-0.016554998654646314
-0.021970467479462998
-0.026622638910481014
-0.02688161145710216
0.02143638975865004
0.03154208228748231
0.010137230375513633
-0.008298714956528765
-0.004933884483991939
-0.0049340527843509535
-0.003476564079436925
0.006810784265321696
-0.0015649446182813016
-0.0021532071198337105
-0.004358792587939411
-0.003923179359720783
0.045354741260187084
-0.007205896659364445
0.029897222751910046
-0.007087541886540768
-0.008771192816433076
-0.003245564604073513
-0.0008306819134601183
0.0016345508547779485
0.0022231703385442647
0.0014350379486301312
-0.0012062665235177048
-0.0037529222700095153
-0.009712016483088441
-0.016011254753634414
-0.023203254661077227
-0.02652632172129775
-0.026727878553408756
-0.02201495433412747
-0.01274847211979295
-0.0008615094450156215
0.012921892032105196
0.023613838706940265
0.027059455054314813
0.022383035917620704
0.011791844764715755
-0.0005009630742882181
-0.007195386622866607
-0.009625412939409066
-0.009782436375536267
-0.01165132863638181
-0.01756738108419606
-0.02771197136533382
-0.03775168211562603
-0.039802725774968115
-0.02973931740875834
-0.015550180770107192
-0.009834525934906715
-0.010191874255726641
-0.00854123114892992
-0.01117858110384837
-0.02315070859828805
-0.03416792783101189
-0.034837857695527316
-0.027113072264966773
-0.018005536811822737
-0.012398545049864469
-0.011176145452203756
-0.012285278526473705
-0.011690037189308016
-0.006992948825857279
7.523843725204523e-05
-0.010273231729183926
0.021289287029538535
0.023374869798820794
0.022033614082367405
0.014757151650496032
0.0037674954409479917
-0.006855699962958672
-0.014825232183290005
-0.02068810251270405
-0.023287002189526763
-0.023042934441968813
-0.021532229664000084
-0.017241739184003277
-0.010689205803578681
-0.004680605646833505
-0.0004966589902533166
0.0022789040859775922
0.0037072274240841406
0.0047665884286744705
0.0027001029394807573
0.008673831571668868
-0.0012011983349745933
-0.0021044301931233632
-0.004672412599894043
0.015734182632484578
-0.007856947868378818
-0.0069183404204523095
-0.008006550381963962
-0.007945060699476638
0.013699810121048619
-0.007081215203196353
-0.006224616252581773
-0.0016611533616150286
-0.002580955714375605
-0.0023845975100726226
-0.0013705831296015123
0.0005814136547896726
0.006445722147837557
0.00017876813559115435
0.017109465829299394
0.004890189088709201
0.004550927861555047
0.01219280535399312
0.014020466753321019
0.01824967435841297
-0.0015355495206353206
-0.02659369045862027
-0.02503579786618826
0.052233078074174585
0.03232073541460489
0.01809873172390245
0.06893120333457751
0.0012611719937223793
-0.03145411256099397
0.004658622329996885
0.029910979001725006
0.03308363784895953
0.027448419186299842
0.014757004693513818
0.002916131770897817
-0.007983814958014345
0.015842886612265378
-0.023208847512027266
-0.03143665109702164
-0.035867439831149886
-0.033870368776505434
-0.03544722566583256
-0.04033826205817586
0.03378517176814222
0.003442056453157557
-0.03748165475121864
-0.04098171526326406
-0.04283165982704393
-0.04107896096996194
-0.02006401065556137
-0.018348065001426456
-0.030488743046880498
0.017222546080005882
-0.025826782828372256
-0.0250558752934157
-0.043006882783955064
-0.04029653347816713
-0.024701487701545215
-0.04598813841007411
-0.06106153160488119
-0.11250440369562054
-0.04027070217032841
0.09753449424037675
0.04034366530733325
0.021132426610874958
0.006186030432653275
-0.0014939625924705786
-3.349693750030602e-05
-0.0016354728842425277
-0.005811138358549394
0.0026932458582212626
0.008206952804827422
0.008673164190324387
-0.001996548267783958
0.08432904497616095
-0.015454089556818552
-0.0045186260596659835
0.010465237680358995
0.06192920933774366
-0.0006838571613148409
0.008484121355500019
0.015871794962043117
0.009209487057786295
-0.00033109015802199255
-0.006251336838978044
-0.009072297478785104
-0.010517789739839961
-0.012837050950806232
-0.007922361840892098
-0.017432924773605078
-0.017662217916166133
-0.020699920299917993
-0.022472302808940255
-0.02362496730709046
-0.023804715029885647
-0.020389957038308863
-0.01368345283092079
-0.04509118707050598
-0.045054913163407206
-0.013491906892925405
0.012489888829828209
-0.023818148595289586
-0.027746095753856562
-0.013482684510335284
-0.027647509170222455
0.06190877072845092
-0.02141967431639756
0.0005316684667537741
-0.015325709832337801
-0.01345600423673657
-0.010592163608099746
-0.0068909321714847645
0.011672951615271007
-8.245580836803634e-05
0.004451881087349783
0.007778571072443574
0.006840929684617175
-0.007487689011387241
-0.04210531728275573
0.11060586362227778
0.049405496615249775
-0.028719914032543314
0.004356089934254751
-0.0023649748799558588
0.016790026158744715
-0.0024855959522089716
-0.00407706595874017
-0.005167720320547654
-0.007689784167126643
-0.0010726496760498163
0.001826596741565682
0.006387494418608903
0.010742869826438402
0.009065576274717607
0.00969886234238634
0.0052703511090900265
-0.0008532671038934986
-0.009289588511162539
-0.018636394318435806
-0.023152964074247502
-0.018174999637148765
-0.009509069268619696
0.0037722273783860234
0.016909892562059943
0.022126025372452427
0.021046763626868144
0.010844121886236657
-0.0006454633839802887
-0.005803544219368296
-0.0057059358902459955
-0.007674645849132301
-0.017428732148730107
-0.03417644450088526
-0.0474675645569669
-0.04516956966881737
-0.03240825388248889
-0.024847843231397684
-0.026154399099450713
-0.03564991022944625
-0.0426496813624048
-0.035438736250238766
-0.02026372680210753
-0.00921446177554433
-0.006540210015094981
-0.008099185483438624
-0.006486398749853694
0.0019448013036454305
0.014132275508832599
0.023742015927136248
0.0263848505756552
0.023560851133031992
0.02403258181761433
0.02840031789125528
0.0393078988936918
0.051707025413522095
0.04827334295051978
0.008033908289139101
-0.0010287069164794814
0.019609663078782282
-0.018058302431416116
-0.003219764542914646
0.017673188156559615
0.024448404397562733
0.020233146066521657
0.015750869119756754
0.00858817048655591
-0.0005397804711811902
-0.004696436230366363
-0.005248936462614802
-0.0032755911094975074
-0.0022639182465859086
-0.0017666767227471187
-0.0008437574531533454
0.0011224395054189721
0.00045632017781883195
0.0011455834919518585
0.0037866015169864594
0.04383475321669187
0.002434955753159361
0.002500581487154309
0.001422194005007474
0.0005458802094828981
-0.00039008507859412527
0.00938720807728904
-0.0042800876456827236
-0.005780518391143148
-0.005603320589928382
-0.004027645856860556
-0.008955943709377885
-0.010934267581144982
-0.017794281800491914
-0.03143416523180798
-0.031075729483252462
-0.022625822184599697
-0.017757722584164703
0.0017354433959776662
-0.01953664615256352
0.04450286367281646
0.029555582222743855
-0.021363017473460293
-0.021059541507897447
-0.021474628053684188
-0.019748093136759712
-0.018122583281063715
-0.0004935719147428231
-0.016982793483564452
-0.01525144268352574
-0.013560886418922611
-0.011234998732953031
-0.015431848245820614
0.0183247311844159
0.04364037193176653
0.036419595147241794
0.01923217674140869
0.01022766975885448
0.013032698944626988
-0.05330321090537292
-0.044946521722470836
0.08349232943544531
0.02122367950728024
-0.11062150635856757
0.04210560725306992
0.049652271815880326
0.0030995417208630367
0.024145808382482172
0.06525871532041544
-0.03510943800622681
-0.049504982540846294
-0.04440769356989219
-0.002518493889716808
0.006822831036843704
0.0075682307498850816
0.02393531382634164
0.15535914641174908
0.040002668121028456
0.010281387482920299
0.008215275612918816
0.019879998170325517
0.014594863189613243
0.00827610383989842
0.007728133104951553
0.007330429632630266
-0.08354380019418818
0.022737027282226728
0.052527696816062175
0.0343358381249356
0.01038462751477865
0.08247548140851518
-0.00290805899954389
-0.0017295467336080088
0.0592140234379222
-0.0016367157704518264
-0.0022617742966616872
0.01753038799637238
-0.001564545492450748
-0.004224443479822769
-0.0052561942700188186
-0.005722979226983215
7.34922547254606e-05
-0.0067110587884947285
-0.006774898248716831
-0.0070068468561169895
-0.004033496790307001
-0.005964319283664601
-0.009596746214114136
-0.00882560144888713
-0.02356867959545683
-0.0010630763424351367
-0.026666416628951112
-0.014514194980801205
-0.011517115065060158
-0.0029775471229781052
0.029109584591145186
-0.02536440972970636
-0.01652023241519442
-0.013274005940080545
-0.0004105503530702065
0.06289070855434456
0.08997919181166943
-0.0015828618458643363
0.0855380533098292
-0.015413162672693012
-0.011449037396818983
-0.011457863332637618
-0.009968727841046432
0.013055988831390475
-0.0020597654117432483
-0.0015806574670898777
-0.0026692281265520454
-0.03330827714750787
-0.07349682962973553
-0.060910214370459084
-0.01711572481003699
-0.016287165632975217
-0.017163540956759475
-0.01426932958507159
0.009811693285438959
-0.0004082618493174007
-0.03295966292300288
0.01800793253145621
0.045287790928064314
0.029767469383994778
-0.022188874772005367
-0.01746101237368469
0.011544378948279062
-0.003886662737884478
-0.018273996315533222
-0.018907466761250425
-0.011333689627432262
0.011970321816626857
0.002185549742487782
0.006779377525952854
0.01537106992154607
0.012001446973432858
0.009162620642856336
0.006201820809993284
0.001401861122385615
0.09500678901249077
-0.005448318916021584
-0.0004486848674901832
0.0024861297857974524
0.002399310197162618
-0.0026577206834816213
-0.0028147246616290096
-0.00018050163944093918
-0.004142144986304848
-0.00519412355390027
-0.005731670817503311
-0.007469480256543761
0.005836543033557778
-0.010156773459990632
-0.011688677483196417
-0.01638041178379742
0.028557080915057365
-0.01984163954143129
-0.01004980151049648
-0.016735258432498203
-0.015399441103119405
-0.015151587282350979
-0.01613100880674611
0.015019591733384064
-0.013461567206141417
-0.02405200664566472
-0.020706784293118948
-0.005610656541087893
-0.0011888111910893365
0.0017152907649590572
0.002444174897478543
-0.00098127446748062
-0.010549904690073253
-0.024012963003288545
-0.02745583494017597
0.0004863167544104121
0.01948904824460758
0.03778715455749036
0.028630245324790346
0.0220176051515783
-0.0027275948192332145
0.01037094355997526
0.014070944035629626
0.019415610152637833
0.02174635656131292
0.017943712480393285
0.007972638721387152
-0.002447385064177786
-0.004693582081393708
-0.003902628791186905
-0.008722280183248672
-0.025242024862413608
-0.046144552461761516
-0.05415853004262433
-0.04709529422864853
-0.04261490035586199
-0.04816722630487799
-0.053941097858856216
-0.04364633307150954
-0.022866035996643733
-0.007879519651720568
-0.0035479490747988905
-0.004254794988885577
-0.001408488067692451
0.008376970514817216
0.019203615321101465
0.023245861598837785
0.021970808119545743
0.014166972237356985
0.003915395884858625
-0.007262954494138908
-0.007468753100825355
-0.008283502176127357
-0.007502084500780746
-0.005413476478452718
-0.007377621172904056
-0.01174324913975231
-0.0008641604119437006
0.0042293432790048305
0.00703297332470883
0.006339093957281539
0.012370644115961603
0.006723763007292023
0.009531195470744599
0.008156854700465274
0.01243787360649244
-0.006353126683049226
-0.005174081195769679
-0.00022251546054896675
0.0005636959220524965
-0.0009451776971883126
0.007961186626959845
-0.013657046536133404
-0.018619482231927525
-0.023371628827103343
-0.03698535465386762
-0.0076904362043890674
-0.03183633453482372
-0.007305606317585003
0.004413464700455068
0.00311361414001009
0.008828303515430513
0.010656577116657013
0.01103497446502874
0.011995318006332403
0.013404300439241136
0.013389918603078591
0.01330966383255593
0.012523521081888726
0.01109250293856816
0.05567967680239162
-0.00025317808895588715
-0.007651346508703704
0.004182053674878709
0.0059506088080861315
0.005472888409359494
0.0040647212051636555
0.001983575894443062
0.0014018355729010573
7.888526694353974e-05
-0.0007149529505563495
-0.00047612118067113585
0.00028351399342083663
0.0022582164100718037
0.005588317288485193
0.012395780166070873
0.007179530729772273
0.01797622965928296
-0.02011645659416261
0.0073931376610730975
0.02614963653680973
0.019893418589764896
0.015951121516998155
0.015003074477920883
0.015387682227982513
0.01585452670048698
0.013094604889658584
0.003908298291006355
0.012517433123085933
0.011323570995138678
0.007429638265433176
0.0025878503333531403
-0.0021589803910861257
-0.006782251329681886
-0.01050155875534539
-0.012912596964516415
-0.013341042655394118
-0.0125762731427416
-0.010028229687575448
-0.0071460095546790284
-0.004481489404669193
-0.0027563284263232442
-0.002539941124537076
-0.004042316339261087
-0.006948089581645004
-0.010277044087177794
-0.012337695194360664
-0.011046932634992384
-0.004957890378564618
0.0049960044777919155
0.014110342523616287
0.01504934780798481
0.0038100745504648617
-0.013649662794882785
-0.025218550660698412
-0.02451167649879575
-0.01186614893492891
0.005748642149201913
0.016936642603675157
0.017197775876563112
0.010615206805485992
0.002967826440520592
-0.0027037702934405656
-0.006176883791594307
-0.008316043972550055
-0.009542071484082561
-0.009072479061024702
-0.004949151106738929
0.0018691054198495584
0.0026579198967472475
-0.004029413491500142
-0.0024473633975767113
0.005175928679534794
0.003821978338835692
0.0012740316092040027
0.013344844288996405
0.047113961537285226
0.08966337294663662
0.09858845240302416
0.08137375650266598
0.05014048614830311
0.028895214121171894
0.015677784139103177
0.006960012979550067
0.0006448645294546408
-0.003262039872303833
-0.006118528944511291
-0.008066699703745928
-0.009370685524424887
-0.010199892648518845
-0.010623192722066473
-0.01056068595388842
-0.009729171025253924
-0.008667196151364905
-0.008331222827148132
-0.008702347425726087
-0.009679760171137768
-0.00965824819158881
-0.008594548924240759
-0.0067583001212203255
-0.004482737929322519
-0.0022257343276743478
-0.0007082462674587592
-0.0008880791099642615
-0.0034254420996232696
-0.00845335521601661
-0.015105827354947827
-0.01985247337934901
-0.018175495445002368
-0.010505104838161526
-0.0041472723382094834
-0.0002122944735783665
0.00349401467033788
0.008025097774210893
0.013491978773046634
0.018823379776441863
0.020714952467680015
0.013468269539678047
-0.0039330946045057335
-0.021506047891339593
-0.028011073274887013
-0.02089015892628796
-0.0026789331960526373
0.015129453196822209
0.0213782068338399
0.0161839500517547
0.006637685969417727
-0.0009673343617554582
-0.004192614421069911
-0.0037851835493042684
-0.0010138825046259823
0.002796330626329386
0.0061809517321379254
0.009302494010655402
0.013465739412786462
0.021643708186763085
0.035508631303363354
0.03840563573628106
0.02633284505755618
0.007995427714572366
-0.0026730654104341737
-0.008328208144753543
-0.011188113337810906
-0.012447941226937924
-0.012893558888071798
-0.013583923745640783
-0.016231377460761913
-0.013850592048320969
-0.014226864048205293
-0.014127872171692112
-0.01472146738015601
-0.015224725172830978
-0.01624897785551178
-0.015369788092994491
-0.013182055818171107
-0.009709298056714409
-0.0053704534666478825
-0.0005506104428858057
0.002415535150793469
0.0010156566752554756
-0.006231053363876822
-0.01476191750094303
-0.013744988055645476
-0.001586641040998475
0.00399352198424941
0.003900968262713398
0.005105109668938292
-0.00415209733151684
-0.01157827126220881
-0.007997154645297405
-0.0010426141837465346
0.0026959729403002136
0.002662579311499861
0.0008999450799673478
-0.0007698283697202415
-0.0015282919924271905
-0.0013972918888478646
-0.0009443549785572853
-0.0013016528959845783
-0.004313373725138912
-0.011312062276629387
-0.020816302286813648
-0.026800742019414136
-0.022482406727362583
-0.011117105651805948
-0.005285937349289703
-0.004928833333588039
-0.005243305871832437
-0.013083667680381177
-0.023923080233012255
-0.025330069872831165
-0.017263267719293044
-0.007754008361708389
-0.002576408802182193
-0.0027301587138384635
-0.006081269722105861
-0.009494338943723157
-0.010399620246345756
-0.007968831368012077
-0.002910554655737189
0.003226286679325677
0.008591793471330444
0.010023210627161078
0.010869107243697836
0.013778873456662417
0.012099213688553297
0.007827797029982793
0.005068562301647966
0.002194096565258518
-0.002117506968912437
-0.009425829591270059
-0.006633524910715268
-0.01025560651942413
-0.02525207234135971
-0.008831949965586066
-0.005990560906879852
-0.004156746177855291
-0.0036175829365088256
-0.0007725868177201991
0.0010921478098656775
0.002174470184500039
0.000583975246813413
-0.005998083926503848
0.004349380440248519
0.006446308373786309
0.006439710371375481
0.0037038643302535067
-0.01190082017574929
-0.007223728834355343
0.0002854617638456558
-0.0009534100762629222
-0.004207071507550475
-0.008608411241059278
-0.013032533285503826
-0.01710366865365511
-0.021765414003497675
-0.018656361347043585
-0.016961931778292146
-0.04848940364524593
-0.008883884884939191
-0.006754948859425219
-0.0023864213329889516
-0.0019222318249172636
-0.002930399495097997
-0.009776136119725153
-0.0061950205211563905
-0.0019385888938612819
0.0006419624752258009
0.007935208441008534
0.011634418343408724
0.002828369299682973
0.004132657795892474
-0.005738205592998579
-0.004867408390391523
0.0018000922803379214
0.01505870835284564
0.011452379141834841
0.0035066170135790694
-0.0012351491511832923
-0.003852010899780124
-0.005105072465047448
-0.006925244867594972
-0.012230493325022516
-0.03357908932993297
-0.021377597081456916
-0.0005320392270873938
-0.004197597092351815
0.0031864317247299674
0.008961054426603103
0.012789946885954605
0.013997350089474182
0.011124262768125365
0.002631885660532884
-0.01022566448248158
-0.02153609494368172
-0.006072369792784274
0.01598019916034904
0.013754489439960221
0.04908421482722862
0.054372951799133214
0.05167969833134222
0.024170858555951098
0.01732006766256103
0.00209466935382233
-0.016893285404774045
-0.013251052758297478
-0.0006374280782390697
0.005139946648587367
-0.013290605432889614
-0.0033068304694913644
0.009359218381820352
0.008440961381758278
0.0031388265437270455
0.001006917610307622
0.0013549775832936398
0.00040612815153487743
-0.0006046436041081167
0.0006104262524102854
0.0012544464934909872
-0.007483042528284447
-0.01224090584033215
-0.017421171751810332
-0.023335081867118985
-0.018589483803706158
-0.008595272800351978
-0.004604097115933965
-0.0034992631841959066
-0.001881589467589119
-0.00014178037146779878
0.0025164726179924012
0.007769420414361944
0.0143554703172676
0.0030759597147400754
-0.01664060600158932
-0.01918357134401801
0.002147712505719273
0.006935040490149618
0.008895720118663856
0.01057932056133248
0.011520352369667832
0.010259476746375732
0.013102681693857294
0.015205789181582871
0.015830946461279225
0.015699383076516932
0.013103221513236103
-0.004828298652843558
0.0069024140272458245
0.01327595134145479
0.013103486872689673
0.011540105273946416
0.009433688747764788
0.006520116394882577
0.002769115163585481
-0.0053197027038374605
-0.007480955486520912
-0.009409331079117081
-0.012996889686312909
-0.020371353669286867
-0.03246011512028327
-0.016020079159867757
-0.013913670285950745
-0.013611160864509668
-0.011058261567950067
-0.007089280600431883
-0.0043483074099661895
-0.0022275988206942486
-0.0038163246094963057
-0.009593253413630346
-0.0043623024003646375
-0.006414708236954137
-0.01265141892759738
-0.017410512637182605
-0.018697935387166787
-0.017724261489723423
-0.013697911978090721
-0.0033896261983737057
0.005333320602908906
0.011893837594353748
0.01467087828215298
0.013929321003238121
0.013187621164132182
0.017285980195064932
0.027998281963641583
0.029900785467898792
0.02814293000707425
0.02094974995175309
0.006541661217503796
0.0021969369115917483
0.01392337112359824
0.02542921167220152
0.022818723105389915
0.01239661373035671
0.005834728301997855
0.00641382726230246
0.010503352372721023
0.01344626295622356
0.012616514103958048
0.007755590806857087
0.00026830309148364267
-0.007620587784623122
-0.013772150258556883
-0.016737388225837455
-0.0164265097068035
-0.013524705806529022
-0.009340918203122653
-0.005182698390023228
-0.003120341804122936
-0.0018805617480093144
-0.021725161465200208
-0.0025007275551901594
-0.0024920465683381777
-0.00456202487120539
-0.006226544449836959
-0.006365078766790334
-0.005120860597724086
-0.0059066367978762415
-0.0038962075563104335
-0.02774354725184758
-0.002271853482283854
-0.010007115986217022
-0.0419018201886904
-0.012539978730323417
-0.008003447179332369
-0.0039045510387758983
-0.0003649647930570395
0.002027942681446959
0.004914909424646268
0.008905515076487052
0.011364257899653793
0.012902823583957007
0.013668839605957639
0.013095648946054956
0.008046055168609232
-0.021298525037833815
0.008380966875876967
0.011387908949758168
0.009376267558966186
0.0047811496444146616
-0.004667758275187571
-0.022475789419325074
-0.051967960226767806
-0.07342418442594645
-0.03278969856707473
0.004983624310452096
-0.05964017476927428
-0.07414562933460059
-0.0494844339297829
-0.027292281820483155
-0.01529437282196226
-0.01001539924770257
-0.007026046395894743
-0.002984624238791543
-0.00059981594852276
0.0005169197859641067
0.0009936345479120603
0.000828280044112411
-0.0002748473662203147
-0.005438056918716821
0.05126116984088295
-0.005502748469100768
-4.667281239924974e-05
0.0012616892737555207
0.0028057423745085435
0.002335190045124007
0.0026788002195138327
0.0035693382414513993
0.003847278882730044
-0.005010193564444394
0.013593574987021738
-0.007392933792834596
-0.015254404591627165
-0.011532159646271552
-0.00430296899065232
0.00023751665987481146
0.0020688908523044587
0.003174316925935332
0.004092168532277117
0.004747138548008899
0.005307896212107254
0.005703029186435092
0.005589200391730629
0.003896531368364222
0.0022219125862144064
0.008789310477050288
0.006267309799325185
0.008988308938441674
0.009219826353498765
0.00968681702097808
0.0067873445484607385
0.010207294810783906
0.008045827003373895
0.007868463751936694
-0.0035157926827731035
-0.009141040584021955
0.009856767915191585
0.014136117856980475
0.016423487754662194
0.01867988794262282
0.020429878449934054
0.013568762223013082
-0.02354570605072807
-0.032428774182993655
-0.03295731898269675
-0.0018408549525844645
0.015038243736882825
0.018529937024195045
0.018174754375303928
0.013619405284807356
-0.021232959791795583
0.011153396571756014
0.012852154234957945
0.010877073880648673
0.007300178268542966
0.002467234283737028
-0.0038609855867646555
-0.008028544095725699
-0.000617460984735751
0.008285117171422588
0.0007596645113855205
0.008486703898964828
-0.0002458042076862767
-0.007978286078206373
-0.005811862461196776
-0.0009188947917114863
0.003256123737804765
0.004398005759008191
0.00856400233279441
0.009787014900354727
0.010554573617573377
0.01094984379145037
0.010863762329006732
0.010166842934070278
0.006969473715922868
-0.009990998773915944
0.002123368998806794
0.006514603804930226
0.008808187061447596
0.00880402472514184
0.008857375687109056
0.008323594023825183
0.00531828987587995
0.006834708108675978
0.0037952806536925153
-0.027005681490262886
0.004448073640241874
0.006653860179667331
0.007022295893189262
0.007249215143197073
0.007364377221903109
0.007032575010854584
-0.00024527467610773715
0.0061487261519715935
0.009289645441212802
0.01005839532431344
0.008905736923763894
0.003861722578059906
0.0010094574567538932
-0.018744499984002714
-0.020647884125845502
0.005757072052078064
0.005964381135147449
0.0032116694912222576
-0.00031362331899407417
-0.003902438275053437
-0.006999231498712622
-0.008785660947263298
-0.008631189261069263
-0.00631914950331593
-0.0029177759423382825
0.0028029855669403476
0.006200987421810511
0.006057745645796219
0.0013429550203473714
-0.006303693210858166
-0.011444158502493454
-0.0074418401462672526
0.00377950580933088
0.00855231485120408
0.004892984033257915
0.006977742822693564
0.009782400633891214
0.002012464684336098
-0.007153622634187515
-0.00788976140013481
-0.0022730926067421014
0.0037319686584272906
0.006873671602843711
0.006897539092062113
0.004860809635652882
0.0019907004365555137
-0.0008151231798878707
-0.003098989795366069
-0.004763941411378811
-0.006366681747279378
-0.006573793659630435
-0.006715175247838975
-0.006761419376716843
-0.00664428959408376
-0.00636774796974413
-0.0059572381741481665
-0.005365236743759615
-0.00537239005577085
-0.004439691703069171
-0.0038146141450225556
-0.0032857091628430346
-0.002466405403380654
-0.00129616432268646
0.00023018356075308442
0.002066984974740502
0.0033778775426553257
0.0037700460414997286
0.003878100753658309
0.0040149620019499874
0.0043253060635603585
0.004620634923156759
0.004728541190062432
0.004539523752019521
0.003999315431025319
0.0030724241748233466
0.001768508267051985
0.0001848163946708044
-0.0014927400450260111
-0.0031723632488776105
-0.004365732941001633
-0.004812518065755429
-0.004373500472705189
-0.002689466935361691
0.0004197307435002383
0.0049931542724910415
0.010707044420724295
0.016544996561733034
0.02067714386454358
0.020919934320430197
0.015207545500211793
0.0028705702631714684
-0.012666888061138812
-0.024211372651774785
-0.027666464167366876
-0.02485595134681134
-0.01801357405659708
-0.012042242231933321
-0.011310976242690902
-0.015482486408947336
-0.0205869841436895
-0.02148723660364827
-0.01699391111139262
-0.013636568897666951
-0.017173602121076628
-0.021927091547511574
-0.020161802239308198
-0.01118429101456916
0.0010206350858091944
0.012179511093937398
0.019659844154704884
0.02274120958371518
0.022058296489278567
0.01885412551428428
0.014394100977218214
0.009723614447242124
0.005511482976178377
0.0021145799736658017
-0.0003576833613895131
-0.0019252895251504094
-0.0027766719447829533
-0.003093840867360731
-0.0030300658443041025
-0.0027452596716232933
-0.0023561294213400026
-0.0019516269707885207
-0.0016123712982644375
-0.0013635664217856308
-0.0012191961004592736
-0.0011948103842754796
-0.0012818895385213257
-0.001452616017677914
-0.0016656226214353679
-0.001833609729539075
-0.0018199622629055802
-0.0014443786474821047
-0.00045251055261534676
0.001454896662278733
0.004514294931953109
0.008805764280832606
0.014065975766382514
0.019460933720454508
0.023463313219178487
0.023978836034786382
0.019038728980448286
0.008084652988811879
-0.006566785322330736
-0.019290241482084938
-0.024191861138019462
-0.021426223057323477
-0.019926113956406297
-0.023410217500569187
-0.02313462185384612
-0.013939345252708724
0.0004977294500375902
0.013891295214386905
0.02204984385214157
0.0240257373041043
0.021200703098644965
0.01578307911641182
0.009791811157581447
0.004598523841103283
0.0009437002724825896
-0.0010238153568838575
-0.0015140302295352378
-0.0008780129985689654
0.0004733043900435742
0.0021641139881160214
0.003893024309745323
0.005438477931371049
0.006656886998051478
0.007478483269264566
0.007868592574521181
0.007910789196136
0.007647863326048903
0.007101609975997952
0.006330597829022649
0.005515569558970373
0.004710812436097407
0.0041198517408049355
0.004094203100545634
0.005128194644606496
0.008575721209128202
0.017047479686259567
0.025575051849627925
0.022225163356652988
0.011149434110334889
0.005618863569858977
0.005543516332224599
0.008395228555991443
0.013261492365533877
0.01706500194797857
0.013169532655532805
-0.003024782802102472
-0.01979068309071088
-0.02379948832166483
-0.02036604321100013
-0.00546214052567609
0.010739197658999975
0.016243507842499123
0.01633020349076384
0.006878434813311798
-0.0031459988149369336
-0.009619865627223438
-0.01316924583592564
-0.015252718241477576
-0.01529191757385896
-0.01530743890958529
-0.015383984088320892
-0.017076516694966657
-0.016237452377369267
-0.015424679278172005
-0.01892885365440724
-0.016055056588741273
-0.016463495424143926
-0.016822748214135187
-0.016859583942811587
-0.015780528898475973
-0.013181792499935742
-0.008331574054216096
-0.0007519544422202351
0.008982017046461182
0.0184448819352996
0.023212130525152436
0.019113881876066607
0.007780891473392427
0.0009823910667880933
0.006484275459293645
0.014068525089493364
0.01821829313446652
0.016096535021000783
0.009871570926226326
0.0068346850238710675
0.014540651078756722
0.02568864980104183
0.029584620532719066
0.024034306742100938
0.013313613860092945
0.0026483545326182333
-0.004781224337024874
-0.008297036356428424
-0.008781285831746824
-0.004702082619405104
0.005076208407934498
0.02873543968120532
0.07432873524565801
0.06700453522494731
0.020627609189616942
0.005754167907873065
-0.005735970917869574
-0.0012035608761003396
-0.0032750074954169695
-0.0014397323687008648
0.0006991863948282912
-1.0451247092232338e-05
0.0004767564722618903
0.0002550508603252728
0.00014495339347722782
-0.0002711093637139357
-0.0030559654494108
-0.01170726471746041
-0.0022120987951824733
-2.945184495229117e-05
0.0004114147238841662
0.0004595857448779523
-7.294620420874448e-05
-0.0035529690462315165
-0.009924311596093265
-0.00015855570665957968
0.0008335518764592886
0.0011156676555794762
0.0014277475343228655
0.0008064434463048416
-0.003127271267966934
-0.0011959130010633858
-0.0025350251957092372
-0.0034490280215234027
-0.0033778632837764013
-0.0035822389322013285
-0.005242141792103151
-0.007324126763415875
-0.010052278469157292
-0.011766918084807634
-0.016542668578892607
-0.014088874907140628
-0.016541016439755068
-0.010854513283128907
-0.006609792306136657
-0.0005287057253177389
0.0066269776292097095
0.013865195974804545
0.019616159670078886
0.022356410211669297
0.021371791591349002
0.017547321407585054
0.014108571727090336
0.01573341762153869
0.024117522737046503
0.03163868284420114
0.02526804464500969
0.008376742580259638
0.004067116566858784
0.021195454319464214
0.041247114518931136
0.04104570647277168
0.02829611669538004
0.02000936153044743
0.01931484712194643
0.022211878494744226
0.02426224423937126
0.023524323394643623
0.020144077878151558
0.015479860087736936
0.011540639534964894
0.00752960010325185
0.0009688159862706137
-0.004444972456195315
-0.005993240039073375
-0.002733181831643522
-0.01038800846608012
-0.013794709860484177
-0.013510634397715555
-0.012386666079849583
-0.011184089805152881
-0.010009026631378022
-0.010464579714769776
-0.009258178401959378
-0.010186153415595249
-0.008125197859956738
-0.0073635269287209695
-0.009489569292013127
-0.009163699629499615
-0.01035291334410756
-0.009433956140831447
-0.009093417452420123
-0.011187359398584276
-0.006621862997577065
-0.003925428706382542
-0.00035454470994859377
0.003702862633760055
0.00783902352422659
0.011183199660484712
0.012910074911197413
0.012144275279211428
0.008658531801316455
0.0035996333151240537
-0.0001141080723829926
0.0014044169933041353
0.009604589049888122
0.01846302774272779
0.016187569501361264
0.0013569924372457852
-0.010336092224876216
-0.006861581876672652
0.008615996150985612
0.01877326794742285
0.014811932132287474
0.00531810967305618
0.0002023828552531065
0.0015611028378864735
0.006312303089423229
0.010797999538177621
0.012893678856150101
0.012053006796127195
0.00895036798726585
0.004597278264794198
6.819027511031553e-05
-0.004012960093456684
-0.006375455967914034
-0.006761496780706967
-0.0060378680271637635
-0.0043169632327361126
-0.0020112266217560022
0.00037162483223162246
0.0017180468044855595
0.00020888377154446114
-0.0008020253502947678
-0.018923083593709106
0.00038569059655896293
0.0077442545634370495
0.009556822506444204
0.01017830109148444
0.010349333461596503
0.003957231591114829
0.008571692565189686
0.0021985361086930733
0.007020612692516026
0.006817651276335268
0.004242579647593674
3.141068220337133e-05
0.00252799544943177
0.0037868778839757725
7.396090094378918e-05
-0.0034279049389082422
0.005901518006301805
0.006992681671437479
0.008151575911766355
0.008655679478736895
0.006962253315292047
0.0032305351695840778
0.0021906789656016097
-0.0034836509104225234
-0.012853860131964242
-0.014085846979959179
-0.0019450643507070765
0.0007723662932226536
0.005838232376356867
0.006364743283279766
0.006477678353452291
0.0057679263992313125
-0.001822529525332888
0.004751965601608321
0.008541261204079505
0.009157086180315506
0.009034139059455534
0.008262592759811118
0.007785271846991578
0.003644778206867212
-0.008517612898000128
0.0002540828472615313
0.0055893055441018505
0.007780236756257611
0.007878098772888292
0.0071123100256154665
-0.019383607331615853
0.006685985096084348
0.007262152438888909
0.007300970224174594
0.006568138058298508
0.005620240338348132
0.004630560904664881
0.00334389594759953
0.0025067927017456038
0.0012684095040018566
