1.0170247645161985e-15
-0.0012444455007434797
-0.0014022502423677074
-0.0012065887747393963
-0.0008602577191038088
-0.0003976020746237361
0.0001608563836986882
0.0007904867492370495
0.001499813269316486
0.002283749121647573
0.0031360416890629413
0.0039942013090941576
0.0048614880865126
0.005734009219340815
0.006582132493362829
0.0073537640253431655
0.007996004709700504
0.00842847981703007
0.008601870313852454
0.008738241768546763
0.010258482467901966
0.01802100895553583
0.03399429428310894
0.027228075933459436
0.014692023121752312
0.011807983075613388
0.0131560817004325
0.015556305509221584
0.0179682142820281
0.02016956727626171
0.022132786515816474
0.0239341679590145
0.025506785645459624
0.02689351671790549
0.028105234812984634
0.02914126522660584
0.029976771547811625
0.030655857117263156
0.03107793785795856
0.03130331595055787
0.031223352423819798
0.030808217765240627
0.029992692525928642
0.028682903818779117
0.02679824257443903
0.024180951550825478
0.020635626554741902
0.01589030779306679
0.00961983562554262
0.0014266855097352358
-0.00919781914193218
-0.02274998230307509
-0.03734854307046439
-0.04218821348943087
-0.010066286975880363
0.03671872592031067
0.03921655121426173
0.02709058297971802
0.017413032809702418
0.013084236127635618
0.010568691785984047
0.009956699270765514
0.01496835827990779
0.027438686835223405
0.04116593759420164
0.02557271348214262
-0.02379751786222996
-0.04274690890045169
-0.03584580206918054
-0.02220940226399254
-0.008870019777114987
0.0023596949760764214
0.011472199987480029
0.018815462275197373
0.024733321243346963
0.029510114950250552
0.033306979971184834
0.03641179022762306
0.038970893311201446
0.04112275457006289
0.04314318273175017
0.04454594268426411
0.04522577928748386
0.04595366103013859
0.04660232465300725
0.04705566570894097
0.04730256264447346
0.04739264697520274
0.04736482472235324
0.047090221931195435
0.04673554547370592
0.046277965559990746
0.04569924383257781
0.044969098292891835
0.04376815409443649
0.04321137955658593
0.04195023655857317
0.04109367323627787
0.03994811139932769
0.03866038689176816
0.03724895166621173
0.03561583645218856
0.03361768207918857
0.032261358082180516
0.03013350830383935
0.028208536675754115
0.025818617588819807
0.023100632117712475
0.0199654803384001
0.01623807254116754
0.011702319133226126
0.005573390330804001
-0.0006285366545700396
-0.009917196044307356
-0.022710611576675806
-0.04020685246707812
-0.060980806613529906
-0.06399961932479552
0.008618474950684398
0.03811456710510228
-0.03939475088876114
-0.06957535520461688
-0.054966979597450685
-0.038660194291313205
-0.028329945937180075
-0.020194032705004562
-0.015365851944603558
-0.012431747288565477
-0.011019185466834652
-0.010157260815423874
-0.009971908646592482
-0.010277716641094576
-0.010782717851488663
-0.011551624574844458
-0.012460014559815295
-0.01351883522328774
-0.014693639632146947
-0.016067385271227023
-0.016826910360218796
-0.018089545409125548
-0.019664479736401196
-0.02117263782780512
-0.023850315068592948
-0.023312573020808677
-0.024186938447558193
-0.026737621473969048
-0.02749536720605839
-0.028783906124360707
-0.03007600758015142
-0.03145856598467819
-0.032363266833678156
-0.033309581215495855
-0.034391240695967544
-0.03562816830306667
-0.03722588075124927
-0.03758179140080986
-0.038406805422385525
-0.03901153579237054
-0.039539231651558426
-0.039897211604453836
-0.04003094062865079
-0.03993231317789096
-0.03953052354081013
-0.038746688610780525
-0.03754625192655807
-0.036359239061692666
-0.03443673988006519
-0.029377850118550992
-0.024515233931966144
-0.018334641931165397
-0.010664355392545892
-0.001371754809663428
0.00951427091331048
0.0213923080788392
0.03293247208480634
0.04133663468829033
0.043021214138017815
0.03334329992482195
0.012171139698999078
-0.009703614608745064
-0.010624282494219733
0.015469976497788734
0.034148149773890156
0.03556372306742275
0.03475947000822316
0.03001076220671359
0.004487352038851019
-0.014620997153315945
-0.008863839342727668
0.01022728599564341
0.02793274189375844
0.03807998564720385
0.04086248411737081
0.03863631283849206
0.03386469010033782
0.026705988520830837
0.0199953628116711
0.014448177103220697
0.009130840260712685
0.004552919391236464
0.001114372637007172
-0.0009595322041390937
-0.0013691035523863187
-3.679953984875139e-05
-0.0028020570095605795
-0.008216432502465298
-0.012149760273145042
-0.014130545767346814
-0.01597100571154917
-0.017547350864714345
-0.01792040020686841
-0.01895716210598131
-0.019144952912362456
-0.01953435886582619
-0.01986867094189658
-0.021188153681951313
-0.019987732649318853
-0.019825161325458526
-0.019682914754166426
-0.019405456486672065
-0.01907424034593233
-0.018628700466597207
-0.018024317611699366
-0.01714017075664047
-0.015679907584715592
-0.013241918695190103
-0.011729523638156164
-0.012655843875772762
-0.013907360320390891
-0.014333316920181548
-0.014328683430713092
-0.015243004732724986
-0.013499645257834127
-0.01264187311831299
-0.011497646830130223
-0.012200433178655068
-0.013137012049716647
-0.01369627459684802
-0.009469859793696085
-0.01194132266409565
-0.005726259340028272
-0.0028078424396762685
-0.0029563873835583825
-0.003972368729471763
-0.004288782822493149
-0.002889371724064154
-0.0022841171524515735
-0.0018661472381247262
-0.0043847294588618795
-0.0011438681083962025
-0.0042641764705279445
0.0016484359154984311
0.003172520925916499
0.004815803804841309
0.007052379166568357
0.009321378075583942
0.00892935368648297
0.008425530795469241
0.008111770014636492
0.007752622058862729
0.009774004180071351
0.010587415895291117
0.011340203534817973
0.011181080496905351
0.01180957704520021
0.014836722063739998
0.01742274691882733
0.016314285542171743
0.01680332680607709
0.01721572255128711
0.017735675334251598
0.018249994345029944
0.01886456596699532
0.016246299063588248
0.019678507116072396
0.02047331580851253
0.021477224798148238
0.021287023090010158
0.02276316274811433
0.023305961184372222
0.02371284711895905
0.024812685769976726
0.02541523278046387
0.025751345930837635
0.026575098206906508
0.026667503480862942
0.022232567206491388
0.027124742116722916
0.027837714748470913
0.024915835888001975
0.028806977570284213
0.029148055269057865
0.029723831869058876
0.028859449646816693
0.030202370015375336
0.030679091248749624
0.03087803188783859
0.030933754394291302
0.03106086284316838
0.03103627708633567
0.030863385864569787
0.030320128818476556
0.028046037657226817
0.0291503393468704
0.030446514020380587
0.030461618437023115
0.02984637953263867
0.02908120567726703
0.02815877976422034
0.02704543552881684
0.025405533670417164
0.02377443673744426
0.020861283463650657
0.01769209832928671
0.013424914479321736
0.006997390053325149
-0.0010049782255460503
-0.00910367890907964
-0.01901882414348138
-0.0274116310207738
-0.017360214024341354
-0.015073649487368692
0.004302706834496535
0.03134547698354489
0.035326718467756486
0.031355620570389924
0.03313490568802313
0.036524921446046535
0.011135396799331919
-0.0176508564098057
-0.0324497343546625
-0.03524563861596743
-0.032178190612083865
-0.026838355924045907
-0.02276324349933411
-0.018588962583511216
-0.015606359585744831
-0.013848353968541829
-0.012695937013705147
-0.012006301528573547
-0.011742803976128365
-0.011874805913236947
-0.01234718784558517
-0.01322874102016789
-0.014067678734851053
-0.014820607547379488
-0.016531282222962924
-0.018236018984446323
-0.020006826675452814
-0.021887670704948688
-0.02389094236102092
-0.025774979168822452
-0.027682840713200742
-0.030495819706847394
-0.033062584048751086
-0.0318875202499217
-0.037734666489921014
-0.03997038379920391
-0.04155102228186975
-0.04133415431832131
-0.04446906072931554
-0.04497679186067064
-0.04420556030082881
-0.04203082649633906
-0.03745860979078978
-0.0308343712561396
-0.02008241664569829
-0.0013194849596007223
0.03202089495352728
0.037607221533738744
0.02580590351967202
0.029737205252635544
0.03006817764358065
0.02385420635906859
0.006456858060640216
-0.017311759177715515
-0.037142361647613885
-0.029379549521090554
0.00877818245619355
0.03700402260881564
0.03919379263736135
0.03924615398093318
0.02215482355310007
-0.018207221048157862
-0.03943743605867044
-0.03032795605529696
-0.007751529754258801
0.01336677066835634
0.024772689180597798
0.02834197956132247
0.026736173072962506
0.02112077049511142
0.011754174485054709
0.0022429777071703754
-0.00681642643232114
-0.013965241576165912
-0.02042858451333607
-0.02412010445134913
-0.02939589600861715
-0.03235561211919296
-0.03211250000448506
-0.033987325388828885
-0.03290848258390387
-0.03783309601650623
-0.03932930734656789
-0.040454560007019934
-0.04083711642998163
-0.04091677062943702
-0.04009619417448953
-0.04034102674860653
-0.03999109359824933
-0.03920875042338633
-0.03782820774070836
-0.03335367748941693
-0.03371563541978925
-0.03292758178483894
-0.030364436207438533
-0.026706976089330592
-0.0217512796182224
-0.014943116711667304
-0.005365415558046298
0.008118433936334853
0.026085925558905466
0.04461705487784295
0.048792699933673606
0.04597973855262043
0.05003155917798309
0.041146946022466296
0.027097349599724496
0.017929848815035097
0.01335935688478834
0.012634101682916577
0.014887417675999062
0.01944773686986749
0.025560127943946225
0.03225093996829821
0.03698054316678371
0.033679575791180694
0.015987488512524597
-0.00026415743028175315
-0.007011039969613955
-0.006590497957809309
-0.016264639492308934
-0.03351738644307991
-0.04270172702681853
-0.027031539663439397
0.013837519049942024
0.037286588470819726
0.03731756766790943
0.03718770368121027
0.011360380167791404
-0.028311360937184206
-0.039567480770401876
-0.029861572458965542
-0.011058993011499846
0.005793252757488188
0.01736927911247989
0.024477492709351446
0.02751855502288407
0.028414050730049868
0.02832055735980374
0.027952606198378877
0.027316771857552456
0.02776407881183642
0.02747117975286499
0.027141472418486617
0.027626798122902144
0.028945096151634323
0.03474880349304568
0.03164716670211676
0.02953216430237162
0.026547715548994523
0.012142151395498518
0.0030550507354271746
-0.01067228133439459
-0.006334223809440854
0.005843965620078803
0.014904280694456012
0.02386112945807341
0.02701796125392265
0.028934246116751067
0.030067771051070863
0.03002894221638364
0.030965422869360326
0.03398854555095057
0.040217725626743084
0.051256578729820985
0.055217469188940174
0.055237206333177254
0.041964697349401864
0.030469604011404316
0.02511261611949787
0.022119392228973737
0.019618944139148786
0.0176211220131989
0.015700907865690852
0.01472263245552494
0.013070092115285694
0.010201503995348589
0.0074819602642883405
0.004309647837929222
0.001596370910022417
-0.0007707823781594513
-0.004573390743185838
-0.008307473477846153
-0.011253249952461889
-0.014426520076706025
-0.01737652404012279
-0.017010718567974783
-0.02116721598025961
-0.02600684585943358
-0.029160955620527475
-0.03149608057387205
-0.033832832700389094
-0.03581743205191758
-0.03372771077439077
-0.03883572111201591
-0.03892267867724464
-0.03979829387332287
-0.040131287618767365
-0.0332948392267996
-0.03817015247746705
-0.030172605898463854
-0.03216756788756474
-0.031175336386647063
-0.02835674785140627
-0.024303186706613356
-0.019217193994781084
-0.014559288296709865
-0.009655195767591477
-0.0042487663804302855
0.0012388241465522145
0.006347993332248331
0.011377828040993089
0.01605523150725384
0.01977721160475326
0.022957685929852742
0.024839745779788137
0.025882455095621995
0.025905912358548215
0.02496196080249964
0.023187374622616806
0.020727981315086044
0.017749749301136205
0.014394168971668805
0.010745799717917576
0.006864992542820938
0.0027676718289379163
-0.0014583321880074452
-0.005823929468046567
-0.010411723975039698
-0.015157913042607994
-0.019876177005749306
-0.024326916277783175
-0.028243584946544432
-0.03134863285805508
-0.03339101708183337
-0.03418118907242266
-0.03364082879607006
-0.03184509409331726
-0.028984373719246993
-0.02530485833074606
-0.021074422505594558
-0.016548898767301284
-0.01194213682277595
-0.007413348945036899
-0.003069603219688679
0.001038547533121602
0.004919352130681985
0.00855853392695583
0.011950901265702826
0.014899900859615811
0.01807585201529185
0.020650448739052037
0.022831380630113238
0.02446452522184421
0.025466018234511077
0.02579082140378582
0.0253781037631893
0.024179540997702375
0.02230081119185937
0.019818879452208636
0.0176943285119704
0.013463630972983226
0.00947804447607753
0.005249771774544362
0.0010081448640864596
-0.003248271857710034
-0.007458795731423266
-0.011392690591613349
-0.0151770130422191
-0.015968993115508076
-0.02204592845710205
-0.02483920039963572
-0.0278927922321687
-0.024915852931933286
-0.03216679229485439
-0.033852002914724684
-0.0346259575621728
-0.03415405426506451
-0.030085992643333226
-0.03591685868785822
-0.037399063582081164
-0.03755653727258177
-0.03887320786808589
-0.03910906127063642
-0.038904359925407236
-0.03852489766228977
-0.03766761690337772
-0.037201254968064326
-0.033019741502424184
-0.03385073385429751
-0.03684631894273137
-0.03802208616342364
-0.03906567717987064
-0.03971368559308234
-0.0414692401836377
-0.040141266285821514
-0.029773637325589138
-0.0015949991708342996
0.03025184959416546
0.03634568529287386
0.012536511875458777
-0.02215161774687886
-0.03792441757578158
-0.04070115493785762
-0.03652151634981852
-0.03021644333651815
-0.023298114378959893
-0.02080230894766451
-0.017163285818001157
-0.013761565360164704
-0.009088938927344371
-0.007913561968809482
-0.00517546081090655
-0.003368558880638356
-0.0019982196026342718
-0.0003389364606725876
0.0013771645479113274
0.00714430276516197
0.0049491894776094066
0.005232924412804916
0.00724196157555058
0.007678320222211164
0.008442018755823871
0.011135937072048343
0.010143986770879082
0.010780352365496154
0.013946607250082498
0.011956839680607787
0.012624255899951062
0.014275045347023901
0.01490565716958855
0.015570269173247818
0.017610677995414856
0.035951788381624904
0.03749336823325877
0.016742272688231984
0.01904564578600819
0.015007795359221107
0.015395273964925148
0.016193784403206585
0.016441931194181098
0.016489930353104146
0.016643410953779518
0.017016776955708267
0.017916188559934258
0.017271142832254893
0.01689130521020207
0.016917913315425952
0.01938803313352768
0.01705564087533079
0.017961090542253897
0.0168434861923586
0.01725956935107019
0.0159162173963506
0.016457351840236313
0.01567736051302471
0.016103770395002392
0.014785243943968667
0.014146891644645882
0.013612213968627088
0.013088721356133013
0.012578068362167287
0.012257592280050226
0.011238360608768556
0.010472998361779666
0.009668485238422165
0.00879957455297351
0.007859413430872304
0.006864988303812273
0.006077214891911203
0.006216348207943361
0.004787496732097652
0.0032891638072797638
0.0022778832023745916
0.0008012463751733431
-0.0014322492955464716
-0.002953451953980835
-0.00294111632060481
-0.005746198046580277
-0.0032152567216867482
-0.008740553003050685
-0.008418126929656197
-0.012604697440510888
-0.014622207584937204
-0.016387190380763243
-0.017988948523484493
-0.018888826461075942
-0.020339176005612154
-0.02067885319151959
-0.020052558155560438
-0.017098893153414216
-0.008865131380931491
0.012214389115449415
0.04482167267047481
0.038576916258996286
0.0038586557640441204
-0.013925432660429924
-0.023451338112962433
-0.025273396621531805
-0.02944411365896126
-0.029463211473213746
-0.026352747749267356
-0.025849650615844218
-0.023718637483328163
-0.02017984879057423
-0.01562569847510894
-0.010111089287012516
-0.006010905205920004
0.0005274153515507646
0.006219216545543765
0.010307691155683273
0.01497243882931724
0.019404499748536246
0.023309471745986132
0.025029762366769025
0.026073296981809893
0.025792983094018933
0.024258923024590283
0.021639052506970447
0.018257574125635584
0.014299523994785422
0.00992513119053175
0.005193799158190881
0.00012631913707051353
-0.005223624065421078
-0.01081557095270213
-0.01648765544680458
-0.02186197164624177
-0.02642680531058111
-0.029642632235858436
-0.031074223926596544
-0.03051678423069282
-0.028070855916319675
-0.02410031388737823
-0.019113324533594163
-0.01362693828409779
-0.008058086116982152
-0.002684765366953248
0.002345879726551883
0.006992833581156305
0.01127027275673422
0.015177015236335722
0.01864265662176449
0.021522711486946816
0.02368191689519455
0.02506567107557366
0.025689428930131267
0.02583593935982662
0.026013404945484004
0.026538534916077952
0.025520964316158842
0.01841494691122167
0.013888306592574243
0.02380665162625032
0.02952107244023152
0.024299274173315493
0.015334734091350574
0.006445389483324927
-0.0005804282505858733
-0.007742530761042655
-0.01190803105504696
-0.01644447057501305
-0.020146524423338558
-0.021522080833449524
-0.02574910337279729
-0.0279689380167788
-0.029240117843408332
-0.02995226262282183
-0.030199350981200725
-0.029201988347421885
-0.029328758635943485
-0.02598846011904463
-0.02871104104513417
-0.028254741155530155
-0.02733294310241674
-0.026267189313280846
-0.024977836853022704
-0.023128336869061034
-0.02238987404820965
-0.02095484218430433
-0.01913120398086574
-0.017116101773888
-0.01617625192987677
-0.014864098664225195
-0.013149503510793402
-0.010625806964458693
-0.008600641377878488
-0.009252884728581112
-0.007828875649065132
-0.0044757376938514
-0.005048506023490228
-0.0016932294163015751
0.009287606106615843
-0.001838310195257995
-0.0008343098536125855
0.00025181130648923986
0.0014501286979137688
0.0026141262864788728
0.004211162901330974
0.004493810635448714
0.005459455345377854
0.00645707610107065
0.007523872277248926
0.009048230372168663
0.013037243698788711
0.011636049371956125
0.014947750874606355
0.015784923396172386
0.019948082683352186
0.033749001741043845
0.03744411031231272
0.05006258162152722
0.0491890235572554
0.05140372389717392
0.04167730342541594
0.03227710689344308
0.026706362463543687
0.02234929256178436
0.023090480188771783
0.02782665603418976
0.027517259711102835
0.04276783690120234
0.018896868511539593
0.017215710350222336
0.016714864855899233
0.016345211042927917
0.016132610088250118
0.019046677111690512
0.01633385778339415
0.016372257400882544
0.016660307586396153
0.017155355263522
0.017032194362830422
0.016933888393342672
0.01691489569333317
0.017106965342370557
0.027817295434062313
0.016323486258247137
0.015975975617448762
0.016358876403223168
0.016722997779567775
0.02179949796738384
0.016650604379403314
0.016538947090579684
0.017383565527769526
0.016354380660587184
0.016192026661778124
0.01660424892490837
0.015866076258094695
0.01563400861489484
0.015404188260362765
0.015156639838380219
0.014920151136193506
0.014624952029046696
0.014332694564204482
0.014030147558183086
0.01388937514657657
0.013421211529122366
0.012834285689858085
0.012442161451691993
0.012102533896165446
0.02160007841654291
0.010998769415392438
0.010075466250642451
0.009613733587460732
0.009466672048011295
0.011388487153560044
0.006329360575765536
0.004437603164272219
0.0024364770243954135
0.00020209910008707648
-0.0010574485686226142
-0.001081608726106107
0.002465268964778715
0.0057217075527384535
-0.004177180398058386
-0.0058070204593158176
-0.007531492834973746
-0.00946077267449881
-0.011181496717220673
-0.014242672489664645
-0.017161437470098725
-0.020840400578201752
-0.024913736103128595
-0.027097054210521714
-0.029988780713203614
-0.027185399879767022
-0.031163766205677238
-0.030684773530034067
-0.023178347672818563
-0.005868323405808123
0.015573312214015643
0.031239876617688733
0.03072760682819868
0.027382938595327675
0.02935580075195483
0.03255556792128158
0.023314905848873694
0.0031563502606740436
-0.01516398355815483
-0.02528265475523218
-0.030978256751727527
-0.03223363151031664
-0.028375270550510676
-0.029264957145974418
-0.02863687051430148
-0.027375289829751404
-0.026823044257777054
-0.026339797486289646
-0.025763705251746916
-0.024903056147491057
-0.014273315158005208
-0.02435389459060533
-0.02532735041311188
-0.02542543249694112
-0.02570984108293627
-0.02651501428028536
-0.02699247592256888
-0.027389574500496935
-0.027946283409268795
-0.028433857376873213
-0.028798006074699817
-0.02923575523239994
-0.02851592630567761
-0.02998320707237315
-0.030198990277117466
-0.02985841129534813
-0.024038716437376036
-0.02944904546682797
-0.027438584987430962
-0.029154955061708412
-0.028327967724693506
-0.026859007702887502
-0.025441832479966627
-0.022215943685643166
-0.022278539325209047
-0.0185817238219058
-0.015801206625670913
-0.013566641789336545
-0.009575151564514339
-0.004605512892400739
0.0010783095316412039
0.007546230835078022
0.014609488759201414
0.021558746001458223
0.026698088380826015
0.027071637312972827
0.021963406454113252
0.017549152038774503
0.018031251600374647
0.021606591588470545
0.02371841659776819
0.02434294975694968
0.023775383912975345
0.022416655710690056
0.020201519390824253
0.017153541260789044
0.013385000296974984
0.009016531331319176
0.004107207580521865
-0.0013676848548859815
-0.007331960865073857
-0.013541746429082891
-0.0195345107989679
-0.02462854330665526
-0.02803287374091457
-0.029122425784978347
-0.02769199908980495
-0.024043618864433087
-0.01885706230517445
-0.012925895711624693
-0.006914210864248435
-0.0012469835870446877
0.003948316865963596
0.008748967375021958
0.01315975794396612
0.017090048201433724
0.02040945171480564
0.023052461904461412
0.024847328410604018
0.02578506900932341
0.026048986180983138
0.025284586761596152
0.023969531407861035
0.022256857828702438
0.02023551698761012
0.01830807007093212
0.017012293921399486
0.014309306264231594
0.011648456783247644
0.009387653075916574
0.007529541441812091
0.011650663276499253
0.0042426189550906325
0.0023573451891037165
0.0011992539110786714
0.0022690537896960248
0.000554817221151749
0.0021520107604417332
-0.0014183350256019886
-0.001638445139137366
-0.0015950116153714041
0.0031710232935809016
-0.0010961532048284672
0.0013477161113072261
0.006019654292123259
0.011525681173665004
0.02784649510930724
0.0005691357135844382
-0.0008723967534402586
0.010149850101995664
-0.0003387426369294447
-0.00012645952511390499
0.000605883544387469
0.0023857790169194123
0.00320340589177976
0.00332761614064068
0.004171700763629908
0.00523844743194487
0.006370097289944803
0.007637068273887574
0.01576678020166965
0.01058414113492395
0.012826921279747699
0.012904343079652773
0.013918333616409375
0.015038551905273811
0.01630144710010174
0.018052189834236402
0.018730974069676817
0.019908322723381434
0.021037535550164382
0.0220751277281838
0.02302438887024083
0.023921308915163465
0.02477945110075953
0.025456620322051815
0.026016351059230572
0.024907607803623555
0.021726654060652238
0.023105038783627588
0.024412864981734506
0.024507618826191676
0.024214526956629887
0.02368817259252431
0.022968873582205816
0.022075399777259266
0.020992953968126733
0.01968481775846149
0.018506362907180666
0.0170948831999822
0.015556849497653649
0.013919438633147709
0.012194990227577897
0.010381739724534177
0.008482025249884131
0.006493491191080562
0.0044156963516051
0.0022377846463946696
-4.048440844684229e-05
-0.002429953444326178
-0.004932508437730763
-0.007546113789928438
-0.010263735662933352
-0.013072378239170896
-0.015953018693859327
-0.018876291745715108
-0.02180347388617429
-0.024688603793950072
-0.027473261210641253
-0.030090397577687958
-0.03246770577694501
-0.03452990292278327
-0.03619859032011954
-0.037389808075523126
-0.03801420643768986
-0.03800327870984013
-0.037366469375840525
-0.03619505720286592
-0.034614891925692295
-0.032762460455266165
-0.03078534188613582
-0.02886298301699136
-0.027205032664896458
-0.026034715775279313
-0.02556619682003588
-0.025964985668713206
-0.02729099781846003
-0.029401520797777497
-0.031881517492066434
-0.03409389039369678
-0.03536623496451986
-0.035246788949062004
-0.03371391041448683
-0.031112720677638924
-0.02793483475737588
-0.024744227921817425
-0.022345538792026
-0.021992294372445136
-0.02108701085993705
-0.015539019227346558
-0.010657473591380903
-0.007163090699094448
-0.00449001259334001
-0.002344764071160086
-0.0005923427964198962
0.0008435929118283043
0.001997295246298523
0.002891042306303784
0.003533448309418908
0.003922593890926718
0.004042594690522246
0.003859836128416395
0.003338741131553201
0.002559845885160351
0.0019400937403118747
0.0016731163359745395
0.0012896561865763918
0.0005436696491805456
-0.0005565985913953548
-0.001971882998275899
-0.003683370248015141
-0.00569082432391603
-0.008003855991063255
-0.010620757011467856
-0.013503308942441216
-0.016660589483538147
-0.02009589470554433
-0.023689262853779296
-0.027169516864627968
-0.02999888347715473
-0.03150389167551414
-0.03147455369997449
-0.030716679908022817
-0.030425108780760598
-0.03110120680488161
-0.03246860508410829
-0.034056795736643906
-0.035659741273659014
-0.03704752718339782
-0.037989777363031774
-0.03832406224510724
-0.03798130694873588
-0.03701014286940936
-0.035517564206218794
-0.03360902206725833
-0.031380705871821346
-0.028910087837870482
-0.026274705548876204
-0.023569259296486105
-0.02087538407813525
-0.018188976874033817
-0.015517018136682187
-0.012980976952880622
-0.010651693350538533
-0.008634588086759282
-0.00721168201009085
-0.0071046766494230985
-0.007181212750819507
-0.0034407886123540097
-0.0003068000106459221
0.0018448765485135088
0.0034829407264747934
0.0047791498084690685
0.005792492104726853
0.006526074132319673
0.006973281310303784
0.0072703250594151345
0.007666706562280849
0.007917131191616794
0.007919036670847866
0.007595410950641888
0.006935143352477151
0.005918900121224226
0.004534526879108729
0.002742765259806935
0.0005461424527732606
-0.0020149311696078054
-0.0049651675676045896
-0.008455367437215769
-0.012545359156748108
-0.01714075334729354
-0.022003011788734983
-0.026714331120044694
-0.03067704709654947
-0.03321590427331594
-0.03377870110207839
-0.032236950470313955
-0.029004008508782007
-0.024774283733493795
-0.02025384480331612
-0.01598914708257848
-0.012309432920997624
-0.009380390591450493
-0.007284775219710702
-0.006041248563102537
-0.005627863354721869
-0.006049857759984824
-0.007310023383173718
-0.009373270648633795
-0.012194670436002428
-0.015648322590462234
-0.019572911488315643
-0.023686982660779603
-0.027588405445271337
-0.030805360991311627
-0.03288001729728194
-0.03347077866977085
-0.032466102531218725
-0.030028173348019133
-0.026494743351632644
-0.02226509599393957
-0.017714874241163806
-0.013137573748494648
-0.00872771238750805
-0.004594295780961976
-0.0007826978800900001
0.0027047795378370458
0.005891252043540471
0.008807154207902587
0.011479097253075696
0.013922960665870218
0.01614077900998012
0.018106583921981178
0.01985690142430711
0.021414547738958196
0.022691358178432704
0.023707432232792196
0.024497976396522136
0.02505017241247199
0.025381633128960916
0.025551561716873818
0.025459835595889446
0.025274320600011113
0.025653676625670863
0.024400521250343185
0.023756451813027508
0.023044323914234395
0.022411020054877058
0.02144549890016102
0.020581807959075424
0.01973091913852687
0.01900953759529404
0.01925199027397761
0.0177427407046666
0.01806368760335483
0.016181554824055495
0.015106009294712598
0.01521299766591626
0.014120720353076826
0.013404694123112522
0.013556241828726098
0.014549096826028451
0.01694018854026809
0.021562422145872076
0.027778668643025677
0.031043325953766385
0.03004239931785696
0.02386786886674565
0.023603398503419762
0.014756026198118985
0.008431422970109554
0.006458584273757476
0.005099308684452763
0.003926136302393231
0.004075108675972391
0.0036136667225150714
0.003721830742003127
0.005025376236900725
0.007836289653795778
0.010045415137567914
0.01132039206611221
0.016232512819991957
0.02477407581730051
0.030881432480811224
0.0301925671192821
0.023810893205620222
0.014864022974846593
0.008138233746693375
0.004332138895097723
0.0019698726854970954
0.000819077519333344
0.0003938458348646107
0.0009223303401359116
0.005880070588385427
0.003984305728432436
0.007120571485974575
0.005177397549471247
0.004918283581645595
0.006159486684255921
0.008358021473574605
0.0113542832449776
0.015096306264940173
0.019314851457409556
0.02343698086094306
0.02629523074381668
0.025853835742582265
0.020996771210328058
0.013225769262869018
0.005402028862388254
0.0008744283703138173
0.0034926974757291066
0.010838324374733753
0.018812500515766144
0.024729639809064157
0.026346933516772874
0.024265684227783597
0.02039761745573537
0.016407473585722226
0.013780948940635475
0.010035376792780755
0.006511825299412309
0.004092073946081788
0.0023775555362348143
0.001003737992216396
-7.934737081121677e-05
-0.000771744911820819
-0.0009589443427368882
-0.00025246167231100596
5.796513869292842e-05
-0.0008042419168812775
-0.00047164046476082553
0.0011093009885303994
0.007743324005599498
0.00019048683076405723
-0.0016896700468077952
-0.0019840670620410654
-0.002020502026148551
-0.0017372222618240603
-0.0012050883487882188
-0.00029223416264751367
0.0012170392080522172
0.002605569899427577
0.001825880367443167
0.0028660204195063133
0.003427786584416205
0.002300664360717964
0.0026994383492172152
0.003361816968388313
0.004383941401124973
0.004957511946787906
0.006624867012018644
0.006810747069197531
0.00788179628976376
0.008737879446165497
0.009892580560093959
0.01114676869291474
0.01345782843750042
0.013501173606305225
0.01435181330294358
0.015481425206762715
0.01670005590526163
0.017835021361874603
0.01899440363396235
0.02011744994453066
0.021320032694680514
0.022262646837566298
0.023127946036120568
0.023912616612941067
0.024624024567227037
0.025302682339998214
0.025296940782404107
0.025380866067894015
0.02521272933683067
0.024727019276533722
0.02409152387836357
0.023199936745242487
0.0220375824937662
0.02058062718549432
0.018840795868049497
0.01704355888046019
0.014985210683171641
0.012728143927398605
0.010318084033523557
0.00775294889912127
0.0050046376377837695
0.0020710329941959057
-0.0010291125078575607
-0.004359119353511909
-0.007918141938290806
-0.01166360364812577
-0.01549622471797199
-0.019358867919001918
-0.0233002046591066
-0.027183508034106237
-0.030221306501875947
-0.03280908901343524
-0.03492972250833249
-0.036234079895907385
-0.036519219525011005
-0.03573381152428211
-0.03399005941230705
-0.03147118530846068
-0.028367386204292164
-0.024863817082490844
-0.02113263480497851
-0.017321532548400655
-0.013545126258300257
-0.009885824041097927
-0.0063967986781829625
-0.003104551274295674
-1.3654595930479165e-05
0.0028839152117530343
0.005602232913511333
0.00814656230291893
0.010525981590656465
0.012742457108450372
0.014789555041189837
0.016641798882836827
0.018302061986712498
0.019471268691923536
0.021000622920127412
0.022061644484343713
0.02286972498755342
0.023456580752801087
0.02381949109580591
0.023905515987097448
0.02341010706465462
0.02222555662332711
0.021831560292842063
0.024368465062207165
0.025823777146583585
0.026157452813054854
0.02548200531269613
0.024593005091114156
0.023632032007730102
0.022737918108630392
0.021862436710800553
0.021045683291179923
0.020249142718693037
0.019472492607186965
0.018809208765091002
0.018232660864454867
0.01778471844265214
0.017643124728236412
0.023430299632499575
0.01736376570203254
0.017503948784800733
0.0182232895612594
0.01949970865996729
0.02150557444601291
0.02445373287510605
0.027408082516164216
0.026028835401176918
0.0154250844253282
0.009040786319558283
0.02071175478154541
0.028046423352041036
0.026478549887314577
0.022377260514072114
0.01868114396259035
0.01589786103078374
0.013715787090861754
0.012065345157859795
0.010799260975699661
0.009823964419723904
0.009083331175055257
0.008493723049200886
0.008044591564222678
0.0079411347799321
0.030921332744639728
0.007392448324322007
0.00692606949481268
0.006731459456706416
0.006986687012647168
0.006949227892897313
0.008097387529420299
0.008153797877829366
0.00998858833715021
0.014923513770006716
0.01794212212365045
0.014120210154567813
0.010536669611183144
0.008385876189388342
0.007526440451182179
0.007739308309210044
0.006853386852108253
0.006652304011960422
0.006642003183041955
0.006712593874668714
0.00685682857084892
0.007079221777204642
0.0074334278511769365
0.008564297383921815
0.009079400435927538
0.026732401804073002
0.009915494490594465
0.009100052495263454
0.008928345902996362
0.009135846614702889
0.009446479968291935
0.012301431136980045
0.01012615943198714
0.01061625037776332
0.012019458109853703
0.013521322747131342
0.012678602543465279
0.013645876859327619
0.015142117225026033
0.017544328870171787
0.02123211934534028
0.02602938446154323
0.02939112442524967
0.026833643652999766
0.02909614644638176
0.02619948589778335
0.02182014673105667
0.019427436135844522
0.018376462322321402
0.01818210554721474
0.026885401079319225
0.018620010449225007
0.0191549850417067
0.020081329847594875
0.02135792357868549
0.02298742744722258
0.024986722102236625
0.02685022043880247
0.02698298592173639
0.023998355952878355
0.021826733399487177
0.023931494848127958
0.02665975067498084
0.02673753748480685
0.025606814447175528
0.02452999196163967
0.023885850771048586
0.023788387936291663
0.023193054420726177
0.023075666282685488
0.02310925159910182
0.02322588279508627
0.023403480507729293
0.023612399581627683
0.02388540186389128
0.02537961150392428
0.02444270774174763
0.024535048878388175
0.024697170937551662
0.02488437957339753
0.025051916615325624
0.0252104791953988
0.025425445110766505
0.02544417073097765
0.02552734053362454
0.026124499248050555
0.02551213220237986
0.025425970198263377
0.025285077201452375
0.02506380084159285
0.024731674333005774
0.024219548093401322
0.02338745250174635
0.02296337722962112
0.022697809326803813
0.022314148491110707
0.02176551162722241
0.021033302591552144
0.02017263641055579
0.018981547457984776
0.017912397951445072
0.017087298689150526
0.01581016165863482
0.014362304880087181
0.012759044812199449
0.010995518351794433
0.009059662171132313
0.006935520300548947
0.0046002280595248395
0.002026754416358073
-0.0008064777252486865
-0.003908535183397181
-0.007329220248866737
-0.011070012425084323
-0.01509251633572785
-0.019301981602370816
-0.0235391031780473
-0.02755137089910927
-0.030999346969858475
-0.033505346465826445
-0.03471963170777349
-0.03443408404783198
-0.03271991163050856
-0.029890843774749484
-0.026349103831181286
-0.02246331176263049
-0.018537183650882746
-0.014812744674429367
-0.011431759822616034
-0.008456387490133032
-0.005895095387192485
-0.0037251018141654284
-0.0019227208319788133
-0.0004530574631339741
0.0007203207147902463
0.00162875912226927
0.002312796985181736
0.002788825180319397
0.0030765249759757388
0.003196542303270327
0.003163325561472892
0.0029788791614101568
0.002649253992437028
0.002216188487026808
0.0017840467593850879
0.0013280042182883915
0.0007612046716565093
5.808718524163227e-05
-0.0007891673398675113
-0.0017991336558050147
-0.002982119797213747
-0.004223698352279727
-0.005169773248244855
-0.005791617622619387
-0.00646606800460063
-0.00732876189040627
-0.008347567224995455
-0.009478895140132781
-0.010695509296705673
-0.011982243421863239
-0.013329762332383623
-0.014729144570358803
-0.0161706930942142
-0.01764816624435139
-0.019156920263246814
-0.020675310846126664
-0.02220421458596917
-0.023754910129455225
-0.025323048803364737
-0.02690405300372358
-0.028487814917160674
-0.030062816807627544
-0.03161113845158452
-0.033105086615330036
-0.034508254546386
-0.03580418315710913
-0.03697798862259025
-0.03796536849355964
-0.038666036082891375
-0.03897988630420903
-0.038893905692032986
-0.03857789355916453
-0.03832177711715531
-0.03833782777821663
-0.038637680968583527
-0.03909072554544608
-0.03954166527373367
-0.03986805864217796
-0.039986971071967976
-0.03986207807889792
-0.039505371460416376
-0.038953937889801414
-0.038243443602452756
-0.037403311952218556
-0.03645670299534876
-0.03542348353600353
-0.034321789115709614
-0.03316840310887621
-0.03197953866135367
-0.030771893509338694
-0.02956210131359512
-0.02836682404439127
-0.027201718562692892
-0.02607859353821898
-0.025009502868340115
-0.02401101450743572
-0.023097291452434266
-0.022280080505662152
-0.021570182172371152
-0.020977653429364942
-0.02051167726385845
-0.020179822994818124
-0.019986394774658703
-0.01993702707590961
-0.02003953613446889
-0.020296102685443976
-0.020707249891242282
-0.02127131922525051
-0.021985253071139053
-0.022842371677986414
-0.023833101604321085
-0.02494597709609953
-0.026165593276382987
-0.027472573689118596
-0.028844080004609335
-0.030254721880298565
-0.031676679886103745
-0.03308027862053777
-0.03443501626774657
-0.03571027592777203
-0.0368749654247229
-0.03789705971735538
-0.038744073146767095
-0.03937942496519851
-0.03975928463529672
-0.03983846871731008
-0.03960549899061336
-0.03909420178497909
-0.03835091540657181
-0.03741301744148526
-0.03631044685118987
-0.035069075611247745
-0.03371157052349606
-0.03225873301164274
-0.03073018609046121
-0.02914362476367071
-0.027516025039648433
-0.025864857295836995
-0.02420497548528241
-0.02254885285706694
-0.020906774755296807
-0.019288774872082075
-0.01770402559752906
-0.016159645438245284
-0.014661638153661562
-0.013215468829529653
-0.011826232191370295
-0.010496566891597238
-0.009222268980460557
-0.008004179338261435
-0.006853771179978384
-0.0057773030635931005
-0.004779616202012751
-0.003871734156796693
-0.0030677514926912923
-0.0023928492330250054
-0.0019008308154995065
-0.001724557805990279
-0.0022561075091439764
-0.003888307701289112
-0.002993516970683077
-0.001826831638402616
-0.0018954143319682545
-0.0027061020771534288
-0.004213630805297035
-0.006539133935870032
-0.00982964706471392
-0.014125774291163328
-0.019070579819383263
-0.02350695485737265
-0.025577685089374497
-0.024142080239355303
-0.020072029236943668
-0.015430585748655651
-0.01150403595850893
-0.007315277809510331
-0.0032214667850311517
-1.1589041186438968e-06
0.0024350361383377755
0.0042853809442790075
0.005736582662660185
0.006947761985727716
0.007901624988197426
0.00859621665620919
0.009046627639398721
0.009314144603051952
0.00938799281378551
0.00922967162199354
0.00892753233736225
0.008380068082273288
0.007594764739430931
0.00655088620389915
0.00523375426084535
0.0035992119789664953
0.0015838042843911015
-0.0008723373879321091
-0.003831039453355637
-0.007350667290631766
-0.011459474497895139
-0.016101463169459044
-0.0210435649675398
-0.025741350351549324
-0.029294048975093915
-0.03088286915354036
-0.030866348504070596
-0.030264714439980533
-0.028598183735870683
-0.025320760052411653
-0.0209310219971079
-0.016174730262838267
-0.011548547010864399
-0.007317801730457232
-0.003588326120478353
-0.0003718202713539544
0.0023496139309100235
0.004574940330020135
0.006239306820082761
0.007152485625401417
0.006709680174507254
0.0032656888552413904
-0.004420369221525842
-0.0023393365472275966
0.006417896321161676
0.010787328506007587
0.01290170165437779
0.01486622932655354
0.016450051588259736
0.017722932785625492
0.018783401989038346
0.01955488179619423
0.0201383538391958
0.020569082962074714
0.020896560274549638
0.021141513893495646
0.02129938329720597
0.021332974823965897
0.02152812939624312
0.021593265959317393
0.021598604550516314
0.021557998448778468
0.02146923401148549
0.021307614915653278
0.02106075733287904
0.020954582334587794
0.02069019341908943
0.020348442400301925
0.019919633350034882
0.019374879451101265
0.018729576875948235
0.018268395135826343
0.01777239562897185
0.01716561132025422
0.016436348894145098
0.015579730255120888
0.014580878461533952
0.013450091268448434
0.012192976548196873
0.0108444272058032
0.009341786268318776
0.0077401478256521605
0.005917328611515894
0.003966686879219168
0.0018157063939687355
-0.0005155084120709376
-0.003068633714363933
-0.005862917401957216
-0.008899984616029071
-0.01216881314559377
-0.01564106092927885
-0.01926452982626049
-0.022950640588838826
-0.026569080789161238
-0.02994902173429073
-0.03288910217978007
-0.035170762861607835
-0.036567406410642364
-0.036884354675139015
-0.03610564129424098
-0.034455258262406495
-0.031863950247020614
-0.02865274479321326
-0.025158110908467007
-0.021559260721365946
-0.01800622465376681
-0.014594243776324425
-0.011425626892080142
-0.008580210682863297
-0.006161053849070874
-0.0042607260580605115
-0.0025097054258770984
-0.0004119090659500865
0.0012529575587937457
0.001865159569894045
0.002303609617969858
0.004678716488908451
0.006734401740546557
0.008052713497586765
0.008902732378250297
0.009396282083776337
0.00954241012825376
0.00928740171739068
0.008707942988432214
0.00823767089769791
0.008422229088894673
0.008844241948292938
0.008957014150291619
0.008684975081646675
0.00808639421415977
0.007390863583536569
0.00642317419552351
0.005182660653051138
0.0037575031196948852
0.0020859691233440216
0.00018435864798921288
-0.0019350904427389798
-0.00425447083336552
-0.00680885286214548
-0.00962275760363599
-0.012681542783696504
-0.01595148764310408
-0.019377401853702465
-0.022875233633697204
-0.026328398040252676
-0.029587898760818757
-0.03247814710516978
-0.03480542763453491
-0.03637822984072481
-0.037081877628187
-0.036875975918567734
-0.03574359190780615
-0.03379162165806191
-0.031195446865776806
-0.028135257535463046
-0.024782093533247097
-0.021289245333189127
-0.01778075343706347
-0.014347345379440893
-0.011057017947720559
-0.00795494283753178
-0.005036312765286314
-0.0023193551650695448
0.0001991193402389471
0.0025290081896158735
0.004685050609153922
0.00668391239520476
0.00853020038113389
0.010234233160625323
0.01180184071903738
0.013233260171031451
0.01452354533096564
0.01568201665410221
0.0167769717778884
0.017552253511913952
0.01868090086325401
0.01954535765236709
0.020207252584274134
0.0207001577004697
0.021061637172876967
0.021325468927521886
0.022052450800132486
0.02272780836097326
0.023355963136535637
0.023795221378763328
0.02414015526251957
0.024421094665961117
0.0246502206367806
0.024814396684426157
0.02495020320411535
0.025072814329264274
0.025166943180658458
0.025251618312342166
0.025341646167014197
0.025507854214445323
0.025750750203632676
0.025832544891759016
0.025682561353129824
0.02562572506554152
0.026021001149377186
0.025856726002556146
0.025529244903003744
0.025583135308897553
0.025712814504537867
0.026057826736888324
0.026195859335659294
0.025920385650821758
0.025720173838438578
0.025501142235343544
0.025428590177809383
0.025472233061478264
0.025651724364263773
0.025926566371785396
0.025877634134675462
0.02606200116527528
0.026568794534116463
0.026778777835278007
0.02643733906112575
0.025904491621823122
0.0255892679355352
0.02544871667998349
0.026191047460630442
0.02541386315703857
0.025505230229428973
0.025670632641218875
0.025592610977525857
0.02544415449274618
0.02537863412765253
0.025359705511832854
0.025340223574787036
0.02532375957814415
