-1.4090169112578434e-09
-0.016536292297886813
-0.017412043541467557
-0.019480275409408967
-0.021733048620214565
-0.023462699858104653
-0.02419704021979159
-0.0239570489524951
-0.02210713391133308
-0.01828822386708985
-0.01265611873691143
-0.0074074370939120025
-0.0018826060218012756
0.0022451406292990825
0.005177922643909526
0.007113990930500513
0.005957709290437457
0.002234643265533396
-2.199499321803115e-05
0.00962065481264896
0.04915780980193399
0.061217187556489513
0.021329838780009273
-0.07058198830521971
0.009026073673538016
-0.01955390174156337
-0.034729444808078845
-0.03015817223259183
-0.01991625635900695
-0.011512767469679608
-0.00025969086605341445
0.005041915123839793
0.007052615206277065
0.008459990808764641
0.008642233167601421
0.00814767764588736
-0.0036315004293445323
0.005773289280352482
0.00843288715962997
0.0011395021765977149
-0.0010386266045571608
-0.0018476751763835517
-0.0007289105323849815
0.003980454545802313
0.007859927804844593
0.009736992947665855
0.013627680854768095
0.02051134852896292
0.027654287639486793
0.0310605525284551
0.016409942701640687
-0.06046000088823066
-0.07163428735273981
0.16125975254580865
-0.18691208953695376
-0.12528845235474997
-0.05095268253868327
-0.02096084308662754
-0.03266465129174051
-0.027684078481099987
-0.0024835890826667576
0.017605456827526532
0.025169194766636132
0.045741580872897696
0.043907494030748936
0.2090984159825961
0.010778626859388544
-0.02724230405511726
0.023830635389823426
0.018936174790265936
0.009207527679387604
0.00036235786479300104
-0.009987890745436354
-0.019186888327335325
-0.026141695150537866
-0.030093063446856822
-0.015152444901722389
-0.01161945212997314
-0.01742953902343947
-0.02748417835414635
0.00934100795159515
0.016926879079587166
-0.006905569715856997
-0.02050784305558312
-0.02772103580413775
-0.029760484897344036
-0.027674265732838984
-0.021476608521762194
-0.01360327234881878
-0.017017087436159158
-0.01980953003572876
-0.017721572143057533
-0.013924783145181098
-0.0029215391519987963
-0.017531821974160526
0.014419376555505138
0.054516802240550076
0.02538896175737601
0.009496365557066832
0.009167952973910766
0.010274926108161542
0.03582975142692976
0.0807464715494325
0.023091849117081148
0.02944357474980316
0.0123853768567298
0.009766472229383552
0.010357128558722567
0.011605872150690684
0.026495134350181165
0.05243166338372608
0.08571318766938296
0.02332995983124295
0.014294411544920435
0.011606825970044447
-0.041671520748586016
0.022629718008245134
-0.020860755833450078
-0.043811586793909695
0.048517444463276146
0.01662872453151051
0.04315755593145288
-0.007662628532917777
-0.020128666944999794
-0.05269185391011928
0.023724312804701757
-0.015365942257094967
-0.04625534707597868
-0.031239113960968675
-0.04138952869275604
-0.044432830682981865
-0.04697518410102517
-0.03802902583013443
-0.037865618875581084
-0.03832213175570159
-0.03064042735156848
-0.021341159142379374
0.0011847616547729152
-0.008362134453011262
-0.005902140364179697
-0.013554878412348202
0.00805488698581054
0.09973056069355622
0.0407829511649804
0.028283529977019595
0.0006867988465642014
-0.0009871544792513657
-0.010666681652210155
-0.00537431468172023
0.010482966384081912
-0.006975402292521498
-0.004344362217435091
-0.0007010616815315943
0.005335292032842872
-0.04888419325184538
0.006783826050045803
0.008269802684000955
0.0054873928072586104
0.007477442749103131
0.009835541560882762
0.01166809465374379
0.012063677167890313
0.011781214424460814
0.01197798977933676
0.017497655678109753
-0.018565852611511308
0.07188259646119213
0.004634329192872232
-0.009146445924509226
-0.02439042101225784
-0.026500626045754216
-0.028038419219188284
-0.023951389346265686
-0.008583766821335406
0.016003223575664086
0.050485715157687745
0.05759360185042416
0.0324228228202056
-0.015516703774551445
-0.014029841800247652
0.027879327372254813
-0.0007033164520243012
-0.002466321152894941
0.02741191379714067
-0.05638715775011141
0.005742534522282029
0.010395321045694102
0.025946572700356618
-0.02573268146399456
-0.04032155300925812
-0.020526515967849802
-0.005815114891508204
-0.006328569303388099
-0.008337524777813195
-0.00806488410254481
0.0007712564526727162
-0.0023819312913548633
-0.022321085943725227
-0.015599088881154854
-0.006548694036445066
-0.00591719533305801
-0.0035208441149746
-0.017701644111657356
0.011575195122840023
-0.0062752928309100856
-0.00978503836735072
0.010210823842668025
0.010196232616290945
0.024157334332407746
0.03446232503260041
0.021565678660793907
0.012606336646371886
0.004979334957059955
0.0029255652220867446
0.007280158113715381
-0.05404072503772886
0.00645332080931534
0.0019714837308946347
0.0038332891055366915
0.0025185698381493407
0.0016496359857043046
0.0020459977755093667
0.0010737328693837017
-0.000972839488351631
-0.007945185297225781
-0.01815400948821654
-0.004560321904572286
-0.01935452552140132
-0.010754834110719414
-0.002135480538856961
0.004252327076277899
0.04590803248925875
0.018592910752832523
0.0024352533036886355
0.016387017729761765
0.009510639063246435
0.04977867532379533
-0.05179247715230727
-0.0019680102818655973
-0.08239350129559844
-0.020111038165846612
-0.02832243705432755
0.030021877518167824
0.02958517380663993
0.0009439926992559005
-0.017486596584759217
-0.016685951807188036
-0.009778415111833834
0.02203615779551421
0.011780948219115366
-0.08541382899476115
-0.005531804444231848
-0.007201516915159391
-0.0025076807149840706
-0.0025970967928017463
0.024888833675255597
-0.006139449825578561
-0.003025588056195605
0.023738762228875037
0.014477504181234543
0.00236186746838004
-0.0004197634607989393
-0.0015030528075479297
0.016414201031626264
0.041955827294122755
-0.031118946477220723
0.004643397086111993
-0.018736059873152872
-0.0040582842655654105
-0.0013234376316613255
0.0020970654559618494
0.004233604052214995
0.0045502042855008135
0.014145765503305985
0.01048032152856786
0.007604197474738758
0.005906328477828966
0.0013873679488722777
0.006508815930700077
0.00988329474453104
0.013072972761830708
0.006227288725166587
0.006849568932506904
0.009965777159522255
-0.00021121350828237073
-0.008991110876206477
-0.020080214646749
-0.010594142779133401
-0.016173353668999003
0.16909919119468714
-0.009758577134187338
-0.006347243396597382
-0.00309020869574622
-0.026537866487453966
0.004439822123971205
-0.0005987159898211452
-0.0004580096133052189
0.0014028642966105451
0.0032482160275524256
-0.0026648385068259238
-0.015437449500950046
-0.0171361283978503
-0.05108053292821773
-0.05346460524298083
-0.016961643293876224
-0.005640562862621586
-0.006810456810317727
-0.007610867417108793
-0.00849361261306014
-0.0099409022841148
0.01890107740964481
-0.0010385103483282203
-0.013341839965202698
-0.005904742476721437
0.0073868527464939675
-0.028451897047935274
0.017648002250120014
-0.021231816539222792
-0.031176906593210648
-0.01845249643954017
-0.00330984877104154
-0.009779148973636943
-0.07848381346691304
-0.014013349878728983
0.019457518775150947
0.04270378477012383
-0.03205118690516595
0.06751396719498728
-0.02801729786438116
0.024146509530052075
0.04031851448505178
0.019028520645382335
0.00024362909951949866
0.025243279892572777
-0.007425781196265476
0.01958290358491314
0.034832509244624096
0.029049393803087846
0.020156889940610007
0.017243979663416155
0.01578320844616442
0.014557305949508744
0.012125496936146757
0.02134311133874027
0.011303156409986782
0.011439681599340144
0.011565349838747588
0.00986421782769141
0.006178076983683605
0.0027150126950533635
-0.0021823091844374452
-0.012479769544506395
-0.01409978198621236
-0.0031082805394913727
-0.02727805444943103
0.0304419388727914
-0.027538383511880406
-0.03543196416416823
-0.021114303880320335
0.008809232967138146
-0.026987548821295348
-0.01958869596814795
-0.007570727911199384
-0.0013667567676185117
0.014231782774591726
0.027907154234131443
0.049364290179330104
0.07688532192827488
-0.07335075135675756
-0.0547597635073389
0.05882273681892794
-0.04415272683860533
0.048588033993631326
0.0293378134803807
-0.001377158700961596
-0.022623582354904276
0.013587151081797153
0.005826243630706349
-0.01859064023718393
-0.039145924887482614
-0.02246736726690113
-0.042453789254891315
-0.02863514499454401
-0.0009678786471067727
0.025180016094584052
0.0043823075070519345
-0.014361660359122348
0.00029167455925886227
0.016179263356210578
0.015801525466063556
-0.016891535356935928
-0.03714269109933533
-0.011536337877951669
0.006265774248871487
0.003868272441360256
0.01032769191717344
0.007293503950208577
-0.051140384405152076
0.005259222437330392
0.0038922928472199594
0.011213945799266259
0.010360619084533666
-0.028736518442379524
-0.007161240236877788
0.0020082318894222317
-0.0004670688019926215
3.665082786713294e-05
-0.0026673767501758697
0.011097298220453095
-0.004598928939188518
-0.00020309305496154096
0.001843478294603883
-0.0015303386051883046
-0.1138678793831713
0.02019266408349051
0.0038156249693309984
0.013006769297251888
0.019912014475434604
0.022646889981113694
0.0221860405478056
0.0072551278154370695
-0.02752477528145331
-0.05407292044737762
0.10197123186678479
-0.07318388915616073
0.03505608104661945
0.042118670045189766
-0.05684739447652387
-0.055580415652995714
0.01006930041387751
0.03872265167579133
0.041402987913748183
0.03018476213550349
0.015161000542451458
0.006792837411291751
0.010641911430007122
0.03864020285440111
0.0540248685963855
0.013828538381757354
-0.05075888598448035
-0.015064936264533412
0.0036258118463442053
0.013329781960689673
0.04611453691287522
0.043075599083276454
-0.005929419754781472
-0.010158832469412996
-0.013231354170878923
-0.0020897449844589715
-0.010714692943286034
-0.012971958405240689
0.0018012766876159625
0.03369776471720641
0.028441015662346227
0.00565973520657776
0.00048127132126359344
0.006956447529967699
-0.0006474665979349169
0.001716194763041377
-0.002195598877398692
-0.009439330125010244
-0.016545659342614306
-0.01767814608171705
-0.007196703929364726
-0.024851144754749744
-0.04198654501898114
-0.04042713826766672
-0.03184391559208809
-0.058555261126519105
0.000521383152854727
-0.01410407550269005
-0.04273881510111039
-0.008183553569070296
0.010796984090735111
-0.05111600726537191
0.009671364264568728
0.023413336081879888
-0.008359474659386431
-0.00920337976588029
-0.008035684292394712
-0.014783124304131276
-0.0014063098015116755
0.0028134239724678647
0.011000520116019624
-0.002197051492400532
-0.013088161448316503
0.12016961600675867
-0.06572908134678285
0.13282762096972214
0.03748283946239972
-0.015501433177087987
-0.013354742294586415
0.007478057757426028
-0.0027723363171010614
0.00010199461213383738
0.00373191656535547
0.007813631754894705
0.029590177898538985
0.006896288719130116
-0.006720077525569536
-0.003860208991243722
-0.009229376106900186
-0.0121826513737455
-0.011883023411093338
-0.01121182102651808
-0.015618852939817907
-0.010652807417838268
-0.009897270083859494
-0.043842308939057766
0.02642298892519524
0.014383957139215565
0.007184637955218607
0.006862101265043678
0.00804094754327063
0.008884996841440205
-0.0015193621223197696
0.009213875180606627
-0.006525851177305065
-0.0011974323228984348
0.002598969828197288
-0.04581966820288358
-0.008506048057355131
-0.009555518109681678
-0.03702916673992966
-0.0177704737489018
-0.013068555780658318
-0.013847843267492095
-0.014313336713049482
-0.01340916966958348
-0.01286569759604498
-0.011733711948099572
-0.008237735147023337
-0.01020456931626746
-0.010995876658469695
-0.01030371035652463
-0.014797628328343918
-0.010467008667456368
-0.019068303814086456
-0.018532986611959297
-0.015022459099721075
-0.012658640293809165
-0.01033229321345706
-0.008694922733001879
-0.008276818901288592
-0.007984676318062472
-0.006223074892242472
-0.0020503462084145692
0.0025582515145013127
0.00675869691687062
0.009222859049274966
0.00856408665549781
0.006942952656274893
0.006236388049955162
0.004529100691027954
-0.0026342027424807782
-0.014110666563925263
-0.021198076527415635
-0.021770526612183157
-0.019812306534594155
-0.013042120906968518
-0.002314753359028022
0.004610064007276713
0.005980855330225903
0.006115074127750727
0.0077473286343631605
0.00997588923497009
0.01044400124670504
0.007718487875486516
0.0026007551324000603
-0.0028331823612030935
-0.007096327551229833
-0.012652784882332136
-0.009503091240271686
-0.010428763446443674
-0.013009412495136714
-0.016416879254825684
-0.01925031645966532
-0.02134525432050185
-0.02391601902062161
-0.023723916854363862
-0.021834591803635128
-0.018317622674246484
0.0035615862968758913
-0.010533621936670609
-0.010732580193617842
-0.011217610919818224
-0.011192427304082719
-0.011413061123578778
-0.012168470470444163
-0.012929719212975309
-0.014786190727014353
-0.01713466792419966
-0.016039876963380377
-0.01873140271814247
-0.012696018325726966
0.010367523010951845
-0.00927139002418774
-0.004376786396063345
0.0023884653648070403
0.021938760137025535
0.0689362546926203
0.022753529117856903
0.011261815743486578
0.006721683286977583
0.009221292062109317
0.009783653038632002
0.009801107176181123
0.008456144615479163
0.003555648533573353
0.0017436607131120219
-0.07881483275134525
-0.05106547587737115
-0.0014675277273975746
0.008256409973111816
0.007105403782715244
-0.007617532417423203
0.004171815642041945
0.00026775410208641597
0.002042426031371281
0.012759619055776853
-0.05081509528167759
-0.053626352678420613
-0.0032854561300016977
0.00955495362797996
-0.008326390948227541
0.015786801579058853
0.014799578112654135
0.008427000693009064
-0.0002586238014432813
-0.009365271347638045
-0.014412215810168891
-0.016497042583431952
-0.035999752039934906
-0.018301700525479213
-0.027659294662743115
-0.021874717107457142
-0.011164571582724325
-0.009735180560266506
-0.009140539483330387
0.02245517102750573
0.01762629351914875
-0.001099977715865163
-0.01851229266153064
-0.0030629699547323813
-0.0029397045568323463
-0.01676871230743896
0.007919581694909144
-0.0005437811487310634
0.0056059638448940075
0.005622049895231558
0.008799450796057616
-0.004825794153895899
0.006642943239086506
0.033586671506574725
0.0235317015976086
0.044558946247806784
0.05750329222769127
-0.0014080892191326746
0.09421732094949693
-0.03303335885148893
-0.05572423278276436
-0.062499128102446413
-0.051300877639484994
-0.03645630473880605
-0.02341156865418772
-0.009948628679607016
-0.004404702270544871
0.009539707187328278
0.013770994850291882
0.013680478108428557
0.062274608516017065
0.013315074732298952
0.006111736710032623
0.023604847236065273
0.06295156592672191
0.008481624040206932
0.019191797146068817
0.01626821034879936
0.009549917259606803
0.006306030445982875
0.001333094592212891
0.0011420684624161082
0.002584745408177581
0.004230558608832808
0.0021106994273142467
0.0027383845040137088
0.002364902918556345
0.0009792849444426061
0.0010884486541164313
0.0022126730208608786
0.00510907771095764
0.009636433038477315
-0.005510234934293474
-0.012459425416582317
-0.005124427594162936
-0.0031374006979586738
0.02202948029360354
0.006307167470624896
0.0035998851677906253
0.009429236335929202
0.0021290978211304557
-0.03412396387467834
-0.0004489130645696841
0.00923500553835423
0.002033544599422776
0.0010964865955264674
0.0014832303872833437
0.0014307169561011868
-0.005252726202966508
-0.00028396741707191475
-0.00284419535758819
-0.0013336767670964196
0.00010655931584361035
0.017094795046235504
0.09201767719141482
0.005196661570222507
0.09117069181510298
0.06598730992166287
-0.019674818128246098
-0.00383217658277915
-0.03299765986482684
0.0037265937494508723
0.0010841031101780333
-0.01756631898635131
-0.010216680152854795
-0.0067492715214671085
-0.00842618489428919
-0.009762872102800085
-0.013017434909137945
-0.005506510406137132
0.006281858796138716
-0.0007140894768332415
-0.00037448333311610165
-0.002298953559609675
-0.000882065597058583
0.004069742350851683
-0.007704771618195304
-0.007188049835295188
-0.004617757546655954
-0.0015571035529432235
0.00010045777435093287
-0.001892758816045542
-0.0039230417271968274
-0.003073938680532363
0.001469383632279423
0.006411917296299399
0.009072618256813882
0.009353624756965731
0.009731970575254715
0.009820057251605297
0.002504194085838308
-0.012170781797259488
-0.020342154983990474
-0.01505242840019421
-0.000735134090599909
0.00932754488640965
0.01019642505957475
0.009381399410283644
0.010599844840587055
0.010788690330926734
0.007101943287941203
0.001356561079147137
-0.0024136303255401204
-0.002850010244313342
-0.001787520094663656
-0.0009965809085516208
-0.0001896278555681991
-0.00046472346411262605
0.001490607401767259
0.005940613204653
0.010951902185252596
0.010050098545639327
0.0029206751280650375
0.05771864845531094
0.06536205897052907
0.020765329008127168
-0.008687477611897296
0.00838745754440086
0.010630127569551444
0.009821639120249134
-0.0022547791081606954
0.0041955881535652
-0.007536838400890839
-0.009524122972763636
-0.011157918053938102
-0.025761142644164396
-0.004438284271380263
0.005736432329324402
0.008156081669076809
0.008968880328184811
0.011877305586242386
0.014575562755429922
0.0068055576456627345
-0.05246389069020665
0.004695607109308105
0.011746179631913017
0.013955582515393484
0.013415309556045842
0.009953792404335875
-0.0065855750104505005
0.008755532064374275
0.008548236521032478
0.002133492041038506
0.0013449017018703614
0.005557747059377091
0.004540411614082434
0.00637534558825405
-0.013593170694779484
-0.04103849463758976
0.004701148508695288
0.0035274854052797307
-0.01051763812494802
0.0022765636362437084
-0.01055167064863469
0.017076017606220965
0.005650209973463633
0.004463662325030831
0.0030349041238273817
0.0008287038919620804
5.242389099893195e-05
-0.00868796270438808
0.003363378219399164
0.003819334245398293
0.004439753390231121
0.00738379877382211
-0.0005967117868940293
-0.04849206628828223
0.002960551493669026
0.016293842286713666
-0.0022029585262846566
-0.021538202507748162
-0.1736198077839722
-0.08339949612707732
0.02275164861822523
-0.09325485970948044
-0.0029844496170551723
-0.036510366632071474
-0.0653964808501204
-0.04743625942196064
0.015953502450445224
-0.002810811121893124
0.07429999459034671
-0.021722338422797118
0.004899754226535291
0.06818753825655789
0.06186423036498173
0.04218711926825246
0.027724080613444967
0.01988252314658146
0.09223513483478593
0.020439575356004134
0.008407615697151557
0.00399636493245571
0.0018671418107874614
-0.0022222738364054027
-0.008150534811376956
-0.011629839276305261
-0.013943605449931342
-0.07712242079451948
-0.010906198836920405
0.0067541692838206475
-0.011362239082392964
-0.02483672565015368
0.026677429690393852
-0.018373123717465693
-0.013563828332951515
0.014729046871619352
-0.006788451886087196
-0.005690558068980068
0.008412931456058134
-0.003230800699585394
-0.00414283561063143
-0.004204580668515883
-0.003781143628237853
0.0007821615801701251
-0.0033352587517612962
-0.00304777686038151
-0.0023632318756354634
-0.002252268104468191
-0.0008912900631699326
0.00088766840248409
0.004756628603235194
0.0017421527444142781
0.020257320447755422
0.0022435036508082857
0.008459960323004598
0.0038389636337548844
-0.008599106809282674
-0.028003499861910086
-0.004043536856393519
-0.0034170896555483126
-0.00749356520883844
-0.012195855698944536
-0.005916543869844569
0.019086973052177797
-0.003221112527905736
-0.005109960811409051
-0.01825987995674686
-0.01177422078833763
-0.00786114882651245
-0.009727750156950434
-0.01771879069921233
-0.007182167423134589
-0.001976394306800163
0.0024743758675356935
0.006699465335865109
0.0053814235953184505
0.008147461104005384
-0.06787951429794502
-0.037681327063290915
-0.006414897486129574
-0.01484427761096978
0.0011031485866955875
0.030731751862019176
0.06785065416125888
0.04737353609979623
0.0190018016302365
0.0326022830892733
0.06946219449747937
0.05096123883843335
0.011708332651456276
-0.009735949905687671
-0.009556239140151204
0.0023605384793020353
0.008955361468609252
-0.04437338883492952
-0.011579276083312481
0.0020713998263635226
0.003871246876779729
0.016172160377701996
0.018225693104065136
0.017524769415301723
0.008053468920972346
-0.10048749646798051
-0.0008252691809172754
0.016636618975664094
0.013531538898590613
0.012378413386861697
0.01839124501966927
0.019166531499482446
0.017440217484818235
0.019885006279144347
0.020007184740508922
0.01874399039293118
0.01924841921547725
0.012921347669521459
0.019971523289865106
0.018993494767141714
0.010149527334651546
-0.04312256595020028
0.0027859243582481286
-0.028724524434462554
0.007636787787317252
0.007810780843704663
0.005947175131362673
0.00400565566774549
-0.026701914247594837
-0.0038465687909986154
-0.015308608732186705
-0.012448832845079989
-0.005173745614663352
-0.004028574832567409
-0.003250621054633944
-0.0015473766915967398
0.00045711568762567625
0.0033700379664008654
0.009608990534315838
0.025349869676611247
0.04282628480509048
0.0021994761224149954
-0.03939552874916073
-0.031681898606273524
0.009576373767773377
0.01981440316544759
0.011542326882954928
0.004596250547509881
0.001636558847018654
-9.90744606552609e-05
-0.002084211762786532
-0.0032185959492001715
-0.0008559825069465853
0.00524809842580234
0.010327504390337547
0.011057143896589978
0.010495869243713693
0.0111615528092653
0.005986664373565944
-0.008522624533484669
-0.01598294050698648
-0.006469984689647885
0.00723814743336471
0.01100702383977396
0.010377788699055536
0.010852360357206173
0.00900692373249811
0.002918507173187386
-0.002665628535832815
-0.004160760880647794
-0.002917986758579233
-0.0028146531568817353
-0.001920645255831014
-0.0033872187132350344
-0.0027414699646952085
0.007295066012023043
-0.004066904023595079
-0.002763613776878756
0.00022365923592369662
0.0035181055804940965
0.01110823309830164
0.023927944478944838
0.016654996774003297
0.012718791576593376
0.010858386497855933
0.010905049900197335
0.05056876398729889
0.01056305848343467
0.008995137593961616
0.008464228159301842
0.017057680323378902
0.011275906071410317
0.014698509198647207
0.006536197356397976
0.004233824932144745
0.003542470184241011
0.03787402390603799
0.005794338532822641
0.008333594185793108
0.008496611663310586
0.038653626180243386
0.022838040082662825
0.022931165538940524
0.015585216825803463
0.09666575656426414
0.007267941040348586
0.005034621454775551
0.003655943001865805
0.007183838873439881
-0.00037703132898299227
0.0019612647627720308
0.001277303933197039
0.0009016360177865962
0.0013915749860451416
0.0016052036766475157
0.11525725692323904
0.007804677555205479
0.018628732649951834
0.005095927760004672
0.0003493166454339114
-0.002210530345901166
-0.0032675634074532693
0.00610878296467073
-0.005468010264216556
-0.006221613441875133
-0.007067797874064926
-0.008104156590929687
-0.007977576871517565
-0.007033582309070516
-0.002933396302642861
0.000966632742918188
0.017007550722285308
0.006237736769101915
-0.013544237449439148
-0.0029883566642793153
0.004440379440419961
-0.0010202538940466436
-0.003635944610029141
-0.004245773969407403
-0.0038926506633039687
-0.00315628644706316
-0.0018885521966189463
-0.003846504852909006
-0.002604383945741122
-0.002767363294229943
-0.0031885259080582902
-0.003574586072787229
-0.0036470322342502725
-0.0032565491035077177
-0.0022662877314364913
-0.00070467944105187
0.0012959644132943717
0.003241331752019744
0.0047819978509184
0.005409761706639646
0.004899950070425908
0.003319891084928021
0.0010827880331523369
-0.0011089644254252513
-0.0024659428607838436
-0.0023199343796988913
-0.0005099235065890256
0.002181782613347953
0.004160345567643902
0.003822137565580196
0.0012892681489802952
-0.00042525294561606845
0.0019260362740718857
0.0068481052401936195
0.009939341073458325
0.010051935801426921
0.007332953774875897
0.003157278345930692
0.0012844101766417832
0.0024604154274968
0.004070745938540565
0.004069650080420016
0.0026502045247357767
0.0009395600810636849
-0.0002849915332547211
-0.0008580598540631259
-0.0016587451047172929
-0.004765506469423573
-0.011747876397842152
-0.017805272339549767
-0.01763469433139597
-0.01726170985971489
-0.0164375711398682
-0.010960712236883347
-0.008229856697629424
-0.012425708532315442
-0.020406122990573476
-0.03029823761566611
-0.02801284926835581
-0.0034333865477102917
0.004797011785687995
0.007390209000648442
0.008104419441210443
0.0077619396611635265
0.006794008397905227
0.005630277205405765
0.004442901450890726
0.003399630247458768
0.002578764168906203
0.0019865452337231265
0.0015032616821784302
0.0007208322636080563
-0.0016165303682983427
-0.006816256429803333
-0.008493694118499723
-0.002478434288936186
0.0019169670347360995
0.00364492336905681
0.004408147400701354
0.004726172820026948
0.0045361436678839455
0.003634712470949171
0.0018852313656774998
-0.0005272598262660484
-0.0022189661439265744
-0.0024224947446510833
-0.0009375757366172958
0.0011206721326879967
-0.001768698836931191
-0.01313685501316942
-0.021840822335547176
-0.015985804617408367
-0.003637732318203301
0.0038576960344586606
0.005935460953343791
0.004602781113032599
0.0035960733509391063
0.003794710117545894
0.00696894610561037
0.01053878365839424
0.011737359657005198
0.01094790965907035
0.007646386913554011
0.0045724467127370135
0.005118669223984288
0.007384337519857609
0.0077826080527683495
0.005261477290517948
0.001202630259574613
-0.002720274018071751
-0.005049948745717621
-0.005089052571219197
-0.003830241818428559
-0.0017643592018627913
0.0007322176360522284
0.003985283603230849
0.006693489020699807
0.002031032464744828
0.010243840564602678
0.006374772276595764
0.004074872331958381
0.0026124844271195025
0.0014018315354104392
0.0003614070857659051
-0.0009985569570713966
-0.004256953418580375
-0.008529094820012142
-0.004345132979172709
-0.002124320229562173
-0.0009387508832557298
-0.0006006493328508949
-0.000320907613221281
-0.00020792324359789353
0.0002162885024232598
0.00026436091924050576
-2.4990198949508604e-05
0.00010844194604183424
0.0008411311196311684
7.458779894012846e-05
-0.001234571572341989
0.0005011244140779226
0.006683513650378261
0.010300880046434813
0.0011926036487670472
-0.010978318209167361
-0.012282265643056903
-0.0031490877549885266
0.009691834238317541
0.010582566038338386
0.003342055040893928
-0.0015354588727100507
-0.0019500726723433242
-0.0002573811736418014
0.0013191516566361783
0.0022066207725399724
0.0030158319470694815
0.003554343325068474
0.003429626748909906
0.002708253959822476
0.0015173615324389727
0.0011579114961173889
0.002531611670403875
0.004220908363384219
0.0008690918127113726
-0.009880282960019856
-0.019240526207291168
-0.020970869397087796
-0.016089556644375093
-0.004867630318414647
0.004003150692096591
0.00495701065519828
0.0031394982666080513
0.0034080735953483836
0.005656446740273833
0.007414357533835545
0.006972713807214529
0.004430736332169853
0.0011887595190983476
-0.0013322224623723232
-0.00249847088066638
-0.0024708199729162037
-0.0018827062821034344
-0.0014296988858608466
-0.0009923260328434035
-0.0015903520899007819
-0.0026965313054928067
-0.003434329696128966
-0.005140102152164413
-0.0067748210530786885
-0.0067593480862330295
-0.0021295958058979375
-0.006987353578721283
-0.0043869587868671095
0.025804786401165975
-0.004745189763631848
-0.006183168482142026
-0.006231788729838297
-0.0009859482749107092
-0.004853411279234828
-0.0038870108193462113
-0.0023359626080715046
0.0010886916681100373
0.017163157773553837
0.004585703102029681
0.0022038187400215225
0.005640947932702701
0.005382826509520532
0.013908578498717412
0.00893494980208166
0.0038331733914536096
0.003296848305734624
0.005523649089057898
0.012181668321219393
0.025312798432124937
0.02907642324659818
-0.006549230314904372
0.01348784000637639
0.032656598429533654
0.10285571848477137
0.0072823365341893745
0.004076255300254458
0.002768180354660608
2.2005755293585196e-05
-0.0007566081547929097
-0.002373329275290039
-9.347243753603406e-05
0.0018620376615025394
0.007425794169968443
0.021554810851855285
0.027033099688260037
0.016246677569788467
0.022134655053987234
0.0331547969282659
-0.010107406127446419
-0.005458132347296227
0.025848086026238854
0.02014933136729763
0.005377453190640975
-0.0026307049529479824
-0.0053970111817094844
-0.006527577043043564
-0.006311735094052631
-0.0042436825127668675
0.004640870788576012
0.004380706506543127
0.003544996639125931
0.0011477503555420892
-0.007789686264812467
-0.010451543835970138
-0.011795142736541545
-0.012674155170681232
-0.01329272955555487
-0.013146246626606366
-0.009427880230326818
0.0063945442376404
0.027036255103734905
0.025852660953866027
-0.020514695694324656
-0.04652922757218485
-0.063413081040955
-0.050166824038884575
-0.022286748733112257
0.01847994385484625
0.028898721825274525
0.004275328935335971
-0.01245296913551607
-0.016279936183948757
-0.010285010720556294
0.00162478120868017
-0.004972326981440297
-0.01090347601147191
-0.012379242542906628
-0.011685487102760479
-0.012065736592704343
-0.012537541087593846
-0.012259161216196983
-0.010663541010639311
-0.006332182479166736
-0.0006219052718671393
-0.008785905805189615
-0.010700794727261981
-0.001061940114081408
0.011083832949845801
-0.004320471329712338
-0.009738956001734909
-0.011818287231069383
-0.01116026171406874
-0.010556781847494036
-0.009205895820344118
-0.005468901721281241
0.0038908776640018787
0.01391989477721228
0.00023622922927241205
-0.006588601776047563
-0.00894432287583254
-0.009023100890174267
-0.010487021863726928
-0.011448125141826894
-0.010631206130372786
-0.012020384612811935
-0.013005786937713931
-0.012493119943330052
-0.01197415936298539
-0.01304778562280852
-0.012813582043003664
-0.011584150253925035
-0.0027709965271967498
-0.010644182531177007
-0.014839752307272153
-0.01673986625310095
-0.017448856745804656
-0.019119157433603127
-0.020036313250845757
-0.02057644133612688
-0.01793319308381537
-0.019210369869573623
-0.02028622354429106
-0.019304418491230126
-0.014275236477909231
-0.010871204342907675
-0.016341860384958037
-0.014181955735217645
-0.01205083952400762
-0.008697775531112116
-0.003036346730093373
0.0013417734568396858
0.005591465076171411
0.008740907356397355
0.008371919465855634
0.00914879664952134
0.007531389574849452
0.00494550830278952
0.002376131068717357
0.001073381220215668
0.00045652907531772906
0.00025694325917552494
0.0011893428164800632
-0.00017523841083947684
-0.003069901539871019
-0.0062225524675817954
-0.006899594192538905
-0.0037566330861875563
-0.0005378624551300107
-0.005240805983477609
0.0034962319381186165
0.008882030834764115
0.00711229390478708
0.00891532835696099
0.01061695222920105
0.010109779431835941
0.0124332542508388
0.018000974776017677
0.018826157375329753
0.01215151991337826
0.002871229940919251
-0.0036737698892262667
-0.005609119242875363
-0.0040756302432259145
-0.0013262121343201256
0.0008661885903616305
0.0019213794786590577
0.0022130324086165267
0.0026366917307885773
0.0037047276524154083
0.005484638375851139
0.007528447863830389
0.009216554836952929
0.00976001889177426
0.009450482312918899
0.0011753972914509204
0.004882942033628881
0.003300332806954919
0.0006895237785586798
-1.747751497718233e-05
0.0010511200749846142
0.006918334440358692
0.012022332279835814
-0.01534043611269253
-0.043183072084577716
0.007809496303910292
0.011080985760317014
0.015530098684043672
-0.012236878644624043
-0.016864235826241126
-0.01948946308430556
-0.019522102746142578
-0.019282454873155427
-0.018425885286827176
-0.018359176830440846
-0.017967587105529818
-0.017254014333340586
-0.016384521714681743
-0.015160736007806227
-0.011959541994120911
0.05064821280127372
-0.015537295889850337
-0.02030503036443159
-0.024496469523264675
-0.03130435837245057
-0.041288318091501255
-0.056222311839569765
-0.07475778683451863
-0.07039529999549106
0.009652408968148353
-0.0029697114549236733
-0.024699431874172208
-0.08358292503851299
-0.07254718160102733
-0.05339605248308778
-0.0384101985409466
-0.02785175895275774
-0.020135682343347235
-0.01574924491613036
-0.012275424217684761
-0.009353269503993168
-0.007115265426253508
-0.004384083726313994
-0.0022249548499688587
-0.00031302242113263727
-0.09595713759341916
0.002038619481389196
0.002718527610268926
0.003094998183744079
0.004314866922650846
0.005550215702675681
0.0037349002398714562
0.012255204308779431
0.023277088250224957
0.04617560712856383
0.06848103681988488
0.04222410837245334
0.027927041279865263
0.01875533903736334
0.012397481076981331
0.004351297164323063
0.00944106681896383
0.010201939808208833
0.010622404204274922
0.011001910725036325
0.011477099312976944
0.012187810920010715
0.013363753995055724
0.012033081641687916
0.020376425544207794
-0.0743993911649311
0.025381076830934705
0.01799850575446634
0.015600486930756377
0.01456003744455983
0.014519974017844365
0.017806839639106765
0.015061699699374098
0.01572524589577438
0.015946058119550494
0.01502299743744264
0.014226868683529544
0.011740485814525138
0.010549428840993146
0.010411616542166423
0.011846527135998085
0.006167012086926294
-0.01091968460451191
0.02957025708452136
-0.010575977246831457
-0.008599539077085258
-0.0014909423092220283
0.0037697796131447676
0.007009510587790408
0.010012278141600666
-0.00951474397337511
0.010689321280356236
0.008098302470523408
0.006572174344159662
0.005704884014320734
0.005960696802642628
0.010023738005880115
0.02112051080405895
0.0325070547849552
-0.003529086483307722
-0.04142118741230567
-0.0010678666649632466
0.031189247200742495
0.0196888035356966
0.00902690328902317
0.004472173107274772
0.003474634291862959
-0.0006290516276190293
0.0038932953067243835
0.004084628359415913
0.004308146818081547
0.004494838228910888
0.004859144449299311
0.0054272928253714945
0.007396498596797035
0.03836389095892594
0.009708747815903277
0.0053956795334255195
0.002750973521191514
0.0015689523197501022
0.0005666858280598273
8.550764593881823e-05
0.003961288015152533
-0.00019568071145364792
0.0015640120689440942
0.02450470984951317
0.0001518672591249418
-0.0017176352189523633
-0.0016599791972700653
-0.00046893940689259235
0.00241223580576842
0.004935027750148574
-0.006769536034736353
0.00043652254345607344
0.004552382938393687
0.001782776841786274
0.0011755939355338773
0.0014424208910312135
0.0005865560975083507
-0.007253873712362648
-0.010236262600450087
-0.000543839319923945
-0.0009735647956789585
-0.0013806352600076726
-0.0016041398494853264
-0.0014963651841406332
-0.0009279802703300341
0.0002515041930428529
0.0019499840255204426
0.0037134748819888253
0.00474854475939792
0.004512696366737318
0.002534020144054587
-0.00027497911210922995
-0.0018664682976696856
-0.00012946142452987774
0.0043064363401172515
0.006007994039070511
-0.00023424488728490965
-0.008476874555572698
-0.010529600155581626
-0.009338951146347222
-0.0038907977303315644
0.004518248220881409
0.006555106424459733
0.002365985095927993
-0.0017140255194603344
-0.002648064647887356
-0.0009548677125899635
0.0015999570300917606
0.0037376079857243867
0.004998095860050491
0.0054135956402459285
0.0052998729054581604
0.004909798646643676
0.004356711251638552
0.003998706453612435
0.0036706685291959377
0.003412931748833243
0.003290422305436284
0.0033306686525725075
0.0033008076477125626
0.0028503904406351603
0.0019050258371009136
0.002652177279738173
0.004341006791051983
0.005338047456654186
0.005871485497350219
0.006025697698196113
0.005401408583014073
0.0028845653992663764
-0.00174845612337089
-0.002261764428932438
0.001887427816427359
0.003942734525097211
0.0038871668622642128
0.0029794536645271655
0.0016940411793166757
0.0001987935268901601
-0.0014141471299240515
-0.0030483120690950184
-0.004574375439653656
-0.0058591770271791705
-0.006858561479229942
-0.007511650822241764
-0.007433513740593107
-0.006723780611377837
-0.005690308924029972
-0.004351100709421987
-0.0029949536719399397
-0.0018951745555338742
-0.0014538985482214796
-0.0018655864352156205
-0.002784820737927927
-0.002909200706804391
-0.0013968009640229495
0.00122088238451449
0.0036890612740084674
0.004085046039554453
0.0029416821538583125
0.0024694774444123636
0.0023951198499735458
0.002008353940597069
0.0013605089448767013
0.0003541701465585471
-0.0017879372259980624
-0.005923842576069349
-0.010921542740086687
-0.01324181169201527
-0.010479867168961333
-0.0047950253793745835
-6.710235526058337e-05
0.0017383553817736461
0.001056845212067851
-0.0005934462134401556
-0.0019325397047705367
-0.0024884984582160844
-0.0024262279887729745
-0.0021421145448700264
-0.0020156848227736437
-0.0022275136768951298
-0.002792051885501442
-0.003619232061557764
-0.004542029847221381
-0.005410741788473291
-0.006183798436414491
-0.006813522561908649
-0.007282003994956632
-0.007585928780530029
-0.007772642081428217
-0.007879224657708893
-0.007921715740729656
-0.007912446700081172
-0.007894724223937766
-0.007869254537905076
-0.00781744589087002
-0.007705047302422376
-0.007473329131226422
-0.007077971411271222
-0.006462803021010725
-0.005551060789272727
-0.004380814023380242
-0.003014519082049632
-0.0016382831244404958
-0.00045321496338896996
0.0002736084489702954
0.00040995657603832354
0.00012466318606956547
-1.8375076527032487e-06
0.0007568231142798359
0.002561644880249013
0.004274805994400235
0.003690042720770542
-0.0003341670936631112
-0.005519653774668208
-0.0069761334611530956
-0.0030875506191000036
0.0020373758711557436
0.004358816159386814
0.00350324791089485
0.0014456478354309878
4.26314109561447e-05
-0.00019565973489182496
0.0001432965649178523
0.0002640035981069745
-0.0002496506084760941
-0.0014268614308404134
-0.003054473394198077
-0.00476601580204919
-0.006208146541560907
-0.007147591482320344
-0.007497483093317512
-0.007241983186637048
-0.006460396980544108
-0.0052778119744058116
-0.003825885350378963
-0.002263786989721253
-0.0007316392656817967
0.0007527793805703569
0.002161246655485203
0.0033232244911257413
0.004222535069799918
0.004853867999066835
0.005268603770075413
0.005520419886534491
0.005701862698985982
0.006053969930773009
0.007174925517251987
0.010253036471981853
0.007970268323115258
0.010189541353047976
0.0065325216324813844
0.003433906683266425
0.0019045216158908435
0.00018270322836861464
-0.0026341773947689464
-0.006146210334785591
-0.006879510116669056
0.00036114672193610347
0.00819841027816702
0.007165659766533922
0.009715286297395582
0.0044172056219836855
-0.004902006640005025
-0.014247418802664613
-0.011072796045752958
-0.0027009667358779453
0.0005049836917092634
0.0009045032919339574
-0.00024684556186839343
-0.001423629451724893
-8.995556871399982e-05
0.0007193018666919334
0.0009039866355270372
0.00027099678959748084
0.0007833738574656438
0.0013627336375831383
-9.257421160818528e-05
0.0017718143319373659
0.0019110134734755305
0.0018323311968318455
0.0014667167258915227
0.0014189010658293476
0.0014001113287932306
0.0009067904986638087
-0.00025120163339866907
-0.0024522800734509045
-0.005649747375228516
-0.008019172223547796
-0.005006825690371113
0.0064684457851370445
0.017565461726214242
0.013734822149619427
0.010535477500342266
0.01777536652788361
0.017317103688411616
0.019914701422516744
0.020017378105504392
0.006730299914140754
-0.006298221121016895
-0.009894356695530244
-0.007028979584594093
-0.002861050062263009
0.00037755219145583363
0.00261768534038126
0.0041167111078439685
0.00464473907650844
0.005292584445830728
0.007333101568768153
0.019791914447226677
0.030352007391275405
0.033411854742958845
0.007926400319336573
-0.011691896067886143
-0.026767298962149067
-0.011121942685339505
-0.0061977505258621
-0.0042165861716870045
0.0007433631115542731
0.0010722487874954834
0.0007300711085709648
0.00017424522034495597
-0.00026810361774598957
-0.000496698217448688
-0.00039036728904566037
-0.0010290031322219817
-0.0006278849892497719
-0.0009333940827263723
-0.0009870388272472082
-0.000845305624107023
-0.000503882987876587
4.279467023815691e-05
-0.0002795167491526212
0.0005828414457697271
0.0009414103895215639
0.0014605686011657775
0.0019831538917180723
0.0009686694608482547
-0.005392469323928267
-8.881861687976712e-05
0.00309955924563349
0.003943256757058489
0.0043931524094505
0.004911726490121613
0.004773957759519834
0.004120634465451036
0.0027195441381968177
0.0028091264222840913
0.001180380279336274
0.002612927672310015
0.0007506941185100302
0.002039032130519243
0.0017524681017130727
0.0016106845576806437
0.00043528835778803253
-0.0019235539221093899
-0.005085373240004891
-0.00783731835746375
-0.008204840283452577
-0.00427304138205026
0.004211847949712537
0.013997724498471075
0.018849532822691376
0.01592183626258726
0.011957426635313607
0.012785898468820193
0.013191237328545803
0.00981859295297836
0.003416440541851155
0.009131012496064182
0.012977505924916338
0.007469791135405396
-0.0011398848972232777
-0.007305707845782621
-0.009005028012074598
-0.007629926921639347
-0.005041906030133593
-0.0033995804506918503
-0.005769244231386736
-0.008768887590832004
-0.0024579857080744435
5.715265203978317e-08
-0.007881076083374412
-0.02163540591027299
-0.004515092329252971
0.001482893543126162
0.0021156305721766458
0.0019137862412707428
0.001280495209812207
-0.0003053706943453582
-0.00539076735155168
-0.015276748194800864
-0.023612116141432982
-0.016156194361672323
-0.005522297181408091
-0.001653638400754564
6.285204099435576e-05
-0.0005396986427690788
0.0008719180730559831
0.0013027477289057723
0.0006573579613680925
0.0027440729737329026
0.003510990160633981
0.00383079887163474
0.0036501409598533514
0.003285865989014338
0.0018500661646724487
-0.0007721761329453049
-0.0035854012522099107
-0.005214779173165863
-0.004347750041410292
-0.0007308370137696768
0.003687194612987255
0.005132951623729442
0.0020922531616995657
-0.0004063913961520328
0.0023965792769745984
0.0055705576967396975
0.004074352314428005
0.00015836083023495492
-0.00010187919705190424
0.0034775976796806865
0.0045991126994143075
0.0014244714192510196
-0.002872934078645462
-0.0050999495745602036
-0.00435261638954433
-0.001622596547609123
0.0015600434727794821
0.004169513480408177
0.0054464430521283065
0.005381852706173079
0.0042650019320570245
0.002815986782651471
0.0015742683807761296
0.0005575048501985816
-6.669562321558965e-05
-0.000350398890681459
-0.0005140983811766273
-0.0012192532126462353
-0.0027618647204282563
-0.0015093264606586398
-0.009130776340433027
0.0004173423329696698
0.0012224903481678861
0.0007392230018987561
-0.0010957357368078045
-0.003995178376761095
-0.018009346167987078
-0.007250880648511106
0.0008621751677774529
0.000886904760733634
0.00032868515344327073
0.0013477743676392352
-0.00042868225158130353
0.0013758723705742989
-0.00039106410751740497
0.0005398355315532617
0.002043024491002131
-0.0014095169241461146
-0.0012380374894431275
6.574825956951364e-05
0.002664919092039022
-0.0028012308117128146
-0.0034418010334761086
0.004913753009961819
0.006073312620572469
0.004073658462261726
0.007942794307245165
0.0006540285269700951
0.0015085307482593537
0.0015608722326947572
0.0008639258005937367
-0.00047847258054416826
0.003669842565927842
0.007050586388568139
0.002582305373097992
0.00033110104388379925
0.0005420910185696322
0.0018960434514672965
-0.00013565040335340907
0.005238223516063238
0.010157069997981652
0.014164496817172743
-0.009429004042338917
0.009026873141023819
0.00599731998390876
0.0014870303633012668
-0.00028451323007223
0.0005214122618373947
-0.0011378922582694264
-0.0010881190098786919
-0.002563998402805671
-0.002359350235190358
-0.0030721835526810338
-0.00441224377969274
-0.005135328617391166
-0.005904967851921378
-0.006295348583738096
