-2.1465946082676016e-10
-0.0023418892240670165
-0.0011797416607895361
-0.000776532264346907
-0.0006976358275722135
-0.0008588051732320489
-0.0011980623829282626
-0.0018129501038036506
-0.0026268524428585773
-0.0037724326076342793
-0.004805126988614972
-0.006382816752794036
-0.007208463055393656
-0.007595273128726904
-0.007132094080269707
-0.005412965009173944
-0.0012009148411952864
0.005938849529791494
0.015180263070937835
0.020643953160114564
0.0019188925546423951
-0.0621760957222466
0.04938323738971629
-0.04974329750797741
-0.017022243912656335
0.03912590417224064
0.05285262641957241
0.047269995050231065
0.0358914560350574
0.02315352711756674
0.012197189936171648
0.006437145930777296
0.00025380595214327916
-0.004438897591447353
-0.007895865274278832
-0.01039968995739344
-0.014100454535893656
-0.013107082502629356
-0.014733211946933113
-0.01399197943573078
-0.014066497070591004
-0.014292398441717412
-0.014814484869267756
-0.016218217424789336
-0.01749440721567046
-0.01970821221092079
-0.022592851937710507
-0.02729402701854458
-0.03368488766684546
-0.04131062267185651
-0.04588342771985451
-0.04687508664402892
-0.06261876222377781
-0.05894165637412872
-0.031039830163603635
0.004933751872703015
-0.06553304479421941
-0.0063033175835059616
-0.008681556747293212
-0.013790249825626837
-0.006159415327058027
0.006350913445319084
0.026768436889608362
0.03328317142636407
-0.023549675496107526
0.11283158605505222
-0.033893655013645295
0.09201644774308378
0.09275627381476573
0.056209117834552326
0.04510972374381911
0.042602606560138014
0.04205273451127057
0.041748034427991146
0.040937774979465075
0.0399668700158092
0.037408102742004005
0.03619026808479378
0.03561067041836941
0.0340004523183652
0.03990986270059096
0.03972985874131337
0.028264887569865265
0.0236172770709175
0.019569749058076347
0.015891932217164846
0.012599135851795793
0.009542161559651671
0.007610900069049523
0.003056115099774565
-0.0005197618921497715
-0.004097563211315483
-0.007064856938704613
-0.010157113988513
-0.02941236269432807
-0.014411129383299982
-0.02253430852012876
-0.018248342071413418
-0.020981626213463504
-0.02356559783084686
-0.02602779015230067
-0.029611617274398833
-0.03950057491293446
-0.03140379903723811
-0.03937733688306941
-0.03193087715549501
-0.03222389243671193
-0.03270589313247586
-0.03345512720442672
-0.03463960657983962
-0.036179810292934836
-0.05617968009736136
-0.03496681510585911
-0.03608621013135396
-0.03936114470385115
-0.0503777040312004
-0.060200528162915073
-0.0415695911967645
-0.01651938770301095
-0.04552326432654438
0.013752568567316726
0.014199304593596335
0.023452963863105088
0.027354330499025904
-0.01904594849636623
0.019226476135109933
0.018550580331346822
0.017443051155409686
0.011800707436122406
0.015358412188465025
0.014910098420145335
0.009952343301469739
0.014479260194078827
0.01405536189246357
0.015499616666289542
0.016652532179098584
0.017553441552224828
0.012816549300253773
0.025328503002665783
0.02647984825866159
0.0214019993991729
0.020666850911336184
-0.0014377865373522045
0.03115308206177254
0.0368082448404721
-0.0007850868311435215
0.022111804329908568
0.01985005124649131
0.01872361352829102
0.016356116929906406
0.018053377179431403
0.02048922366358096
0.01895378429913388
0.014342414854606052
-0.01836505620915545
0.007445166535282078
0.0014866797680469289
0.0012649094419607569
-0.0022240509364192577
-0.0062376084233905
-0.01047875203139485
-0.0156168549775311
-0.02125978931138341
-0.027283571124148934
-0.03264590411797747
-0.04587933274147857
-0.039222390701213666
-0.040586779979958944
-0.03745803508959694
-0.0336215428152573
-0.018112461718417447
0.0004349900089675077
0.025275722043506955
0.05286147351183412
0.0728452777952347
0.07175538517590115
0.038171993003818405
-0.01880671024327972
-0.03204989532648023
0.04566758051525762
0.09168439633447373
-0.03134988104931964
-0.018489621758242755
0.08273178362816226
0.023687935705235065
-0.09351588824859294
-0.03996067722405785
0.03848881739156137
-0.01993530691174637
-0.0768169153531049
-0.07243798518833941
-0.038147541519959846
-0.007948099611249392
0.004822609491668038
-0.0018413438314084768
0.018043513016351428
0.01349803623189735
-0.004318793685738692
-0.008760087622862867
-0.011230465525045879
-0.007557840986477264
0.005965823210939037
0.016998079830732916
0.00045981148786671336
0.010164292329334445
0.017676866080705476
-0.0009017351922977121
-0.006328074350368087
-0.005476743098098551
-0.0014178863358152438
-0.010014747732456537
-0.008642620571154834
-0.011800300531260625
-0.012244215110817417
-0.010739056342423633
-0.03646597200846359
-0.008535044303612925
-0.008279225524668575
-0.008295640033989717
-0.005813154529188406
-0.0049850571639822715
-0.0025936119942942207
0.0003099035367177982
0.005612511056151757
0.014685481666481244
0.01885724972819436
-0.0004938606653492995
0.021516406676776127
0.014713648753808492
0.007748203207587029
0.005557135833804216
0.02145333172558918
0.015645238508372586
0.016597232256149005
0.0384210953760793
0.015222305673075148
0.021608310741806712
0.0074513658504585115
0.0015202557553739614
-0.03217698902254071
0.008937858598720523
-0.005075056764200912
0.014745907279340359
0.029689364898313406
0.015206194149154308
-0.003872412607400588
-0.007538275205901469
-0.007677973392986278
0.005472888916145204
0.003047565245134056
0.02003111952861076
0.004058259086362256
0.0010633424554524985
0.004913807075983997
0.0036232674202748144
-0.018035033242673203
-0.00032914010189039376
0.0011891015889024452
0.004519317480830938
0.02349525563808596
-0.005748111090252637
-0.008562871265656427
-0.009481367721819072
-0.007322635866553429
0.004319803385421424
-0.015036561486098107
-0.04524774160080502
-0.0007677872981919341
-0.0041043633714049526
-0.009407228336177673
-0.01003367445525442
-0.01395645912248653
-0.011731910604204063
-0.033731270504578977
0.0018171469043768488
0.0005325084680744416
-0.002346063539275054
-0.008229498801552956
-0.007230859117665816
-0.005846740706587863
-0.012829725870110664
-0.010353160751504466
-0.013529495815711638
-0.015499090259519647
-0.01706247909715663
-0.01607826685160778
0.005589976183230778
-0.011869925294844503
-0.014183136383775087
0.04569482072968064
-0.013256002270404948
-0.02612642869466567
-0.011532139077534722
0.020863444543810745
-0.0018342208504886675
-0.006477595710394599
-0.003408652407706303
0.000682667180589352
0.009314475287539047
0.010073960018702944
0.007599160331214297
0.019087260698955985
0.06951838602302898
0.042349644183771365
0.005670629703272288
-0.00017591262078296588
0.0038424885647297857
0.0063174371298454135
0.006837579082705706
0.0013565908942939164
-0.03264994883691741
-0.028173178538673925
-0.0051432607819062205
-0.031537877952403245
-0.06086904465951753
-0.013013055419758722
-0.004304400637478357
-0.013731989571448097
0.007735660388477425
0.03379122402342577
0.024176608906799173
-0.16520193581891587
0.08952032203044602
0.047451301995115505
0.022933834392190176
-0.04709045033023856
-0.012199816480528924
-0.05424779531901331
0.044003049142072266
0.10128262316431519
0.0707605301246354
0.031392688554549686
0.007758447207690654
0.01344024424097923
-0.010391428402543725
-0.04326570033819224
-0.04092182668976157
-0.0060311375984222005
0.00892177727318171
0.0134148335105984
0.015512007719012637
0.015811472790828698
0.015229212932934829
0.015413260365308412
0.019122171414080902
0.026870821559582304
0.02377431650890123
0.022128663367927195
0.021230356567508643
0.021317876390492953
0.020023628355524705
0.019434896496511093
0.028841924711082285
0.0006147160359079233
0.006401245027964432
0.03143775533356136
0.0008617516056580156
-0.008429732766060908
-0.03435533530163996
-0.028848111323262007
-0.02574620014332543
-0.005199929003906727
-0.000796631470211005
-0.00434115419371529
-0.006688396933035738
0.008715369347705445
0.020865688456464818
0.0005995463701356745
-0.015439513567475941
-0.04293001484586173
-0.029892346215953585
-0.03360367266227916
0.011584191500020975
-0.005213106871224208
0.010451542374616941
0.049020723916090254
0.04636024455481187
0.014203250878674056
0.020696944838512036
0.0017547317585362829
-0.05434667847907476
-0.01708813384454408
0.027238499661734583
0.013528337249406054
0.02669480240161107
0.05046862256630412
0.025326669106570873
-0.004243447445641269
0.004806690442001509
0.024492625620280168
-0.019065518198005716
-0.055608524104327185
0.025506678034274005
0.049981413538297825
0.06124925364592826
0.03167640869491485
0.024100497467314397
-0.05965475184552758
0.0020133869074289265
-0.009296012715828722
-0.03802783033151954
-0.04927568112697671
-0.03840496717813661
-0.04111270620066618
-0.03164428140641201
-0.02305075669136646
-0.02085461207506158
-0.022998224635344632
-0.0380198798232036
-0.025701201571430726
-0.012876386105411317
-0.007369411591768551
-0.006220822935919412
-0.025503123127011522
-0.019757235791897157
-0.0006955326576456986
0.02144679568382634
0.03705511768090899
0.05011589205179463
0.06509202216991818
0.0802707008364326
0.09873323124392246
0.09940945424571745
0.005921624755036315
0.06154507244457726
0.0663286127414632
-0.06110723997246767
-0.07586636844143398
-0.09165309253607393
-0.10035475862757434
-0.08334596291190909
-0.0503640193611764
-0.01009301176229316
0.019610921508147566
0.03529611838525518
0.020684242140200003
-0.03462761199507992
-0.0491981076702151
0.026997783081497344
0.03574304208796132
0.05137286992213953
0.017871643575960588
0.03918915640767717
0.10565501797352637
0.04934689813366986
0.008371878697909754
0.0013444966551295074
-0.014213464334294018
-0.05307375162175364
-0.012952050358567085
0.007961897053129082
0.00972028216026165
0.0407031600003951
0.04284690553249729
0.005168316381273887
-0.024804511631514342
-0.027593269519886988
-0.011272518933454854
0.011527235750902247
0.0348989950852739
0.051152226146223834
0.06196080071773388
0.05573634403233978
0.040028743303732496
0.03491635434788573
0.01956488541384387
0.03354063695814937
0.02665523168190657
-0.05453702886691135
-0.04274352084471499
-0.05021133139487082
-0.06840822458908842
0.005388440958063748
0.0025792531197413294
-0.0737293473687346
-0.09613378408801997
-0.07145023266136237
0.0008044769015092046
-0.0244551536974415
-0.021511989011883895
-0.028778552251259606
-0.032077050350369035
-0.04016031317499546
-0.04768153736292435
-0.06504135388352801
-0.08203836072086246
-0.10242876919831129
-0.006697194016205823
0.028762342112538333
0.19398128706101048
0.04735792447773248
-0.01166831561475506
-0.0212719068107189
-0.007011069283306359
-0.0013425912907118326
0.0012828158371189812
-0.0005928826656891134
0.0018504962572783458
-0.000880985073693422
0.0032876981754031034
0.002345106978256156
0.0025868911814074516
0.005438575538615498
0.012330585411838119
0.02377649498789525
0.008252315339251536
0.006959306764366281
0.011294170580457175
0.004609097672451645
0.03447376518659964
0.026547217613432456
0.018484777869413938
0.017073003691077275
0.018413335702205828
0.018234293002278072
-0.010743596412876148
0.016127606378542134
0.010904753783367806
0.010844866583975184
0.010647264744287252
-0.025783184987555816
0.0067630841387613045
-0.03434106071417729
-0.006598565370309028
0.007112902815061879
0.013045318281785605
0.01639465657514692
0.01964217515573579
0.023014424696360367
0.025614605455038596
0.02693352530403748
0.027003323305727085
0.027430245821691356
0.02419211718772055
0.018234920944950463
0.01371855260709781
0.00790964849848958
0.0036131131514465504
0.0007059787554139551
0.00019141480768666174
0.0009732805890172467
0.0022533482865724178
0.0030396278493659843
0.002123975353196714
-0.0007285869573184597
-0.004285222096060852
-0.006914699378502082
-0.005885170944790446
-0.0008087537734729238
0.0069321669773478615
0.013747536229696157
0.014304355842128138
0.005380794056068293
-0.00827946703357189
-0.013400328823381973
-0.0012682067819360205
0.017146764738768347
0.025369869192394614
0.019344855791611316
0.002049672560366986
-0.012068788178190262
-0.010044999391012496
0.002619778666765435
0.01293675464474742
0.014476876381569428
0.008781247587420628
0.0006800762307091261
-0.005578289411398369
-0.008055738335890157
-0.007054667009293875
-0.0034945375924077867
0.01472579437215795
0.0015153252459295175
0.0029042338288852118
0.0015508206722622277
0.00013983382381674585
-0.00034089193252112956
-5.3844030017644974e-05
0.0015009437998641851
0.003856712102640653
0.007948281792002243
0.01239105972915182
0.011623137239779183
0.019868197001835265
0.023168081033080913
0.025871004475152917
0.02647947268442732
0.02576298646036396
0.02434086728196147
0.020730435821962937
0.017327144617361873
-0.0001543880024590614
0.01061063992719109
0.005536499687425748
0.0054863547297266495
-0.02394251416842443
0.0010542932072072134
0.00029251518091100024
-0.0007427656827315659
0.0036475121199056417
-0.007622324482953347
0.0008046317752896182
-0.001831933922232746
-0.0009331338703013344
-0.001274336271395514
-0.0014576820922375811
-0.001997975468470473
-0.0024850695992361866
-0.004990418266830182
-0.003711923043463732
-0.01947884200152132
-0.014102935950683664
-0.005477239990926346
-0.00453659702755511
-0.0027932491498977503
-0.0034962443146145054
0.004907990261514628
0.00877009752625601
0.003973591694171939
-0.003962826582415119
0.015341189091519188
0.00948072624723449
-0.00024092801730830004
-0.004298474643691542
0.0024385644724659746
0.009568077866186334
0.002616517460991784
-0.0047454504817772865
-0.007719209633644362
-0.018336637350206464
-0.022703540148458795
-0.023731722908394516
-0.026061973752123702
-0.022123835694566864
-0.01994410479278063
-0.018200411770681487
-0.017910254645503113
-0.016105655141236252
-0.013849499592501077
-0.010188716813350557
-0.014987675403743458
-0.009629174205591222
-0.006955564652436834
-0.006342210564509117
-0.007253746978552978
-0.005802237450614351
-0.005454084144231542
-0.007599629288696537
-0.006478735405172348
-0.006393565876149465
-0.00788070989788438
-0.008898575173287017
-0.013233968724029042
-0.015809406425195172
-0.030330338069133468
0.03269930725878277
0.032960078823558475
-0.012804388877801134
0.008196058076687935
-0.00846484221876017
-0.04768343319322539
-0.039636989049465214
-0.024559381055538843
-0.012664792697348246
-0.0041620375526848765
0.0010506355784999327
0.004432374486508021
0.006645424309414315
0.009339750557274654
0.012265231765705159
0.005515982146567319
0.014651911626118992
0.014603436400231838
0.014395211187420928
0.007794528434910799
0.017212803466332475
0.01743913499559013
0.015021291022534333
0.025259942959258024
0.015780996143455336
0.0156775798248765
0.014742261051012211
0.013426219703510916
0.011615115983947025
0.010865033449977243
0.009920415514212386
0.008396511708307427
0.007199072196767613
0.00566144811468589
0.004016620588303717
0.0024595089972022227
0.0031341045171803107
0.009441739872856538
0.003958332910144628
-0.00034115826957746293
-0.003528098028216185
-0.008560522822896781
-0.005092450838806924
-0.00482570398006
-0.023490718988115934
-0.003795878658681849
-0.010610329176693063
-0.0015145183473872005
0.003911726278779038
0.00010697349819356387
0.0007415619058881487
0.0019242911279955571
0.0055336866283871595
0.007033150610882737
0.015472830171585648
0.023480817861257972
0.0360223209825111
0.05813908674283272
0.0915883874745211
0.11164517553334576
0.016123377360672774
0.0280115809111112
0.08941728125792531
0.046091565454078075
0.0264948208976297
-0.004468970780879595
0.0038761274713045237
-0.0008999393193590737
-0.019515111864980825
-0.006044687045635667
-0.0011684507931416007
0.0014036851857803288
0.0024467620225309427
0.00825918045693585
0.011264878150211547
0.001447887738622242
0.013372884483138338
0.012001207717168394
0.009454811004352413
0.00437877153616377
0.008751106247422091
-0.0031903902109743387
-0.004662388119619548
-0.0034733560822079006
-0.00041485435212130166
0.003149601679695714
0.002739006488620584
-0.0003574580985059623
-0.004548836949292053
-0.006047855437212581
-0.0014989475950592435
0.00816083458007082
0.016466227585915046
0.013970758006451488
-0.0013271669318178523
-0.014158818062446947
-0.009525439069809141
-0.0005483576512651592
-0.0047160226750272306
-0.013619128915582243
-0.0075387791378671845
0.00886577672062684
0.017009886405168664
0.011996801336152163
0.0015510466276326864
-0.0059030272512308034
-0.00722501795728983
-0.004096143154493547
-5.056563093988086e-05
0.0022067464737199425
0.002347367297430362
0.000689656118458451
-0.0032867471516127914
-0.006708629838390654
-0.009579721069892194
-0.010111827145973981
-0.0017531658637368077
0.022054105546290954
0.0049675963199575434
-0.0280414725154085
0.001886050243603881
-0.005436030433525884
-0.016449660886214752
-0.010194916610067174
-0.00408333510097594
-0.00491213659352254
0.004220555766761936
-0.0024394699844434114
-0.0005962299626973524
0.0004251870003520462
-0.009852485865251396
0.0017239671068044742
0.0040016183587632
0.0037497387035207463
0.0030016413958047147
0.0033089553094484145
0.0033998152256519724
0.0015208532672697393
-0.01802064627919622
0.0004009654042789138
6.790351855966066e-05
-0.0008883672888713721
-0.0002647230956160762
-0.0008363561782980071
-0.004825931794334607
-0.0027697521858433085
-0.0032837800600809264
-0.003535568334989431
0.00027136049059798417
-0.00282475296094909
-0.004402221894125658
-0.004179836614678739
-0.003206131142338781
-0.007018579559549343
-0.006046028270258147
-0.007187159748028617
-0.007182040690845124
-0.004677490329441296
-0.011399961818697771
-0.12821350460837455
-0.004553882769309771
-0.004378685259013207
-0.0034285275730345345
-0.0022772353475826305
-0.0007751753598885493
-0.000724793651778666
0.001097982095503251
0.0018353104336666154
0.0040045954750144615
0.00520410163990497
0.008866071116208919
0.01198245778687759
0.02443072357408964
-0.011000140226906195
0.028058938265065232
0.03668722733373623
0.066848407555509
0.042858131122122584
-0.05793049988306995
-0.07315972839450684
-0.08047632107187802
0.0211628758132286
0.03878521127816058
0.025781230703840977
0.0215296795703236
0.013221212408969759
0.038368881714796195
0.008150840706684166
0.13834530809339252
0.0024164411929901257
0.002721370760463615
0.004706397800756331
0.0046611586663475296
0.0001921481935676433
-0.014845886514143172
-0.002549643961126392
0.004653827980124991
0.0060248352755084625
0.00787906924959171
0.005276376565272941
-0.0008671540593686649
-0.005328028122210427
-0.012621197602990708
0.022872118634713445
0.009139793596640165
0.04998888515153293
0.009450454616018065
-0.017481605365220185
-0.006896378908462961
-0.009283328893767349
-0.004743036828911109
-0.005185789063424481
0.003426349184384837
0.005334454905447034
0.004800867568314134
0.006899302668780217
0.007679787681864537
0.007664792618041271
0.007411552126074912
0.005624780165089135
0.006396199986147802
0.005552083798694999
0.004649190937615191
0.006397371314754654
0.004155405299614031
0.0013221256186350732
-0.0006403484644231769
-0.0008367834027689927
0.03129039556081658
-0.003516171584013505
-0.006106227734803773
-0.006309183346726402
-0.007235881686520234
-0.009926216055219908
-0.011743985064960398
-0.014735280572137325
-0.019228357299297
-0.025407675056737515
-0.016854905618361005
-0.007001401466620315
-0.003402113900049161
-0.021447443462980085
-0.023583260469985788
-0.020287524312120796
-0.0003753148138156224
-0.010272802244495139
-0.02600313385253237
-0.013997738955039498
-0.005260672712437888
-0.009387219013954532
0.014100555454876528
0.0700411711389126
0.02999401150793816
-0.019651541122721192
-0.012394803781099955
-0.011878447607808403
-0.00525865282437171
-0.013128572025415649
-0.02052638738224839
-0.02874795395165307
-0.01871175123184966
-0.03710823453186196
-0.02413727742716394
-0.02262455909958895
-0.026633111792416665
-0.011612175870170893
-0.0070993123173871825
-0.005591363133177084
-0.005042637025840995
-0.00636500734371769
-0.02450400490825061
-0.013586033658755771
-0.011709796827142642
-0.012845676373320354
-0.012009542434689244
-0.014380185280420949
-0.015256613424063608
-0.016232948742852978
-0.05111838134386928
-0.017160815696160587
-0.017078520700231817
-0.019797688607434347
-0.019122051932722865
-0.01698258476593858
-0.017392395463971286
-0.01895337903936148
-0.018528827435893392
-0.018706740941935286
-0.01932414900370093
-0.0185652130122416
-0.023537781842850564
-0.019479058072824282
-0.020150594513249662
-0.021639252233811787
-0.05233950000044891
-0.02295301288727843
-0.033973007717565784
-0.021000705505219337
-0.0191737922702909
-0.018140711597211857
-0.017847536994002784
-0.03735470370600825
-0.01767312287031456
-0.020576386165007753
-0.01613448729465202
-0.004932165701933763
0.0009849300421850083
0.004684869368914179
0.0074564799499330595
0.0069949118539732805
0.001448684223809495
-0.009001789796819877
-0.016968886731671736
-0.004930629471378687
0.011206443492685226
-0.00346247866469992
0.0025886216374408034
0.010031303123796333
0.02070121243793299
-0.0018336529113917937
-0.0009461336516267981
0.001332444304663919
0.002985243906951808
0.0022138638956637384
-0.0012733694810518476
-0.005427916730128183
-0.006554112954449371
-8.022551360865913e-05
0.01125537003957518
0.0164732755934084
0.005615163310589752
-0.011529706440250554
-0.01439371582746361
-0.011176407690703638
-0.014893808523813012
-0.009806672941335335
0.007644359423375371
0.01648812232254881
0.010313688372000862
-0.0004669757981438385
-0.006406339390847704
-0.005666334324972916
-0.0014050839207019282
0.0024088086286951603
0.004236998509465194
0.001797859518953337
-0.0010778697515526833
-0.002452656325379285
0.0006539567483188314
-0.004332726852973049
-0.004288341475703485
-0.0029568965003880184
-0.0012134427539557085
-0.0007852046898368188
-0.004866641156628066
0.0012265057527221686
0.0017901319925264173
0.0011199174502362682
-0.0002337733186123245
-0.030484175463813348
-0.0022104968048443246
8.450658137340858e-05
-0.0009490216251565527
-0.017989981421125185
-0.010249013463628907
-0.03268130111260495
-0.006862179775152338
-0.009431316157380683
-0.01205649907922025
-0.04430034606839393
-0.015152830766662583
-0.029868314046312003
-0.05527922041642288
-0.0686083823932352
-0.060240707293485095
-0.014066937539270569
-0.0053794196420576205
-0.050660086776174756
-0.0022983350681444322
0.0009043636662889092
0.0015986073506616323
-0.00362922684958646
0.0032228055297187468
0.0029339386912235667
0.0039034250505333313
0.003956505395185497
0.004014084201962533
0.0035522982877065814
0.07611875863207687
0.0009202863488050788
-0.00634563258212538
0.000945663410642332
0.0015166207387876185
0.0015897294320243805
0.0006381689722591821
-0.002604414920974704
-0.0016684161189728837
-0.0030602270317881906
-0.004397788083644108
-0.005711528518364066
-0.007369318013537295
-0.008577431929345172
-0.008835778469425376
-0.007308326618517889
0.013406992240196128
0.027418075669956
0.061638212306984866
0.041693251014457915
0.007522092492610786
-0.0006859130186744816
-0.0021548640137400064
-0.0019465409988168134
-0.0011507316767091946
-0.00019296610450695155
0.0025245012443232207
0.006899363730075213
0.0016541760147025892
0.0002529167333748194
-0.0008033064212218793
-0.0022519612443040204
-0.004142972164557334
-0.006050960384776771
-0.007748108432795964
-0.008884928080767508
-0.009208951243105175
-0.008269963332445382
-0.0060463361176833165
-0.002440313716399177
0.002188943100629168
0.007179920912960553
0.011528619804684836
0.014007087267169958
0.01338422687045792
0.008930646879720285
0.0010592500766933867
-0.00807272250708467
-0.014325568847546048
-0.012851057697269309
-0.001369714642484473
0.015740878742010665
0.02768786157214112
0.026664276615577437
0.019119817459180316
0.019209861542589236
0.026386414861183302
0.02677794198873775
0.015385889796420199
-0.00014078134359066187
-0.011105930191860952
-0.014943038156625572
-0.014052515171202172
-0.01195885202079183
-0.011068176999746198
-0.012287538816643651
-0.014821024997560432
-0.014425688032960888
-0.003693860954580131
0.01589285531870635
0.027973841018332068
0.026717545231892365
0.01149978429393744
-0.0091001743644045
-0.01689802153518893
-0.013845109320464325
-0.015291375186671346
-0.033773937942774765
-0.04359328818207662
-0.02294509888884224
-0.010862841612626363
-0.007684184375356167
-0.0077678809897639926
-0.008675257749368786
-0.009484352581749064
-0.010068993590394783
-0.010322935627881539
-0.010363824234758168
-0.010275329617165638
-0.010118216718644941
-0.009899536100944385
-0.009535999017650232
-0.00886152242561718
-0.007806047134728011
-0.0071853265480214465
-0.007462652384611648
-0.007587789917256428
-0.007056669774118271
-0.005741103334530745
-0.0035484856238405566
-0.00039171625554768703
0.0036884999469256182
0.00834436274641485
0.01263754734784278
0.014922169213370653
0.013286186362529965
0.00589227401004253
-0.006421616718552129
-0.016660645739919704
-0.015010490799884531
-0.007540133350230009
-0.008158417009758119
-0.011967411758886805
-0.012596212514113367
-0.010156381955220029
-0.002822412413676366
0.009970419018097016
0.02328434112683533
0.02732489577114422
0.018945888363737274
0.012313931204778758
0.019057498188010433
0.027294828855415617
0.022163084341616672
0.006096061841139073
-0.008917608930641143
-0.015000864120260627
-0.011921767128064366
-0.003899576303304229
0.004520788492936341
0.010812544867811765
0.013716528434705362
0.013027580488743752
0.009644368047108354
0.004369052665835231
-0.0026249144637450583
-0.012900377003202079
-0.022076392700913886
-0.01349538851966018
-0.01054231155113553
-0.010096255122631978
-0.009977443664602462
-0.009744027003672481
-0.009371436006713706
-0.008834282046554478
-0.007862440491839321
-0.0064417681086579946
-0.0073407799739902925
-0.0075706108456652516
-0.008075199151957903
-0.008316067817318508
-0.008607357408959489
-0.008598475955258858
-0.008453533012475329
-0.0073693076126535575
-0.004822487588162925
-0.0004972229191082972
0.005743317478688092
0.013308380003081037
0.01888939335381393
0.01644791038114356
0.002217886851586208
-0.013886163164212973
-0.009398991486968435
0.011774647108765197
0.017966974225027646
0.0015288816435974203
-0.014547417912445596
-0.0074030111036316555
0.00885977365189475
0.017523602678166068
0.0173367850226918
0.013226184634146026
0.008886474423564649
0.005929878038383902
0.004777945933865613
0.005442784844942998
0.007807161627070311
0.011275219755012068
0.014341720494635871
0.014143186039969072
0.006996584008116423
-0.006238313857560835
-0.014945301649771757
-0.00683945625624085
0.010342454219800444
0.016684752408965626
0.006147072741447107
-0.010528801465424889
-0.013302900813986116
-0.0010099117480354219
0.01148978835742895
0.014969246459965307
0.010278472297320308
0.0023785200171634966
-0.004457417532245724
-0.00819282636715797
-0.008737483589336003
-0.007012155889089263
-0.004248445988868483
-0.001498544316305776
0.0006446171527969156
0.0027099432909247914
0.0032587537123746585
0.0010867512219050635
-0.0003821885909983172
-0.0013654064723846151
-0.003434666116680082
-0.005274714047615049
-0.005954897404863221
-0.004468112180232246
-0.007480262592529448
-0.006932678122472606
0.004934867428963654
-0.007443616708202706
-0.00751229273130912
-0.006944001115161603
-0.005915961153593943
-0.005585650248667245
-0.004866885192310778
-0.0041520921317816754
-0.0035082568494623303
-0.0065615126260579375
-0.0017727983790342208
0.004422019959615525
-0.000509293628335887
-0.0005305456377662525
-0.0035887239207458865
-0.00013733934676193622
0.0018617323034346464
0.0022062877546690425
0.0013592062889985445
-0.002381419657253899
-0.010024594580103347
-0.00461664569664829
0.036486388864397735
0.01204268966120471
-0.014385910460036585
0.006508131146480098
0.02247509695987907
0.007827879023836842
0.0052496480645335
0.006087718384399824
0.007561011552379666
0.0030937568278092556
0.005305587439005047
0.006492319305593844
0.006034880995600374
0.007125812091963799
0.0074486711406918284
0.0027106399029093327
-0.006480280838173287
-0.01188110191572149
0.025209739084092988
0.01650803594109769
-0.008431112999872498
-0.003313919218443028
0.007100395208525353
0.01150389413796454
0.012915752441137641
0.012869441798663367
0.01248084861607481
0.010322145563387577
-0.014826579849298057
0.009217810097346195
0.024388834943554216
0.014861589524999917
0.013945994826380878
0.014022562641709072
0.012875510798167239
0.009902344354536574
0.004422691154072029
-0.004196397316030636
-0.014847419227966539
-0.019873087051362447
-0.012971193079826802
0.004125208372946569
0.005240099217969803
0.0026424455076525096
0.010574408591396248
0.0060409692091904004
0.0012680954113371275
0.004443612554845844
-0.011381826011077966
-0.022400063965740184
-0.017434834338324663
-0.006240952535404154
0.0033857045892493635
0.0044404321691287755
0.010978603307310493
0.014541783459093275
0.01525070409937621
0.015725053543744136
0.014965243001885543
0.013741763846037352
0.012850260787213024
0.011643432933526108
0.01046421164431355
0.01375253802945782
0.009340952874569366
0.007050464887857818
0.012573543053776403
-0.011905074556550276
0.007383932384401133
0.010107983549448377
0.009147911192651875
0.009650314341401525
0.009276497966955644
0.008574724833855492
0.007316219788002174
0.007046129462540039
0.005562204580233353
0.006421512847055784
0.0011339037904469715
-1.4201191304479096e-05
0.00930800365482717
0.010394568222726396
0.010695075285613675
0.00907655486587921
0.010914495265206554
0.006091003750877085
0.010636453582918835
0.009507732537640111
0.010221333151621435
0.00960759260781238
0.009070083781747978
0.001852752468134306
0.006612528676762728
0.0060459293740102345
0.004680852269966658
0.0030239218612093874
0.0013677836323890478
-0.0004894791796733906
-0.0024047127884602774
-0.003906371060183644
-0.005821991894389834
-0.007918641679670149
-0.009581213821660535
-0.009145477814895605
0.0007460115551438895
-0.013022342782039821
-0.012787592654477488
-0.004897717450882108
-0.007453293264792762
-0.010651859854188874
-0.009308847228529463
-0.007053109405085681
-0.00329879382755317
0.0011795572683249273
-0.0014891751714785552
-0.002677567497578674
-0.003293875298115521
-0.0051739453163080215
-0.007091146388619868
-0.007679292392427339
-0.006042128943142256
-0.0023824729025646793
0.004392439200541557
0.012151848326177698
0.01778647284922205
0.017841868288034565
0.01051615245271698
-0.0035369609008866253
-0.016999338324198168
-0.016187638500542192
-0.0006928889255973702
0.021595352640590516
0.03336892028011743
0.03483283603453095
0.029875269191308035
0.012201439394581553
-0.008526158700007648
-0.015284022482320827
-0.006517957137248591
0.007556612441532909
0.01752695064877758
0.019928256263358892
0.015958040676863232
0.008724739827488321
0.0012037519445549604
-0.004707995187048585
-0.008205946020514717
-0.00942515060246272
-0.008982038337587933
-0.007689474087260587
-0.0062424630694372105
-0.005139677695590601
-0.0037523501234956818
-0.003863704177057358
0.009672305297863674
-0.004524812007302561
-0.007252546931611731
-0.007932165652796905
-0.009561879430365261
-0.010163606049970767
-0.007288477480552591
0.008595166722668706
0.03043475387603349
0.045967490647532055
0.018149626706808256
-0.0056958667688960084
0.028333716900415497
-0.007446135253942966
-0.00962874731883731
-0.008320693701406503
-0.006099289858366669
-0.004439204502067602
-0.0030445736703717642
-0.001994651471981039
-0.0012489586219226686
-0.0005890772481095005
-0.0002291609514327362
-5.981547551790603e-05
-0.00033281343041445646
0.004451660757910647
-0.0008444554192742082
-0.0013379217913141134
-0.001866442368112279
-0.002048400296463976
-5.4254438534358796e-05
0.006096583047053219
0.021907424218778303
0.040130288879601385
0.004293755172982144
-0.02709234444881751
0.022892165951148992
0.03150593301842786
0.012180941955397123
0.0016922265566132364
-0.0019995587871981346
-0.003060880183556449
-0.002886085101042403
-0.003790233726006777
-0.0041462688827260995
-0.004402022871587113
-0.004770885281184925
-0.004838146560436398
-0.0054557924003593205
-0.006878516602909891
0.11665012482646063
-0.007713215344847346
-0.007242621958787346
-0.0072060366136714885
-0.010651361610634614
-0.008295876574583385
-0.008207063900892058
-0.011278391091084028
-0.014484781391674091
-0.021845446831015948
-0.010104019585970533
-0.019499139749530537
-0.010873468227924076
-0.008745684745224984
-0.010024247566602614
-0.008919019227505978
-0.010903602479515877
-0.010787017171105681
-0.010996934704442966
-0.011275127061355441
-0.011606984242073876
-0.011982691966897132
-0.012633951836051361
-0.018034169842100167
-0.01495420696450812
-0.013170145928281004
-0.013995446875323432
-0.014231728131485788
-0.013831172767728397
-0.01432820548376002
-0.014147779804828795
-0.030022751709274598
-0.014181830290601355
-0.014409896721623598
-0.018748988329115868
-0.024751659121229407
-0.015529098631782813
-0.01592065060930247
-0.016759138491287903
-0.018552522455236545
-0.017798558888555395
-0.010182763719706299
0.009712802907259772
0.00799865933198316
0.01909348444269089
-0.006645739828041094
-0.015014748077437984
-0.015102098065853081
-0.013923342728500673
-0.012720839016428096
0.019999172815598855
-0.01049932475138994
-0.009664581982628742
-0.009254887431334357
-0.009540123082998597
-0.010927033811098363
-0.01355284353260956
-0.014116105168605605
-0.0004410563987673691
0.021657782872067738
0.019685480100563535
0.021191301375973758
-0.00011473013664820537
-0.01218213838043835
-0.012157573687970328
-0.010545735316866586
-0.009067559007096118
-0.004372142565517613
-0.009062826145999882
-0.009231874090957291
-0.009294906020776367
-0.009330256394859668
-0.009296017414490243
-0.009187422706955386
-0.008584832475901924
0.0024007060395156697
-0.007485949193518585
-0.007998677798421196
-0.008213306511076966
-0.0080655328753872
-0.007818651302553535
-0.007380771533187863
-0.004757506485080973
-0.006208050964816393
-0.004677382944979307
0.03314310337205959
-0.003475194530676388
-0.003572133600981472
-0.0028062445071306372
-0.0018411520428396795
2.4996882325385242e-05
0.006100726172285203
0.027472416849878892
0.014945207266048642
0.005950490249151784
0.005256429195457077
0.006636456194420505
0.0125149792278457
0.012335782275194832
0.023808773046023697
0.02084051621104852
0.0055454616587456255
0.0029947313259879958
0.0009505627889128171
-0.0013584357256804884
-0.003914545719498906
-0.006422083178128525
-0.008478735810946537
-0.00947916841286947
-0.008726512285714309
-0.0055390487898714915
-0.00028400261430821497
0.006744462116575845
0.01311600362670477
0.015010747928794959
0.008787274903061172
-0.004680457007090298
-0.01522141975593218
-0.008550748651319053
0.012177605653772239
0.025377436988429498
0.02206639438864812
0.003939898505238371
-0.013212218486728038
-0.012915252425177767
-0.0007056470628739116
0.010409326409244057
0.01441345966905873
0.012362982002558559
0.007410931854702764
0.0020408378900211117
-0.0024580466427985997
-0.005772829738874246
-0.00799190420281636
-0.009369523881593811
-0.01009062023291776
-0.010590776322889975
-0.010849412490284946
-0.010969637267338038
-0.011042849299795647
-0.01110120080220926
-0.011101743817397753
-0.011018968755801226
-0.010748871497372282
-0.010737146289686184
-0.010700829790858958
-0.010430230563131401
-0.009890830846412194
-0.008998359186155809
-0.007633077884512297
-0.0057438777635865895
-0.0036985763613849023
-0.0021735650976296467
-0.001205559943924846
-0.0002677336643055177
0.0010370281151984265
0.00265190142696028
0.004377771461423185
0.006029755609589201
0.0074182706201727094
0.008371222732664376
0.008721407431974318
0.008243481050727327
0.006751798132952068
0.004247522127319936
0.0009634910420319127
-0.0029512514204263238
-0.007282513393708483
-0.011462914293514308
-0.014753845090961549
-0.01617224484218766
-0.014686558734152038
-0.009531351945852405
-0.0008339078845473711
0.009682781978491789
0.018541707140777953
0.021054392919731376
0.013393940826000868
-0.0017328168334547285
-0.012372838096434802
-0.009778112355282382
-0.0010933393717067474
0.003886767230812346
0.002895054943443309
-0.004514625971151436
-0.019338818710644877
-0.03974580878743362
-0.05863062149942341
-0.06640384742847437
-0.058173105874162044
-0.0376934221587631
-0.013956543216345109
0.005171218772896222
0.01589517108670616
0.018160050877400295
0.014147292068686758
0.006787757317059316
-0.0012784638095745616
-0.00822338812244457
-0.013097801852684146
-0.015692305131702968
-0.01626454239376528
-0.015305849677922301
-0.013332235369068855
-0.010807147030293325
-0.008135477377557756
-0.005591170619690334
-0.003331232749300257
-0.001437806035061429
6.974940082232417e-05
0.001197794254156332
0.0019802134644950034
0.002452316698036204
0.0026014311293733783
0.0024276006275908
0.0019109009589683517
0.0010044179671576312
-0.0003389217598785853
-0.0021737173467803674
-0.00451248755103972
-0.007286471663956098
-0.010327233906367415
-0.01326390197884599
-0.015497794259881511
-0.016203806227806893
-0.014472554192501744
-0.00960753419196832
-0.0016212173710777168
0.008142710028176172
0.016614311485375025
0.01938934670303938
0.012358133530565201
-0.005742125160603458
-0.030444935793065193
-0.051128953626982956
-0.05606902792299157
-0.04217519649928401
-0.01793871617127914
0.004489975403095526
0.017373211775125352
0.01919169910195017
0.012851610788678856
0.0029176581655507164
-0.006576626670477353
-0.013182862960104012
-0.01606849276903785
-0.015553134177986582
-0.012581441869581655
-0.008239532205428314
-0.0035034070706366854
0.0009027522417309324
0.004501882257077635
0.007060680333365514
0.008528575742547478
0.008991626961152821
0.008598324429602547
0.007546582640283308
0.00602436994353214
0.004177344603289919
0.0021382399449887315
7.861047737646827e-05
-0.0018644783132453712
-0.003624536002584703
-0.005177359086669834
-0.006508456974330099
-0.007650874981583818
-0.00866433343351383
-0.009732870593196203
-0.011487919379180013
-0.016674071661476306
-0.01294395392627208
-0.008897051160203376
-0.006342392010936224
-0.0035490326212435515
0.0008310383129017198
0.00774158215756825
0.01667440571255158
0.022224036999223543
0.012965398383896353
-0.00981515087267428
-0.020974109685087283
-0.01290243799196767
0.009713591942122974
0.022847237981303135
0.02135514750087858
0.013469073490639805
0.0024368568508903793
-0.004718290195482609
-0.007760582905631798
-0.008348784045774682
-0.007805230648770089
-0.007510775197995552
-0.0068853588965330365
-0.006137041967845636
-0.00506244304353374
-0.0050001025508290275
-0.005253970266815689
-0.004331647420989241
-0.005981382690929455
-0.0066667486560460015
-0.007419511323541789
-0.00808602670874944
-0.008610082160901731
-0.008453732753804037
-0.006888241041344771
-0.003081756911875816
0.003666501251533738
0.012971942914068712
0.021675089351050048
0.022633127925761276
0.00863288117243198
-0.013462006573033947
-0.020123996590675926
-0.013811699228663264
-0.013284354320759023
-0.01805871864872335
-0.02218354904504753
-0.011854793915758515
0.010505895643679151
0.024276617064535752
0.022954042377313764
0.013161106195219447
0.002591416865634528
-0.004852127625970021
-0.008403137038703623
-0.008569263362150347
-0.006017899962426309
-0.0014231447201307344
0.005435581309625084
0.012012889503630945
0.005294289854221712
0.010786858153773152
0.02163597852437063
0.019651216696991217
0.021851986098676585
0.01764719943757468
0.01695411746825333
0.015248799225353575
0.011157276493833884
0.009782706829990839
0.008377199005156061
0.007820403386867
0.007394369635736634
0.007232869157874067
0.008425590685877508
0.013492394410572935
0.007588010177157315
0.006214360123245329
0.0058923071834801315
0.0058182172481526535
0.006107014529367942
0.008013319923089669
0.011849899032207626
0.006218715150302943
0.0057620334501237965
0.00574044043752211
0.005922930854700003
0.007616764634644574
0.01229928691088541
0.008451258582614193
0.00630497803450531
0.0051536046871328255
0.0038386954684550435
0.0021776919308155234
0.0009959140993968693
-0.00029943720341227455
-0.0016238487115872125
-0.0037486414371809664
-0.004582879649090439
-0.007732931737230117
-0.008230151570694693
-0.009558258499808502
-0.008629115902055893
-0.006067194061821767
-0.001544228420709945
0.004624617407565004
0.01136962388476609
0.016672263780165272
0.01777808867649458
0.012211437632324339
0.00013200539498982588
-0.01281261570997643
-0.015554712891772892
-0.0006107780306490573
0.02166320675948687
0.031658237537190846
0.03102156182926907
0.024277794559419946
0.005606104009334488
-0.011395499571761395
-0.017313364625777972
-0.008800597029296382
0.004560773969361918
0.014075514521484978
0.01721723689691248
0.015026265312036805
0.01018030579205436
0.005176909589835957
0.0015087090397354664
-0.00153306209882368
-0.005243157454590728
-0.007193888352041713
-0.005659315487747046
-0.004376180060499969
-0.007397011713170804
-0.007960748782572158
-0.007057887829627377
-0.006043826025241079
-0.005185407585747157
-0.004491222706573673
-0.0032830423740375595
-0.002417139141335682
-0.0017590523956778797
-0.002893918701238351
-0.004385093798759118
-0.004738960871388416
-0.005766598078483526
-0.006128457144111019
-0.007663529409428643
-0.008725399711707701
-0.008895960925089917
-0.010159193848611364
-0.009948709881522499
-0.008648830163828593
-0.006021080598331562
-0.0021194051179582226
0.002846735186535291
0.008039805489818686
0.011880940165111646
0.01222112957244559
0.007251529953189499
-0.0026913885968618523
-0.013029454992129414
-0.014967339695163116
-0.0020027902523706443
0.018768434769368084
0.030128097443485744
0.030296894859115932
0.03054966923691321
0.026326228670771265
0.008945015831200293
-0.009777557095920496
-0.01559444210598198
-0.008801288978043116
0.0020287244709353263
0.009803725617244519
0.012042947658082736
0.00954280979242761
0.004474851351633042
-0.0012721762916839644
-0.006142707849602499
-0.00929024445023264
-0.010544850735670543
-0.010234678613635712
-0.008806505970451234
-0.006544347925804619
-0.0038948147961125833
-0.0011898357709501943
0.0014328270646854467
0.004301752229284503
0.00806947888393186
0.011703912912963315
0.02297467420368337
0.012782334106749803
0.009766542592170909
0.00984292015085483
0.011568198901679134
0.014958745272288625
0.025153990913421628
0.0187793290989477
0.015107804915660899
0.008330450267375897
0.006130635407077772
0.006173838349182048
0.01027503201710519
0.004922982929682852
0.0034364148698124847
0.005046057930846859
0.006575440545579563
0.0018897057338204955
0.001429834481780599
0.0011151146848533877
0.003856212227803623
0.016422714184062846
0.01940221463718912
0.005227587390075164
0.0013250053825986342
0.014312298670367927
0.008861761725156105
-0.0006449252727650775
0.0010122061454145878
-0.0003839316341453899
0.00637069963361417
0.009986045965900595
0.0024449914820126244
0.0012463358402010204
-0.0019709426779278656
-0.0034052327993276234
-0.0035274962026090252
-0.0020140713077402323
0.004298035005502349
-0.0008377213328756742
0.0011054515105574198
0.017189233428492906
0.029871839028186378
0.008148860123653253
-0.0015694155695137818
-0.002993857176725248
-0.002731816864669974
0.03656296555621435
-0.0021693471653047
-0.0011614481064593032
0.003044027775553094
0.0013039902654423253
-0.0009345138073385338
-0.0009870869664817216
-0.0002528377767992401
-9.584172806507441e-05
0.00047286318368665287
