5.5910495693352865e-12
-0.00301454448781841
-0.0027771782460276873
-0.0011475306919986978
0.0011940294738328307
0.004012519041504753
0.007148235680766275
0.010486840824595625
0.013812687303369939
0.01701118533802054
0.019862509890071864
0.02219510092767537
0.024106618779205575
0.0251722051138071
0.025208319450834762
0.023852667720471416
0.020487595217269644
0.014517956238923813
0.005594985129515408
-0.005203044718851424
-0.011448235461893485
-0.002077666189592984
-0.0036575706178416756
0.012069987842187975
-0.006710781029333637
-0.022540552282113147
-0.022139523001780573
-0.01598577810245255
-0.009033622401311881
-0.003967191150135356
0.0004859543415862549
0.0043773431109131915
0.006283178005976078
0.007518419754688616
0.008121632425375582
0.008218470568047411
0.005382202343995431
0.007187297883013333
0.0065301066555080115
0.004452688913162376
0.0025568678288556677
0.0003842288404997064
-0.002043954268487654
-0.004567125701900182
-0.007884354538030826
-0.01212305627938445
-0.016843717633892242
-0.021987370529285743
-0.02758628307667704
-0.03316043506389615
-0.03824584043333788
-0.033768690189542074
-0.018377759898916237
0.005608999765144738
-0.06604621181699073
-0.009921004366626879
0.04403915285379876
0.011906716351880819
-0.011064783456605524
-0.021848309334647046
-0.026486427704566464
-0.02759590596183956
-0.016158747824209393
0.011241594823897683
0.028139804802640375
-0.0728424731173613
-0.02014301216764062
0.06678992670894787
0.038804544531167114
0.008001114452438554
-0.00181202191875459
-0.0028089424810576564
-0.0014166205867671457
0.0004946295828513464
0.002343534379290912
0.004223495707066424
0.007943909472142229
0.00968446596988823
0.009452875641226814
0.007451573986147026
0.011259507844864357
0.01144688516668765
0.011059841526399307
0.00923932906603918
0.007967553711962103
0.007231845088494411
0.006818094176481697
0.00659445127072478
0.006067063073077751
0.005718122832586377
0.004839116367856426
0.004390121496973072
0.0041420937221795335
0.004821463037360655
-0.004618760123491876
0.004411174529555177
0.010115238628794335
0.00327155329398098
0.0006096626946364356
0.00027655511123598754
0.00016661533094844438
0.003717352141854542
0.012895422402004874
-0.00023659717810891806
-0.00022929534830137976
-0.004340483750786544
-0.00583270698401952
-0.0066611959669636775
-0.007318328314735862
-0.005289088963182209
-0.00118970247202459
0.010677458354384278
-0.008975329762518226
-0.013127409153044826
-0.016582042084848606
-0.036894828962574885
-0.011398015451645647
0.049551834286133634
0.05179222665034951
-0.0171154713766303
0.0910685452700842
0.008613149032408304
-0.01131229366127804
-0.006800072605005833
-0.007883982659501207
0.008945772363770152
-0.0011954901118830573
-0.009332377372897575
-0.00801187809926264
-0.011262317196831797
-0.013026639992943624
-0.015600823683996429
-0.013404316180071787
-0.01391748130515396
-0.014186084015473692
-0.012896974120819728
-0.010726492011925905
-0.004951656251922765
-0.007906392827934821
-0.0073557035999153985
-0.007649860496868615
-0.0008115264555371248
0.038724651657598315
0.009929924509878124
0.004448112083593864
-0.0028750489566784546
-0.0021462383070573517
-0.004975551436675495
-0.003504844234392159
0.0024604606405649594
-0.0034092177201382606
-0.0025069207052527552
-0.0011174107995400207
0.002122210883149611
-0.026570839272611915
0.004460030066750332
0.0048314576688833445
0.005652713141730647
0.007426492504299462
0.009659635589919523
0.011991705467358253
0.01466569309684339
0.01770571053230374
0.021734764392077874
0.029234834976441408
0.0008951656743647116
0.0810847876815655
0.03635445270545638
0.030938492236778206
0.023008766718711687
0.01971249090724392
0.013656534081067852
0.0042088867907390665
-0.006184897194118473
-0.017730333132612797
-0.0202090225312957
-0.024593868700167075
-0.011520259310442378
0.017832531083627118
0.03990605948732569
0.02486303303545434
0.004110015261869052
-0.007992580184338752
-0.18563861922813124
-0.10803584304092566
0.013198410889031691
0.004945779816465395
0.026230545491797416
0.02607890114428597
0.0011001330504838297
-0.02432561825375194
-0.03890219137520279
-0.04169540953908015
-0.031016669226964548
-0.025604428013681683
0.009305023545838374
0.009892691845409066
-0.015397163630274484
-0.017396348401818824
-0.011334665385114608
-0.009954178130922635
-0.005182927475928308
0.007048383031880139
0.01082459363944679
0.01165749985848817
0.006019805742576269
0.002190190761977244
-0.006977975989369594
0.00041306562142817
0.012070065679141118
-0.007806998162573906
-0.0033265061332097058
-0.01907071752800873
-0.021420082105917587
-0.01832385253344704
-0.09103972662324364
-0.022754154481052533
-0.02629193803175496
-0.027453743721847203
-0.02884013520547203
-0.02986433773981826
-0.029540715560405342
-0.028891336304044238
-0.02639919287307103
-0.020762735427965782
-0.012948409976155819
-0.03623868746685702
-0.012966911205930347
-0.020177558969783783
-0.02006540215908511
-0.013910597899972855
0.03608593363494116
-0.004193521165138919
-0.020050882601407635
-0.021609908352373097
0.010923685881010883
0.07845495375303076
0.09096297396111278
0.02411160667149656
0.03974027728279767
0.01473321452589538
0.01323735380163743
0.07869531531143933
0.07501102078457449
0.045074704004657386
-0.006758281198129726
-0.01389209065098178
-0.002112575211316011
0.10025958063784612
0.038384748712928476
-0.17361622370475516
0.0009045278438356755
-0.01717702378190141
-0.017582026141125768
-0.014215160577462525
-0.01570548930350688
-0.01427294120414067
-0.01362650855407167
0.013195700415496581
0.04396017239693603
-0.015324097652205913
-0.0200861356052447
-0.013704809209296634
0.029134994867590153
0.06397327848066248
-0.006506262885994538
-0.00404539465543804
0.03908828185959848
0.0005607188729868701
-0.017640253812158186
-0.021947441147705585
-0.01916818346070511
-0.009571467827444138
-0.09574106569000859
0.01404221287405773
0.000630621441894339
-0.016391107662159097
-0.021606545240725087
-0.01748912193764172
-0.010360013166619343
-0.006258519541138974
-0.02817283838167652
-0.015161477476774073
-0.00035241584601460556
-0.008380286291345483
0.008437781995355515
0.12155527347252403
0.03023378310820482
0.015586266781505166
-0.20589663705432698
0.00677923395369508
-0.024968381770120868
-0.0013433603757517087
0.04238453444168216
0.008113693060837767
-0.007731101019252972
-0.009715445565431398
-0.006935930420002998
-0.00837169769542348
-0.0032847081590823284
0.011144370213379539
0.048264935174698605
0.1462178839145944
0.08350424522555032
0.02394020785447226
0.008086644729382092
0.006163507416276635
0.006744202727531265
0.010137592012982756
0.01764294273933281
0.021628608093587368
0.02791064495487896
0.03195378420723044
0.03906573722548843
0.045140255597800015
0.06793359035860352
0.1780551614961493
0.0988513345877716
0.06939122372591777
0.06750598135415381
0.04055545462908402
-0.05753073322831809
-0.04060174709685518
0.053420221051933905
0.12441109970934863
0.002728421358721117
0.0920560811466627
0.0940918858031143
-0.0019052621345039523
-0.03128044059606372
-0.020744689362761186
-0.010158031652731436
0.014444601734777903
0.06723334236882088
-0.00025302143429909617
0.0019507588693635453
-0.01175567541370597
-0.021498760773408836
-0.029557889638255768
-0.03571488977607362
-0.04118313444821247
-0.04413478369130028
-0.04405129095586177
-0.014851621864854645
-0.04291325175493337
-0.05540139082326181
-0.0590461150783672
-0.061042499365850864
-0.06280388849231129
-0.06336036695789429
-0.06010563832764494
-0.055618676093883115
0.013235659560113563
0.028451313805172445
-0.051956155359194706
-0.1518614481140715
-0.059115712161103486
-0.0426811311368634
0.03568234463753717
0.09147554080404485
-0.023105390459711234
-0.0630429447323086
-0.05787531431600732
-0.046469043155417444
0.00033504727122095205
-0.01587254057385455
-0.03219435190063134
-0.022049465009360746
-0.09561586790684543
-0.09058839343738456
-0.0496542791637002
-0.058333924638706576
-0.020609909636030134
-0.007255532817438854
0.005259036423889415
0.01578848215957295
0.03600522255334523
0.04884506065934152
0.030146825633232077
-0.03089613720051264
-0.026280464149515136
-0.037479469943903464
0.009703388647133807
0.05069236768132254
0.04780783774470305
0.031221099484107433
0.01683826041839482
0.005371343542914989
0.00024343624309063327
-0.004906451619529484
-0.007689558933443551
-0.01476936823906499
-0.013775607749560657
-0.004996149441271447
-0.029051473158638885
-0.029431823124031812
-0.02359402352690486
-0.021918963359191905
-0.02870478960761493
-0.023674917836708064
-0.01576542717255197
0.04057984330843562
0.05206306629158575
0.023175325567407687
-0.0007907897597101143
-0.015609999105718317
-0.015446949481339125
-0.00827342929615741
0.05135736712509221
0.013632228148840122
-0.00013723570308004507
0.003198104650427346
0.01230535115523531
0.004819309688963771
0.12421270489791197
0.05832993474188293
0.04289494279414159
0.048835317207870335
0.05814575508298393
0.06700529285189606
0.06849020349552505
0.051084714878127394
-0.012852040812611027
-0.06611139979808428
0.023762830028859733
0.08263568884510655
-0.03223504757791228
-0.06459056807941049
-0.015045670783509405
0.031223720078820093
0.03414012913530396
0.01667472263879758
0.002249476597525462
-0.005273000166420534
-0.009904867534376308
-0.007904880993019283
0.00896244154092324
0.04600441134149229
0.05834772053089141
-0.015906255432497882
-0.005191236125118164
-0.02224231678275534
-0.0547354535881237
-0.06389547199220123
-0.024517559462325214
0.017044446660159664
0.021824108994719947
-0.03358618188998501
-0.021105924833634992
-0.03329965070145394
0.023963106260041653
0.02158617610263765
-0.0007813722142194197
-0.011309034476199048
-0.013916669254984755
-0.0128690374456288
-0.010821011998540681
-0.003438708782991984
-0.0021758310513625132
-0.003416187660587315
-0.0010645987988107152
0.0015616955818591278
0.013141871623864468
0.026560561917507497
0.01388773833821021
0.013409240346888868
0.017188233392925533
0.023868801387553783
-0.07935786002497022
0.02827307359136363
0.00672885411733734
0.10550717928852692
0.05154989720265317
0.03786309199978825
0.05423423334760698
0.04462958696872686
0.02867398942984338
0.045106976488506215
0.013172808069481895
0.0008629573054728496
0.0013631683664496433
0.012445177224285018
0.0017649201593491844
-0.01741697717726185
-0.024513631713369923
-0.027480932031944322
-0.0071116401778148295
-0.00027070331330976915
0.01664155778152277
0.024563432944062265
0.021128309276022845
0.0029167712150201907
-0.01500407732970944
-0.01973588025496989
-0.02419762011413687
-0.026325346481128088
-0.017832469089564672
-0.03573438765404984
-0.03865890715319113
-0.0262220960540858
-0.027478920041424743
-0.02646379800570559
-0.025431921645108116
-0.025997067591045166
-0.027146711692130576
-0.0186833284522087
-0.011583592978461149
-0.0034831639777260495
-0.00011090980528114124
0.007992911664337342
0.014500422973997082
0.015770504939758536
0.014840971795125016
0.01782307154862903
0.021132828292147656
0.03795836388793133
0.027602558662731754
0.029190166596973335
0.03154858619321759
0.03291731422234952
0.01578687576921172
0.03210792232739046
0.0027573873997215493
0.025227118629183597
0.025401260050015056
0.022879938988210564
0.018802541247639047
0.01333378950934678
0.008914625167497789
0.004492703221486544
-0.00013505130308861854
-0.004673667264927575
-0.007645861045982799
-0.010854151167661839
-0.014217716394128268
-0.016439224548889356
-0.019770563456169957
-0.02112861299977909
-0.022906161575606793
-0.023795261229971203
-0.02335269591668171
-0.021176966812272963
-0.017023982742880424
-0.011247711291541994
-0.004768242355203536
0.0013412093042133241
0.005402430005895595
0.007589668408971236
0.007916122832788927
0.007394300287897399
0.006841222832258962
0.00647997475314525
0.006159037651284209
0.005585847459279644
0.004657632491255731
0.0037092568493194995
0.0031891691361140926
0.002985264517435695
0.00278972921233953
0.0028752111757035354
0.003452683272665744
0.004152900191682818
0.004612620964956471
0.004876078915587673
0.005179214497449925
0.005647187455713866
0.006151633070619336
0.00623409721480789
0.005027025042872736
0.0022938482769327877
-0.001483253068878539
0.0002971443563677603
-0.012336116721306134
-0.016544620063039046
-0.020014608518658095
-0.021765321639492633
-0.022058205524981254
-0.021376510706876746
-0.020052227507992265
-0.0183728700787682
-0.01654169958156715
-0.014820616405819755
-0.01754487041831993
-0.011444819978514426
-0.009017800646823549
-0.006520906877108844
-0.003965538164215657
-0.0011966417298697105
0.0017473305270096235
0.004556888372663611
0.007720493060766526
0.022671784825550614
0.013797478796741803
0.016439036310749933
0.019391316824633867
-0.0026453269129620817
0.024044003927479986
0.026612666069201246
0.02828506772118686
0.026097215386440716
0.010566451096882014
0.028711020577158467
0.030320564012258685
0.02761153078209695
0.026772311477143002
0.02452357692842673
0.021915744713579686
0.01907566089701716
0.01491945542691966
0.011507939180571048
0.00599981479632722
0.0014232188134154218
0.0007713610990365716
-0.0027313752185273614
-0.0075979240010404
-0.014619619458199293
-0.02213759750496482
-0.02776238059069107
-0.019515627981142425
0.013721159972968992
-0.0038894357908684845
-0.025603296206474162
0.02042464435092172
-0.008225529612129728
-0.03236792543222423
-0.03150968511526994
-0.02596430744857088
-0.021645811576078217
-0.01993055481901448
-0.017784293786881258
-0.01744967410148544
-0.0172693300136603
-0.01790932185372067
-0.01707352002366455
-0.015631856691978897
-0.015551406388225103
-0.016544797753811596
-0.016032783887468136
-0.015466733571851523
-0.0417430670018767
-0.019152771631971908
-0.014171463118587078
-0.009446625949361511
-0.011612176890626342
-0.011474022677360038
-0.014069240343047682
-0.01100185907787279
-0.009425677105353993
-0.010656810436195594
-0.008394242768777689
-0.007952339203346608
-0.0014823808724565783
-0.0022708844064170757
-0.0067088209047215875
0.0013714759100815382
0.15032614573414763
0.05756188173153648
-0.010877137468679935
-0.0841588801335403
-0.016050665486957813
-0.0010378279738875403
0.005124406784086356
0.0054611413719321085
0.003431895769822824
0.003121033412210153
0.004521172312950596
0.010777062249976356
0.005195684150538757
0.0016031599408748195
0.0026767634155029953
0.005024121687706353
0.003976623184902068
0.007219282845833844
0.0031831242381099092
-0.0072874682592017955
0.000913472812844673
-0.010812263901525067
0.00030081472828512323
-7.9221925560729e-05
-0.0013594550763677618
-0.0009090951929362597
-0.0012895357265017787
-0.0019116031225146584
-0.0019044306642085108
-0.0005249477883534728
-0.0033335793998453397
-0.00403889344381869
-0.004562904641457924
-0.005119296842884478
-0.0055966822970865875
-0.005748699168127897
-0.004955230947142528
-0.0032690873670688926
-0.0033520793862902537
-0.0062614907879436485
-0.0064937762221988805
-0.013318977584186029
-0.00901391523420824
-0.00854546442527365
-0.01879531518217996
-0.008069217996778243
-0.011465389558594935
-0.006522336213864976
-0.003828920078922658
-0.003575202766403376
-0.0016650939307947873
0.00017178716012839206
0.002139609360508197
0.0039716349545232425
0.007487532310629341
0.01096626980772557
0.015397370434194573
0.02152750442174532
0.03031760879841315
0.036285275236962594
-0.03546692730720636
-0.011859408492234602
0.0362959314955765
0.03031269519896172
0.026157173506520654
0.019506124510163488
0.02201357338744684
0.01996304452792222
0.017364837686165955
0.014141231992530149
0.012596380926080005
0.009723827992891362
0.0061519942589726845
0.0026272354959902193
0.0011270680079244627
0.0014999166568681872
-0.006337243092920484
-0.005356365190991889
-0.007068783555311379
-0.009757450950952366
-0.00558782629900665
-0.01403807401368468
-0.016686327837115433
-0.018586108804299915
-0.018659207684501217
-0.015774346430883563
-0.010678600464803801
-0.003937570463496552
0.0024069947880046585
0.006473553275991165
0.008030277768951603
0.008178333339975714
0.008229266492065434
0.00857503589730301
0.008818931801248264
0.008484809453019137
0.007809872326430081
0.007314401525100309
0.007053798867890457
0.007088053811395329
0.007148203086207212
0.006821807165260306
0.006353516373861146
0.0062000302399177675
0.006317645024880655
0.005895422875216744
0.003799650111328028
-0.0002806704797847119
-0.005312646331040967
-0.009518146707278026
-0.011348879602172533
-0.010526388035863287
-0.007270532837989206
-0.0018957044229940304
0.0049792610438431535
0.012541318418503812
0.01830876436607326
0.019720800904660572
0.04303295807021875
0.0635280192660743
0.028606175597797382
0.016894340790708944
0.022308182228732147
0.0222233562788816
0.02067148982920045
0.01783162284577911
0.018312123075886276
0.01534189762178699
0.01619837496353143
0.01707134804700754
0.014139705071373517
0.01867255279686505
0.01955962572249386
0.019635219468827073
0.01922958529211494
0.018540197690580847
0.016468759748186533
0.015699045533392287
0.008199556895227476
0.012842037602629216
0.012099143953339065
0.011395377125011595
0.009538814223709953
0.0080974528077118
0.006881013582520595
0.005369087264536799
0.004043191455005466
0.0027581189038445855
0.001055583601576145
0.0002695314287321084
-3.9384040637700786e-05
-0.001518063729637386
-0.0022421414821258237
-0.0026748662521571508
-0.0036049902303719613
-0.004361771883296571
-0.015112422021245337
-0.003971563334838442
-0.007617081339493602
0.04703021790012153
-0.003457030681695809
-0.002629964548273231
-0.0018848094388389854
-0.0011690620567293077
-0.0005433999500315106
0.0012451575152301493
1.788820819031211e-05
0.0005913999469021737
0.0011507863626536174
0.0018356761053824795
0.005008119968167331
0.007751059096814776
0.012038300108040493
0.03206231400854774
0.006486752653907207
0.004780432583605729
-0.04214942182351733
0.009445857976736383
0.01689405455026138
0.02432794310513447
0.014236816004192791
0.011705599896837244
-0.005189804091117495
0.006203502929555649
0.005362830227488689
0.015667709699347453
-0.056773044738425066
0.022699037910352025
-0.11663379618806018
0.008315082884809808
0.0073590753847452605
0.011163480739482971
0.015818820074033107
0.021717601861115522
-0.012197999218608743
0.02240743662075797
0.019561777559330185
0.017834650128841646
0.016472499808510087
0.016687116651191748
0.01759580297443392
0.018018175448910982
0.01709002611172288
-0.11608592630222005
0.007627215302706553
-0.006258944619498919
0.007628602463154315
0.017229233984281868
-0.030765131230461946
0.0183511540467191
0.018743529760947897
0.018751599171317166
0.018603432912314866
0.01831137611840494
0.011149800017011248
0.017809836865933945
0.017499048616978128
0.017100083214711653
0.016714602061924155
0.015666844195058323
0.01591569782144891
0.015368638095765155
0.014397830010764348
0.012868803420329594
0.012281281815069038
0.012144373488332435
0.01106050919762739
0.010938653719933272
-0.10545764039019014
0.009170618732699082
0.007616845120975495
0.008057664710943213
0.009341933365979042
-0.0037669979992193217
0.006626896199631362
0.008560928589179713
0.01497867719181982
0.02884128726280869
0.037867074247816414
0.033175354788489056
0.02266380806765569
-0.053619257325520635
1.0352707255379172e-05
-0.01001572689078136
-0.022032837366232915
-0.022805912574888634
-0.02167725884902858
-0.027420022361530103
-0.032981852547935515
-0.03369493691532854
-0.04731262767038698
-0.07823448855756822
-0.05917037431636587
-0.04626736130420784
-0.03184656985673034
-0.024175837042377978
-0.016452175811802004
-0.00597137289414625
0.0069718657395131355
-0.016033617962359765
-0.024214559981884085
-0.0046208556835024605
-0.016259632653596336
-0.026083351392211785
-0.0003567174750598146
0.0010255632237029665
-0.009212503166170975
-0.01734758966152322
-0.019759455294023107
-0.019901778235368563
-0.02281554117004141
-0.018097249127523855
-0.015451888512467177
-0.013928132355475414
-0.011969561378863845
-0.010374541091571828
-0.00961623477565771
-0.009645737927798267
-0.03708081087656371
-0.008080489872740994
-0.006119478464326758
-0.0053979044523379946
-0.004378930676087764
-0.0027697532946236786
-0.0018937260368715417
-0.0011698478297589607
-0.0003882095593504677
0.00037214354535737885
0.000704383128930827
0.0013013674919670518
-0.0025560907304082244
0.0019761223260818046
0.0019637929788178295
0.0012245559741043798
-0.01431657376552166
0.0005774824034674101
-0.0014708259705025115
0.0011653483013163053
0.0008290219885768782
-5.656841626260637e-05
-0.0014890035195944302
-0.0069765730597199935
-0.004953733185779037
-0.008602003454627083
-0.009718051949257457
-0.008060530539804687
-0.00823588137702628
-0.008149246961757691
-0.006779731614610006
-0.004082233012556612
-0.00045336122071766127
0.0017792531360316182
-0.0029821840894839794
-0.01563955083726253
-0.009160314052916538
0.004746268909830005
0.0016360168426810243
-0.012436785584787027
-0.010447418041974832
-0.014506438231526239
-0.014776231611486518
-0.014529737472880113
-0.012400789887574466
-0.00796110771482166
-0.001880217097966442
0.004063537067881054
0.0073813896998113126
0.00869680419917427
0.009114492923822479
0.009760469971873558
0.01058976003374606
0.010939528752550021
0.010753389703757282
0.010627162768904103
0.010746206470285216
0.010861969825279427
0.010411192197532402
0.00959822412468009
0.00909552184490714
0.008925340962929068
0.00807790445784018
0.004782059493922677
-0.001055049795727182
-0.007433214362723281
-0.012221107480146863
-0.015226977127966295
-0.01577421376778609
-0.014803331112176405
-0.012735730473664506
-0.010974954489161208
-0.008841392331809795
-0.007279977211892035
-0.006191381585790795
-0.006487238778717406
-0.0097861066272197
-0.007221343393467232
-0.005075370525784612
-0.004385374085396636
-0.004622302333795962
0.003564387244668078
-0.0052361303653152445
-0.004295398634586912
-0.004582016627638661
-0.010354879030280317
-0.008758919105447068
-0.009817795158120656
-0.0068479951463252696
-0.007419695386078536
-0.008475480276498564
-0.02304431002568152
-0.010815045669294948
-0.017131777282535336
-0.027552242954770663
-0.04574446972681925
-0.072180573002361
-0.014309826999244222
-0.009701670016637232
-0.049728977700022575
-0.007298583432294794
-0.005840670769904307
-0.0053020700284324325
-0.007982809657715091
-0.00620356696492634
-0.004167541047091281
-0.0038082990387015144
-0.003514918033910283
-0.0031189050362947853
-0.0030689343922720917
0.03847004237040168
-0.004133276826651991
-0.00693293003528913
-0.0024697604482284996
-0.0008674530618921382
-5.759865402726839e-05
0.0003942274772404103
-0.00019268620987666855
0.0012256467792821073
0.0015152840351063189
0.0017710502616181572
0.0020837396796497664
0.0023664316762593168
0.0027616348176233013
0.0032314481428337327
0.004535928002524956
-0.0006804923132319324
0.009332286447016273
0.00912244296453809
0.009574502007393812
0.005362386160732667
-0.000877732965965669
-0.004890366593267296
-0.0074207243413735025
-0.00902055905648726
-0.009946914083253015
-0.009942967390165166
-0.009198728330267497
-0.009386268232787853
-0.008584774341926027
-0.007223061310552115
-0.005580530027837617
-0.0038834034203277866
-0.002166719537795315
-0.0006040662166126679
0.000695581227386149
0.0015477699851430273
0.002089827845293155
0.002110517069059246
0.0018913613544380085
0.0014914642860361343
0.0010116548706269326
0.0005427812270553534
0.00013655112302956044
-0.00018526238605391616
-0.00045337628086555403
-0.0007342981488195216
-0.001104443536620731
-0.0016304670652994436
-0.0023051565165282772
-0.0029861558422077583
-0.0034127039817786913
-0.0033420354570449138
-0.002800852972461029
-0.0022677301931866532
-0.0023731574432665293
-0.0030825116734693
-0.0037514836457345755
-0.003943640310967915
-0.003675467611829604
-0.0031896647469220945
-0.0026804585635309933
-0.0022064468354444414
-0.001737274863634083
-0.0012284634659095314
-0.0006890849405561001
-0.00019638732110541777
9.920743006016909e-05
0.00015556524444618923
0.0002801555439475716
0.0006025534954842669
0.0005821401338631629
0.00046431688946051684
0.0010144783641466224
0.0021772080935828922
0.003981495475679128
0.00787588038611605
0.01738113342191552
0.024290024043079228
0.01657661492703812
0.010516232506182577
0.007778554802673991
0.0064476869540660954
0.005653262402612762
0.005124564054103629
0.004492961146088723
0.0039381019209024795
0.0034150011710058627
0.0029562000546974336
0.00259969115936118
0.002403255591811141
0.00247103814772983
0.0029499074674432207
0.0038948273587505093
0.004150206855206111
0.0030221388382951127
0.002134662779228085
0.0016920081135058888
0.0014390107464272335
0.0012069765329482843
0.0009327296497620962
0.0006196565730608479
0.00032636785562980056
0.00014393287536819998
0.00013462382735609263
0.0003606989328266459
0.0008638092905655513
0.00152375566171017
0.002142304739206114
0.0024524730651557035
0.002165796473764678
0.0009002531582145381
-0.0009632956212891555
-0.0025338005393419783
-0.0034447177023336343
-0.003931711985035615
-0.004277084614078613
-0.004254676268933829
-0.003705464111362941
-0.0028639372556748415
-0.002457084101851213
-0.0029608150905488764
-0.003851236433754616
-0.00437712358126038
-0.004315713275407175
-0.0038626982775670496
-0.0033153865089011873
-0.0028688225057481587
-0.0025711775844066906
-0.0023442088228348215
-0.00214853243506001
-0.001916221666316278
-0.0014714242176599014
-0.0007339121462693919
0.0005465357763929876
0.003256994379634081
0.010198434290924594
0.017636323314763638
0.01025363291881332
0.005019818521277625
0.0026324634684238035
0.0012624307344083685
0.00030341320640783266
-0.000418516601018376
-0.0008602925596413295
-0.0008195628882481995
-0.00038918623134963647
-0.0016635922315878528
-0.0023525279300674632
-0.0026789061021164177
-0.0026107991848591436
-0.002372141880807033
-0.0018126041902748375
-0.001383367044824292
-0.0009217918102423788
-0.0005545331901800959
-0.0005775141320625946
-0.0011400085326295603
-0.001533982075606262
-0.0014583685903192675
-0.0007828400804761422
0.00026480772964731933
0.001086264767019773
0.0013735599197680862
0.0015719421081473203
0.0015023463983022422
0.00089994959345558
0.00035683977117006397
-0.00037167106917051373
-0.0013444481284238536
-0.002055167223201652
-0.002246787114201039
-0.0020178634581815543
-0.0014873187224552756
-0.0008045969104358891
-0.0001573895101690828
0.00043203550280851384
0.0009916624957130216
0.001543843760208547
0.002119329033409518
0.0026851137975827223
0.0032955333299312293
0.003738742167939548
0.0037369046940530686
0.003423919595858893
0.003259746642712417
0.003205913307432285
0.003085114164645944
0.0032260846558581943
0.0035254623220027127
0.0035490448874559905
0.0033105743392713477
0.0031305269864212236
0.003214061794765085
0.0034892422476792808
0.0036396973892924623
0.00326789112585484
0.00209852064464757
0.00018008111951659517
-0.0022052207874811115
-0.00464700123793648
-0.006728434972040128
-0.007976418799031647
-0.00879062279215666
-0.009151518724835545
-0.008624398448055315
-0.007592059622555579
-0.006187934680114512
-0.004560787075710709
-0.0029891654363853365
-0.002449488936990224
6.95384623958248e-05
0.0009454201155631016
-0.009205011685259477
0.0031932654437180205
0.004179899373565932
0.004802498597894198
0.005301678069248707
0.005304523967361239
0.00525599308492631
0.005001174580582685
0.004199975483938123
-0.0019138352465143194
0.002611267784687139
-0.0023771146955590475
0.0016061186363890345
0.0016059639941743537
-0.002901791611255503
-0.0009122027658350491
0.0007613971820698592
0.0014833177850242837
0.0032081406256400814
0.007121961489860552
0.012337356804163658
0.006181979694075872
-0.014473090900156084
0.0003011205540764188
0.017473721424020712
-0.03292311305748877
0.020725652730880544
-0.00613511802860299
-0.007406748082464087
-0.01124553188427088
-0.01160920619561747
-0.01372489391107212
-0.013330826235279262
-0.012213858551105435
-0.011345904171913453
-0.012852610415547217
-0.011380673764815006
-0.0007872581663058191
0.011591522740276031
0.015646534550543195
-0.0022263752122744095
0.0022011565857041645
0.013155546024356783
0.008032289299699924
-0.0037060448632521364
-0.01061995237833225
-0.01530060146912629
-0.017134057314277074
-0.018111130212294966
-0.01971906160693195
-0.033848684695663475
-0.017645085299800155
-0.017352615413147185
-0.012167751171612881
-0.00904891518559382
-0.004986146350227468
0.00036632976375400257
0.007328040175574449
0.015453442385886952
0.023569494128541046
0.028110685145453757
0.022069225032487542
0.005648324897184816
-0.00811974667591295
0.0006546046780702252
0.009356948521114305
0.014620349884149699
0.010824735021702718
0.0017663587076065248
-0.00799573845951109
0.002103864136171087
0.021323211007538107
0.029894192033761008
0.02706190717643269
0.017255819836478014
0.0027793163776199162
-0.0015602930863346852
-0.004783324745907717
-0.00927848680284294
-0.013573982361066404
-0.016050927798951068
-0.01726998718815769
-0.01818419782636407
-0.018854795467920987
-0.02050223204604156
-0.022062382536990895
-0.02074834709102012
-0.021874799901121587
-0.02440354424250516
-0.043719766317940015
-0.02314462922505967
-0.021231227229894577
-0.02062009860129906
-0.01985227082130273
-0.019041727203259
-0.018046573642960594
-0.016972796911793743
-0.01716420230813899
-0.018156652346897787
-0.015741422901303793
-0.018395932742977694
-0.018850711200172794
-0.013599246824656979
-0.011927077150807546
-0.010518702548257788
-0.009800402709874196
-0.007538936610307387
-0.007815823950609514
-0.004155205414122396
-0.0025920903650674
-2.607188388027465e-05
0.001953859928845409
0.003588351612461641
0.00030072008001097466
0.007358865278950911
0.010851079397397961
0.013361502568182257
0.015527363229787147
0.017788390494976065
0.019645118760878103
0.021212872648570354
0.021562759548096912
0.02287556977426154
0.023629799780500955
0.023325645636866718
0.021558704484951625
0.014835978112607692
0.019730287402983902
0.01688443972858556
0.012700685681576266
0.00966095262963425
0.007385897043819254
0.003850385099782104
0.00031366265279581326
-0.002834425808039601
-0.005121948871391003
-0.006609476552642462
-0.0073336952054360105
-0.006856154133265239
-0.005999318250675585
-0.00507860847224464
-0.004128597228978363
-0.003391397309657667
-0.003951562982978772
-0.004280464058839763
-0.004411657950737284
-0.00422000877478159
-0.0037344771898021644
-0.0030207909502578353
-0.0018056287609717388
-0.0002470621858636136
-0.0012562360630388161
-0.002478690165026506
-0.0025937462086523507
-0.002199913234173851
-0.0021700460368268555
-0.0028298864835179993
-0.0034719774227170526
-0.0036954620609994885
-0.003818691375203686
-0.004202360021365971
-0.004849317679604143
-0.005515825980316888
-0.005956069746913497
-0.0060499582418160665
-0.005842384649761589
-0.005509110956737468
-0.005286196078212634
-0.005387333637712377
-0.005897557519025925
-0.006627721688419523
-0.00733437185000495
-0.007732466720127223
-0.007591516207629152
-0.006615128203213699
-0.005295162994790442
-0.004095572850210152
-0.0012729353825372068
0.0015280185283576093
0.004113548371704109
0.006296308560153408
0.007307129295846459
0.005352232587667135
-0.0023218082406244946
-0.009800020873787093
-0.009179866176983917
-0.006135890865729833
0.009161628498143294
0.0057479627835224775
0.020021879702284077
0.023610336623752476
0.02441029216742947
0.023546338353811588
0.022172836935663656
0.020695519680254647
0.01948024682340302
0.017972670142498495
0.016429066289788574
0.014921868250957242
0.013376116823693182
0.01133993759911646
-0.025894335131462356
0.010075506909551451
0.01072952029005315
0.011057329963758265
0.01209262994946489
0.013872944886059904
0.01553390203663067
0.01545529487675367
0.016787180559070268
0.05256635039582202
0.07315827190300196
0.034003980399906875
0.014275742063604966
0.014154237817321686
0.011439275280364803
0.007524392719347256
0.0034933018844301106
0.0007408568242756728
-0.0007686239095834981
-0.002092665402420402
-0.0032807223118876336
-0.0043135954455534595
-0.00529642550045699
-0.006118049475071083
-0.007500747276856846
0.028687493438709237
-0.008233338145770265
-0.007621652177247977
-0.007318126114298017
-0.006736231766277679
-0.0070859403034019015
-0.00865749301847834
-0.006283513326257482
-0.006589010127166849
-0.016283642289395526
-0.02583867600133997
-0.015085110489856978
-0.012531675603648809
-0.010708187514801105
-0.008684081722880911
-0.008855036163231706
-0.007230438828969085
-0.006932811851075197
-0.006701783739017654
-0.006454522872546747
-0.006221557377131274
-0.0060003027187666425
-0.005840001482150434
-0.007014886650577546
-0.006904217812564444
0.018596668419566663
-0.0074359568278300325
-0.004690449875529979
-0.004156086043390909
-0.004150313855211558
-0.004127413047701813
-0.013110007692511885
-0.003333872505889321
-0.0029986040953005146
-0.005180513921419769
-0.007614415571647988
-0.0005837943280459974
0.0013593837959564228
0.003445376838818054
0.005571481462475757
0.006408742531360378
0.0046899150479758804
0.002921025473633683
0.0075403284486432205
-0.000344534946751873
0.012004277916688089
0.01123417603232575
0.008406002381994475
0.006514937956240603
0.00491665495331285
0.002955651437756404
0.00508959971870916
0.006485993853345161
0.007918919731668007
0.009871074027381275
0.012369508404685817
0.014190901538933019
0.01149531700015001
-0.0018560007744299557
-0.010662901765240304
-0.004311823538838184
-0.01058428883227013
-0.0019706122274664177
0.009474656334787212
0.01212969605833026
0.011357899466625071
0.009871074475691265
0.006609252587982014
0.00816913444462022
0.007585861017252825
0.007144901384371044
0.0068240772070925215
0.006530750229455211
0.006193888773999019
0.005590731988871225
-0.007843092423942166
0.0043691839112307024
0.005153302494333271
0.005363272181903708
0.0051333667495672315
0.004968474175852408
0.004613993652869244
0.0031182864197838544
0.003764796448964363
0.002953781534078656
-0.010914522094826615
0.002116060670719274
0.001768887159544663
0.0010999874804549234
0.0002005773301013572
-0.0012574086598851717
-0.00413023169070944
-0.006796284464824923
-0.0066661138869619566
-0.004418141856605075
-0.0039652615404747234
-0.0040341190424827
-0.0031109691388566045
-0.0037514672982860682
-0.002064213349568042
-0.0018266072405017503
-0.0038770184679823992
-0.0037103843101749102
-0.0030466150139387906
-0.0021264074325055503
-0.0010692850135734253
2.1059254761400513e-05
0.000983551527888934
0.0016694746161647536
0.001980353683790299
0.0020793702241833994
0.0014198942192412852
0.00091186625568693
0.0005344174421588636
0.0004529266320857404
0.0006547266523105872
0.0009130567149442684
0.0009130634692028325
0.0006443399339155208
0.0005419740360372671
0.0006583652020074484
0.0004394350645645625
0.00011011487242886936
0.0001333828619730236
0.0002250364171349322
7.262274445825478e-05
-0.00020976583723575416
-0.00030864767535824746
-0.00010240807217201783
0.0003583914025588039
0.0009394734414886982
0.0014953280089381453
0.0019833255841751798
0.002379707782388032
0.0026962171339632887
0.0030665055524369935
0.003159946372366931
0.0032868203054388576
0.0034540276648926485
0.0036341203946726043
0.0038344132363542535
0.004089068626022474
0.004417281500622919
0.004903843072839223
0.004888846595569649
0.0047407117232417945
0.004699248331797756
0.004716796483179768
0.004771993251176532
0.004907217118479236
0.005181718607324243
0.005540699218749506
0.005317788611982412
0.004502493215305398
0.003828342876301591
0.0033735001655119065
0.003007175257332625
0.002662942430261502
0.002319439356844684
0.001972939312942338
0.001622893452270877
0.0012658077089973364
0.0009329625663716325
0.0006467837647415268
0.0003606478427139213
6.4466802216013415e-06
-0.00040237708376900696
-0.0008367537284021986
-0.0013139709892596267
-0.0018404884233829985
-0.002421579013443405
-0.0030401177535614972
-0.0036638550429952043
-0.004244002587631793
-0.004719666615450349
-0.0049621450815452725
-0.0047997112124417785
-0.0041957919471979545
-0.003397404433734999
-0.0030104636468234053
-0.003472005548587737
-0.004372176670548472
-0.00503745919010899
-0.00519375453144297
-0.0048634324478915815
-0.004144572493018324
-0.003184074913898941
-0.0022846083796269324
-0.0019049901923317513
-0.0023080231080837036
-0.00324375412939544
-0.004258363623630203
-0.005062155276588796
-0.0055415886746969616
-0.005692563582612519
-0.005563959525089528
-0.005226474693532217
-0.004753541249796615
-0.004210722402272548
-0.0036508760647553785
-0.0031099997861761394
-0.002609592219315182
-0.002159266905298538
-0.0017665886789390674
-0.0014339723435056817
-0.0011518470150082185
-0.0009150640271402865
-0.0007194946357209571
-0.0005636897339271159
-0.0004445275023105526
-0.00036020304055280945
-0.0003169799406998375
-0.000311514540201817
-0.00033554871803011477
-0.0003930226015831901
-0.00048451259223992316
-0.0006083498670553177
-0.0007658770383845786
-0.0009555409865867708
-0.0011822907170677846
-0.0014531579713520655
-0.0017701928218621322
-0.0021398616204323984
-0.002571671127234113
-0.0030711343216994363
-0.003631552026371254
-0.004228250228617983
-0.004809995415273995
-0.005297380201576589
-0.005584199266342858
-0.005560030487859197
-0.00514879752109945
-0.004335770429305818
-0.003270862701483697
-0.002339150369492428
-0.0021023568318570673
-0.0027321214741980564
-0.0037798872580538092
-0.004737213783409633
-0.005350151866200182
-0.005552565167982275
-0.005388709658815682
-0.004956153766280728
-0.004362461168427556
-0.003703743750739397
-0.0030534880935144146
-0.0024572093584014514
-0.0019264131156771155
-0.0014622305320665945
-0.0010571167087912025
-0.0006972797369342269
-0.00036660628660438476
-5.1757828294957354e-05
0.0002543718134318704
0.0005575207783663577
0.0008573315917316138
0.001152507184488758
0.0014402692423988606
0.0017251528198748926
0.0020030306740350143
0.0022626755605019916
0.0024893187615234375
0.002655903006622633
0.002797706402695529
0.0029196725862706443
0.0030425802607130193
0.0033089367290928605
0.0040830830125890205
0.006741704138497379
0.01316148920679911
0.009105138445950425
0.0031830605583799943
0.0007006371810784224
-0.0008609957769777564
-0.002046075516709298
-0.0029844642418480173
-0.0032741281398134927
-0.0021159254512653977
0.0009235003939258574
0.00445571303421808
0.006012401274337213
0.00467336769001634
0.0011188946295173899
-0.0020252628236959447
-0.002718085121075397
-0.0036321287450238565
-0.004051697608711044
-0.0037019745304552286
-0.003302432429500953
-0.0030368912531804145
-0.0028934101149160956
-0.003140103175276222
-0.0033253846976995932
-0.0034456360313477657
-0.0033347395283405503
-0.0036224802224859463
-0.003945122297929939
-0.00367508854104753
-0.004376189282906062
-0.004606003972946232
-0.0048210462437456416
-0.005023692502419944
-0.005304100014135571
-0.00565408226143055
-0.0060853485455730745
-0.00661578557574637
-0.007183319118197022
-0.007535387653473379
-0.007212152853605518
-0.005780252978555426
-0.0033055745734029787
-0.0007307009744680568
0.0007113507630991714
0.0005654728236581935
-0.0003187205185373772
-0.0002514754938703718
-0.00037831333501381104
-0.0020160086128692464
-0.004762458680579505
-0.007339628275190972
-0.008836124175052223
-0.009094279079259934
-0.008501566626859422
-0.007518140096161355
-0.00632437798078692
-0.004718693546242615
-0.0022474731457523185
0.0016906144739495769
0.008824708660372244
0.022856296899705017
0.046426707113088314
0.04355197014963808
0.022356687628501414
0.010971572151497829
0.005446583457502374
0.0024405031217211437
0.0013273998020628226
0.0008827646311109892
0.0016369086470825042
0.0022881418339843027
0.0027531165061875523
0.003059688321338454
0.00327499708695366
0.003425976740086482
0.0034146762805523177
0.0027025716612783805
0.003546537968408139
0.0035892767658437033
0.0035022042305038713
0.0033444952635053216
0.003104701141882384
0.0026520066449902805
0.0018081193354025035
0.0021009827129587636
0.0016414724789184712
0.0010326905376176752
0.0002505469694167208
-0.0008854134475828405
-0.0019972229689437133
-0.001986704173938019
-0.0019019103770220448
-0.0022625102170223347
-0.0027814895199037844
-0.0033453885375767083
-0.0037616489696595343
-0.004051300260206139
-0.004149804928643937
-0.004184777280511636
-0.003630744714378409
-0.003974184309216507
-0.0033432237504305196
-0.003835337290978613
-0.003945656313118688
-0.004311087292465988
-0.0048005504906505165
-0.005336024991635855
-0.005784735163769535
-0.00599225870752085
-0.005866930714157436
-0.005412228480972
-0.004788156352643571
-0.004264399694329768
-0.0040374672356057835
-0.003961665904550694
-0.0035710944262907227
-0.002799313129820832
-0.0024534432382443527
-0.0026668309514294645
-0.002294825830611975
-0.0028912513957387383
-0.003559426477075287
-0.004161562472508876
-0.004851495772735214
-0.005441109671919489
-0.005826792721826514
-0.005867536121974466
-0.005607386084974618
-0.005069474209235748
-0.004123856508118683
-0.0032783605065574623
-0.003737400861651924
-0.004156892420929802
-0.003540163416294382
-0.0026843360552022406
-0.003911470661875419
-0.0038680045969982603
-0.003488554470367663
-0.003123952445300949
-0.0027194962409012803
-0.0021446901900331783
-0.000902293285673327
0.000759584211108808
0.0024598997906616665
0.0014281176275488235
-3.884459828342547e-05
-0.000431186569091495
-0.00078003644669125
-0.000549070191222225
-0.00023003996992257053
0.0002840946341147506
0.00130446321725987
0.0010886554924889565
0.0013139184785940126
0.0014124607290399063
0.0013000908287669815
0.0009009657620267467
0.0004100431702754652
-5.8673809730518075e-05
-0.00043911596809357266
-0.0006795159528113437
-0.0008006806643466461
-0.0009151751919275816
-0.001186468932308897
-0.0016983178019563333
-0.002268588426718725
-0.002468676456244967
-0.002125074446717917
-0.0017184488971605158
-0.00184483960910589
-0.002359748978119548
-0.002500855181732586
-0.002084636350730032
-0.001499458607242544
-0.0010794976467981365
-0.000859587336485056
-0.0007013665692753247
-0.00046954981206345347
-8.597368032738228e-05
0.00042434236711109545
0.0010479590444883162
0.0016531717896469467
0.0020458566185119604
0.0022339208367400383
0.0020655662602679374
0.0015692874872441618
0.0009715717861318861
0.00032702100673385434
-0.00027966447584018827
-0.0007528731605052333
-0.0009963577123941534
-0.000888943606188528
-0.0002896000672525944
0.0005993725383178615
-0.0005605771578317373
-0.0006003214848143585
-0.00048503813578399177
-0.0007514140522334959
-0.0018683821212570723
-0.0038195686409535075
-0.0025090180979669002
0.00034326152211997896
0.0030638497597411077
0.004523888443471067
0.005230348335061857
0.005508178358557751
0.0067626816337340995
0.007787351444863326
0.0077858527538881
0.007294316399197133
0.009127380092186747
0.009175032791413204
0.00869870823542999
0.006079689155980446
-0.0008050856594632614
-0.0018057344284300933
0.006159868870766482
0.009826870626738881
0.007857507062470764
0.012088997929434468
0.012501383202387119
0.011308322942357812
0.010713122465455532
0.00673252827946308
0.005060623490725658
0.009146423554173085
0.009751756650058431
0.012209007373892704
0.012968230231306903
0.012838780477485007
0.011575746565831716
0.008336293891182553
0.01017288991340804
0.008357592116043583
-0.0014932027949352174
-0.006118755368187823
0.0034261573928908128
0.010435217096576594
0.012798792356242096
0.013495125687269707
0.01679323877092071
0.01356777093962927
0.012738355578040957
0.010201399281074835
0.011665492177936899
0.013718385391688287
0.014474176025596407
0.014764774678400443
0.014962858745025084
0.015055132822466578
