1.0547159322300269e-13
-0.00019605949479143363
0.0002030931072791678
0.0006404442950944302
0.001167036799542905
0.0018061291166677422
0.0025170091031936704
0.0032008137576882856
0.003921917523948729
0.004671082306674952
0.005427024754694074
0.005905622174685305
0.005939126830843113
0.005706401444245825
0.004930065322400661
0.0033330117227227903
0.000343112821048039
-0.004677326781299367
-0.012490564060561489
-0.023102556388523543
-0.03041085554818745
-0.004404494932057925
0.08788111924916915
0.03868645340626485
-0.03295507588331695
-0.043996633901050956
-0.03550070837964667
-0.024724449311819784
-0.015663639561826113
-0.008035822695116998
-0.002087417992007
0.0014363126905493691
0.004804291873702982
0.00752230027172146
0.009711450947198013
0.01149889826107991
0.013902403322493328
0.014054605349303128
0.015251615751149703
0.015481049779204439
0.015817458742962757
0.01598661644346389
0.015990579689291705
0.015948450605132457
0.015396193864273237
0.0144529219982892
0.013021127488520988
0.01120939471602496
0.008824482513955123
0.0061416171790994074
0.004544070369955686
0.007777925765242212
0.039906683856608484
0.07677720511061868
0.048170962600569
0.013111302673999818
0.020199492336102985
0.03513517543839889
0.041643702354323804
0.044191803300762965
0.04523046174694511
0.045649259561102884
0.042731984110041435
0.03497551732457611
0.018869832414259595
0.02283783692043211
0.04485365234132037
0.0357263931558297
0.004989603376930272
-0.009340728762386041
-0.010551257410474923
-0.008534562083246908
-0.006677535083333368
-0.005490153026813984
-0.004815889242386693
-0.004556275610847621
-0.0036497296287477123
-0.003769901410277817
-0.004438620758323009
-0.002681675619787161
-2.635766088111095e-05
0.0004640292519514898
-0.004808474530611427
-0.007397190321589851
-0.008383732412473114
-0.008870476610902536
-0.009121016550343555
-0.008915014310081834
-0.008391586836557828
-0.009493233646043391
-0.01008634589300156
-0.010360313072059391
-0.01050535798028245
-0.010088266956251089
-0.0017948219998741917
-0.009529016059707884
-0.005832573377759553
-0.00924540315982408
-0.010020394434850774
-0.010103981287269205
-0.009847510589842054
-0.007887593742064377
-0.00297221640965879
-0.00825900042439258
-0.00520016409673942
-0.008399719209003195
-0.008093296991017306
-0.0074164695185242385
-0.006323748392786787
-0.004431439592565962
-0.0015364609321341176
0.008946394035202728
-0.0021460921918427652
-0.003199880054649034
-0.00636981274691723
-0.011859334026033714
-0.0459203161692009
-0.09310295295527016
-0.0675555384629692
-0.044736201131457105
-0.09228029534104996
-0.0552281177394681
-0.01419964995297461
0.003763877124499216
0.03424658787192766
0.015832442440328165
0.01201793393748812
0.008706368055156294
0.010469453220459241
0.007553177007190381
0.006793891737441933
0.00871141663913221
0.006881008077285167
0.0072221259740423375
0.0073210019691798255
0.007366681344399869
0.00835460554737939
0.013727429305659154
0.01192669936996526
0.012437364042737044
0.01168914709529839
0.01212842765968886
0.036243686908603974
0.01954284388657272
0.019566213098976284
0.031222503795986397
0.01021038387242851
0.008186824272963463
0.008123034789138981
0.010207253103859882
0.006537327318429998
0.006104026883792617
0.005827509909342666
0.004173265592076223
0.025122126784888045
0.00041019686729587324
-0.0007757491931118489
-0.004747223757661396
-0.007571886658510935
-0.010431444839141237
-0.01362505612637227
-0.01726645513032437
-0.021305034558292787
-0.02522642930887824
-0.02815955774223943
-0.004558146932639151
-0.013814711323980567
-0.04494566343587803
-0.053510668058255655
-0.05903459627274978
-0.06614275004768091
-0.06879489779287466
-0.0672296192310425
-0.05818925831895333
-0.039356766247924016
-0.004113984402324089
0.037109036414181146
0.08514122448417946
0.11668887658520996
0.10137266527767311
0.04324833498844007
0.014690506615571839
0.058107279805724575
0.0579249869276075
0.07059780264724302
0.04286350781330612
0.020703308462738827
0.06226316555103068
0.1062650817305978
0.11151655554676557
0.08525641530544671
0.04841454524700088
0.015146007472214736
-0.0059965732526561085
-0.021790210699320134
-0.02118156598399015
-0.029387344402511235
-0.04467492655018558
-0.045778778682888564
-0.0423957297959224
-0.03988471843566543
-0.034467269077494686
-0.021075636772953276
-0.0006748014234230067
-0.0004884205711217477
-0.012675439531772208
-0.010498225581280097
-0.014739290933970962
-0.008739926597562567
-0.00047631587292665636
-0.005935762383435792
0.0001723478782370357
-0.006776964806456852
-0.0056602860319188405
-0.002630894746982229
0.05406215576857672
-0.00034994187343072276
-0.0019230505121532874
-0.0007600116937433871
-0.0011670696099289736
-0.0004918172904906487
-0.0004315906027216318
8.886037713188709e-05
0.0014644818494948192
0.005090857938598259
0.014530074078713087
0.04405928577746832
0.012364939523325128
0.005445230761516282
0.005241012210408255
0.00841656178041538
0.03303518319176959
0.014179271893011502
0.00691778821299875
0.0034085354932424676
0.018433399108675023
0.05231354148920067
0.08455171051998502
0.02204431516007535
0.1161733809584727
0.01903284280157399
0.023804857704422058
0.054936975055704454
0.04328487458699443
0.03124827501000525
0.0033799502782702654
-0.0003308481178430259
0.004325417886418577
0.0687141544498534
0.020014636953638795
0.1823106443782133
0.001680952093839554
-0.006996709158755576
-0.007987326085832202
-0.005295437421760875
-0.0008902447604796171
-0.006962342304441873
-0.009896527708521579
0.0030655014646929534
0.015602344198235812
-0.013019758285963336
-0.016041188577184715
-0.013987091457853883
0.012696572360761852
0.02667982404337883
0.007583074354445485
-0.004735893578431347
0.01154667464555085
-0.012518014257449368
-0.02162737361708198
-0.024477791546326306
-0.021851651571144545
-0.01907523948781661
0.09917241195202117
-0.011376156599718046
-0.01799061770023693
-0.026123313009421695
-0.0029347680795408673
-0.027931129408523995
-0.02587645468675224
-0.01919968721488186
-0.022002589879624994
-0.028397690712512906
-0.019340985848765115
-0.028026658677507137
-0.021526172649645427
0.10028211711086814
-0.01280781518325785
-0.020244303754004146
0.13294024757066553
-0.024127729573862416
-0.011225104510630824
-0.029235409173891384
-0.0009272325127552199
-0.026244373761274593
-0.033026076551267006
-0.0338152754766213
-0.03213753060225497
-0.033233968188454775
-0.031045085136741108
-0.025144411047065857
-0.008388571844366045
0.05033607838232661
0.019218403522558415
-0.02095787731639266
-0.027024081103876534
-0.02845317279644195
-0.028210419133925916
-0.0268253927788907
-0.023173201439806224
0.0028448449733717443
-0.017181555441645104
-0.017206986091562
-0.013271931092714849
-0.009303349660268715
-0.005373695901268833
0.059754039706129386
-0.005822950388564302
-0.03839111935901697
-0.07241964794547831
-0.04319191637667504
-0.17048277964344807
-0.1517018396659554
-0.08796303932199034
0.002625236333672819
0.01562369605246447
0.017786394405037095
-0.04296357189950531
-0.10961765343542054
-0.11724124798790284
-0.0911317785986186
-0.06225917960488051
-0.03372541312779485
0.013277820646951804
-0.018286593356648253
-0.011046523846599347
-0.0136788064328878
-0.015452957276567113
-0.015733658303078997
-0.015369537162665849
-0.015367567941578193
-0.014431015960948243
-0.01234008767456114
0.004486599608974289
-0.008487994069683669
-0.011920633588843797
-0.01192724037024661
-0.011209425387699637
-0.010253984941137733
-0.008778022371229637
-0.00624698167112109
-0.003540040659798426
0.02607513909588973
0.03854244105260572
-7.269547442379564e-05
0.044987128301759494
-0.0024862616924535884
0.0029939529336282843
0.03755918614221412
0.07456359762815908
0.007627725864655249
-0.011951049881861705
-0.012694431806035989
-0.010914262404716085
0.0032006488785570144
-0.0044998910839349465
-0.009551828412719825
-0.004416420586783356
-0.05010537962164117
-0.050545698344445465
-0.012008670938692031
0.005053470320934665
0.012039701967855126
0.00961798457987706
-0.0005229186834329501
-0.009218632572950898
-0.004775268281760446
-0.020861061367998885
-0.07606670077702045
-0.056515942497165475
0.003179054064150822
-0.029525671051666907
-0.08578101437489166
-0.04233736453864002
-0.0065786106537038995
-0.005179333349079975
-0.002563697783082542
0.007180184393487343
0.01915434433938289
0.023083249010731874
0.019493945206759573
0.012791948525055016
0.008830801728630462
0.006888133453521726
-0.005357952626607529
-0.004812183903813763
-0.009452588613135726
0.008815944246191245
-0.013292100862557681
-0.011589829500525365
0.014269591359300256
0.016603172751698786
0.019024376094139456
0.007206922993776963
0.0009758473996507948
-0.006013620766016602
-0.005569378655596226
-0.0026536168847484717
0.020726753933595056
0.006118931620567445
0.0008221363163124032
0.0021134205269711507
0.0060485925987946365
0.03000298793880199
0.048864418522785516
0.02254535454799385
0.01712641261457611
0.019745316878816477
0.02450034150210462
0.029744216991816484
0.03477031112341848
0.035826463986567664
0.019753159198064987
-0.02432644012114235
-0.06987083246140033
-0.06670842476060991
-0.057234162295309185
-0.01616927201917537
-3.60320951836196e-05
0.0022248937049120523
-0.006490167893935665
-0.01783598845666036
-0.027513166605805623
-0.034192422592723204
-0.040353564122359124
-0.04715758659650502
-0.05439637627831703
-0.05535612080801525
-0.036554783002025075
-0.011436447924588228
-0.017596630397968663
-0.03210876537240002
-0.027259826136031593
-0.008141282626366873
0.004988086168603578
-0.013013451023826644
-0.06932515133236797
-0.03629053492012355
0.017011992265438515
-0.03820189668562399
-0.06948793916410145
-0.014090999588917982
0.0006039877036710598
-0.010832972554261695
-0.016848803998296816
-0.012331092363624518
-0.002914406286515819
0.006531684915711049
0.015122289772334456
0.021309174285307302
0.02613464827574371
0.029351644177600607
0.03409280348144839
0.03772234915463667
0.035134931440734034
0.0341752470571121
0.03192128991021601
0.02676002081457597
0.00550686892439439
-0.001068983932559778
-0.01888738615011843
-0.04143025998842495
-0.01638908381481482
-0.015022647140669964
0.0013429590427859826
-0.005216433672623421
-0.02180718348706934
-0.00874647684004244
0.0010789072453862693
0.014205039637051348
0.020729376845396552
0.02693002054896287
0.026699929740254057
0.019506686519741082
0.00512200699017009
-0.016676760721181145
-0.04263511207169311
-0.0689010094252992
-0.05822102149507824
-0.030527619853228306
-0.012360220288689664
0.004459121219297574
0.015900896670826094
0.025598158932251175
0.030095084850099485
0.03185023665402479
0.028217153085252467
0.025905230608016368
0.02418795784046736
0.023562439819342654
0.021337146112323107
0.017390541701774294
0.011963459172059605
0.007101890213113238
0.003531851904459921
0.002262667359162049
0.0014523642691082336
-0.0004625239312464667
-0.0071277764521751755
-0.0042764195391784155
-0.004058837358829915
-0.004963248729422329
-0.00580927807203158
-0.0057478808815853545
-0.005505436144881834
-0.009153341216467069
-0.004230669263128644
-0.003996493171249854
-0.002772975186982291
-0.00175512088893124
-0.004682837811659771
-0.0013220251566083134
-0.004301493978687559
-0.0035217963597200985
-0.004870751904029888
-0.007624168037208636
-0.011268410768901395
-0.015304172499947996
-0.02060439592272536
-0.026590733196905775
-0.03231580307865383
-0.03758245273772506
-0.042583807722591856
-0.04583029360836529
-0.046525369630399126
-0.046388950365777684
-0.0414930238606271
-0.03783274892018406
-0.030158064454665796
-0.0205879721980924
-0.011287172274625706
-0.0027375554964038976
0.004109943345992931
0.008113003935560349
0.008737445629718553
0.006203709358109936
0.0010002086263000423
-0.005280727012589055
-0.011371804347591581
-0.01634410093356715
-0.019605326065913357
-0.02038917925446543
-0.01807966741672195
-0.012630352089877568
-0.004851396219983447
0.0034674491007714334
0.009969614295108824
0.012652751649692236
0.010691176712377548
0.004747873074052435
-0.003312822671229198
-0.011211517741506489
-0.01712508097779007
-0.020129743575574167
-0.02013056168810991
-0.017552618384484835
-0.013057992477172384
-0.007432804415030162
-0.0016084219254645425
0.003582841132915371
0.007514045037702671
0.01334656734030696
0.007431768285288749
0.004120512820108992
-0.0021893790679369525
-0.00960905261752991
-0.016982229121060895
-0.024285415300799744
-0.031393195046536156
-0.037815443467659866
-0.041936207830443224
-0.04401740184794421
-0.039553669368679094
-0.04292831389806409
-0.04146399515433608
-0.03875276178779438
-0.03493998133575543
-0.030644261515267873
-0.02616031168255425
-0.021590225295988433
-0.017288476090234425
-0.01232409159689475
-0.009884941393471507
-0.006914953666268181
-0.004438832055526956
-0.003021513268095309
-0.0011384488540574801
-0.00036382348212074165
-0.0005292999796271377
-0.001967032432852606
-0.004118894943447998
-0.0009372982024210198
0.0007617997757806104
0.0008637056225045794
0.0005253405161891282
-0.00013824135532924592
-0.0008806779524647059
-0.0016112904128778613
-0.0026208009903548103
-0.0031450674814217836
-0.007167546792297056
-0.00633388176376532
-0.0039559290565771635
-0.0030068868590238983
-0.0016698081023415379
0.0003773675504335078
0.005474346536365456
0.009644058215708087
0.0009363838865404376
-0.041151399763464394
-0.05670396663359235
-0.032944916619042544
-0.058640119032429994
-0.0095903060271315
0.009123474366956427
0.0041641190173599164
-0.004429773552871921
-0.009928801058233986
-0.013007698748846346
-0.012465434236560333
-0.011368594441911172
-0.009592038347458615
-0.010447525202705435
-0.005560349547564715
-0.00400437032725061
-0.00122138914725211
0.0018978842481582841
0.0040653882827941246
0.005774198828867538
-0.0021607783843207687
0.006669945568983947
0.011090397305201042
0.010623363186870424
0.013265453354026973
0.014510951405335934
0.01082638666772947
0.014074732274920797
0.016658413468586587
0.011992692558609635
0.019273230722556232
0.019371018331055784
0.01682485283337868
0.015884002890525436
0.013976440904357105
0.007627733532671177
-0.06549227140371973
-0.0697531939206918
-0.009649236223615739
-0.02606548722101538
-0.009209917186166861
-0.0001046372354989832
0.00795947578872494
0.014562910302135522
0.01922842102640676
0.022125329833348254
0.023478193201474346
0.0227781297195191
0.025069429233633832
0.02653337064281654
0.026951199590621547
0.0195703298063544
0.02649848199633946
0.023703339913173395
0.02556533532125561
0.022073830654644574
0.025968650876188965
0.02261311198948188
0.02372258592234177
0.021579716719164074
0.02276716001802683
0.02269676087598612
0.022025922231613617
0.02110460233193554
0.01990381497224418
0.01813970066170669
0.01792779979706722
0.016761124810597813
0.015503618814787422
0.0141146203611188
0.012583967026911044
0.010857985249701009
0.008616095462677314
0.004179416503615
0.00405222575587624
0.0036348115475604813
0.0016957174822836982
0.0001759597860027874
0.0012774427909146321
0.00016628733009161977
-0.006650467157776746
-0.002914994730942994
-0.011867264350374189
-0.005251583620931524
-0.008029220591457728
-0.006202810019064236
-0.006655556515242735
-0.007062162079912378
-0.007127697063653866
-0.00777748377887865
-0.006451214199887474
-0.005481075820363829
-0.0036168720567840954
-0.0003942879190366853
0.005066553934448271
0.011200463965747325
-0.0056394910093185875
0.0044447289175437305
0.01833412600939845
0.013197417920377118
0.011813435475990163
0.009164146889012258
0.010342215213655243
0.009515781218760453
0.007366993809633793
0.006183662639638975
0.0035717709779360335
-8.586234517787028e-05
-0.00449180648028722
-0.008971355133873503
-0.015831602515102086
-0.020667426951778627
-0.024746748395142036
-0.03266300826366686
-0.037204290345576915
-0.0377835710665513
-0.031961481459186904
-0.0322436539541713
-0.024626926622017434
-0.01497840969924754
-0.0048336603495499125
0.004311162759497249
0.008865320086124595
0.0092699635529214
0.005361108753037731
-0.0015808108722014812
-0.009382188153230608
-0.016009930183781985
-0.020008125263954867
-0.020163926988001735
-0.015901203195992687
-0.008314240504460833
-0.0005426665624251453
0.003530688584142679
0.0017503820261166037
-0.004888816655546195
-0.012939413418187247
-0.018789020330959794
-0.020528357216778752
-0.018103211988166227
-0.012522963344542415
-0.0052301599258397545
0.0020938731613023465
0.0077114285388432185
0.010285682099481832
0.009431462970668436
0.006134461606237175
0.0019804751748370188
-0.0023462591837765594
-0.003063833233510562
0.0017149613606730813
0.014126886232256115
0.034136546529522964
0.05336606008844186
0.05629417667034242
0.05390351428338747
0.05522766446411362
0.05125110547676242
0.04037531056844542
0.030820414360838794
0.02464852087099887
0.021067783840824063
0.019383006849878943
0.017940378930750622
0.017131343233597832
0.016318948759568935
0.01448577673711851
0.014346497184220416
0.013301912378909094
0.011814427566762325
0.010139753633976047
0.008483471559985604
0.006574224529245011
0.004580742321912285
-0.0006961670544151337
0.000996879587492611
-0.0002924228188790715
-0.0017366802542305264
-0.00295734453468581
-0.0042424774444762975
-0.006143068960980494
-0.0061496333747314185
-0.006880698873842327
-0.007803476486233664
-0.008418233152189425
-0.00847003396916369
-0.00881525837368276
-0.009053417704190722
-0.010408735537444366
-0.011798392707796878
-0.009114389157091108
-0.009340806841791824
-0.012810243688622972
-0.008983921377936232
-0.013188964715747504
-0.04773874819759867
-0.007409052842371702
-0.006818004561295276
-0.006399720629158505
-0.006305151629980444
-0.006242526915245709
-0.0073098471461133735
-0.005405101623324797
-0.005303625790566079
-0.005264743194315172
-0.005670805186073266
-0.006936228192994567
-0.013141897721780598
-0.008023262534742647
-0.019646255441137166
-0.01116951447027042
-0.015327771092769492
-0.047030592747570425
-0.027198550550736413
-0.03443535261925702
-0.04260896350245078
-0.03981638694994579
-0.027143309017228334
-0.02822721350507197
-0.02335113770103412
-0.01572330159828567
-0.019132043518103364
-0.03343893105874423
-0.030736685592356285
-0.06606659428153147
-0.006220839982294813
-0.002344181648511745
-0.0011621814795951407
-0.000236752048325724
0.00033906191810526465
-0.010464328978097228
-0.0003785837801329924
-4.1208372423273016e-05
-0.0006954712959328797
-0.002164874484603788
-0.0025112259866717367
-0.003189250353318623
-0.004618361578895361
-0.008011001972637731
-0.042389574889724065
-0.015420269854249546
-0.018458330301049486
-0.017605648838360605
-0.013460601267111608
-0.021623881474828046
-0.006401256069617769
-0.0044349612829626215
-0.006289690407060806
-0.0025876344451681017
-0.002189804607263418
-0.00401005827923831
-0.002146040870168143
-0.0021049344966549794
-0.002265283399342243
-0.0025008931895644836
-0.003030865680340177
-0.0031853000296571984
-0.003614583613976547
-0.0040760619811102275
-0.004876127274304146
-0.005217851437201266
-0.005455628312895686
-0.006186340038632749
-0.006842915640114113
-0.030916558158694873
-0.008107494022155722
-0.008399890978549873
-0.00976148303897864
-0.01199400603406118
-0.01789631428584136
-0.01109654709872842
-0.010825370386155594
-0.01048869519293955
-0.009045458136480902
-0.007308279820473643
-0.008285526655749437
-0.014745470750329587
-0.02861064899629932
-0.016253905632860978
-0.017579834360687715
-0.018368649370114627
-0.018436050813688168
-0.018903092552724206
-0.01691417722367766
-0.014771101838997349
-0.011304722373706975
-0.0054683562641721
0.001014337408672929
0.005151177717958967
0.0054642110827523745
0.013942821155555424
0.018766932856512677
0.013368484849997215
-0.008745999840196394
-0.04013669601450222
-0.03472835669770406
0.010044629493289096
0.020846662307431884
0.01755396086361747
-0.020190329520305233
-0.04239996341438704
-0.02201441543145395
0.0043037304523121265
0.016868631710289666
0.018415702740554075
0.015089541406115296
0.007785415387012245
0.005591133834083401
0.0031374914724304525
0.0009087036779923786
-0.00018207334506109863
-0.0012703766269352786
-0.0020414139407720954
-0.0029193679726709524
-0.013291981256264365
-0.0032911202945335545
-0.002192364814547199
-0.0020179014772393152
-0.0014291548767919621
-0.0003069937048906296
0.0005041259128727575
0.0012450647638925505
0.0023361165508582965
0.00341042660166093
0.004464726658656437
0.00570946928893971
0.005966360802901862
0.008253170297201613
0.0095269472547515
0.01048321143211071
0.007473631740970416
0.012806635415387973
0.012656478354151757
0.015272489541826514
0.016193214978736648
0.016715728087092315
0.01667193567350727
0.014759366813428864
0.014696941292202741
0.01269692057200687
0.010246817492417872
0.0066291100616317124
0.0017627782906101995
-0.004278267305690935
-0.011540952138774336
-0.019617833217690107
-0.027284233926018003
-0.031647758678945884
-0.02650588233960377
-0.005757808668730022
0.016976732754938814
0.01451362166045731
0.015613927829688902
0.012268208471465468
0.009696570495201123
-0.0021601810037075848
-0.001105044191278071
0.002954561021410899
0.007547205084371282
0.010298683494078798
0.009641221968117848
0.005075846714690204
-0.002579720582408267
-0.010848833162582037
-0.017438113650229528
-0.02022573626199702
-0.017901852238035747
-0.011209079324541396
-0.003938965004152967
-0.0011060629944991487
-0.004781014641574166
-0.012226980335267899
-0.01843549056465367
-0.020133773103453878
-0.017035561208261957
-0.01062710578645017
-0.002728058328941444
0.004785507205293466
0.009712829035189406
0.010688065049619873
0.008133688160784183
0.0017926256053891285
-0.005532808634395573
-0.011923362977655661
-0.014729714671851529
-0.023246947154288187
-0.026793914070625445
-0.028068006044602693
-0.028246305979431025
-0.026323395666152362
-0.02181485245859789
-0.022666037416977723
-0.021506499619635685
-0.018960558563990135
-0.016108678856493395
-0.004373058602523914
-0.011450617320915974
-0.010109906278818987
-0.008213822018831106
-0.004668260928777139
-0.003967224710450857
-0.0011951338065990626
-0.0024933327872631215
-0.0015640358569600787
-0.0006616072784438945
0.0030162169390543694
0.0008798183203395803
0.0028748233885508966
0.006322308204173417
0.010838222218064296
0.02625870797956931
0.001477905146350739
-0.0007493700435431659
0.007543863453214191
-0.0027530748712026975
-0.004032264751477116
-0.00495519385226255
-0.004814693231356807
-0.00560371934023196
-0.008071149856915231
-0.009572481829736293
-0.010868132127343893
-0.012149653431765035
-0.013264589864811558
0.0001634926733281308
-0.014587084499362097
-0.01316870653658764
-0.017386099315284998
-0.019241235176087376
-0.020713934625278575
-0.02154585923781737
-0.02007933603517391
-0.022636787942684148
-0.022625498915113826
-0.022156456911971833
-0.021347721446293388
-0.019984804352290657
-0.017334276594606034
-0.012230377021371532
-0.00429507777946732
0.01732477911026347
0.03294260719463011
0.05105634528033165
0.03895554338953337
0.014303504233427926
0.003819153077040886
0.0008256947437994466
0.000868224773389576
0.0022163777815617835
0.0041034557752161905
0.006874215016880012
0.010915563077373685
0.00937565493838448
0.009829346204492977
0.01008433224948928
0.009729093854025385
0.008658846205840082
0.006972864543109244
0.004699613010864065
0.0019366510037540998
-0.0012306809613558268
-0.0045957988176500665
-0.008066541857477684
-0.01141373422123361
-0.014475689713333618
-0.01707598354265898
-0.019032300540634116
-0.020159009577181617
-0.020266099586768973
-0.019187641650683596
-0.016798818554951103
-0.0130301662217519
-0.007944970189745484
-0.0017748738709423518
0.005054194619192052
0.011926035127823366
0.018097838637720427
0.02281010175256531
0.02537369698156659
0.025302832655222544
0.022640795514890358
0.017965979719185673
0.01208371883976265
0.005843265742678165
-3.740615482048254e-06
-0.004870586454632276
-0.00841508899992135
-0.010523316503500349
-0.011180157951531999
-0.010290531740995609
-0.007535808208561552
-0.002536374493295815
0.004473099198135973
0.011776583230011869
0.016392659690995
0.015969512074110973
0.010630182301573213
0.0028403841534575614
-0.004227228261932122
-0.007870955312039745
-0.005313771950450523
0.006425578895818507
0.012819530339672194
0.001430500336266767
-0.0060852780163728176
-0.008258668770136696
-0.008054733838141708
-0.006905021984706701
-0.005434247204744677
-0.004012003196658686
-0.002749313589824268
-0.0017440681100154732
-0.0010435258374942706
-0.0006858664995244443
-0.0007174055414580078
-0.0012059550447755757
-0.002221345736290575
-0.003590788912824266
-0.004662898726077127
-0.005161685562432136
-0.0057427317225973735
-0.006872867493556461
-0.008522931468511744
-0.010556924066988906
-0.012832749456652989
-0.015192869770383442
-0.017435826857226822
-0.01927468104055637
-0.020324482006628744
-0.020188208398497297
-0.018339809348044647
-0.014260361509876309
-0.007926116010325468
-0.0008788083992333407
0.003471138549322215
0.003010712196959231
0.00023445246703826086
-0.0010094942731503989
0.0006590793664347481
0.0046956667754970895
0.009923936741408453
0.01575387032242099
0.021206878888905274
0.025107068524877096
0.02652428508952055
0.02504331037957731
0.021012523641965118
0.015180060301058207
0.008368615669633773
0.001387238097370238
-0.005110994855633913
-0.010645750415996878
-0.014920633701432803
-0.017858089215269497
-0.019552732628909317
-0.02005560015379027
-0.019447943778096374
-0.01783752227781876
-0.01515447917092725
-0.010824161929610181
-0.003195050190804782
0.003665040783460089
-0.000276995195950941
-0.002241202998335835
-0.0017308649098321397
-0.000489858997869202
0.0008024421565754286
0.0018961762278468521
0.0026945428179372395
0.0032492034909441126
0.0038478117425641595
0.0039060480638819554
0.004071424610002645
0.003942182955541022
0.003449546531451673
0.002448541720245248
0.000954405727797554
-0.0012906032567494728
-0.004231394594880984
-0.007744192300572433
-0.011553962004360903
-0.015373789116051766
-0.018807248662976225
-0.02107290729721988
-0.02096166182838525
-0.01727300711479794
-0.009620155600898432
0.0003504670046884337
0.008519282414232153
0.010446887132659689
0.00501826479403704
-0.004515575946834811
-0.013470819393757476
-0.01908691808661261
-0.02112671165373479
-0.020685907913823316
-0.01907719008043341
-0.017290370621658533
-0.015955572091789872
-0.015398874220427029
-0.01573338655453888
-0.016851709395742598
-0.018373382176522332
-0.019687232438119633
-0.020024110697234716
-0.018307518953657308
-0.01376383251628055
-0.006547541913465602
0.0017318167380152762
0.008211644987170152
0.010190003553165577
0.00677917311951469
-0.0005594230697976334
-0.00893885088994568
-0.01568477406916785
-0.019393253327739637
-0.019911784283845217
-0.01779986067585407
-0.013852115900619234
-0.008859292013364778
-0.003537032210181818
0.0014822257353710353
0.00569742966916723
0.008763033956082812
0.010516525002078914
0.011003622475373573
0.010782471506771094
0.009402737974006344
0.006297535712241765
0.0034158125282837512
0.0007881536277690142
-0.002496626752128768
-0.005574387830248588
-0.007826987927297656
-0.007784359988706613
-0.011871643375360392
-0.012544143961180962
-0.0006303072495468219
-0.015123838871301917
-0.01618895756695347
-0.016554081146028216
-0.015493321714499034
-0.016132318344587147
-0.015604677847740403
-0.014777626956837391
-0.013405136567487881
-0.008415813256556274
-0.011806372282099915
-0.0076968402890823925
-0.009894704082779432
-0.008454384976529141
-0.004676915858158176
-0.005181881279593142
-0.0057908567362974445
-0.006051875597863792
-0.007435743957870442
-0.010968775770240614
-0.016793556638690095
-0.01698786740967858
0.003398526934251561
-0.010766656403084999
-0.017454569137445492
0.014352584045132434
0.005318621108882146
0.003982150710082473
0.007138306246873095
0.009236317433960806
0.010384562082434642
0.011739135636778513
0.011656459154916044
0.010625077064935224
0.008187110291370214
0.004260073697382623
0.0016854375053229813
-0.0012462230009914871
-0.009015380171419635
-0.016074662515387864
-0.006293409125078541
-0.011533782341280541
-0.016621568572022197
-0.006798687988574691
0.004763052022133861
0.011930671531285452
0.015579747880300062
0.017572252662126107
0.018527270874263153
0.018885359467462996
0.02029877004712354
0.015323900294501909
0.010674459863111704
0.01132701884151442
0.012246172674363023
0.010171348305870007
0.006522558094314026
0.0016433507440023062
-0.004162292128575241
-0.010324968862024983
-0.014992078913443698
-0.012992943424198619
-0.003559896688640077
0.00983625741569282
0.009143693435298606
-0.006473012461069132
-0.01423279059946881
-0.00988117851279846
0.004296472908338508
0.0108280614426298
-0.00039033767292181336
-0.012046049495212789
-0.014757599841986147
-0.010832888796953875
-0.0037016086443446357
0.0050175752249232985
0.008598985682629607
0.011960171351181752
0.015540866920861634
0.018286484693950226
0.02036210388070264
0.021858238026890183
0.022739915867595988
0.02286616720443279
0.021897502503754676
0.02140353254870475
0.02300361744645075
0.023335997900795796
0.02070301930134271
0.02096109251354512
0.02274006709874817
0.02472764771949111
0.025160926616494224
0.024988987836695196
0.02447187803916485
0.023556208511324256
0.02194675258190253
0.019448862432827736
0.01823794248814331
0.0193422634105676
0.0208530239968519
0.021023700111840442
0.019728026207363934
0.01878494773023543
0.017776872573010374
0.01682909970287215
0.01546280419252948
0.014857118893636466
0.012771155360142637
0.011326502669953288
0.009484945753684977
0.007772290156998445
0.0062350453415928675
0.0071455702855890025
0.0033855706569811
0.0008725884244098139
-0.0010696519104688063
-0.002739876083401336
-0.004574616845566028
-0.006139827651749264
-0.00751884586765399
-0.007811631198710034
-0.008963669864427915
-0.009780295141181406
-0.009869816494368798
-0.008355180174077761
-0.0018322666798438205
-0.00827621246357191
-0.006896660978249571
-0.0025028895406245012
-0.0011421971758116829
-0.0007319396668033156
0.001575095115497112
0.004235146558629551
0.007324241134692027
0.010437398238439961
0.010119444186357521
0.01000901450359158
0.009265478590017254
0.00718663963194926
0.003891436638256989
-0.0001785961031974086
-0.004770537695531433
-0.009763737453687584
-0.01429713699952743
-0.017977039377419332
-0.020280825595877693
-0.020686681249821426
-0.018747683703757626
-0.013769911970050877
-0.005626668396159973
4.041068352315835e-05
0.006177562140667339
0.013213366034688225
0.01813183574619484
0.01920407021457596
0.01601470270389292
0.009445708829657134
0.0011348372357591222
-0.007162196707834575
-0.014077638523713657
-0.018849514223936076
-0.02126298095188004
-0.021483429821392286
-0.019872346387042144
-0.01686858828771349
-0.012918796287473186
-0.00844873513113977
-0.003890347365790043
0.00034829633526277983
0.003972700333678056
0.006753921636311389
0.0085795306894931
0.009449000886900304
0.009667146702681088
0.009069250551904119
0.013119575017304173
0.006602616006953995
0.004427234751109105
0.00294964779573942
0.0016135912750152132
0.0009164398240513925
0.002047957213657408
0.008545780600436974
0.017520476101791065
0.026486859998353325
0.010618595781258107
-0.000514327099127682
0.011373915498490957
-0.005206387202646924
-0.006547125439271813
-0.005819947264670239
-0.004342351240777256
-0.002833727646816673
-0.0011350481464464082
0.0005143749191739226
0.0021757261671179946
0.004154969699851195
0.006277603005294885
0.008629666842254287
0.011613815839594617
0.02832021986347232
0.016964900639911514
0.020101549905528076
0.024378835317176585
0.02976224080246894
0.03669967672438116
0.04564385187186397
0.05533456559644781
0.06012764519175367
0.05679109995452241
0.05393498057748441
0.05826256869994563
0.05935780379093422
0.05332425640438379
0.04548830685674264
0.03915612889593232
0.0346144035536325
0.03142168547415246
0.02921510576955881
0.027634119967322276
0.026472559557269792
0.025598418579525672
0.024911385209094902
0.024465524920109376
0.02429358240303958
0.04089975328127547
0.023601948230063383
0.02303988819476338
0.02257107989886958
0.02215541909484184
0.021467345082398018
0.021167844810278537
0.01850249252217854
0.014722562295801721
0.01040537211227767
0.008434988467809195
0.010114932883026777
0.014604190010476227
0.017439882623539432
0.019231192799666022
0.020624585806741445
0.02017336027635796
0.020049645937494903
0.01991273966763902
0.01973372519592306
0.01949629622451662
0.019175388335103995
0.018723779780047512
0.018331010895762848
0.016817208613322247
0.03191648206206626
0.015520629224360965
0.016455648823081155
0.01702943665637438
0.017266861591773333
0.017345775964702586
0.019324552391780558
0.017148987379257505
0.017125297848336173
0.017999458932620324
0.019006492755654338
0.01758817911073219
0.018005039214990998
0.018990421298229542
0.02093361704078755
0.02506599265645733
0.03621184309766026
0.05215999050692194
0.054974217536528695
0.055189871895390076
0.04244687912639546
0.028780569678350007
0.020404512220307123
0.015339457597571528
0.012252384022175723
0.032123151327630245
0.007228289160292731
0.004654297712618308
0.002362203566220915
-1.1461507304364508e-05
-0.0027101512997420125
-0.00495567199101404
-0.004624886379596045
0.004053911923875733
0.020130103705206633
0.025837588108789576
0.01946222863733319
0.004284617725025141
-0.003798977138145314
-0.005129929528168017
-0.004609465818590351
-0.003183252508783799
-8.390104872036385e-05
-0.0031440729116276904
-0.003589210691642946
-0.0037715804445040196
-0.00390646537391341
-0.003949576881480671
-0.003951292854280243
-0.0034881136999718146
0.008606969014664
-0.002342156074879606
-0.0036167778483106442
-0.004118761635460447
-0.0040983504246077575
-0.0040598404387174915
-0.0037474681938028387
-0.0017635173376871092
-0.0027838986637038895
-0.0015493132685795454
0.01971833399440255
-0.00038243147323370176
-0.000108829129531726
0.0008294723971039586
0.0020407865902512035
0.003793494702232341
0.0070100828237413355
0.014785145250207897
0.01177861028298147
0.009570777408875889
0.009809500641133766
0.011082215323292571
0.013609919311543761
0.01500802545283199
0.020322415614504822
0.02033382372054941
0.01436909464043318
0.013723258773964561
0.013049878072487012
0.011900906377068862
0.010144430241378547
0.007728442151017574
0.004632971157454871
0.0009160426599608333
-0.0032771513810436093
-0.007679883328197694
-0.012103877032745071
-0.015964554529775347
-0.018776910248857193
-0.019878781249394937
-0.018574353490238938
-0.01435226088896708
-0.007289112042399202
0.0014258293586474843
0.00935880784737514
0.013649119039734457
0.01255547096185799
0.006590532699801232
-0.0018146726112904937
-0.009857303636084933
-0.015759957588834427
-0.018972795797102947
-0.0197396056288102
-0.018730015105479857
-0.016643088968622145
-0.014055022221397985
-0.01138203614616384
-0.008855425351616465
-0.0066166447197617585
-0.0047291046709250755
-0.003176762340215367
-0.0020515464046629373
-0.001246945844308977
-0.0007355211759551602
-0.0004969320886207437
-0.0005096054097049294
-0.0007684955064787785
-0.001262850718427242
-0.001869677284451792
-0.0025708965922831275
-0.003290918304965809
-0.004152782947953327
-0.005217345555247126
-0.0064872058978173745
-0.0079691851702342
-0.009649881230799164
-0.011291818341439453
-0.01240114522510495
-0.013016613267885271
-0.013649810943366134
-0.014452065897163099
-0.015337337703977853
-0.016208430928528875
-0.016995133570110503
-0.01764501055277979
-0.01811611940694767
-0.018374482893589145
-0.018369599442675272
-0.01805329840723874
-0.01739881236007489
-0.016395594509139404
-0.01501799239847809
-0.013219818188606397
-0.010974084022310692
-0.008257011345155888
-0.005060944552143497
-0.0013786322268035322
0.0027472234507628732
0.007208616243675919
0.011814545020706535
0.01642084931581198
0.020896165104628
0.024883796426235904
0.027844018744864408
0.029193239209435524
0.028758000025479437
0.027306697349382358
0.02615207030455281
0.02619969946953649
0.027490998925242868
0.029493504969326432
0.03156211178271635
0.033126612085950496
0.03371405034273698
0.03309122353348178
0.031388543722299114
0.028899180777951155
0.025860006375862714
0.02243458604910939
0.01875442039780879
0.014941266280165582
0.01111167639239127
0.007369191783625622
0.0038011697812670355
0.00047747028975652945
-0.0025524442883030195
-0.005255629415839635
-0.007619034787008722
-0.009651629016104087
-0.011369366239202405
-0.012787158365189384
-0.013931681307018943
-0.014835367520432782
-0.015531157553105059
-0.016049743612129522
-0.016419227498408153
-0.01666859850840673
-0.0168161359611076
-0.016864096037016142
-0.01681168167897985
-0.016649811477456058
-0.016359186872425133
-0.015912179735169722
-0.015266096491483644
-0.014376139184026098
-0.013191725337191988
-0.011651104757891226
-0.009698451949806987
-0.0072911651953426184
-0.004405637676790999
-0.0010408377902991015
0.0027692175582148377
0.006947841954891589
0.01137442435558924
0.01588860860208762
0.02029601119900131
0.024385055824870338
0.027958272491707348
0.030793078761457857
0.032585225064064596
0.03297309979105101
0.03185280022460969
0.029508168793807812
0.0262882060240507
0.022435196539107374
0.018142803961267055
0.013600141381221108
0.008991169913715244
0.0044850268391898465
0.00022444611630607065
-0.0036881268263592244
-0.007178685225892121
-0.010190025462013346
-0.01270242037160958
-0.014720856110256083
-0.016262835952838842
-0.017355434256507075
-0.01803501440383187
-0.018343592427659365
-0.018325562288823677
-0.018026009956256635
-0.01748973006674323
-0.016757713924327216
-0.01585850011074232
-0.014821325474219119
-0.013688890419611703
-0.0125026246272379
-0.01129621356302411
-0.010082858966236445
-0.008878546110781768
-0.007681476737300302
-0.006424390726334946
-0.004864682232475874
-0.002135503851820755
0.002572177638351225
0.00011011048794231317
-0.004189299089802566
-0.006759034157813899
-0.009151529833795602
-0.011984168824401757
-0.015405875484168108
-0.018947508709072518
-0.021250632538030566
-0.020205138499916547
-0.015290174765077083
-0.011536524834267169
-0.014321655353909344
-0.019620622456398843
-0.021731871736564504
-0.020809608595868872
-0.017505097378846677
-0.012201090775279868
-0.00701971321050784
-0.0028064265023950373
0.00041051555099332635
0.002933791732670882
0.004848369420322105
0.006319385917305263
0.007369258562799093
0.008201181526087497
0.008443349394978315
0.008378788948336238
0.008472076293802736
0.007581926932625984
0.006712732044207917
0.005472104093356749
0.0037899527366997716
0.0015646815143625734
-0.001259849141556228
-0.004746047748423464
-0.008844793847828025
-0.013312405153752337
-0.017628287884910752
-0.020910949226874444
-0.021899343392145002
-0.01921586949143624
-0.012457499519282857
-0.004251459444428224
0.00011814079145805753
-0.00029131082327557843
-0.002094100324295371
-0.006596457384809884
-0.013809720593465906
-0.01983759286582334
-0.022236695435388417
-0.021060703860319517
-0.017386783594153448
-0.012374613433411258
-0.006921728833458776
-0.0015876681215281
0.0034299933164680875
0.00830977602718392
0.013460013449040886
0.020009106150353992
0.02919839417574736
0.03897135577884621
0.038831962889205554
0.03197478282879987
0.026132252699648226
0.0239802328252808
0.021501496336219204
0.020475468023874302
0.019079844984879843
0.017229794017438738
0.016226992814567725
0.015234082543035295
0.014604919456343977
0.014101880939098003
0.01377244953566208
0.014015421122047329
0.015929866615815972
0.013411487972985399
0.012821297187323166
0.012660447878815729
0.01264073089101884
0.012800975501347114
0.013624727379402325
0.015346570164653857
0.013185266065026706
0.013189285473719423
0.013396104023174689
0.01368526619836332
0.014379043968686663
0.01590246447260431
0.015082822720556189
0.01480283133161094
0.014628960728118248
0.014307374752201936
0.013846910362013838
0.013404010584132027
0.012728028278019284
0.011785385547574056
0.010313408253663798
0.008816957805226436
0.006178291386368853
0.0036496887656240003
0.00012763981390058487
-0.0034622747505573207
-0.007247631762025102
-0.011058886016859441
-0.014659431155068124
-0.01771911290873045
-0.019849989013120208
-0.020616147131692197
-0.019555906331087357
-0.016286629719539637
-0.010666169964532504
-0.0030148461636893367
0.005679284083810593
0.013752211925452748
0.019237535138579162
0.020594968224269723
0.0178025911572352
0.012685631948414178
0.003980059809192176
-0.005237378151779103
-0.012461778968964927
-0.01724864956713467
-0.019659495923238738
-0.02016074523607148
-0.019156317479441236
-0.017182386135403592
-0.014830112645761041
-0.012653144067195969
-0.01034220699383495
-0.007155813082517736
-0.004539516347938039
-0.0037944061267204017
-0.00346256781254577
0.0008877138178285692
0.004638879885943435
0.006867789276905289
0.008223252109021044
0.00902211543176865
0.009370803794480463
0.009454679704286512
0.008979595831897176
0.008672033887520593
0.008592144138813118
0.008820938970679768
0.009036599831259783
0.008499968044232893
0.007718861941353363
0.0066816179586984235
0.005262127876339571
0.00358267286489785
0.0009656627896868492
-0.0018031395885225474
-0.004869229318702017
-0.008086202461293969
-0.011262230667193878
-0.01422236126929259
-0.01673364363080007
-0.018453378812316595
-0.018974176379332852
-0.017881985731761293
-0.014838251920839754
-0.009704457763563715
-0.0027157095440311367
0.005354701859817563
0.01315658034532763
0.019046250439979213
0.02183633934871699
0.021032846249948924
0.0166477134373999
0.009657999436973338
0.001604163800353004
-0.0060267506893871255
-0.01218232335521319
-0.01634478554730594
-0.01845137203479132
-0.018725676045218177
-0.01749696520609442
-0.015148492931228105
-0.011987192778223169
-0.008333294265830953
-0.004506911919566891
-0.0006944233787298362
0.0028942834850457697
0.006103638058573732
0.0089037344327481
0.01123339872603041
0.013083014804408141
0.01450362853093695
0.015690892303975298
0.01700373451774963
0.017856303610741836
0.021891791053206665
0.017891183583613912
0.016424651113753404
0.016048190261732483
0.01627672903427438
0.01705070142035152
0.02038294918900417
0.017548541478093323
0.016691611672137344
0.013476119305960287
0.012239223511565629
0.01176312199150906
0.01249759429554525
0.010921347374567554
0.010558810499115326
0.011444534275016807
0.01249170129992791
0.009982031120473342
0.009777543333468874
0.009601267174784796
0.01016338026173878
0.013536450426469539
0.014701458216554143
0.010445231296933165
0.0092195685145461
0.01117564107142267
0.01055800858520839
0.0089505295219448
0.010141428261917726
0.009104538374580617
0.010367419424784476
0.01140522685616073
0.010200666896368253
0.011751449674522605
0.009992418947018565
0.00932570417681734
0.00918053558185676
0.009230373400349096
0.010745913846131343
0.0094481410655053
0.01038536687410144
0.016661084754544104
0.018692899538333738
0.011383094217790556
0.009265179123262728
0.009294707874820186
0.009581682687567776
0.021689249076834016
0.00971240336371049
0.009651510652697318
0.01052063246517111
0.009969835024040884
0.009630587827809954
0.00967055865431027
0.00983718608179306
0.009765584444749913
0.009831598357012195
