1.4097621817798634e-08
0.0017175538316445832
0.00707699715289445
0.006229051958227724
0.003412800276961969
0.0002484433667739271
-0.0025904730840263794
-0.004794571303659106
-0.006155523344923873
-0.00694426835449833
-0.007230693958318951
-0.005297953100942513
-0.00034958290705372974
0.0034083818833160638
0.007513459113602447
0.011364002167260448
0.013228309621279882
0.008659735484105695
-0.010007979431707165
-0.04548090621648888
-0.042999793069070306
0.06816411966424009
0.01208881727571915
-0.05319034473698728
0.03980639579778774
-0.04250265385701863
-0.02084461962242402
0.012984547299790698
0.027929050802380805
0.03333575873739266
0.027066367529913014
0.022017689333439283
0.01659014309650587
0.009994127013890358
0.003623622217706365
-0.002262807728999778
0.005239487244195065
-0.011641515841854685
-0.01626660695108476
-0.014496668562857902
-0.014267126457263865
-0.01366344695513732
-0.013078676673063236
-0.013801857815990292
-0.010993838002166217
-0.00694792646434787
-0.004215085144703985
-0.005744837838473887
-0.012297542354708646
-0.024588024734781333
-0.030092464352530133
0.03323891787983779
0.0784497093548338
-0.04258086338258099
-0.009834494785580064
0.01817623296208615
0.05615330825270076
-0.0011431427669603147
-0.047059829080461975
-0.051857531395161555
-0.020809418245688847
0.04216589133161632
0.04650375782771951
0.03558894881446156
-0.06747781999428852
-0.00665464403856795
0.025854905100832767
0.006599418326833035
-0.03351393858271556
-0.06670748696529404
-0.028107317885871237
0.011026457043066753
0.035905821586467844
0.047104298581088534
0.0491732026733419
0.0440606321000155
0.027947144357382808
0.014664782847264583
0.008934585039205153
0.032175714690688854
-0.024008321381564238
-0.02248956124488831
-0.026393450754984032
-0.009377823069170704
0.0012485982036783794
0.006568917497575704
0.008965647567660263
0.012266470874417396
0.018791972748919084
0.010371066843760345
0.014289975083301194
0.004235968496729581
-6.428591038533403e-05
-0.009468521402244799
-0.005083738490545878
-0.02128543819289672
-0.02812521123833263
-0.020909825561821027
-0.01156299886308863
-0.007336539483757344
-0.010797602227717477
-0.025781113071831754
-0.0401694170378111
-0.014845355594405802
-0.004456516715937787
0.002748438567836547
0.008327933892700262
0.01010586296452586
0.009309969863816155
0.0012529294101728161
-0.015968498626858896
-0.025943033044306247
0.004130528711895509
0.018458328146373795
0.02540696382754745
0.03503665530696681
-0.015501656771523991
-0.02567973267650518
0.005834368545779734
-0.009568336034288732
0.008181931992412593
0.03602625230473569
-0.008349342836159946
-0.02826080225933237
-0.012244526318472476
-0.0555213714108935
-0.028561436288691865
-0.004156309751799541
0.004027426696087959
0.007384132316932525
0.012494686649313072
0.013445648499719406
0.016830769623272335
0.014929255111499458
0.0258164689065086
0.01404283411112344
0.010844182408112418
0.019875662236427612
0.022835611014255533
0.022918645850799915
0.01103671334392135
-0.02166060543034998
-0.0036814785287713203
-0.020524310613733058
0.034779265107453
0.030231277275603433
-0.00979336231732782
-0.007042747414491877
-0.007378557700678279
-0.0017430587647557407
-0.004597010947192898
0.006368571356806192
0.020917579324906503
-0.001961704751143007
0.016227208177306676
-0.012410029943245653
-0.009147353592812513
-0.010182016056598388
-0.012573093118728626
-0.012415641982682486
-0.011396276610343195
-0.011591876271849237
-0.014798465250506132
-0.017467360893801874
-0.02322886911732492
0.03368572718784779
0.003790013945564891
-0.009232330680387809
0.006181919622476883
0.0015114734308709318
0.023508445471203246
0.02284760842230977
0.013647893192959983
-0.003142047858652547
-0.020845576253805405
-0.027915597249983208
-0.00879135391326807
0.012440905408874603
0.02447017880896633
-0.0005112217414117288
0.05339863742197353
0.03363023590903807
0.028016624763905186
0.06337918938903407
-0.056297812005734194
-0.05666748589521314
-0.008516165293539959
-0.04341462279560287
-0.051356507115769674
0.003359363574610266
0.02945073267152089
0.023262600530931436
0.002487216354990538
-0.03467495841165634
-0.02560600845034309
-0.0271804975029002
0.008230946538754589
0.017809821219650683
0.03560681823232247
0.04225243051650788
0.03652705686889913
0.040530450065373515
-0.05945550434123469
-0.01788054179356273
-0.06402508382127779
-0.012019337313559053
0.04498842865869945
0.026863079185567837
0.004330194334840229
-0.003365243932425221
0.005187099331716044
0.0020854040414582504
-0.014197391532594856
-0.01829076419153417
-0.019163882464955147
-0.03500061695326853
-0.013925834433004622
-0.020264678895301484
-0.017356321083515442
-0.016790188631441202
-0.018953900499680067
-0.012452127398078487
-0.007439609183388321
0.0027112372647558978
0.002225181586858912
-0.03326163235111062
0.11988415103890071
-0.03323971503719416
0.00019139608922750126
0.0004132014581214036
-0.010083884396777789
0.019995659610779582
-0.017947465039388544
-0.06931239854296073
0.08750734046417435
-0.04885980033663718
0.021304427795169705
0.036245310300465364
-0.019545696743719053
0.06925392390303807
-0.02096821298995307
-0.02325407715483975
0.03899957127976765
-0.009273245200637142
0.006460604362479131
-0.024071133831880115
-0.026015371734749597
-0.02053116594120195
0.08170851419936109
-0.023572384072273123
-0.08754204792837626
-0.034434859149788666
-0.012733942079038675
0.026722023892051416
0.018329434264134366
0.0832146600948567
0.00845455910400899
0.028982388139074583
0.04031595359175015
-0.004280901754727289
-0.005296904431710491
-0.00247297049122249
0.008838295179794835
0.0774906364017386
0.1246141580303112
-0.018965310245598103
0.017576606599753207
-0.07775184448408397
-0.00485399975720047
0.012877938811311385
0.007571148212479363
-0.0018459431280868478
-0.00031045433981232253
-0.17768957001694866
-0.006179633520578922
-0.021078719705458143
-0.018773546389026903
-0.03480309854830875
0.003947278966512069
0.010228461018928308
0.0046107629431511215
0.03189884081029664
0.007664478485804553
0.01594805069145755
0.004810967315830201
0.015363819810801324
0.0006344726372156585
0.024774280906652523
-0.012581849505315823
0.19851090396328092
-0.012902876411065297
-0.16934540632784173
0.006927905669811041
-0.055523685997052076
0.0006696456032777304
0.010406397153158619
0.01654916397115751
0.021255712181095295
-0.023381062476655567
-0.01730669293921095
0.01608015612126225
-0.008580730700573042
-0.1207950051207284
-0.07807406948047255
0.013355765868190912
0.023749627161511758
0.036422210527190364
0.04881759215037494
0.057239653548125935
0.046202590083824824
-0.05123807635121413
0.015381223842426956
0.029229906990441815
-0.020496251732678758
-0.01059595460147948
0.03928876676123767
-0.030115281836582217
0.029409978325614972
-0.0034027942439513684
-0.03753603821730506
-0.0031840629137355183
0.0465234208184504
0.02414021572015113
0.02080595373572808
0.09987764334150066
-0.06346360437215087
-0.028725152847909916
-0.015323549498909149
-0.08503806550017956
-0.017359737048564108
0.021097861064652234
0.036303125413448684
0.04798026814891351
-0.03126558507524407
-0.002747021917746629
-0.03613209929998152
-0.0673686996636577
-0.04222570451095269
-0.007117790471176066
0.0034619089631405323
0.004059905218261829
0.005280513295242151
0.011509276143258263
0.04190014706884758
0.020199238395654663
0.01846541335496041
-0.0013640196861214502
0.00047320946554426334
-0.004474322342230983
-0.002156001908102091
-0.0021175870369277007
-0.02197416248445415
-0.010533731110081743
0.058365858319237275
-0.013370127230338051
-0.02756851442524077
-0.030081977282259455
0.0011017645551793785
0.0906411157292338
-0.016846883271565024
0.03644309444521442
-0.04147890683731425
-0.04376290345837551
-0.005842668949698206
0.01205351992219752
-0.020335729046357828
-0.025732862265423016
-0.02632487134176836
-0.07604272305789599
0.05679075186676689
0.09041735754504887
0.08124878667124273
0.016589090078502147
0.012842198515626544
0.023031206343682692
0.015710965049964668
-0.014263934429703197
0.0023903776584229923
0.025251793277832963
0.03494035080891857
-0.02098322779674704
0.020411674134339187
0.058681718603313074
0.017564193285816317
-0.007750460149789644
0.0049575590836645955
0.01477888746237014
-0.016928236073471062
-0.02751736065814929
-0.04518685204218703
-0.012426985425915478
0.02886272570780171
-0.05184245670238191
-0.006955986554714248
-0.00015911843911026863
0.02860691346111917
0.0291014234426354
-0.0177400377646563
-0.0032527272747401898
-0.009635458097153904
0.10431489927198534
-0.013040422403883228
0.05290955714620957
0.02215245136389965
-0.0180731601461393
-0.022909520092818485
-0.02640476395591529
-0.015158050824778828
0.03783202720505559
0.020808018889005728
-0.018590123508684706
-0.01949963297277807
-0.015427455695407438
-0.06446382907341892
-0.00016597372580658912
0.03033953744149612
-0.005802206808273483
-0.005843116455304671
-0.0018572317000679877
0.015043341778222445
0.044198175652381294
0.04859124726776452
0.031649630935615174
-0.05314581293083807
0.06561614380209758
-0.05776250383592356
0.030620650517597655
-0.01825262141037478
-0.02024843079316425
-0.05148966605387337
-0.04167083357150772
-0.023182631909914302
-0.02364565793819445
-0.011186829141808097
0.0024213529972842776
0.008507699798354773
-0.0030698795943454186
0.008879414969001935
0.019336249053296953
-0.05032599314555584
0.04042185774974754
-0.010112918022974851
0.005625432861679809
-0.008342383843210281
-0.025006160202007906
-0.04552955998909073
-0.04767650634450978
-0.02214722156602429
-0.05343205597333525
-0.01713824406785844
-0.023742064356150058
-0.019240595586521088
-0.00881213209359787
0.0005816817870905193
0.008721033884217445
0.0026182390411531977
-0.003080981348845661
-0.027751514763587438
-0.012478598108199668
-0.0020226197903160654
0.0037838689927006818
0.01585601111620487
0.0019962720782754624
-0.01985378625220814
0.02658093299550062
0.048721532656313196
-0.0024115870964847093
-0.02935529082668714
0.03033864976203313
-0.07955122907862061
-0.1289148623586992
0.13157507920408257
0.010914984588828119
0.009051850782689138
0.0004136432474038167
0.07812237510216823
-0.09842937528863749
0.030810674423387682
-0.0064644428762158845
-0.0073038166106052065
0.008218172524583612
-0.05870573215868405
-0.013890774506819626
0.020206703463258792
0.03414091787624613
0.05577549336283952
0.09783007815790024
-0.03710348467244852
-0.09416368406033258
0.05970891270177449
0.04388152360757516
0.03626106546861721
-0.01613846875366113
-0.017103298021841944
-0.020200039844692444
-0.02290529229557745
-0.05207536367928022
-0.015914964924343387
-0.030157057637507142
-0.03852523317472648
-0.0192582180379189
-0.013896079335921373
4.519493101325922e-05
0.009987830064486492
0.01950132255587235
0.009166674633301621
0.007072295093765294
0.013425814429232989
0.001413005907050512
0.020719189566018526
0.005864790210154155
0.009001405856797252
0.007263682441198757
0.007717722312355825
0.006603835105673675
0.002730611217488081
0.003812567037439577
0.004856242803645374
0.00431270351225069
0.0015566458366319555
0.003411809889356786
0.0029362558497516796
-0.05259829079014574
-0.00263514022364853
0.005553252217538868
0.0029758386039366704
0.00411483619474814
0.008124295394783635
0.008569981174059079
0.0067971915995118015
0.005073439628362522
0.004429148282330724
0.005192692415507804
0.002201909600196252
-0.003992116392504559
-0.006149952581781971
-0.009638885106071924
-0.014871987548227938
-0.017465854374978617
-0.017911899765347614
-0.014587576525237022
-0.009101351029909893
-0.00381006252577045
-0.00161609902373925
-0.00417045742623043
-0.010427346830983897
-0.014013448244492738
-0.013976150605818595
-0.012110238288447355
-0.01056966503681656
-0.006421878844968439
0.0008036453263869055
0.007409474446195796
0.00836002902871574
0.006751218512836322
0.012563708286103405
0.021246915088908937
0.024271272001888635
0.02371096306923642
0.01733190878929903
0.010716854339413483
0.01036904379652437
0.008641055315503188
0.0014953967127698175
-0.006706116497769754
-0.012113151518057683
-0.014829226923124984
-0.01625027509863444
-0.015850116562807125
-0.012621069480109704
-0.008894860732614406
-0.025748369807502575
-0.002580628021898688
-0.005815633637159714
-0.009894922071471338
-0.014066824052043844
-0.016681881723077694
-0.01696274001398773
-0.01498342955584085
-0.012808695546796249
-0.008995468849790257
-0.0046163366209078125
0.0035127967340296187
0.00236299153634218
0.0037920959580388905
0.007373604831324717
0.008675932608053797
0.009475178486168363
0.010533542769027892
0.008098532195883135
0.007668474969749901
-0.017788059132285653
0.0074210875407375206
0.0017608920732419093
0.006191882500965399
0.02052206347872397
0.0037223280909166935
-0.000696027713586532
-0.004268632898930103
-0.01745676524961875
-0.06570343450819414
-0.018361271393112194
-0.008823186975268297
-0.008666022758211739
-0.012039928899835286
-0.011813745042325904
-0.011961609912306324
-0.012730803973316303
-0.012771061833367433
-0.004016367280993333
-0.009557921603827292
0.005890153572956323
-0.010608722289454338
-0.026204656509078602
-0.03235677352157623
-0.04405962124188482
-0.03406394991372509
-0.01554355171081478
0.015529996023920767
0.010097725211404385
0.023832024201494367
0.019609450024376755
0.00868124202851736
0.022849315736191242
-0.005518833432965103
-0.016857999437548694
-0.023785482575269596
-0.018704262050026087
-0.0034696822657492325
-0.007624977440720703
-0.0028814065864840085
0.0021149553421878253
-0.0074540386607731225
0.005815343608413519
0.003351503465349276
0.004422189940853796
0.0027432277235324575
0.0018101036678705956
0.004784760305489254
0.04428537933547413
0.0024192546364040658
0.00017464370869696156
-0.01748759153956396
0.004934024635468923
0.006481405310127135
0.0006509651828560423
0.00934563379171906
0.008873427127517534
-0.0052334362052956504
0.004167854381355698
0.003834106400892426
-0.009168718312633542
-0.005061314405124424
0.021662463664676453
0.014556594671745943
-0.048686585526441895
-0.0663505319219812
0.010279036398092516
-0.05486354187033528
-0.013866392316433574
0.030222505788421686
0.041515496095747825
0.042248169424205034
0.03610534077682966
0.028519604796660547
0.022528480584155013
-0.013379436436666574
0.0008123253231153408
0.007872422285465697
0.008749399692092529
-0.013867754544907336
0.00617857912258437
-0.026663855430733158
-0.000540481826430612
0.011470973395718261
0.001536456982320012
0.0021136574184173916
-0.005688478659351288
0.007845731912082479
-0.0024271417240102396
-0.0024843398173139066
-0.0007510836438991091
-0.0003650833885489526
0.0006874218663172241
-0.012094478767141422
-0.00031759935058577363
-0.0007445637999508065
-0.0007228375443524909
-0.0009041368157757692
-0.001426466557882519
-0.0020289532215986626
0.0003186073963212271
0.013727813344328904
0.004788567899853963
0.004752576414138039
-0.0145855236937009
5.655670777433024e-05
0.0004215526936514336
0.001726669361517554
0.0009170411612984909
0.00946725848910464
-0.0005757601691702366
0.007167760665493023
0.01769476046201519
0.005254614421063734
0.008349336996990461
0.010928668805805218
0.011977823592004864
0.008608089903715354
0.014920339306288824
0.013176346117333836
0.01200579809155801
0.007390237469818356
-0.0032476249232533585
-0.0228471613761683
-0.004164950398101385
-0.01060051501354142
-0.014414300137289957
-0.002101207480778635
0.020149052833732403
0.0013742799551188208
0.012932612941274048
0.012678758954156813
0.0006560815231713891
0.014868713490857674
0.010257504320874182
0.008849921130093964
0.0033087087810422986
0.0073712908118932635
0.006635153242416094
-0.019563520554918414
0.014148773478378274
0.003980030707865252
0.0018564576550738324
-0.0011232194725975908
-0.010075634848941958
-0.006275723745234064
-0.008138718250294165
-0.007598382745619723
-0.004261899831926749
-0.0011651895080221964
0.001602601449089367
-0.002114923080270535
-0.009738440761091852
-0.013953204554814932
-0.012649439784997612
-0.009898671448682136
-0.00457347993857005
0.0033067775511862935
0.0042093330987684535
-0.004909020044551662
-0.007598650841726544
-0.002718150573068264
-0.0023235374640479794
-0.001908713781338104
0.005382290284580368
0.006380269944385249
-0.002165592249613707
-0.009817112766350743
-0.013144906094826728
-0.013884480661798837
-0.010811998091378802
-0.003787863528616415
0.0028033182149864782
0.005151397260850723
0.00358148741197176
0.0008683117140786088
0.0030721905474600355
0.005763045443710513
0.00841916232834786
0.006887017463074401
-0.002395141737934154
-0.006716172590293348
0.01384218106597494
0.014676500487351448
0.032370583564986004
-0.01089132001808224
-0.013903456945480347
0.0014166304819514001
0.01025465576308067
0.005045290680138873
0.02000926301786175
0.021177597011570588
0.02324636093574548
0.021432007748552202
0.01755960754639968
0.013133922754143022
0.011029952563888753
0.008610772026476605
0.0060956971056551155
0.0070006418458630724
0.009768252908977381
0.007397474192809341
-0.016605102224632295
0.012094480892134343
0.007287909456626862
0.00696034493888388
0.0074404443063950595
0.008554499933031545
0.0001294220077508195
0.007453852233769073
0.005816292477232035
0.0027956315609531245
0.003687141327355765
0.0008948766777126774
0.0015725782335957365
0.008673821705673813
0.02191667457015252
0.011938688728472346
0.009113378243879143
0.004565184797804989
-0.008965248763314532
0.0020484411247204803
-0.004036475262871283
0.08889999701940207
-0.0026352238950095113
-0.005237277077021624
-0.0054555595096517275
-0.007016573673945689
-0.006051079512045289
-0.021373656765476715
-0.0074118766047813756
-0.008018564384131899
-0.010219457067103501
-0.009676147900964181
-0.007795878798477115
-0.03104526431130003
-0.008759958016920756
0.0015013051614593893
-0.038943926186637584
-0.0380566481548492
-0.06702457181924443
-0.05982144853014534
0.01683246937766327
0.032481136936012525
0.03759707673118971
-0.051888303954359886
-0.04039664842055768
-0.05837460721518784
-0.007523017615433675
-0.04327793533816362
0.05633948564682965
0.09430253080316353
0.08716058935639032
0.0356569825822383
-0.005508466026591886
-0.011813881316311198
-0.015975006288634585
-0.018150123692403923
-0.0010881270707810869
-0.018239878493851485
-0.009796233389699935
-0.0038666254441128054
-0.0020071052982093014
0.0026899568087242367
0.009311154796755079
0.01605464965818953
0.026409087973064987
-0.08242664594988712
0.005209839866658189
0.009492534608629333
-0.01722243075853905
0.017625546873757173
0.08542369788313678
0.02760185349432021
0.02155749244502237
0.009306494633682445
0.014235324351485933
0.01210842209847847
0.013083979885859052
0.009601694389527881
0.00868341296713775
0.007889528661631479
0.006870024355573175
0.006007978667256065
0.0033860871228231517
0.0007755746022033496
-0.0025877577259646894
-0.006474902429575513
-0.007899536339481367
-0.005436304561704971
-0.002763764766986129
0.005203829929921105
0.008119580201049418
0.005038826048692079
-0.005900957817370982
-0.010078488074195353
-0.01959813033518421
0.012797462449362144
-0.0017428177277789517
-0.011167744470871727
-0.02127722532975087
-0.039206024758014914
-0.06206226146679982
-0.06715805784226693
0.012200982009685224
0.004435276455038199
-0.001448967176558588
-0.00824205845720939
-0.009517866168917533
-0.013141302327137203
-0.02218997076924895
-0.019628600903305395
-0.018470299997465738
-0.0059232469089098684
0.022051071988980302
0.03812582334822796
0.04328894794504398
0.018359505548274497
0.010041472686370689
0.01459348763196917
0.01649737125742307
-0.015443440174363764
-0.028374836427070733
-0.016045997495378134
0.01892504684645561
0.0354499465847066
0.024865906301587543
-0.005790541429918931
-0.03369174814366593
-0.01990593202075163
0.0067366656329118394
0.02353627501537176
0.018758496025209827
0.017358424166579543
0.0010759507018434941
0.012986430755930733
0.007234417873008247
-0.003925197165506878
-0.004311755436122093
-0.004646319160434141
-0.001452857711333107
0.008797585455737417
0.06339277170535554
0.016699642471148527
0.001123959289488148
-0.0028724237278563327
-0.002755458963300159
-0.003441418462598676
-0.0045363934805585406
-0.007397011514758989
-0.0052604381664901065
-0.004560311108265831
-0.0046163597467294756
-0.003665763844475132
-0.006395887041072155
-0.0024487784132392392
-0.000773816416499327
0.007184175705401457
0.015029351162875819
0.01030056791193662
-0.007623146677010032
0.000201210307701204
-0.001921504108068778
-0.0014733525966541374
0.0013796211695837385
-0.043342465104790166
-0.0012858487045076508
0.006239843288604459
0.004679467135012981
0.00020607744879456186
0.0009978025278782295
-0.0007052906072978062
-0.0011101616562376108
-0.0011626572655520169
-0.00033043535433901214
0.00245723944461991
0.004442940706922884
0.010329229463531537
0.013858550899211038
0.031030564983352847
0.020797065353283815
0.01626168047841856
0.004603684634638177
0.005005050359239108
0.002860662060931111
0.002853990419969034
0.004000146145777174
0.0039104297414229066
-0.0006739544250766739
-0.008200666580914178
-0.01068992753010961
-0.009250907136756673
-0.00561267615336809
0.0007358481161755593
0.003119362877064524
-0.009223599921121543
-0.021413139402838028
-0.023086966130450626
-0.020353055105576397
-0.006814278735531288
0.003698266044916091
0.0002231396838577722
-0.005449858536310656
-0.007778396282457999
-0.008741025827398297
-0.006646008025558454
-6.021834409800398e-05
0.004676910487766118
0.0039833732506165415
0.0016955127056284597
-0.0007944422547279024
-0.0008307984637413777
-0.0020866298496995577
0.0011571145884106957
0.0032248111014415415
0.0031479249870731414
0.006200487822112925
0.007028728821452449
-0.003336867950767774
0.0023008157628742892
0.0052733464241334245
0.003515907310692078
0.0022553531025674973
-0.05539822432538729
0.0024129560040042556
0.006948393332002904
0.006472339516613545
-0.029848916108014135
0.006711077461369444
-0.0476061944064414
0.002957908121314272
-0.004779481153246964
-0.008282177884656015
-0.06099824804219544
-0.0019157033212536087
-0.013004697449491495
-0.037193015733829396
0.017357226627543604
0.0452797040102408
0.03027446427446839
0.015613598083866928
0.004831673580306258
0.006297160387653134
0.006094593460358373
0.004660546484216749
0.0006100493355253
0.007767721303083398
0.0024232246863139227
0.003614517976602784
0.0023745354392827257
0.0027890092117100478
0.0014790996194171885
-0.03208938138638404
0.004245162685117872
-0.006548952209293845
0.0010620635074459722
-0.00021884125863145696
0.0035047868381786816
0.003511819718346983
-0.009447270761886324
0.0038799286758506033
0.0038310938223852405
0.004038861102343639
0.00452613626957333
0.004755350008054806
0.005142260697781728
0.0034860656206466265
0.006037010172752438
0.02006454100967681
-0.01019956513341744
-0.03765686194365499
-0.019262698876490517
0.0028276064124817084
0.0047674099538605645
0.00365117101426769
0.002912071325567475
0.0028502397346180756
0.0031596317134886076
0.002277786835447105
-0.002209887428400516
0.004386383039648132
0.005289448826497097
0.004565433469622665
0.0028074495706258253
0.0006746416798243484
-0.0021666211545975198
-0.005137030745445694
-0.007862592090524739
-0.009605980360895805
-0.010950670443685542
-0.011162776199562761
-0.011159635082179572
-0.010922364079093872
-0.010279552710829015
-0.008814392141998736
-0.006084860402097498
-0.0020604891919016734
0.002542384872836224
0.006547648093208996
0.008652725259429886
0.009210134403733949
0.010803162087349516
0.015480011653983045
0.01934100230061212
0.015272803003368734
0.00762308250130943
0.005581432674483848
0.005668195730616159
0.007984644407316848
0.015277562266574077
0.018668512745525747
0.014772429171058483
0.009798999856439146
0.006869549469364856
0.005229681495562743
0.003872401585031764
0.002475104393229025
0.0008841109729441868
-0.0016894024409530785
-0.004798103699615191
-0.004226316336535355
0.0003060031758276965
0.00021198559768311154
-0.0021103479385690075
-0.010378816265449769
-0.02611111382652414
-0.03466783797970365
-0.03459778743432026
-0.027977846828464256
-0.03304981113018773
-0.021064334007680877
0.06383481355189217
0.06069491169795982
0.04113050409193238
0.026370829160518555
0.016458673104240644
0.00960296818945215
0.005245829837077177
0.002182027946956723
4.1407681386597744e-05
-0.00151897304699323
-0.002707418792562365
-0.0036661798483225397
-0.004401381092563705
-0.004077795818023152
-0.0016762403506238627
-0.0007937661957525286
-0.004627316052312313
-0.007716679727904233
-0.009062732205468502
-0.009806728166847436
-0.010290413096033737
-0.010604261876830093
-0.010619865934657498
-0.00992957809155148
-0.007895445509253543
-0.004471947210336829
0.0005915546761911098
0.0058929461228607
0.006857988883319232
-0.0007174180762441788
-0.010646035132761253
-0.012868128046043623
-0.007067559733322195
0.0029354647913467377
0.010029842949298116
0.013813979364104072
0.016511556945925557
0.020112453086113972
0.01835662729857794
0.009613030993376974
0.004346370968990676
0.00477293451307643
0.004878493067734446
0.010583981465515913
0.01917133167399067
0.01930496047984571
0.014233926592248761
0.01079414022828425
0.009297116987807117
0.007508702149959513
0.004479257388905156
0.0006929248163777707
-0.0029614694796499443
-0.004218284301279831
-0.0017459373361722096
0.006475759578501326
0.025480150793611524
0.056919342979260636
0.06465470170628267
0.054409176551718105
0.025048979828691868
0.008783385142976715
0.0013697396644555754
-0.0019040158207934313
-0.003321357143376337
-0.00394892849385577
-0.004639026597081211
-0.007074334096967883
-0.005145587226977797
-0.005588320511639039
-0.005391676150822918
-0.006371973190394582
-0.007733430866775587
-0.01035497905437494
-0.011951033875362836
-0.013128191247458142
-0.013600760081147294
-0.013774100845569482
-0.014618669977985329
-0.013406684655210305
-0.007215635087454648
0.004493391408089976
0.015052613024234229
0.014206846454793167
0.010662715235039538
0.014378632254549096
0.01621821092378057
0.016005527452558805
0.015388388829306177
0.0175787917227592
0.010468656417352076
-0.00167746331889159
-0.010280993885665989
-0.013875324151125253
-0.014469528603320346
-0.013719883053542535
-0.012903139019133291
-0.011931944440972064
-0.010416157936766085
-0.008076367058810112
-0.004561429899910271
0.0006291112671455317
0.0057283123095145765
0.0056737309629328585
-0.00015740932395449448
-0.0006437032173073455
0.005810936444702791
0.008561582237769125
0.005726338400066346
0.0005874767064346085
0.003332811464973842
0.007265804405306642
0.004028796355297508
-0.002230854680043902
-0.006370534932765124
-0.007944646631816175
-0.008480176271143983
-0.008204952288985493
-0.006379296082141108
-0.003049202543052078
0.0008244919142338236
0.004007012610594314
0.005575689977837815
0.003785984180627743
0.00252963879592081
0.00405154269088136
0.0030750983700974775
0.0013229020408496613
0.0016434525452193064
0.00198735277171227
0.0020284885363880253
-0.0012848584154047903
0.0033240455440043146
0.0042368851175962835
0.019802817389434315
0.005421951085716736
0.0047966476248861275
0.004814954579982593
0.0019032849835374282
0.0038086843197620286
0.003983899685667661
0.0038022645885986773
0.003062857179167734
-0.007489896077400198
-0.0003578686646300302
0.00011216351440566275
-0.0020918588457212563
0.0011157769987990606
-0.005881835655647658
0.001487463803184304
0.002108940354487281
0.001986580335916426
0.004018254027207388
0.008169301565304592
0.0077170821856954955
-0.008094975505754852
-0.017892232362380887
-0.011048980409509334
0.011076635987096321
0.05483170567861587
-0.020632985370072535
0.003800511596222647
-0.008124859912139746
-0.006002118853073545
-0.0011511218767478002
-0.01069130741525703
-0.003513961101107528
-0.0036011117188297676
-0.009474047546215742
-0.022661656089741716
-0.02159083706571061
-0.0003064258834880342
0.012159557100794253
-0.007025287722316463
-0.013476809775335653
-0.015053563514050445
-0.010201894378469184
0.005041529493526101
0.009875683108006275
0.007854084368206983
0.006007097695991834
0.004911975711918345
0.005128579862064311
0.006114655472106523
-0.019900314604895143
0.0075102945438710565
0.022328162761473414
0.015533042476292572
0.0044351877654101
0.0015719202813821156
0.0003304291786489994
-0.0006024705323611808
-0.0011817078506922327
-0.0018650814379154296
-0.0010685410147340587
-0.004066812100644478
-0.0010112092672237818
0.004471213040615033
-0.016582134071269114
0.006464133965348549
0.0139228825698205
0.007350328164815492
-0.010135657536703046
0.004109552167081536
0.002550201144106874
-0.0008295932060730689
-0.0006132853795221342
-0.000685950691983319
0.0014598455797985121
-0.010524887724448855
-0.00022825175497443318
0.0026596103543031044
0.003696812750536808
0.0044891283637180125
0.004628386493225187
0.0054456685901279386
0.005773286100594943
0.005486533332548241
-0.0009223149095143164
0.0011863927623067642
0.0057074420121584766
0.003432277524917394
0.016692369990321126
-0.020451658364180707
0.014025560705481601
0.010707707854555458
0.004584497550684091
0.006074528211102475
0.005296136367976146
0.0036603520935091795
-0.0008921871289615689
-0.012265011973383606
-0.02564246723239785
-0.004432896659538003
-0.0007631480887027522
-0.0028747782473316883
0.005183735777692907
0.003958448149483137
0.002988861119886503
-0.001581012848200996
0.0022088966400000865
-0.012157258164045134
0.001100832078224921
-0.0019684805279961094
0.0005305135916487886
-0.0004754056945683201
3.432192663318367e-05
-0.015439625973199965
-0.000546154612904051
-8.701126712358822e-05
-0.0004999728211725481
-0.0017831006576441697
-0.0008319222474753335
-0.0003923049405299086
0.000827332245363358
-0.0011347553071654587
0.0004340634005223636
0.001058061467977433
0.0018053979405816985
0.0004818639434899555
-0.007825903914372809
0.0011618115767099155
-0.00030337898150903196
-0.004712936173151923
-0.0025627338457528135
0.0007594264304780393
0.0018144816800200164
0.0025808426849653647
0.0009299137250850816
-0.004770938748197047
0.0031282728871245215
0.0035646343316834378
-0.0006954206025236906
-0.005960768443140934
-0.009615521264065605
-0.014136410752482597
-0.017449788090183355
-0.015790285214976354
-0.015046566518416366
-0.012481607489397408
-0.0066942593546476465
0.0012422104322647206
0.0071042448970558315
-0.002659996965286965
-0.059730631936984926
-0.059541778534110246
-0.01317169703005478
0.008568509127368932
0.010609233459943015
0.0119283873580913
0.020237506433816818
0.024772298900060757
0.021115036591642555
0.01929315915920273
0.01779660000451287
0.010874060201300552
-0.0002141513861052001
-0.01035297681583022
-0.016505309045572177
-0.018715921734562734
-0.018432864166294603
-0.016549814501580145
-0.013232752586358554
-0.008538905908074549
-0.0031096882936429903
0.0020523857233606386
0.005939469036656774
0.008026296296867984
0.007314745669068475
0.0059166344162628354
-0.010627181392352242
0.002328345901574966
0.00287764362572039
0.0018513325075574685
0.0016972411212466522
0.002104766838265048
0.0016533658323362197
-0.005134292409765264
-0.014173562736125078
-0.03819984387652479
-0.009611532578046453
-0.0023677907219972543
0.006169966825613943
-0.0030602239694220105
0.000612018732993785
0.0017660222238894
0.0014828946539637432
0.001955209584117689
0.0018432843737947757
0.001321444452784308
0.0024561523131976038
0.002601674966098839
0.002948892290212772
0.00387159843022759
0.004192691042469177
0.036975613556593165
0.00789835547237902
0.008024610859176353
0.008858405852864206
0.007843221315268387
0.008444353584483028
0.0027777589151273606
-0.008770034915827203
-0.005088500545698457
0.01593788317330355
-0.013019285280834174
0.02167186625376809
-0.005645794153239605
-0.001491948525898344
0.007222360670522028
0.01101684445644121
0.009276445345780489
0.009840597742048438
0.008735773703790299
0.007241553918211282
0.005811355215036001
0.003974395205240126
0.0037554154366057613
0.0035631851278072396
0.00477772017030622
0.021376276372124494
0.0035470620957660176
0.0006233818891164055
-0.00018872388463145217
-0.0077391579733302445
-0.0016154380031559502
0.0019012956816901168
-0.004118374479751689
-0.009793630591706631
-0.04113187358036708
-0.030745777455078234
-0.03929632101663631
-0.012230060492448475
-0.0026124275899677726
-0.0029470219899601245
-0.0008763346158168392
-0.0052095780110060505
-0.00396601386671787
-0.003995050277720072
-0.004026694244559611
-0.004221569429323823
-0.00429971030501817
-0.004463186592459767
-0.01824417353371015
-0.007962591403497985
-0.0003236611792086918
-0.012143990908789773
-0.007424572775295499
-0.005147744547094901
-0.006919792311012241
-0.0036698494417730823
-0.025652956355141542
-0.002800414233440634
-0.0015693619603031534
-0.002902148092768514
-0.013479482496695241
-0.0007920906679869999
-0.0028089380185488443
-0.002541218134042645
-0.006146929781577484
-0.01470945078569739
-0.02365919664427468
-0.015618884870199209
-0.00156273302046785
-0.004004890282738006
-0.010152816585509492
-0.0025934493906180247
-6.684584182278662e-05
0.0007628857576382737
0.001864167057442565
0.04192545909327135
0.0022443716328806556
0.0021862404229986087
0.003106227583137499
0.004279221223266046
0.007764347022860114
0.010581306721193647
0.01148096740642656
0.010052829937998138
0.01055645675606713
-3.7254876748158204e-05
0.010918279369208648
0.010762005468396174
0.011659786932627966
0.010443552334259925
0.008513084986345693
0.006611934734920069
0.009465944374305924
0.005059583424977003
0.004896552561385677
0.004841159855455917
0.004878953791270311
0.004718541769029042
0.005487488045943634
0.00605683480221518
0.0226649841272778
0.0028923807626565685
0.005901148600678585
0.00641470066274379
0.00607771916421847
0.006696179230203701
0.006676752897976777
0.007734272925136597
0.006941742593327816
0.006799795195232559
0.03789745280050613
0.006434117332687036
0.006462565372539722
0.006573218545675088
0.0069775978924262955
0.007804291660390599
0.007364834179857309
-0.002894217884064981
0.0046410979885653115
0.007463959952745059
0.005711569656643589
0.0033443987666242495
0.001500800324687866
-0.0016096670996707625
-0.015343037674113534
-0.02027221049442099
0.004971757716552665
0.0077384017357573715
0.008091357225079046
0.0075032205488120484
0.006251835415435614
0.004414602794089553
0.0024475706836556772
0.0007255064395292175
-0.000560999021053601
-0.001852685073227477
-0.0019406776110681802
-0.0023590202786812698
-0.0015083409788701964
0.0019174807008560022
0.0066071119676993605
0.007496489140652135
0.002346634751281997
0.0007090661710101238
0.0067210708667633816
0.009028017716111246
0.009653209837461537
0.006363457756267807
0.0022047807711263836
0.005000237640903058
0.007288118774173115
0.004607159669404141
0.0003508794736937526
-0.001949284970365083
-0.0020044390095299864
-0.0010119034115083096
0.00011770335233761105
0.0011050505806812405
0.0019502237074895496
0.002701453615336072
0.002883021086223981
0.003804519453039392
0.004472452239490323
0.004929983171202563
0.005320694134337764
0.005667070131756771
0.006027350129308963
0.0066359401274637235
0.0070144827913865525
0.007543829655237801
0.007288105025335264
0.007172768830901029
0.007276197342505744
0.007540062413166392
0.008194030134257553
0.010101129586437095
0.013397218865257953
0.013198178979703367
0.009350028820149982
0.006942121936431543
0.005804707297109147
0.005022305493843723
0.004274739753326997
0.0034967400240471544
0.0027423883665977475
0.002041632291164065
0.0014714686650959816
0.0010043301799070247
0.000589197184282481
-3.3771740555932955e-05
-0.0009498784453802703
-0.002123851166592134
-0.003757623693963556
-0.005674835275641813
-0.007653437277766661
-0.009009919948281719
-0.00942048028476864
-0.008393403466804696
-0.006148103729102931
-0.0036979614882837425
-0.0034788341143977097
-0.007063014458286875
-0.00921023028305825
-0.005050110220251839
-0.0009952910091022347
-0.00317729432889231
-0.008001863262876331
-0.010726496095131925
-0.011366811208029362
-0.009236202170133784
-0.002230226076023682
0.006947143777523402
0.01032133147568617
0.009169971911148465
0.010648820589152043
0.006955003630374656
-0.003719179312634489
-0.011648468441691496
-0.012247661972592737
-0.009205430094905586
-0.006932078771546996
-0.007076835295913443
-0.008831077343128865
-0.010812707097966062
-0.01203187164472348
-0.012144820410469662
-0.01136555744602902
-0.010094475806620457
-0.008563184888209448
-0.007028552862532086
-0.005664547167677332
-0.0045377995501069725
-0.0036333740362010656
-0.002927049256711563
-0.0024175609953670466
-0.002072649869690208
-0.001793702623637636
-0.0015755675856012244
-0.0014872394831278671
-0.001497965238699503
-0.0016083296541721142
-0.0018647624568595201
-0.002202327527830546
-0.0027355275368510013
-0.0034545944588039524
-0.004327056694266277
-0.0054721724496546754
-0.006879622271532342
-0.008316040342058694
-0.009381903100744111
-0.009525069019360958
-0.008326822408283106
-0.005992696164303429
-0.003961905839902479
-0.004600576198374963
-0.008506717148969173
-0.010831488712356422
-0.005508315982968283
0.005498525089987758
0.010835277368345966
0.010895209316945985
0.009369881837184044
3.247210072478748e-05
-0.00930557328970715
-0.009975177521689398
-0.005982119025414585
-0.0038571539524358896
-0.005207656458819
-0.007967069601028961
-0.009901977740810577
-0.009971333175211688
-0.008475707202809844
-0.0063893464249900715
-0.00430468345811985
-0.0025236064064046732
-0.0011909266070656264
-0.00027976334894674876
0.0004052125837884794
0.0010014459277569296
0.0016318218218996676
0.002342593574538991
0.003129122692125241
0.004024925464479327
0.004919330331760059
0.005767660934943818
0.006583319669115412
0.007344004313337411
0.008097405957730924
0.00890852730098959
0.009959392740889552
0.011669401371345752
0.01500503508503799
0.022522601967317982
0.04024448952509171
0.05899452822950883
0.05126676434125337
0.02593745974048013
0.011441201409593043
0.0040752250881773274
-0.0009885991895835025
-0.004367217648006694
-0.004149141627481269
0.0038444892795177596
0.014475868221575228
0.00160417552868025
-0.018166866862925624
-0.0021798701879384126
0.014565168532993973
0.006315923228857725
0.002259928173732771
-0.003885123302186466
-0.008865666923974993
-0.007647428660989042
-0.005173464174806117
-0.00302669599711011
-0.0018897554824459464
-0.00013717543719959205
0.0007713950404609164
0.0011040524757438747
-0.0008446427732920325
0.0002928652091117419
0.001452311309052552
-0.0022447356497998145
0.00111086439232324
0.0005837175351962029
-0.0004095432274109034
-0.001990542561174017
-0.0038811661698888514
-0.006338525215091764
-0.009226148907430651
-0.012209016219979284
-0.01472210492933103
-0.015266118100340202
-0.010599498758239607
0.0023473024578795766
0.016409372530001333
0.011684557136533446
-0.006351699442906692
-0.0059795012023822385
0.0059154254572800205
0.002911838179387122
0.0055438043937961765
0.021578521077889268
0.02178268685357388
0.004571728073718254
-0.00977924900413341
-0.013621916076749584
-0.010474754903087432
-0.0044854166516155244
0.0022480068900402475
0.008191228668603305
0.011655557643900654
0.014495728678563236
0.014214149133595635
-0.0005261356337547731
-0.08397058886433235
-0.07094657163468339
-0.017657377697179517
-0.006190281124588663
-0.01255786748477138
-0.005908737347873091
-0.008324630054389943
-0.006780872001856553
-0.003659822936457184
-0.0037551080671176912
-0.003166719384110161
-0.0032848085233558827
-0.003318128076214104
-0.0035008092808459026
-0.0054280738934254285
-0.013400996036159678
-0.004643980772492662
-0.0028557995565978577
-0.002398394180391399
-0.0021971727776639747
-0.002362407803657708
-0.004891441011403762
-0.011026970455191416
-0.0016974688407020947
-0.000600720491768221
0.00013917337640173284
0.000854005440310979
0.0004554636935645837
-0.0037327944271174428
0.00041610222430208787
0.0012864572921805187
0.002197829301668807
0.004488025036194278
0.006408616654831555
0.007087343180882693
0.007268241433807039
0.006494320515263893
0.006352917410988787
0.001979079495927571
0.004029529000169478
-0.0013049370218764316
0.0008427161122795369
-0.0009483174394168515
-0.0027896592890556252
-0.004615883152889429
-0.006136331274715308
-0.006751583991884498
-0.005221244059254146
-0.0005248976448813315
0.006393508299012781
0.011675508702217965
0.011402369313330846
0.007854584269506523
0.008197395014405662
0.006802352791952391
-0.0046889968164582066
-0.018078411382762154
-0.048548178395359805
-0.10998572267669258
-0.06118576455826027
-0.014367397897111164
0.004679793590330083
0.008326012051816854
0.004242488049776986
-0.0007430442316669151
-0.003974178497800231
-0.004767261862727954
-0.0035619890786316487
0.0005863638235423137
0.0041806940280313416
4.317067719107186e-05
-0.0010752176059127666
5.215885205048182e-05
0.009357878829771297
0.0028509497654437225
0.003675646462997239
0.005072570222552968
0.005869254028806467
0.006121838863261158
0.00579731270153333
0.003110058643975839
0.003375242481540608
0.0023540515351246753
0.004508414409077857
0.006141631328488909
0.005399420234961972
0.007015414932919403
0.006178735606239181
0.007268831906000403
0.007051786330677925
0.0037392406691631303
0.006702653490787207
0.006768188117135205
0.006953254069161157
0.0069180606754316865
0.005968672862034478
0.004458534835591087
0.0030715000513320675
0.002402688622126956
0.0028797737460875225
0.0037554523250821
0.0029358960217893597
-0.0009807677996472328
-0.004556718196030872
-0.0014915591669201606
0.003530140934372194
0.0005237843621290102
-0.003366714947468549
-0.0031213642258597213
0.0012525105662335848
0.00028945134876430225
-0.005191856025553124
-0.004587719554806208
3.3137358401377855e-05
0.0027716115896815764
0.0029113331456204366
0.0026084511663333064
0.003225502999059037
0.004779056539419833
0.006606431824416486
0.008048554457313166
0.008755344161572327
0.008666514612808733
0.008914109861843617
0.009808988647132285
0.010395474875399484
0.010805506384075524
0.010931397520843251
0.010544601493713526
0.008885133595313222
0.0043170002804927225
0.001324058435194636
-0.01581368497376294
-0.0003711302648400697
0.004604028110616188
0.004757652487427452
0.0037712641153810674
0.0017088985813041974
-0.006983131367975278
-0.0023241171866834258
-0.004275558887004723
0.0018339231367439906
0.002788647612872042
0.0023445313026462843
0.0004455326159589095
0.002216605050044665
0.002362511180896584
-2.3294117582302253e-05
-0.0036224174902040472
0.0014005129797007014
0.0010280676045864208
0.001144436957007528
-0.0006846924050891499
-0.007582312418766549
-0.009948186600546655
-0.0018153734880468743
0.003349630079371236
0.005645107441480385
0.0036245824754631974
0.0022768893661696183
-0.001672818717380124
-0.0011048300926387077
-0.004032944725793108
-0.004614082612196261
-0.0029983924878269628
-0.0068271435840911035
-0.0018317673666409975
-0.0014926981963930203
-0.0015256634117073909
-0.0023013134345249773
-0.0039360958320420365
-0.0019559782236087623
-0.0022114101349990497
-0.013650309586506593
-0.009916901245119696
-0.007126706465576913
-0.0019855410524743473
-0.002053234031823676
-0.0025729702204004648
5.724366143025149e-05
-0.003478036507283328
-0.004822599702796631
-0.007874311511764159
-0.006747832323551537
-0.004454639893806744
-0.004030834002042076
-0.003913561171637345
-0.004297075754893005
-0.0044686483385659795
