-2.8861962407361943e-11
0.002505534512309486
-0.0006186857380434182
-0.007417607294865221
-0.016607704398707793
-0.027321835725274125
-0.03890300810630316
-0.050937745255658654
-0.062479624996132826
-0.07299749660413436
-0.08182705231566752
-0.08938904300431955
-0.09495828497220589
-0.09774910350906711
-0.09731899783377249
-0.09308952512667472
-0.08415758029490499
-0.06962434674477883
-0.0493300854456683
-0.026736898252322824
-0.013919422344546352
-0.01282755262709078
0.04353135061308891
-0.017135510338573773
-0.010453884721237849
0.02864459982243593
0.03957300544111499
0.035625655847337324
0.02781234142766466
0.021574089744082214
0.01684038819115814
0.013298652147048865
0.011840450995437677
0.011636674785211973
0.012331622986966995
0.013677451683112548
0.017003633330578943
0.017445499965994607
0.019590734703760607
0.0216633007449529
0.023747699809404377
0.025807113127285185
0.02781386322383654
0.029717181218729682
0.031358289754890536
0.03262346289832285
0.03354840565507828
0.03389189952591847
0.03337185033836704
0.03250620106481624
0.035415257454053585
0.04885490319583639
0.07489416188927454
0.021508184235835823
-0.02981318636010271
0.010583136854127853
-0.006746050882361848
0.014978435666388182
0.004125635304692088
-0.00405799310533931
-0.007317789602705095
-0.0037634075824233195
0.01040791534268766
0.023513823822459666
-0.006701234383850525
0.007623438123341141
-0.037598738524852245
-0.012717361891869911
-0.024171745859759713
-0.03779722034344341
-0.03632995668719981
-0.031891711609403725
-0.02836279890753567
-0.02614943033437792
-0.02483622559781463
-0.024065300911845357
-0.02348401463896966
-0.024401011851367935
-0.027684122925802333
-0.030505128791202086
-0.03783688270116504
-0.038561643047865614
-0.03507761913340624
-0.028601895275729875
-0.024140444856962012
-0.021555529753978984
-0.02020184019822395
-0.01973898115800811
-0.018692347901968977
-0.016945685425417585
-0.014032988140307378
-0.012066160848179916
-0.010178324018997204
-0.007867138040831258
-0.0008259154967028599
-0.004288718506333509
-0.0023006462560350056
-0.0012810678248540914
0.00011544792317519957
0.001866799994375838
0.004198325176246217
0.007594160321698392
0.009794217098620167
0.009926983750364573
0.011062784363108848
0.011549224429461125
0.012593605678746811
0.01386421471951162
0.015441921639133965
0.01734842717781735
0.01979190213410249
0.019537990081240714
0.01558993218012907
0.009829538429692189
0.0006133880058168395
-0.012004336254357942
-0.04494858555446272
-0.011597637058060068
0.07880923642332152
-0.04646637522243573
0.06793914418441878
-0.050507843006955655
-0.03193159175836113
0.00045032653306130205
0.024374223161776846
0.03196702396709185
0.033962518076095786
0.033177606727454755
0.03421322681854092
0.03393886199690343
0.03348285020598268
0.034680786251089654
0.03276447344087331
0.032153614375619664
0.031254322948980666
0.02865422452498354
0.02625851651254953
0.02096146151809068
0.011177984724531855
0.008444005973753952
0.0152803069089253
0.015870096695759693
0.011500828974823915
-0.00618225154628197
-0.017509575978374055
-0.001122006750441348
0.002967620303461545
0.004196565584235056
0.0036358841877746615
0.0010910953838837167
-0.003877986342672773
-0.010663573643278296
-0.014786788175935138
-0.01485694247169481
-0.005453179911819305
-0.020728531737104195
-0.025483203889900958
-0.030214675558617753
-0.03486352083277052
-0.03915905846795543
-0.043289451340813905
-0.046570730122457445
-0.04911531664068177
-0.050257509259356965
-0.048491837191625115
-0.03461664237887002
-0.04076891728429456
-0.038940165553586314
-0.03344008557415659
-0.021123227518414434
-0.0067027437829660095
0.012439336083757652
0.03281393386855657
0.04947699849520015
0.05448098351956886
0.037926492322275185
-0.002902188796919959
-0.05408085606713341
-0.07017854987038889
-0.013353576015571085
0.06301273823996917
0.00434032028478814
-0.050363010189919254
-0.12808301170429418
-0.06360134310226505
-0.045622393107921946
0.04899998265775674
0.058445275514823605
-0.013241039415194887
-0.055202640704771905
-0.04750926298124577
-0.015426079593741518
0.016719327838784135
0.03697585191040299
0.04465880189319001
0.05270208899534544
0.05169172893629067
0.042907657426260806
0.035406687987948916
0.028533327866128
0.021538429780380765
0.010940575543196761
-0.014350603671635582
-0.06746699693890684
-0.06040385259800502
-0.017752699324505582
-0.0013708201735780064
0.004651612696253314
0.010300196116800626
0.012536506079680623
0.011741886964719854
0.010064588675683299
0.010618729538061223
0.01049282426194093
0.012237558448260327
0.025077705948852544
0.012514210491129983
0.010180333213948215
0.009606208377951673
0.00928642880046468
0.009145161923007256
0.00844726764260842
0.007410474601996534
0.004896571696858454
-0.002234936442278349
-0.022368921025127428
-0.04030475319243893
-0.015338011980595315
0.0019229049185325742
0.009625422087028013
0.015211490806844932
0.018721837342139478
0.021754101319716713
0.018659008905643825
0.025182203082530483
0.02830460342274069
0.03061457014968206
0.016691150381181203
0.030440601867210034
0.008041548874624653
0.014153768030362987
-0.009551632834696093
-0.011846720142632385
0.01942580103832392
0.019048366282047934
0.01454810070832132
0.012539575856427764
0.01702324642025659
0.011370793211986007
0.029582851250391815
0.03776104840816696
0.01704690701295139
0.006737299237815296
0.000777771122454782
-0.008172591901816073
-0.02323443790081178
-0.01003509025314273
-0.0010937775112310898
0.003051643785078332
0.0005435205107366661
0.0008239545571005274
-0.0018679900154574883
-0.0003746180819498824
0.00080261507721451
-0.0006772256779451367
-0.012277498727587224
-0.023748829567435948
-0.019369332167065174
-0.006941643878923642
-0.00898942116514503
-0.010023482484071635
-0.009733476804659793
-0.0065279672954054405
-0.015672167176203473
-0.004092037785527719
-0.007379920358573246
-0.009262956351351112
-0.017429365986472604
-0.013072310209013538
-0.013635312006297922
-0.015576219261882428
-0.0048761592351232105
-0.014226929417191617
-0.017272447291960574
-0.012562575231407738
-0.006727553550197012
-0.04186735654225926
-0.0016104221389948532
-0.004960601263214317
-0.02066069195204149
-0.008577532652703921
-0.0060633373067079666
-0.012238567532911455
-0.025246788837866494
-0.012266157071806798
-0.014359078154748224
-0.015007361282649522
-0.014551913817190546
-0.011704817530933855
-0.009685485288599652
-0.006493358300793241
-0.000317641926054732
-0.027999368807301046
-0.019866533965127928
-0.002190765304221865
-0.005547577119011714
-0.00638363233378725
-0.0062756174353346015
-0.005052514128174926
-0.0026557239140015568
-0.009268340046689465
0.0006417964642472347
0.0016121808550286496
0.0028216167860200246
0.002933653440389215
0.0002706349821576554
-0.03969294148944547
-0.020214244442022175
-0.031047272535356135
-0.027069868250478406
0.03826267357025935
0.06113538824796121
0.029014600581307125
-0.014251385884046584
0.09103750355279541
0.04922003935330991
0.11541536644286227
0.0033865008261473603
0.027516061805317085
0.029305776269039484
-0.0012894635305693227
-0.01546525958780643
-0.012338301506018237
-0.031318407846360634
0.0042418419255421435
0.010969661423661705
0.018404202515138166
0.019160640821242823
0.020078201398469497
0.022344886011549728
0.02519159317370329
0.028047047233400946
0.030955129147562724
0.027471219661589226
0.03485821781642234
0.03424795335688051
0.03506683536128292
0.035055684534246186
0.034947276343764676
0.035027943555097016
0.0338186613204215
0.034465207555984895
0.025751991437810817
0.01789712386896617
0.023799551180727515
-0.008996157032059585
0.008186951295845304
0.002879180650242654
-0.012236114454219368
-0.06463288332938634
-0.03063233447366085
-0.046718607804417646
-0.05984915873495669
-0.06516773239392264
-0.06683256262429205
-0.0646512426486681
-0.0561407830693588
-0.039209801469859966
-0.06512866593586124
-0.05897131767030113
-0.02293843943065306
-0.03639839599868809
-0.03091025756302328
-0.04583556283714323
-0.03453426857791312
0.012415546956924636
0.018286755561612616
-0.06387244019311462
-0.06683340752343735
0.04535832609540138
0.0832396737773586
0.06895924135776225
-0.034019713407303885
-0.09366923873954955
-0.01108620664165239
0.03130554566785226
0.0004896591828817626
-0.025441412119692457
-0.019674239012393648
0.0006907362149952495
0.014863343127799852
0.02102530234905135
0.0257481976495973
0.01559094671923112
-0.0028683322760303456
-0.017816981899292626
-0.020749691252709923
-0.023837038715069356
-0.02762346507949217
-0.025247869141510185
-0.048495425306440305
-0.020482462765790427
-0.012384560970179483
-0.001717716842262322
-0.009167919772193583
-0.0033655362122948086
-0.0004893337192811559
0.004638611728227186
0.004164793222218123
0.01283310339485871
0.01184096779885377
0.013307229482476545
0.016031585888536162
0.00805686405880394
0.008356159118447818
0.02517116999428391
0.021281144268987664
0.02070931628671839
0.02256431188471709
0.026469521150107932
0.0339845896956318
0.0461936468701763
0.06946821445571615
0.03909398700356015
-0.0963758367586383
-0.07257687745115506
-0.04030727675800627
0.05370836465140991
0.035292477359138576
0.007236496415693935
0.003507525548993737
0.0022896242067058396
0.002672392435912452
0.004828761795731279
0.002603304605558028
-0.013203669591527158
-0.05209792259411702
-0.08171546602354172
-0.010848850029442109
0.020387957408908128
0.0036299212363337676
-0.06773900505131741
-0.0679768207993004
-0.042238501324027566
-0.0396641351701704
-0.06638288246010583
-0.027909437873874243
0.05357129986603128
0.07060665411682158
0.05043103887047213
-0.042315088329295696
-0.07131380381109358
-0.020573907415848552
-0.02239872797705548
-0.05609413493984073
-0.07417932924543574
-0.06673444970314764
-0.03943248833800913
-0.017011740009490087
-0.00018889561175222016
0.016239065380821736
0.02982259156909095
0.045386598814393414
0.04997542196415149
0.05101528013364766
0.05248129950375662
0.05423048361893802
0.05371247892437061
-0.007492558982273815
0.020690662547990884
0.012213965084569308
0.03938395007897757
0.03038040627975354
0.0793718338968515
0.0761475042983243
0.009347099827902423
0.09348134793756101
0.016606140078730347
-0.01766559639910606
-0.007665276062380565
0.0027398673141762497
0.01308683625506456
0.0035747878075783994
-0.023140533246895727
-0.04563757886938113
-0.05544664298318169
-0.018244190456534918
0.04281235738908148
0.034285291195862065
-0.001952028079280516
-0.01929340551931046
-0.02354719718908301
-0.020665094637644908
-0.014071043187199405
-0.008835957525639522
-0.003870036365652799
0.0032074518223288296
-0.0030648565252545702
-0.003266345079021127
0.0015734594722754695
-0.0008100399850757114
-0.0018899597571767615
-0.0013467598988696065
0.005039726099113177
0.010848272720752209
0.007065768063917401
0.007339843669674491
0.014728089987599993
0.02115242209971437
0.027959748769499578
0.02365741963760788
0.017995375848883974
0.013915753045311438
0.012926781868832518
0.012472905700023565
0.0007862177234449023
0.010902521263794613
0.009656642329660929
0.007175875174168161
0.003825513133195282
-0.00751990550481896
-0.003387511753035883
-0.023190450513766964
-0.011007130232910282
-0.013321015053601705
-0.01537099607800067
-0.015784677965256424
-0.014763029713009737
-0.012008080288668435
-0.007715033012185193
-0.002469139654744687
0.002870796045125314
0.009190643000502778
0.013689985353785251
0.015984462693306653
0.017249329548903666
0.014424450569852403
0.01265638590998371
0.008396029486919141
0.004144356731309011
0.001237614256631029
6.682115102450466e-05
0.0006924528015784045
0.0021775702501807322
0.0029739069056085787
0.001623897729141833
-0.0028102687381721778
-0.00923700485902447
-0.015546015309767602
-0.02017189678267816
-0.022622797601470863
-0.021614933573692968
-0.01628760545347765
-0.008280041921793681
-0.0023471657515380336
-0.003372206746496582
-0.010030316405968392
-0.01402811449308624
-0.009845309019778682
-0.0017982588421727992
0.0015877069028793665
-0.0023290596416520068
-0.00953672654296121
-0.015197983485962381
-0.01700743109528427
-0.015034055040930767
-0.010509374990206172
-0.0049083744237990844
0.00040756680795186746
0.004197643688274766
0.006048164606572703
0.005034516356944248
0.003562580532872989
0.0017465130805410683
0.0006252983034014146
0.0010413173225769963
0.0030241037454865217
0.005920589976707243
0.00957982247943301
0.013495521747107594
0.016346072542125976
0.01779039261476257
0.014655138694047677
0.015773313759165384
0.013425678660181628
0.010336312338776086
0.006259365672252773
0.0019925911909211068
-0.001959166426940459
-0.005856222945166861
-0.008580152162478604
-0.021280831625488845
-0.011717701961695253
-0.012354321612202505
-0.011700129735055135
-0.020331408181237576
-0.009807539320076983
-0.009317910531716876
-0.010512214500016744
-0.017035134582999812
-0.028579059539520158
-0.009971382258029637
1.047685577678158e-05
0.003632153180322214
0.005847361885043705
0.006920007224847938
0.007352850895310722
0.007638952575765765
0.007115809745941688
0.008078840189658704
0.009644958992618259
0.007713564355427761
0.0028435960104723885
-0.0017926449138168641
-0.005279497283226511
-0.009370437703804961
-0.01537622167054358
-0.027581082531155886
-0.05104456684453405
-0.06170779378956094
-0.012508725508885326
0.02045243258378233
-0.053087012744609245
-0.06543665947627049
-0.03507323380566915
-0.018672576027214463
-0.015924325143863237
-0.017485432856054632
-0.018323101748898504
-0.02074570377225447
-0.020726646046249735
-0.019037637058589872
-0.015980086750215693
-0.013849189057688656
-0.00969764532522625
-0.00909729073813245
-0.01107569425016368
-0.009614753030951252
-0.005740956079838108
-0.016786633348954815
-0.003935286638425051
-0.00041715903983112886
0.005774654600586286
0.005262456418670082
0.0060939749195801
0.006653484232469231
0.012718169098697277
0.012294855530039195
0.00897149356089312
0.012448161914980273
0.014748727267202926
0.025540665166646593
0.029247307983442893
0.03184222642723109
0.053473297884655435
0.02551414783082972
0.022260718379661426
0.09199201700105589
0.060031979172019134
0.061968151104243606
0.04041573890996041
0.03236684139851966
0.026467192520332777
0.020939330661584925
0.019976767285294794
0.023611143540232072
0.02840971373129479
0.02354118238629367
0.01866938690890156
0.020556822683153144
0.017843227648271977
0.02224113970940235
0.021325830311755802
0.016802492754014263
0.008310070899685404
0.010980202451322403
0.003408416479492775
0.007389412506268532
0.004915954842032827
0.0042216761418983235
0.003853733070477259
0.0032554172023862033
0.0027593277410992356
0.0034088606060855018
0.00389256023568398
0.0006721968293519925
-0.0010158063048124435
-0.0021317467441720832
-0.0029539752420281716
-0.00331175650372584
-0.0024967189642959983
0.001655373272040501
0.008904269338434273
0.009562765444148087
0.004164112209690379
0.00025244200633298206
-0.005994396552680931
-0.00506045295656132
-0.00511795989271612
-0.010038199748791974
-0.001161500259776849
-0.0016127249745713492
-0.00012621376435586755
-0.0004548397982678888
-0.0002292196576569948
0.0016129334801421172
0.003691217844886952
0.006117485871945135
0.008400857036209389
0.01211944487372363
0.015663205962979675
0.020205550552388905
0.02682557460606037
0.03639781963183733
0.04481429351523131
0.062236662032761715
0.05210236868061088
0.04000511291115225
0.03150199559995641
0.022453661369233498
0.012034603170359327
0.007062019033063177
0.0015286436841585793
-0.004677233248127352
-0.006493609071042622
-0.009489364326667854
-0.010701833621959287
-0.010945477506861841
-0.008969830127193101
-0.005300019675914515
-0.007566662305365878
0.0032556012414625473
0.008231975203190094
0.01279701651214415
0.014065840211283669
0.0025102039161410353
0.009627451624574165
0.004801020205668407
0.0003918736075574171
-0.0019710396438820553
-0.0014240545454662563
0.00011984277852870565
0.0007096920215183956
-0.00230272330531948
-0.009751519620960315
-0.019652424002144113
-0.028628938249757475
-0.034051651110737546
-0.03371803008533892
-0.027451532047406746
-0.020319448523860622
-0.018688754699069065
-0.020025167668786467
-0.017613962843267012
-0.015088145212387794
-0.018684927156828044
-0.024965054829078296
-0.027381832425914264
-0.023841186174450007
-0.016098726733536618
-0.007105236739359737
0.0002494408810761439
0.0038465604815986244
0.003196032755675358
-0.0004831919729653717
-0.00535439884232862
-0.010304360368297334
-0.016543938824078393
-0.025103237359780584
-0.0379281999174211
-0.05391904651687218
-0.05976207787557678
-0.015809941889990332
0.02741907492957419
0.012027828164833632
0.03883633066315315
-0.026340181580147816
-0.05132171531655057
-0.03945958096706273
-0.025162260867084778
-0.014740584925366345
-0.00705870643130455
-0.0014910896675362458
0.0026377172169577564
0.005972207472592945
0.008368254515567466
0.010946260073172584
0.012957242552206278
0.014810737114007887
0.01636209570966161
0.017823422998553017
0.019039443895860937
0.019879977582465017
0.016830381777156875
0.02020492934072
0.018827484964314693
0.01778447423130452
0.016845814169315253
0.015960096582954757
0.014555432680055767
0.012526234180656895
0.010586043449835991
0.009088481033614013
0.006827062539876386
0.005110959893728163
0.003885635371982252
0.003052428831530053
0.005142053677330241
0.004869402757295543
-0.0005609625562744998
-0.0016335055181912479
-0.00558061487854064
-0.002469292220009469
-0.005518386497514089
-0.033722085808392525
-0.00845351032001232
-0.011104534654800581
-0.012292456726174315
-0.012451519102046124
-0.012033907868347378
-0.011887107482314802
-0.015355395244718614
-0.01652127876932041
-0.01691502248247404
-0.01560510105266992
-0.008759063871122954
-0.0018189303377407979
-0.00028172150017952174
-0.013144942081599519
-0.022855039918038608
-0.027156769591599392
-0.05785459241503596
-0.01703283325686885
0.02892940484908074
0.09315170087768465
0.05083513036467169
-0.00955704532905343
-0.03634422378157303
-0.02436406423957704
-0.00907209288224932
0.010347015716966196
-0.01054526117676062
0.03588466419635335
-0.04463638917410579
0.013993765981984783
-0.006236816401024605
-0.011261667429822868
-0.010210143164257564
-0.0038277087166251086
-0.01092371918790278
-0.003819502386143883
-0.011247121470799839
-0.01452231860399167
-0.015416195569733256
-0.014932695681811946
-0.0141153168512631
-0.011383847421496899
-0.0038837081750037602
-0.052455201854552366
0.014278526144847196
0.02225441661571562
0.019422254981066943
0.007759551153315573
-0.0230399689350242
-0.009700622956626243
-0.01434137909988153
-0.015217896458304464
-0.01756694034320822
-0.01924180224375686
-0.02223288367409777
-0.020458275738118682
-0.02167162315131738
-0.022453083617393968
-0.022956451372644723
-0.02326608017453335
-0.023536224690554733
-0.024012095214328424
-0.02495462211435557
-0.025749834564745253
-0.025744767712474217
-0.02499209316794074
-0.023633912499884994
-0.020067630684629852
-0.0611776635087636
-0.01895862810820727
-0.021484280227496898
-0.017316924305345652
-0.01216419173659473
-0.017412751504753906
-0.01505303948496119
-0.013286876697675157
-0.0027963903106571135
0.01868598622292247
0.044217648298366614
0.04856932020739306
0.032783838212673104
-0.012780683998526485
-0.00247802114221292
-0.008155176661371808
-0.0068351153833084806
-0.008872760591775074
-0.010908182645176196
-0.009080246008038433
-0.00700450196118598
-0.003538351742230346
0.003973423518839918
0.00011936551560803507
0.0013003470332543482
0.004815997814486916
0.0012276535539419192
-0.008297742100224428
-0.014661804839991379
-0.013307971612323796
0.008021553611066124
0.020787827307069812
0.019928195805578895
0.004830187606125852
0.01577134847818502
0.021638692511760767
0.010387671774178774
-0.009343044985356139
-0.017296212846497495
-0.011067585626107723
-0.003125861873064287
0.0033108247122175458
0.007235175572074414
0.009836752233209504
0.009600410427131707
0.008421614499164903
0.007693148837361441
0.00810102143308965
0.009023689210360009
0.011463049299831645
0.0036997447569244815
0.014311508183649771
0.012357826547856146
0.012305488352048491
0.013017535593362257
0.01405596092170837
0.014666416495780826
0.015139354630535087
0.015805095719298345
0.01638535759312465
0.016667488014013174
0.01688262086620277
0.014440887493893348
0.016405789375491676
0.016074210782562656
0.01613056641507846
0.008792480198429226
0.01389007570679819
0.011112065379831285
0.00906839892633033
0.006367938879085206
0.004068032042931324
0.0021287692518319676
-0.00507297980129297
-0.0022956270803233636
-0.002326371670072233
-0.0027515901794387073
-0.0020404613705370437
0.0009049633015186689
0.00544795661902408
0.011838652784330873
0.01913434787947337
0.024947738901491028
0.02490238578631724
0.014324958963021142
0.0005724458250847451
-0.005155420484722012
-0.02468430160276665
-0.017498516804128592
-0.004279417966894821
-0.007039077014410498
-0.002914199953686439
-0.003013428327082638
-0.0026735436788460467
-0.0010478303657772022
0.0011386952990547461
0.0017822248842859433
-0.001728701508272813
-0.010259871145666006
-0.02180373138724973
-0.03262377510676747
-0.03837028737331097
-0.03654249289908065
-0.03074072507421175
-0.02848096361559463
-0.028991472004108426
-0.02829991469993564
-0.03109636256769468
-0.036644054791934284
-0.03760130084743666
-0.03167522647340171
-0.021858826323321295
-0.01137279930259614
-0.002708356592163853
0.0014344974666642778
0.0009919666221607512
-0.0012842663084105448
-0.003976414019301781
-0.004584210894715908
-0.003746664598889502
-0.004972807680851376
0.0007965598910866623
0.0033600071102186124
0.004751394067279532
0.005738171002971433
0.005507703171325973
0.0028865589486555964
0.0029324470226955415
0.002960809453219297
0.0024845259992168707
0.0015512008754470237
-0.026499817096883153
7.485212547959456e-05
0.00038145698715391207
-0.0001778902065528757
-0.0075562526948547435
-0.0011403759845962673
-0.010658968828647657
-0.001541193730419855
-0.002122129510173631
-0.0025491950206984605
-0.01880447694276665
-0.002096890879207969
-0.005048072099559974
-0.010771264278216732
-0.01376975912554471
-0.02316461465805074
0.0006745990796326502
0.0013008819639757033
-0.023280769102599977
0.002132561181230338
0.003038611575138317
0.0035245086223888106
0.002386121214530894
0.004383562596281843
0.005257113451064024
0.006628822660561669
0.007438385988763229
0.008235038791264415
0.008801446470502215
-0.03348034828728791
0.009877486373344537
0.007875147138628413
0.010369049625052565
0.011127392252154993
0.012013978908039305
0.011837219131621226
0.007103299703075247
0.010646061544852066
0.00932966254760827
0.007403006417472947
0.004927049813965843
0.0017157423837305466
-0.0030893267749236993
-0.0105507742732067
-0.02028761089868524
-0.024294168589366654
-0.030732334103615085
0.016793630316370736
-0.01563624456110429
-0.028361977955421107
-0.018117421194832103
-0.01159146294274205
-0.007969269022742757
-0.0056072198908128194
-0.003595435143144018
-0.001372480124638981
0.003549720433940217
0.002904019006441654
0.0048009105190431585
0.006876401971538976
0.008670512203418934
0.009920527843762225
0.010529436146378815
0.010365818919315928
0.009405688254154802
0.0076710351697200805
0.00538366057723904
0.0026739303462347606
-0.0001000575151462756
-0.0026455948492714446
-0.004609304030402647
-0.005615742204022804
-0.005293296077468564
-0.0033314433064969757
0.0004249539394978232
0.005806897885367246
0.012090956456648889
0.017852668169064525
0.020994745945743156
0.019299290534588513
0.011696739177463604
-0.00021579728447605574
-0.012043759537394927
-0.018975251427737243
-0.018465315721209297
-0.010661974355085433
0.0015846861634043667
0.01346558448742788
0.0212112975060279
0.024013909451025092
0.023238702692897677
0.020876018352750002
0.018462273906719222
0.016799870878604843
0.016140253128896415
0.016197644472082346
0.015545825592061968
0.0108612145573493
2.4194046778594726e-05
-0.010305161334114164
-0.009401763308889642
0.0011714574216100256
0.009116409544163062
0.008283824723411423
0.0019493605039266506
-0.006216946210139625
-0.019266458856073112
-0.026861498057093546
-0.01142552517474056
-0.003670249620351654
-0.00043434382355425345
0.0018389380207449034
0.0038162328816888852
0.005567905126479956
0.006974548129917985
0.008085202671189212
0.00887175516872536
0.00932252637217985
0.009397090935605996
0.008964050190735132
0.007723601342720002
0.005227760873685983
0.001819835265315081
0.00023234390517350243
0.0019335875285560477
0.003911508322542994
0.004384652148164033
0.003584481741563212
0.001964955526275558
-0.00017683856824108303
-0.002619865821208372
-0.005118008777682172
-0.007215812074780381
-0.00807702642968947
-0.007276033568250947
-0.004653591412946311
-0.0005373825409164515
0.0028357572367198446
0.002470699097876764
0.0013120652644878006
0.0064023740252039186
0.014651047306744106
0.020505775537178
0.02299473996434538
0.02202867478960123
0.017227391392798212
0.007379389078362362
-0.005613662104593219
-0.016365451964823072
-0.020289665257293685
-0.015952966971684655
-0.004775101009083505
0.00881640840549895
0.01943288462003216
0.024096052811411552
0.023097594226639238
0.018465946511701397
0.012410889162374377
0.006499904912440597
0.0018544753809915165
-0.0008975020633922006
-0.002129859186972988
-0.0021232925478060867
-0.001254803455331769
-0.0004823999018327124
-0.003437717954247272
-0.008670107915265398
0.0008439886550016454
0.006277899507550278
0.008814663583484768
0.010410641334050211
0.011354572835830856
0.01174417299765092
0.01159758332764518
0.011173041606754256
0.011352111718634258
0.011108567001581767
0.011634388534365481
0.0119374237237862
0.011918252170825852
0.011438338632781004
0.010494772201197143
0.008545143470916556
0.0054522194382928555
0.0012970415553960487
-0.0032287221307980302
-0.007551465972213706
-0.011605285240758828
-0.0143700602873254
-0.013605973041644263
-0.007927418646402605
-0.0001865346683015959
0.0012970442422320682
-0.0060526099405345864
-0.008465392939522502
-7.451196924710824e-06
0.0050522794028005445
0.0006291324407728205
-0.005956104183889121
-0.0092901015502383
-0.00913637670871247
-0.007230901938167559
-0.005258636790630159
-0.0041290304268657985
-0.004071418782542841
-0.005247365885593605
-0.007614683484849574
-0.010609513811824949
-0.013338517755583104
-0.014299723513430212
-0.012171902677137287
-0.007033601921950702
-0.002196205077505087
-0.002999923004078044
-0.009248974039321825
-0.01206252054403528
-0.006844275556524415
-0.0011896039765903438
-0.002576612413649525
-0.008886033719253537
-0.014365684563785902
-0.015962544502431387
-0.013684701698662297
-0.008888506190485436
-0.0031040072793664833
0.0023686396704915673
0.006549167653728053
0.008874645733565976
0.009243456683312392
0.007955652121214183
0.005600744171711135
0.003248604568180562
0.0006220373821304357
-0.0025096807184815965
-0.004296038397923423
-0.005081100481225337
-0.005481929172874174
-0.00519714640139231
-0.004277800477311485
-0.0029346875268431256
-0.0017676831203972741
-0.00017829830097120523
0.0018393372418631705
0.0028444339783015213
0.0043749852801899065
0.005739458373149196
0.005132102913365154
0.007893038945847227
0.00881562828154904
0.009475073369033762
0.009670662708584484
0.006883271900389629
0.008831421292890353
0.008274425276907546
0.009703528190302147
0.012194043158700254
0.012452181621981254
0.015264860575513224
0.017999216046211637
0.020839064306855965
0.024316964316277664
0.027593982663495567
0.026446915466373757
0.016640017877808402
0.012002659026077597
0.009367974061918926
0.02631553076479639
0.012509159116245599
0.006249458552310374
0.025239316009569187
0.019665098121754286
0.017891495746723423
0.017201453832987122
0.01531901316672892
0.015457176786342638
0.015496957063254995
0.013851498096095472
0.009016837989884919
0.012274986792855372
0.0248936011091619
0.02987554840328174
0.019429720590343074
0.006528778725408066
0.006610024541902039
0.018280172084784503
0.0261016974759902
0.027462907364694224
0.02394346697350823
0.02207130403673303
0.020156105265335362
0.01927652805565738
0.018829402716785498
0.014499863608810126
0.01677197993626246
0.006305998492269675
0.022790049282336047
0.027483598309901297
0.02928200772429825
0.03195227017865611
0.03501195207544512
0.0370986490835398
0.03603568684682024
0.028522406009978414
0.011931453867512778
-0.00594230844505787
-0.011911789149761038
-0.02642369206718135
-0.07483296431652797
-0.10558103034009238
-0.08593299763231303
-0.03705083542560878
-0.013376485315890784
-0.009834787307669292
0.006851619908371891
0.02576522708349552
0.036149118813993145
0.037816443372047835
0.03336281555045878
0.030719236060633013
0.028241328628812738
0.025567934548589712
0.02276661046732127
0.020379914465621464
0.018362949626964494
0.016617345325881248
0.014407243425383416
0.008852819507030504
0.005577479464359257
0.011029397195009219
0.011518800642037457
0.004924838964349811
-0.007866775412171435
0.01018455636068862
0.013538481012470021
0.012882741578252699
0.012755020215137981
0.012406475158616327
0.011802486054782466
0.010005374064716634
0.005370183246432859
0.0025412296585492922
0.008977296213172154
0.012446549891076525
0.013727344856580777
0.015484419077515299
0.01641213657109578
0.017239840536176002
0.017113436819929967
0.018933938112706536
0.017767169800274044
0.020720113617157507
0.021152958338631678
0.022824308038585657
0.023390956883357412
0.023800341553521467
0.022246649890090883
0.02532504974956048
0.026365778056237427
0.026731629226469725
0.02636021829208606
0.02632193823639773
0.025662086034770486
0.0246739115059866
0.022556103671408683
0.020663551331160362
0.018230856053147535
0.015442167867472689
0.011877888257117232
0.009682139682721209
0.004750091671843898
0.0009022336716710955
-0.003245311108562403
-0.004253927054920436
-0.00597511622517494
-0.006460415625830674
-0.0058621415162657675
-0.003317315879549229
0.0013500264284386546
0.002645667248036905
0.006047173958778005
0.009311724677514845
0.011375319600795275
0.011293450045445177
0.009492567524293748
0.005961201407509393
0.0007960363854410473
-0.004354830673202336
-0.008819291468197148
-0.011374600865563866
-0.010685203151522316
-0.006558617394712841
-0.0009517828009372219
0.002133051041980331
0.007911971609931925
0.0097603345215447
0.0011633103730228338
-0.009265582287971596
-0.011568346504545798
-0.0031172644086076597
0.009558317886128124
0.017111911623643318
0.016029521450866294
0.00928954107823658
0.0015577244849393531
-0.004033664039137145
-0.006358141940868596
-0.0056331498084957726
-0.002689642160592045
0.001482459334810758
0.005924297550320482
0.009744780614252324
0.012226976061235798
0.01300939515450984
0.012080152565610468
0.009759285547041304
0.0065587584055076505
0.0031028089794344193
0.00019352981685343313
0.004546374240651701
-0.0040770437314409085
-0.0060960917781466934
-0.00680773645949162
-0.006955292658456492
-0.007195496867555712
-0.007562967413327544
-0.004799113597512197
0.003668646788412276
0.014615849766429873
-0.0022246412412235852
-0.005384408374826618
-0.001257214347282179
0.004410414783683498
0.0075852471683128635
0.009958908472070642
0.010969769942156572
0.011716935247169673
0.011379322336663581
0.010359262160874138
0.009578354641624837
0.007961160316176538
0.0059301317209445046
0.003468501380452351
0.0002081933699731616
-0.01146297625800119
-0.007139337955900969
-0.012612840402883536
-0.019459348827817892
-0.027824588832834674
-0.037436927504618134
-0.04563354417825509
-0.03758944989682013
0.02079286100338194
0.04332643436709251
0.011706018769333894
0.05461283515876915
-0.006239459131353321
-0.0408611942530163
-0.039414498409994135
-0.03097406338472351
-0.02351703487043498
-0.017772046235858818
-0.013699525632459431
-0.01091974223055392
-0.008949823604537088
-0.007607085438603528
-0.006648215054549849
-0.005784681266357086
-0.0050144250667804625
-0.02273583893251938
-0.0044260478447101115
-0.004525779666231537
-0.004493125516471266
-0.006028350117390128
-0.005158113541982663
-0.0051090270384393
-0.00765886593738561
-0.012444959993689086
-0.02346153974806641
-0.027111759870507644
-0.021411656899581206
-0.012408330524079287
-0.006965526497858858
-0.005641670380588018
-0.005565730298463132
-0.006000921375913729
-0.00602077288869381
-0.006274717902173324
-0.006551096245551165
-0.006881801277623157
-0.007290597374908316
-0.007885361916930272
-0.009880839351537862
-0.011519123349193292
-0.0520472252962379
-0.014162408546521493
-0.01125805986287023
-0.010233359884005505
-0.010413655188972856
-0.010350402147936491
-0.014452020138531148
-0.01137714044374084
-0.012063210083786859
-0.012601852249939009
-0.013647096274587366
-0.016203733515154674
-0.019168929986484978
-0.023590383113841762
-0.031191419049635134
-0.04270434155173599
-0.04781948486841968
-0.015062820381682262
0.04716405718442061
0.010540134128219154
-0.04933840299182582
-0.04256979469295379
-0.031751988540747435
-0.024373608692604444
-0.01920986171219676
-0.04052933809649008
-0.012674622942487484
-0.010092871233692513
-0.007527003467365287
-0.005143665723395093
-0.0030273198158985333
-0.0025915984499765192
-0.005076715329336557
-0.006235093725320394
0.0032182864654990515
0.006835854680153186
0.002394083902595349
-0.006687437109876329
-0.0060908705570036584
-0.004514028572978917
-0.005095866883308309
-0.007339400044996473
-0.008195535264407633
-0.009748133111833725
-0.010190081621683087
-0.010872211110200364
-0.011539163573423319
-0.012181852612720786
-0.012603026908334727
-0.012903161761252243
-0.012664004301105534
-0.013544066853769295
-0.013826126241552165
-0.014159492961036973
-0.014274738058275992
-0.014422018688609489
-0.014527462781145905
-0.014716066606915655
-0.014553185798009426
-0.014215973671539022
-0.006762870434204787
-0.014029983203376908
-0.013985792263062477
-0.013576421598864845
-0.012914560958337973
-0.011771572318116826
-0.009103848120810673
-0.002753106014797428
-0.004387958112214637
-0.007298292372634141
-0.007169735713518444
-0.005915549491748045
-0.0049313020201539924
-0.0008985133118319049
0.0066577010748197114
0.010281892112509756
0.004301525158680707
0.006127121495749176
0.008249658735664701
0.010036550716643106
0.01120013433475933
0.011485143744864023
0.010643097837918286
0.008529815597101476
0.005164190507609765
0.000870681539270749
-0.003967280303464643
-0.008443701714928538
-0.011591453616064656
-0.012121618625076267
-0.008960599512039959
-0.002456610515468166
0.004132751364350406
0.0049195309497353425
-0.0024297862874363848
-0.009751857904101975
-0.007070137852086512
0.0025469150702185227
0.007817976918117212
0.00497378974146757
-0.00134449379995211
-0.006297227623664088
-0.008210556062755866
-0.0074940919042281425
-0.0051980154211259165
-0.0022599341579264587
0.0007102882769556325
0.00333983417898344
0.005487526298861322
0.007145654206850338
0.008421534230291154
0.009224126184523156
0.00975459242217237
0.010034422455231614
0.010095098321763479
0.009941714486542281
0.009508081115553915
0.00874508553777645
0.00796080674605729
0.007456782690463897
0.007301548807659371
0.00694745043726384
0.0061307830395446634
0.004768048434234571
0.002647137358245445
-0.0004755519024359157
-0.0038101964597087676
-0.004622966870405432
-0.0027162307760977603
-0.001011646731164668
-0.00037802367417685893
-0.0003374518247461604
-0.0004548010255206579
-0.0004962641680826352
-0.00033613225337149246
0.00010625112014853165
0.0009024608240684813
0.002123734020492563
0.0038090880339267177
0.005978213336473716
0.00869827572627885
0.011874651746947604
0.015326672447730554
0.018883164046609502
0.022271687799227065
0.025110682030015825
0.02684076684828995
0.0268127936491427
0.024419748354004258
0.019367929880738568
0.011621967502369036
0.001587054656569676
-0.008912746189678336
-0.016953981112335904
-0.020069269755046314
-0.017732258039454205
-0.012144006109711458
-0.007501660052322375
-0.006811644189470268
-0.010096862714593379
-0.015438897724551669
-0.020589620147330203
-0.024016078638654972
-0.025161301556040037
-0.023982733790936753
-0.020378539640287695
-0.014425587758249224
-0.006654520710276976
0.001978674118727375
0.010393136099280066
0.017678497726871408
0.023264058743765033
0.026952019910976364
0.02883496832272119
0.029189616776172867
0.02837026945185027
0.026736606719154565
0.024611585062059405
0.02227319921897714
0.019930801978746613
0.017710924687696163
0.015701003996376896
0.01395298729172482
0.012488362607037784
0.01131051444489218
0.010410490362877556
0.009778719380339094
0.009414550497013537
0.009309013681203026
0.009454421121959376
0.009867558590223435
0.010571909661916868
0.011597419155594329
0.012969311580071105
0.014710882347462243
0.01682453601183676
0.01925870685383201
0.021894977188115283
0.024520873160730133
0.02680286944704059
0.028267045415110544
0.028322392238705058
0.026355725867736737
0.021890031214250212
0.014819299712597473
0.005670403937477533
-0.004307407926027902
-0.013494738378394154
-0.020412882457228113
-0.024298782077215475
-0.02507800429829603
-0.022818849101245292
-0.017453966126846066
-0.009343387780699871
0.0003986778049117627
0.010152396393198523
0.01840109916242933
0.024204453535524695
0.02728217804454693
0.02787086348248941
0.02651240654715902
0.02382362763400923
0.020363625223382278
0.016615830309310256
0.012945498201175975
0.00959800182967134
0.006718500216039947
0.004374258506191198
0.0025789942803525695
0.001310188150742276
0.0005179149576108055
0.00013382459445530277
9.368441321664618e-05
0.000380165869101672
0.0009505827392842722
0.0016970037710828494
0.0025554121654160285
0.00348574451439137
0.004445071782183702
0.005396069868247182
0.0062952593423772
0.00707694868125453
0.007496140953479371
0.006232383570105567
0.00022782114672600877
0.0033768960265429426
0.006395339290227731
0.005382298480213236
0.002725800028177928
-0.0016247793862977427
-0.008297146234890211
-0.0172454183232627
-0.02664210212679917
-0.0323745484138035
-0.032644370848219945
-0.03194363929937893
-0.031957261476787534
-0.032221167497978744
-0.029978697766918833
-0.02771630071885965
-0.018802359948134596
-0.005753357987673774
0.0034822846288419932
0.008874448228935917
0.011840665872615282
0.013665681310558026
0.014685994726730532
0.015325907009634885
0.01563345973505102
0.016101298469236445
0.01589017892754339
0.01564902300672173
0.016366233096863216
0.015624158231282088
0.015560845755776403
0.015350977209643712
0.014836292432159998
0.013723073802631727
0.011771425778154468
0.008576179128831336
0.003841301838860004
-0.002355635824108548
-0.009310815784221561
-0.01543527595827083
-0.018254057634112263
-0.015551965774528114
-0.008938749322648749
-0.00515939217761005
-0.004126181356390741
-0.001999458531133737
-0.0030253464915138816
-0.0056417962882767455
-0.010723903359145626
-0.017159618264441824
-0.019554246738889187
-0.016312329088488318
-0.009416924532050376
-0.0014668152483207197
0.00567329024464231
0.011036896177129493
0.014472705366654437
0.016612107855409352
0.017712351303959057
0.018878002491862857
0.017218751283308985
-0.015433441757275408
-0.007421961470146084
0.017562726939605932
0.015288302069860362
0.016380938993271216
0.008606225302081598
0.005396661230784868
0.00207467246851522
-0.0025223720462834802
-0.004556586545851367
-0.006036342577895027
-0.006822653718338316
-0.00736138453706756
-0.007666273579450702
-0.007181477235813178
-0.0043398077085448255
-0.007793051974730085
-0.008367990208584418
-0.00840323031693001
-0.008256887264586281
-0.007870125283863513
-0.0064958336809764535
-0.003755857242295402
-0.006538983890954401
-0.006128630819834488
-0.005300050795677109
-0.004175829272889047
-0.002017958914503711
0.002044352446535389
0.0012130822445529223
0.0016065363244405996
0.0028901570226630294
0.004241076346009217
0.005868272368607618
0.00791457863986238
0.0100434270079463
0.012196528325507971
0.013513891230871707
0.01516325739456645
0.01484562511052502
0.014998804900171444
0.012757505276783486
0.010283568898671753
0.007068533517999002
0.0033395634700303187
-0.0005118182664889029
-0.0037847094040759106
-0.005626856756409639
-0.0051376666784343225
-0.0016247584537357456
0.004842418497867525
0.012546803515153783
0.017507441994886252
0.014783041352484951
0.0033794751620934826
-0.00928980248432418
-0.012972423835429148
-0.006287316774078676
0.0015243324097732474
0.011863212704217047
0.014175328877801784
0.008966350812962055
0.002201979426679576
-0.0027821528400294015
-0.004954350888874332
-0.004763996689097938
-0.0031871937847468795
-0.0016996514889071415
-0.0018680885587193418
-0.0011907228161359398
0.003945140654530245
0.0072155721726215255
0.004137161523522834
-0.00040710005227692083
0.008587667792146186
0.013735101092766336
0.014831540700350794
0.014709394128312748
0.014201923989373984
0.01345790421906406
0.012725736298967474
0.011192787057178487
0.01012992510399385
0.010361507151688144
0.011631474233331227
0.013172940536999076
0.013656177506049172
0.014012461330255136
0.014066308206318772
0.013775643462123515
0.013415979566131367
0.011375007530845057
0.009178311959311536
0.006348353546124587
0.003164329463931955
6.34027538352974e-05
-0.002756524565404609
-0.005012812846134369
-0.006030743736770616
-0.005057789775942766
-0.0015497973894143485
0.004378305869871453
0.011277188016517493
0.015892363743234345
0.014059659411381598
0.0043182160251659975
-0.008142395726135078
-0.015246402364551846
-0.012978871621700371
-0.002052361349585033
0.01045064327878462
0.01679865551978896
0.015347395012764576
0.009325461697902458
0.002633126378296374
-0.00230309613396229
-0.004651769822120449
-0.004604230397327355
-0.002806720948750627
0.0001850061312415974
0.0036476945596408674
0.007055122379756072
0.01006718882613812
0.012304705161998657
0.013578788135307307
0.01395966038901638
0.013470418070715967
0.012249245143725076
0.010520900448383263
0.008794535036556366
0.007630289103250836
0.004764124491434852
0.009011183288486347
0.000866077344124858
-0.002982383599603614
-0.004787255543835271
-0.005148294726262338
-0.0037180602053802363
0.002912300268689752
-0.0037061335262329738
-0.008294325051786455
-0.013362918405987382
-0.015065665649212407
-0.015581940608371373
-0.01545517684509869
-0.016845077586678185
-0.017845832726570966
-0.017697606685878386
-0.017229413181739744
-0.019900780673321065
-0.020282625556330855
-0.020307791272701048
-0.018914685683515585
-0.012643900515650678
-0.010789612281526055
-0.01687837388131883
-0.016316657846535524
-0.014543577789640461
-0.016091544716702197
-0.017398454126394774
-0.01938729594971385
-0.020341536663655752
-0.019361110733793336
-0.018699848705956996
-0.021079960413604784
-0.020439671401801168
-0.021823875283629328
-0.022366721019638457
-0.022429532899140393
-0.02226616451480181
-0.020503268766161754
-0.021757636920586673
-0.02044358221087416
-0.012958949605233496
-0.0069486474147045
-0.017875556778649875
-0.021342553747531346
-0.021826005667963846
-0.021717587241291456
-0.03101900174126722
-0.021360955663122023
-0.02101347272765957
-0.019384656390942435
-0.01996113999433852
-0.02025634517901475
-0.01997040574365705
-0.019597343037664777
-0.019080709605475237
-0.018564892269259687
