2.132025700557504e-11
-0.0005924592915765892
0.0022102413471719903
0.007755575169201909
0.015265050126706552
0.024098047977526675
0.03366105480206678
0.04361713395606889
0.05318947777535074
0.062103510131436716
0.06943958629412553
0.07570040590504362
0.07947867846946316
0.0807459328850366
0.078937545323812
0.07339883890157739
0.06278551511335677
0.0466836992961818
0.026899745106970935
0.013369733211103373
0.03546769532753257
0.09413060045229478
-0.10485464766902536
0.04766955128854742
0.05080541274603627
-0.03974316625493129
-0.07077662251065173
-0.06951461654949137
-0.057675679388545315
-0.04474563531820875
-0.033109709975455474
-0.026234837555525185
-0.020305885009899098
-0.015945403647553764
-0.012921638196038261
-0.010896228730861822
-0.009398077227009183
-0.009095613008525587
-0.008009189381664212
-0.009568408546938651
-0.010372242664487873
-0.011302990196231738
-0.012258559407189944
-0.012670615397586113
-0.013951263958399678
-0.015253777778920546
-0.016322253853829568
-0.01600648724488148
-0.014019213691836773
-0.010998180167477037
-0.014652868926882005
-0.036241514289338826
-0.06702663026701351
0.008096578236059726
0.07284254860714143
-0.03480079166865038
0.025161826211163286
0.0032535177877456517
-0.002455269110145749
-0.000930698559563406
-0.0029424245728734383
-0.00343592108810474
-0.007416480072500911
-0.0010671125567637229
0.02926917618441608
-0.040134295243080945
-0.0030631636525606885
-0.05924662504564049
-0.0030790239371321793
0.046929932136938454
0.05283427231501011
0.04679348148062011
0.04032180441515354
0.03540298373062381
0.03211897488899035
0.030101713045558157
0.03185352560931359
0.03245993512857357
0.03280825395719341
0.03606750922298878
0.03368935569680801
0.030917185046535768
0.03351647934389316
0.02588881466782876
0.019865748500862562
0.016120856260113215
0.013811077855660879
0.012332609305634947
0.009273875149404882
0.008452032018318291
0.005872772441819141
0.0036640610871834607
0.0017977268578856635
0.0009712190865589626
0.009256797048929835
-0.0029187504132652743
0.003855078075042136
-0.007130064241317858
-0.010331228886171636
-0.011811524282603254
-0.013264560106745345
-0.010813819733281963
0.0004561405661091996
-0.017631629338988854
-0.014211471266681342
-0.025319876528832323
-0.028893640277607685
-0.03206101937900387
-0.03505190431217992
-0.036234405177694065
-0.035378683041482
-0.0135097885527984
-0.04896719724118254
-0.05251899490284767
-0.0474094758634837
-0.02196913786533673
0.03690109286328226
0.048753488096953984
-0.08163505109171754
0.1023293391269319
-0.053852332539119675
0.06617419825573755
0.007304964459674863
-0.02718595862389158
0.009819121704682104
-0.026109399574139023
-0.032784426886795615
-0.035225519192741576
-0.02707891389837239
-0.02799289260811278
-0.0257926572809409
-0.021616013692866066
-0.019712677491201085
-0.01715538471164272
-0.015014719188084103
-0.012166275417463365
-0.007657629253138228
0.003961629683320884
-0.0019717127304381445
-1.528997856614148e-05
0.004172301131933205
0.009994368265595454
0.05986315356242901
0.021240325177915152
0.014979210523860394
0.03966195644207925
0.014835377775595984
0.0122664146963144
0.013512899227189462
0.019113104528724834
0.013592789771529992
0.01296791482998662
0.01459770057171244
0.01796026280190674
0.029718310047403343
0.019427028273297262
0.020261416631598174
0.018503500350969253
0.0180358107765183
0.017459610444595097
0.016399880689899175
0.015399324077754304
0.014253309765204643
0.013117222933236977
0.013121266630312212
0.017359229475469348
0.0341633002258419
0.0018649565452889076
-0.005567147323504902
-0.011856779501380407
-0.015504372740581482
-0.015895532373291364
-0.012262861234936763
-0.0022197644405816137
0.014871285714081002
0.03618507932433149
0.04947703748763648
0.04186937101714244
0.0007286717444233769
-0.03633949073706396
-0.017151583773901358
-0.0021046886404257692
-0.018998758881877433
-0.01318679640652
-0.003194058573481344
-0.012556076472981334
0.00637827223338581
-0.024373003337491716
-0.036074655958944275
-0.00801129511531656
0.02102291664164536
0.0299369897078927
0.02271070511907342
0.011177360520112355
8.988883786060843e-05
-0.012034262030022955
-0.02189421094115836
-0.03164837854209504
-0.035546850248506484
-0.03556912048586854
-0.036480327499585415
-0.03798241826423096
-0.026638701096535766
-0.014512064037624514
-0.01368934317068082
-0.0213893092395709
-0.019854826291160622
-0.022693147775742266
-0.01870735910233405
-0.01311965543528562
-0.017028228720570908
-0.01059944219042389
-0.013764429620109656
-0.011770585699169039
-0.008562243303398073
-0.0065977239609488186
-0.006822155375220192
-0.007609219341067737
-0.006890359723326365
-0.00708334161502867
-0.006812489193726976
-0.006570988003249193
-0.006353662504165354
-0.005867887230275797
-0.0044646559637911585
-0.0003796119866956217
-0.0012240077383745094
-0.0013511880376780247
-0.004263497867591201
-0.0033533317334368358
-0.0014663881232746716
0.01385148288219653
-0.005001507061476676
-0.013743408679191044
-0.027742473970860833
0.004936807461685655
0.03233650468433622
0.049254578794772026
0.014104323873556033
0.049272067966058646
0.005544320132079001
0.008200973364108277
0.02400784388262352
0.01979277647821032
0.014395652929680603
0.0007527388005439035
-0.00022338340183821983
0.0039376028404302
0.039716524633979344
0.01418897526078782
-0.029294853316582645
-0.0027860393978067755
-0.007978710498733728
-0.011768775883825652
-0.013269565975883833
-0.011200933730678026
-0.0122133285908698
-0.011083278371486854
-0.003188908069459573
0.00256345125253156
-0.005794219383148407
-0.0046262773516658395
-0.001458655013393836
0.011166727104324212
0.01781872842633696
0.0045070887329960365
0.010785220096200566
0.011232508503039227
0.0019198447363936275
-0.0010637831287758045
-0.001596097345516718
-0.0001920840889319056
0.0009751763392613039
-0.01750253866006412
0.004098636040298607
0.00249674755942949
-0.001285668278872782
0.0002753488384614106
0.0030160860281543385
0.004316810363586998
0.006583365708482373
0.003838117525451365
0.004483960720361194
0.006846893325970146
0.0069190037669520565
0.011684127622485795
0.021155118034674698
0.01673718286641482
0.014286226271777233
-0.07272065499608046
0.012628089010205727
0.007112122742575917
0.010911078200202222
0.003845607048882965
0.008639845766333708
0.008983369287418911
0.008440758324796235
0.007667486455968697
0.0026342005810459034
0.0038042206318934534
0.008436791615702129
0.005852322403167872
-0.008792789662387574
-0.006615940147163257
0.003816660975448462
0.0003232012521276219
-0.0004931445512848873
-0.0025243185319984885
-0.004860313007424466
-0.0063721468864312205
-0.009224381926614013
-0.005948173965332452
-0.016874645798559497
-0.014381947809231169
-0.010912674996935713
-0.028126856134667068
-0.06411379304984526
-0.038040481564515616
-0.029727623932647888
-0.020599920194961364
0.052928746789503434
0.09298255254733925
0.031029895954968453
-0.013409901844313194
0.018101101562872417
0.05013548625581633
0.04509454083476406
-0.048606949742562376
0.01662534178553348
0.0468744530816512
0.039280908871416
0.020347661216316957
0.001357580249011799
-0.04351963965470797
-0.003365514801585936
0.003044151660039637
0.0027537591076508107
-0.0030685206713419112
1.150525245377519e-05
0.004331487133934972
0.007725027661252167
0.01049414258616856
0.01264023642342569
0.009616309020284215
0.013244510836821521
0.008561560402618615
0.012220427617725158
0.013352274988940243
0.013288109788933473
0.013039067231433568
0.011920948553114636
0.009227941300561078
-0.009227283312961722
-0.0016175583744018182
0.008449157468876457
-0.04899596874581728
0.005369241432149172
0.005485331697068984
-0.001997022297515866
-0.0515125757472162
0.0027864434423929326
-0.0018725742759519819
-0.00709419042064687
-0.007075026997676049
-0.019827328017521056
-0.02589528623942877
-0.036399936058475656
-0.07716711971065258
-0.15599940355193673
-0.13814811684912115
-0.0710564643035177
0.015956567410669458
-0.001497619506518707
0.011962704991133053
-0.006228210988491052
-0.06566677929161556
-0.09920070189742357
-0.10303065656297314
-0.057765679761368816
-0.005363945313810171
0.011684477044696467
0.002207565166767863
-0.03000318782717062
-0.09374568140844798
-0.10792593508524377
-0.07950690611206088
-0.03296340100003745
-0.008323460763582508
0.007043173018528768
-0.001995982975717609
0.0033276904907826367
0.008460692319344265
-0.009759380119180934
-0.014902885423943274
-0.013667694506303377
-0.003345637149098373
-0.00018131959062031645
0.03865932380503382
0.006279086999598672
0.009063748771574925
-0.015674039023007416
-0.0015147916006881367
-0.008160157421790342
0.013924774457970497
0.012486090936274835
0.017321368711329558
0.017085642337783653
0.018137113639887646
0.010785987572036191
0.01847267953176329
0.015412089309881138
0.013422612016381485
0.011809059458546182
0.01822403288893155
-0.00832995683840202
0.01026530251263088
0.004085722469564271
-0.0008188559987280734
-0.0022404280322335705
-0.0008357407172518788
0.010404207911166122
0.02904758653465284
0.047634498545263686
0.019419560491538493
0.0066384329282346
-0.07264020806941701
0.0181066079019574
0.03685923410167677
0.03829145557435232
0.018152410850468217
0.0011916276626460752
-0.00992576403051159
-0.025195068599488505
-0.03595907780380223
-0.04909454632450395
-0.05984039453727743
-0.0589640495464924
-0.00834212690045862
0.05573614193609005
0.1947179046604263
0.08947762348555913
0.021844268363923672
0.012755895893098052
0.05162144518375282
-0.02852689940673043
-0.07139032326045688
-0.035509360504807144
0.005996034992622406
0.022680964291969634
0.006085920896927786
-0.0354691325585323
-0.06755853032221273
-0.04210379259652242
-0.015738617715072276
0.009042902812480451
0.024038454781466403
0.03140457635131423
0.025647999557099878
0.025046048528938745
0.01991672558390069
0.015519293156187719
0.012674156557089526
0.014592024355825416
-0.0008393426467703838
0.010637862689249756
0.01674007600167875
0.010273752594824867
0.0019224735693334904
0.04781023609293652
-0.03806963289941529
-0.019433285784793534
0.04884913787432886
-0.020247106552180077
-0.0913412468577785
-0.048805422565202004
-0.03697020737348691
-0.12702426503200157
-0.04828234211137742
-0.020913465490885533
0.0037657639709686524
0.025849005311403436
0.011445431181800542
0.029314357630714855
0.024374808462644566
0.009920384440251194
-0.022705658714089708
-0.048812132484160456
0.14036538249070277
0.039625129383585624
-0.05459202535297926
-0.05554432026053275
-0.01825806093237668
0.015261699944345281
0.016503722109424593
0.024568204336473415
0.030289694941196682
0.029964628176621426
0.02994026304053604
0.03779228227618064
0.023188483496085828
0.023936841153961174
0.01683512942384359
0.010207486767379004
-0.0007814714329766907
-0.003324837056095433
-0.005847963149267927
-0.0033518039017642757
-0.006379885280597017
-0.03398130977239743
0.0008099274927910877
-0.005801256093013195
-0.009106215622188019
-0.004697536803765505
-0.0004604137159144826
0.002673152218806388
-0.02628402224817889
0.008911040825551083
0.005640907839791413
0.012131020078376615
0.018387562402822175
-0.02145716770076842
0.021741794935496512
-0.0147465097123017
0.007739614793009177
0.02255788922745853
0.02635755461183004
0.025161802727338787
0.024348036104685614
0.021284676796825722
0.017043581042746576
0.013102046062642363
0.009868255336563719
0.00870676261088136
0.005399314624104034
9.645783994489702e-05
-0.0030918743435448207
-0.010076572350612416
-0.014998861175668347
-0.022555617064010866
-0.030216520169886144
-0.03650521725576661
-0.04061515832867339
-0.04124910442937035
-0.038186206219206736
-0.032423334339691065
-0.02557257550186439
-0.021445202775081794
-0.01974074796431099
-0.020423548580741673
-0.02129027695995516
-0.021223992437229392
-0.01922559402194301
-0.014598743306405471
-0.007953256346714795
-0.001565370349846047
0.0019987909800442526
0.0025400158927969714
0.0022794048391536633
0.002684552583075024
0.002680939942027428
-1.3850362655126227e-05
-0.005736714945387482
-0.012285310379270201
-0.01729933896814969
-0.01983996027171895
-0.02023318453393097
-0.019470399906653824
-0.018854132011118532
-0.020056352928872683
-0.023469214564339428
-0.027550952290101023
-0.020339330377835182
-0.039042144112242515
-0.040653757916528345
-0.04066250637892636
-0.0374515480039708
-0.03192686305220308
-0.025583101899812964
-0.01894077556237111
-0.013417398846813717
-0.008315102506842012
-0.003968278008641532
-0.00562052301288562
0.0017277483224544682
0.00484293053284162
0.008724479563045444
0.011359407790876947
0.013889489790183262
0.01666870525780564
0.0180155056537411
0.019757904890373323
-0.007977594999899787
0.023539560740223606
0.02282658462907211
0.027277779872830192
0.0013197650685261473
0.027544689440616704
0.02790190937165922
0.02689382712381067
0.03220950749128807
0.027623359408626137
0.025692906778004686
0.020625016538513116
0.02114024183749352
0.019096224004158613
0.017977451721463596
0.0166787708312283
0.015729073015315554
0.012427002652017924
0.014360358747979718
-0.013700567895361324
-0.0064214081522866754
0.013371273129977147
0.01657668172131529
0.017632151539436328
0.012532331929645665
0.016679139144512856
0.008754443704005636
-0.013395877065411827
-0.0245507434873613
0.020328995743051508
0.03642246892674707
-0.014765142245087948
-0.030177359617710734
-0.011639489998330883
0.010109023120861
0.01135745794214194
0.008491691465102851
0.009752857954465783
0.002489960624850939
0.0014765287986825794
0.0023630307633274953
-0.006895855822136026
0.0056651924213166616
0.004726681116990476
0.006169670492245718
0.006659354609525121
0.007214527538786516
0.010044705003075718
-0.015169015729459433
0.019183781468142723
0.01490092872356562
0.00897975211653231
0.015595932153431571
0.013291377698555132
-0.015563562434269635
0.011966768088407954
0.013177099134119354
-0.005888635938071524
0.0183614035759943
0.02027531709630124
0.017776698072212733
0.024067024874864593
0.04024292420528016
0.0227926649125444
-0.005224712803318137
-0.027438635272861674
-0.023002656258632737
0.022187975130713355
-0.05250476325613174
-0.06188386653018412
-0.0364362843487871
-0.016676328677008734
-0.006377730618094193
0.0029917397424781707
0.014962591389528438
0.01893644593597214
0.02647588904133668
0.02378934282772225
0.02545500553085573
0.024255264789657355
0.025348781251946652
0.014311680748120751
0.026803042179924217
0.03550101123590552
0.017333136228274575
0.014794796964285052
0.020969770830204206
0.023858828253013387
0.014760006548834435
0.010667455178276733
0.00960940238784074
0.0100844119257685
0.012896504078964624
0.011788126345378049
0.009125107996309532
0.007475711280659033
0.005861870005388929
0.005000057444295367
0.004421928037670388
0.004118789315261742
0.006541914978570108
0.00739897040846077
0.0010910285753448672
0.003279265733205256
0.004211388647793169
0.010032940177148389
0.0037458597707189308
0.0009542830492261392
0.011007579186783353
0.0030612312009983115
-0.021345892881590587
0.00021898935700828613
0.008900891297656706
-0.004618903777246081
-0.0062834260439325745
-0.0067169294876970684
-0.00660321376236298
-0.008668400122852683
-0.006938828649407158
-0.00848982427916429
-0.008789477260828082
-0.013397356203985893
-0.02373598725104212
-0.030424350251781064
0.14990726790502337
0.08652619742914493
-0.026927337224106583
-0.023298274193658826
-0.0010061921141818763
-0.010401898832329122
0.01518266120365909
0.018359701475910806
0.0026327783063934064
0.016754329742523614
0.02069952949603253
0.01921643925143162
0.015276451697764612
0.017174219207563922
0.013006745488976583
-0.003698867333454806
0.01323967298336576
0.006973671381246461
0.0041793611069891965
-0.00012120727136659896
-0.012863673040636493
-0.008975145032346846
-0.016406802159428982
-0.0243401111884958
-0.030782913731450177
-0.0328817923688698
-0.031294931573208874
-0.025532851370914395
-0.018800153988792926
-0.014980052401939078
-0.015040548186431075
-0.016684292053701453
-0.017009670934577555
-0.014318515875505798
-0.008175817617097528
-0.0010299162366075637
0.003440582938697068
0.0048195254653972995
0.004696025862586071
0.002184529583473332
-0.0037636361664789963
-0.010484387519106797
-0.014583947267816807
-0.015296049399093608
-0.014053343811010826
-0.013388619244293375
-0.015645610206313897
-0.020973468110777094
-0.027056855854992224
-0.0308478705310417
-0.030442330310684
-0.02666227434537986
-0.02111824432166715
-0.01534248507286146
-0.011192479360940264
-0.009653838460824715
-0.008971740311966804
-0.006847093572112998
-0.03722446916451085
-0.0689646543416655
-0.015386249921958665
-0.00932878407111173
-0.025910434241520383
-0.024163738615031786
-0.019693653074850433
-0.018271672495244723
-0.004570908324103391
-0.006470319515418942
-0.00017341321677331984
0.004693223036257484
-0.0037969492246901163
0.011777269335472636
0.015881996412245906
0.015919771168725907
0.01488295367063897
0.01381281171023756
0.013731188457621276
0.009496215711622367
-0.01489255611832282
0.007059802084182505
0.005491669933001659
0.003068421122048029
0.002085506657211351
0.0004328588452190183
-0.005238599017761118
-0.0027827510365204134
-0.004018531917746144
-0.006014160512583356
-0.0014354902158874561
-0.004604466301800885
-0.006199618472003517
-0.006329126027178319
-0.01100851843847304
-0.024643822479663742
-0.005108553127699249
-0.0020420511092324786
-0.00646035077403997
-7.681683173922202e-05
-0.008680670128434386
0.022831711774522243
-0.0030007433334513127
-0.006196471743213918
-0.0069874674656043466
-0.006169290505641547
-0.003441315723364446
-0.0053428160774169065
-0.005115806185699571
-0.005228131459721592
-0.005217562660226181
-0.0023320618086247213
-0.0014131167120466801
-0.02967022280662739
0.008991974445514759
0.03657708313115998
0.003187652207246578
0.007941222610227155
0.04060634951146123
-0.010978734710299667
0.02506940945565237
0.1159632052743245
0.0790203109861261
-0.015993440356712622
0.009935935501915258
0.016660053217525162
0.047211502507797314
0.04152188365795221
0.03387113656754033
0.014700761567641869
-0.007003571803907776
0.051895250680926416
0.02870742848600271
0.013033967025963813
0.001744915480507544
0.0004984343333214679
0.039216504080242694
0.002535213778090972
-0.008099158350772505
-0.008664077122524165
-0.003638315470863326
-0.010416600367918324
-0.01648062731098824
-0.019993813700859935
-0.022126532622007256
-0.055089068513399765
-0.05086851401541063
-0.03368609170312393
-0.04875521749009383
-0.04258714623425126
-0.05761886695703885
-0.025164859848505125
-0.01888517231438219
-0.0037909502241086565
-0.012789516873982703
-0.013403455995107543
-0.008202073510424712
-0.011482237100749543
-0.013661193139906479
-0.01429904293377522
-0.01413082391868055
-0.010913451421915773
-0.013395670977655382
-0.013100673191002195
-0.013017945486426206
-0.008679364464117654
-0.00946581418021155
-0.011183630507732863
-0.008786788874664938
-0.00808020376674305
-0.04728375555872458
-0.00697667992268094
-0.0052776338894872914
0.0002785001960970863
0.00029386664393121797
-0.040821270637313424
-0.013407986006971774
-0.020878279568846598
-0.031538471486714015
-0.04424002875950344
-0.035587704213396465
-0.028256280872745763
-0.02846889974755522
-0.06622918930351936
-0.028378745484397176
-0.02415564268286141
-0.012142646429110138
-0.01277000907297873
-0.015223129939730465
-0.005627175865344474
0.00313851123557503
0.0025573068783119775
0.01955747923453712
0.07363162869157298
0.04291447488540051
-0.016367282630122534
0.004183039088997699
0.008424045015384173
0.00013876267070868869
-0.015564231407426032
0.0021295777099822563
0.014238121337101436
0.006154055506124453
0.007615827084205153
0.0077328610749024425
0.011478636586939353
0.00882506565962542
-0.004028927302872617
-0.0030278383422056563
0.010494688183127347
0.01731530650451593
0.01982475672122227
-0.0065956695745342546
0.009661704137859372
0.013471723502275055
0.01383263906740713
0.01344776702567105
0.010369462909826935
0.00931994058263743
0.007539422589051825
-0.06291836354498899
0.004792414231731021
0.006929474393540217
0.004527267386439788
0.003241341153727935
0.007043288690391846
0.007641548727187269
0.007767073375542534
0.009014975935654515
0.010082659762354647
0.01078992316674425
0.013277444235651933
0.009211742360597084
0.01634063192253812
0.017771224562835468
0.017143037904367192
-0.02095310933823543
0.018637110324199475
0.004713828739104058
0.023025079335169236
0.02499482345283497
0.02552327895242957
0.02507558428689205
0.003094521398818418
0.019437840550166854
0.009283397546343435
0.00820959857712036
0.01403299183044371
0.012389383364497034
0.008808715178755448
0.006292479907056544
0.004777820319709732
0.004757511001087495
0.006317323603401922
0.005364923716745169
-0.0017209487405627213
0.0056100588204529836
0.007765530090838797
0.007219938468200323
-0.005715823829229862
-0.009282814665467926
-0.019522089834752225
-0.023987544737995387
-0.028020499398975014
-0.02995037255572918
-0.028509125596030162
-0.023697959154226105
-0.017791600405236356
-0.01576824141017999
-0.016630490477218773
-0.018343422124208905
-0.017486106025267137
-0.012360853523961282
-0.004809614036434583
0.0005329945071802995
0.0019316427911394
1.9477007675863532e-05
-0.0058178331269725615
-0.013244065304923823
-0.017853866811025857
-0.018483026494871165
-0.01698989346958007
-0.01583792888952256
-0.01812321938984022
-0.023993109411680553
-0.029586458078634456
-0.031079888278082217
-0.03029323680254613
-0.0256395342246348
-0.019443267146616816
-0.015228988461125595
-0.007559794789241809
-0.003684951215782249
-0.0013395516005273252
0.0009888696293208787
0.0005199222314332761
-0.004941452141503979
0.0037972318387259505
0.004658804506844387
0.003928506248937854
0.002616071791686218
-0.053785516184763765
0.0024916540895270275
0.006831271966746553
0.006488689777304576
-0.011591865468485719
-0.0019234385654801581
-0.02601599295999393
0.002469697732807797
0.0001412465064800213
-0.002503099318065548
-0.035412303673995046
-0.006515302346944686
-0.022292106920152065
-0.049968970796308375
-0.06102567234201065
-0.030512024325117383
-0.006622249119049035
0.0035808192105582664
-0.0405409669523082
0.004420072678458011
0.007316508888164279
0.007096177018737507
0.0012553170543326713
0.008851843041778263
0.006139854047362531
0.006308059623825209
0.005639696103618931
0.005180708997823848
0.004047944874441982
-0.08521244002569565
-0.000259362021449645
-0.009021531407453494
0.0004789772773480719
0.0020124899665084532
0.003580347117860613
0.003294763673458278
-0.003741432691447809
0.002777704555020472
0.002217830365933115
0.0016907311169524792
0.0012101468220879585
0.000261396768288437
-0.0009313814737322924
-0.0031560100800489665
-0.003090176520924045
-0.0012271864645356369
0.00608822253898193
0.013521374536290381
0.007574453562820836
-0.005990555090292386
-0.011749419467563423
-0.01526849104296407
-0.01803199209587551
-0.020268682202368382
-0.021940207845811317
-0.02224952770723628
-0.019008625904561396
-0.02262217796022118
-0.022300492026520596
-0.0206849604960838
-0.018452023605956613
-0.016016674375705912
-0.013384834834087853
-0.010896230134596356
-0.00876226490462769
-0.007436247926618494
-0.006577231503947275
-0.006798151274584096
-0.0074186023997645486
-0.008352154638324692
-0.009332367422703408
-0.010051043720147234
-0.010218440445227623
-0.009579652098857477
-0.007963527092669998
-0.005356767852109746
-0.0020282945175960146
0.0013742813590165736
0.003871524940979852
0.004476392500522592
0.002803920031802926
-0.00039477629441786943
-0.003455946417550465
-0.005062722685653246
-0.005040039644356883
-0.0033927738634922985
-0.0003817692760641001
0.0026353631812873605
0.004192528429431216
0.003832111921388843
0.002044576539507736
-0.00030128727563649856
-0.0024488766191484374
-0.0038860338545875198
-0.004213860365992477
-0.0031635740356138497
-0.0010115181893553403
0.0007933994534632344
0.000664780242788803
-0.0003847602198046572
-0.00011996545326981373
0.001076652017253438
0.0003139598814155134
-0.003589092354127582
-0.008460770928477766
-0.011693213507499987
-0.013754436119665921
-0.0168074066262992
-0.015603316848354878
-0.015372938564654177
-0.014583543408855955
-0.0134249896219323
-0.012267950328956018
-0.011070840371027721
-0.010515684858391588
-0.009971573190910514
-0.009539343391125636
-0.009138646644470814
-0.008698950128039448
-0.008160467958992976
-0.007468284251280393
-0.006697124698125015
-0.005860742352559402
-0.005376279363465675
-0.005396440464354914
-0.005040667993259276
-0.004748199089425916
-0.004631667676880327
-0.004768807316822413
-0.005194049642948646
-0.005874205774163643
-0.006684671820669579
-0.007438572106128466
-0.007779902572506815
-0.007238889312970706
-0.005275710341987513
-0.0017625829854580033
0.0021998149935557243
0.004525260322886316
0.004838665035462656
0.0049986517239796035
0.005297339928276137
0.005633051276817341
0.0061450021037411165
0.006031796670828184
0.004552415384878607
0.0014827931916556274
-0.0022695397651007216
-0.004983026858216378
-0.0058273662046250205
-0.004906585857013333
-0.002048365204952465
0.0019369773565598722
0.005149434644355601
0.006252481975553703
0.0051490500529833595
0.0026343188053912824
-0.00017369119025420815
-0.002500971938236129
-0.004123612791933578
-0.0050023596856129575
-0.005137692968450168
-0.004667208800661435
-0.003855299077555247
-0.0030603561679962334
-0.0037734241671122186
-0.007116877170124667
-0.0020302412239570555
-0.00027198306534388466
3.163062168648119e-05
-0.00013710577982571612
-0.0005279245571028834
-0.0009390006984371984
-0.0010862711338702994
-0.0004104178116594028
0.0015731501914948536
-0.00010883679563221473
-0.00020470654274032008
-0.00046774856470935917
0.00015635337710640928
0.0012190150463311765
0.0030350944373805145
0.004329563402035753
0.005368216924673271
0.005842299698337503
0.005568353353413514
0.00439484276073344
0.003049012090307394
0.0018120378804688368
0.001986047029443419
0.004593038497304249
0.008682740517230255
0.010650806921082032
0.009103498392179433
0.00842485438974067
0.010439843389129597
0.010703141600403185
0.007336043215062056
0.0035361916387449213
0.0015105553792167156
0.0010373609579043517
0.001050837223472171
0.0006618014775756744
-0.0003759649792882536
-0.0018808287072279337
-0.003728732566137002
-0.005848853644944265
-0.008040808561306031
-0.009669992598481893
-0.009891827347930504
-0.007905669816767356
-0.0035556112316552668
0.0015986000813440252
0.004767039395424178
0.005134204881642914
0.004947639944718751
0.005417904888677628
0.004535878459797684
0.0004714424936893691
-0.00516664540663929
-0.009532458312387183
-0.01134317024221695
-0.010933257299802598
-0.009345260750942894
-0.007781638193233618
-0.007251659928981599
-0.008299132930937163
-0.010709045376612741
-0.013849636524208056
-0.01693891536849604
-0.019248963666268864
-0.019815459370658293
-0.019859842883433183
-0.019762615618013145
-0.018032547385443437
-0.0156197050696838
-0.013009627593323265
-0.01021159124971535
-0.007653281219624041
-0.006382417576509223
-0.0031617793015809503
-0.0017651859018503557
-0.004275164145088326
0.0009881095037625935
0.002160866469839536
0.0029681014319210314
0.0008565115209760023
0.0035440864355443507
0.0038352272308986106
0.0037417380642035944
0.0026622645311457586
-0.005520323826595237
0.0050160558873747615
0.011930169206884509
0.005359773758012394
0.002743606220388185
-0.005586199038570348
-0.0017945622148302423
0.0015449646318373036
0.0018173854799842268
0.002836684234864348
0.006592031678438298
0.016836067860494457
0.037040735340712526
0.053457648063594376
0.045943002304997524
0.022486083554815316
-0.015362811381616973
-0.0385032127278643
-0.002011895015945613
-0.005458185921929839
-0.0034817067953476183
-0.0006762622341622026
-0.006433089730075995
-0.002995317409665469
-0.00022512402727334523
0.002010704035533497
0.010209796922861912
0.013158040747119803
0.003405596419152529
0.008535023014399777
0.02625308360976142
0.05474462048639929
0.05285383106932332
0.0323436914191856
0.00893023577297987
-0.00034590904312262584
-0.003618109413567309
-0.0014325980828404476
-0.0007816594513867562
-0.0007569755499836599
-0.0037696149538342365
-0.029308944695958235
-0.0042831223766690825
0.018741296227632175
0.0038833159806620256
-0.0029682074321501035
-0.0029812794698985037
-0.0022355245594486246
-0.0007354414360302108
0.0026139293725703466
0.008379974792948698
0.01640277443436449
0.021115588915222926
0.019700577474699013
0.016290548792516932
0.029380128743911587
0.021317379217967874
0.012979331267125601
0.01937736329624359
0.02795719481272016
0.018259966234312974
0.01843633840862124
0.022780994820739125
0.018366764474865672
0.009920287872107992
0.0014973018976530954
-0.012211885211324975
-0.007821826840192926
-0.0034665046188797864
-0.0029145298948454346
-0.00168182215751629
-0.0011130442588405602
-0.0005994834914054613
0.00027083882067763064
0.0012627097757078362
0.004108351034147887
0.010823301596049627
0.0014891370148028254
-0.0023149019313679683
0.008955861820951524
-0.012172650020986301
-0.0004368204429961459
0.0009551084583461929
0.0003202504876869586
0.0014738314954867834
0.001543404666261539
0.00147133588355033
0.0020072284921745834
0.006467786804469954
0.008795921011661635
0.0019016634728143942
-0.009978061282760891
-0.01322274853490355
-0.0021233802907904597
-0.0013205729035496484
-0.0015969953569636968
-0.004102403940497886
-0.002070516086910148
-0.008673044772732617
-0.0025424768520822603
-0.003615274225408409
-0.00173615409135508
-0.001447219410831138
-0.0013305634913786846
-0.012219051493673912
-0.0027720609333204064
0.0007587013391548371
0.002059242914927219
0.002642111083796825
0.004454296780322188
0.005900104233988301
0.007486964739491104
0.007012432673777902
0.00910374618254973
0.01090687545128314
0.012179281639526795
0.011851478376894374
0.0121376611998463
0.014422829730466975
0.014415686274980992
0.014405077726102012
0.013100478313065753
0.010039264257280217
0.008067579685224523
0.006420708735427036
0.005702940660924871
0.006963429350129274
0.006379334311467168
0.00791709796981792
0.011307632433846996
0.01489095061558767
0.01780019433290531
0.02023656365531499
0.021696773521473936
0.019246608498024856
0.016872152077016846
0.014057737221203681
0.011372960021406168
0.009785302064954536
0.009835099278825624
0.011087710216696592
0.012013970079186927
0.013425993522651392
0.012942922013750219
0.009292240643027583
0.005528303501444377
0.004639798598626703
0.007325417278511478
0.01183362787546614
0.01493764054702907
0.01499831391277748
0.013045955773090784
0.011072612335082383
0.010396862463372042
0.011315354666514602
0.013451760716460258
0.016117221416158935
0.01852953752312079
0.01992760948340894
0.019868659471738014
0.0183089230359325
0.015701654333341346
0.012604787376913111
0.009640556483140926
0.007284159213024533
0.0061113852097562805
0.0055635585023172405
0.01117628353780065
0.006970277643176005
0.007891116043027405
0.009703533438300953
0.011077836361917582
0.012751047982931243
0.01492205988288947
0.019100975806137867
0.027984643001026554
0.03964556533352775
0.024896721912784338
0.02159575243460124
0.016142492049434506
0.018821040903574664
0.015153909980243765
0.012029393238769805
0.00929519096321891
0.007460119215505235
0.00561025593240985
0.004165640226711794
0.0032142638547958007
0.0017848479623851958
0.0003176292798267496
-0.0012647991101051384
-0.00465199411263613
-0.024731117305195827
-0.006454633595591188
-0.007057510621304179
-0.009228627696648508
-0.011805205994588005
-0.013435797246962831
-0.014492265398249885
-0.010686001485793135
-0.005089054073701053
-0.05166293778292506
-0.08551767606608474
-0.025229822658756257
-0.006348363880425955
-0.01624392392195625
-0.01873421969777222
-0.01695008151558343
-0.014392295700764132
-0.011444730793986358
-0.010354724086165968
-0.009077129552894027
-0.007910668136914299
-0.007059423787261892
-0.005859112584386963
-0.00562194507636653
-0.006963953596211833
-0.0540531148783441
-0.0062497335041786254
-0.004332366466001452
-0.003539018819130538
-0.006475110456305569
-0.0028550090499531895
0.0005712658994592223
-0.0020830406497379774
0.0006301965931441441
0.004101388796657668
0.03432836655369583
0.005189231428792133
0.003194821666319538
0.0018754115879071654
-0.0011602077946527161
0.0006263040112845276
-0.0022516055080723323
-0.0017772443987017284
-0.0016031612164288255
-0.0015795170275943037
-0.0016127016479595907
-0.0016488072488810373
-0.0018800675189241305
-0.007539705288624544
-0.0015108697036790423
-0.07085325234026729
0.0023111025083977655
-0.0009807802163885875
-0.0020591812827691043
-0.0033657154016150746
-0.0037175130647216807
-0.021859888742553714
-0.0036785621237675177
-0.003946287253638154
-0.010817900106318617
-0.017648222414550236
-0.0056068352582537
-0.005700279801833876
-0.005871368578260418
-0.005778264664409738
-0.0002561632667683706
0.00946427463208377
0.019133669480670547
0.020289792969948393
0.025424078434772276
-0.003264130407606813
-0.008077704303949839
-0.00639964999169945
-0.004667086819484798
-0.004210092030996868
-0.042980608942428854
-0.001956536255416308
0.00020758021067485103
0.0016684709943417051
0.003367917750986743
0.006622531503403471
0.011070569369181207
0.016618639412147498
0.01955639412640225
0.023775747649169527
0.03230858083281799
0.022741561865787754
0.017818986516331646
0.014775473332103448
0.010428324356850082
0.007510028963819017
0.006015959585486391
0.007951992446230944
0.004159889072245358
0.003663803795816748
0.003397402869612837
0.0031825663916488158
0.002830805181720245
0.0026486587164231447
0.0017766023001647966
-0.00680870842951895
-0.00043803091574292637
0.001222440131364323
0.001666331532503862
0.0014301626589048764
0.0012658631980717752
0.000805391143087
-0.0008375422863811506
-0.00028333635991485657
-0.001373584067507251
-0.0004769789953229253
-0.002588356394135938
-0.003052232008874426
-0.0038131873716438125
-0.004457240391218856
-0.004595712951635063
-0.002852316866732501
0.0037606072677016196
-0.0014564218635577247
-0.007784592977249186
-0.010283852658258172
-0.011642050194100135
-0.011560349386194326
-0.011260046922258788
-0.004962257791762739
-0.0039653281299960545
-0.012751979304609704
-0.012591919828067724
-0.011341404917092592
-0.009519851377490215
-0.00732041829486509
-0.004920240533063604
-0.0026455982104786188
-0.0008332328196586974
0.000221031890436523
0.00082675196187812
-0.00084203844260739
-0.002277134375116475
-0.0034004358938086944
-0.0034225566400696425
-0.00162846175754234
0.002120163308340865
0.00650160895474567
0.008839028077979112
0.007917610596789129
0.006283751631804166
0.006839012969180851
0.008748154681549406
0.008622374781504625
0.005339120062225492
0.0009930077045340604
-0.0022980444511748934
-0.003941908069220107
-0.004320073077024062
-0.004067083636366763
-0.0036999802834408336
-0.0035243275495240216
-0.0036554593417071975
-0.004072678724526408
-0.004684540603474071
-0.005083299191190709
-0.00612614131925956
-0.006973899014488238
-0.0076716478231954365
-0.008303786585245124
-0.008885193124179045
-0.009376023515949076
-0.009801184072357493
-0.00976699686151411
-0.010458422341456176
-0.01100319545774622
-0.011354768373611044
-0.011725600175394807
-0.012169651323976311
-0.012751020417960576
-0.013694284377279646
-0.014935033248476805
-0.015446812732827867
-0.01509844653195143
-0.015043787284733256
-0.015311231472417922
-0.01565166170218354
-0.015948388114994595
-0.016139704601870808
-0.016179765082107722
-0.016026184879156878
-0.01565149624821704
-0.015093727767998714
-0.014377542804468747
-0.013377896275522105
-0.012004107283702204
-0.010309995704594203
-0.008375373450375416
-0.006255972938090998
-0.004079169979703428
-0.002026383684649567
-0.0003501867727209566
0.0006506544182030864
0.0007083457864688679
-0.00026486535844677815
-0.0021850394556694346
-0.004755094693586872
-0.007204139514270669
-0.008733574756963505
-0.009319443747955514
-0.009457110972527119
-0.009247919005385206
-0.00903223375857367
-0.009313901872359115
-0.010052718968299127
-0.010744952084972077
-0.010884707108744802
-0.010476774110113468
-0.010172201690336419
-0.010438236569917644
-0.010777801554909578
-0.01039757831209188
-0.009034594192567717
-0.0069605885830924565
-0.004673907529604133
-0.00264064976501335
-0.001176476187848287
-0.0004228296766181168
-0.00037869170965520223
-0.0009450951100910716
-0.0019695943702146648
-0.003287487556500542
-0.0047466205676925995
-0.006225120640964992
-0.007629735217298959
-0.00889736734129901
-0.009987099441426488
-0.010883664653727417
-0.011583957651578294
-0.012098444123944646
-0.012436302518820311
-0.012604862606082437
-0.012633678943713676
-0.012544611389832127
-0.012308885525656881
-0.01192473172118595
-0.011384976453433006
-0.010675121265961028
-0.009776610263396995
-0.008671676947233222
-0.007350073135201928
-0.005825068605609949
-0.004143344530497023
-0.0023985845386854305
-0.000743707805034278
0.0005995302198514514
0.0013686488176345246
0.0013021630390403227
0.00023038764966473678
-0.0018229558715151797
-0.004539414091359027
-0.007294513801536118
-0.009326561768829868
-0.01014314584562545
-0.010022843465479039
-0.009909599015703933
-0.010142643027624465
-0.00989344084843853
-0.008462591158081467
-0.005981609822824461
-0.00312891610591601
-0.0006398397493743844
0.0009851579029063107
0.0015420269270396882
0.0010781026986293372
-0.00019358546683536908
-0.0019969618854345068
-0.004058750370337552
-0.006141383157454305
-0.008070852171402501
-0.009737474140439146
-0.011080977927853534
-0.012077059041202712
-0.012731151896957534
-0.013066976769397574
-0.013113237620178061
-0.01290621447604666
-0.012492261851152927
-0.01194285868891527
-0.011295194387247286
-0.01054665584666642
-0.00968712633596528
-0.008781868992227826
-0.00777744652788273
-0.006694494887393372
-0.0055685933590858445
-0.004301467672502315
-0.002866170545035946
-0.0013629459203611687
-0.002086207067356792
0.001756805477010365
0.005122953780321911
0.007948637005560692
0.010261501136745019
0.012613938126444542
0.014522423992995548
0.015592346161539952
0.016089010059372973
0.017328613515308747
0.019673524697438625
0.020959600489305102
0.02064120939222765
0.01920195034286482
0.018866201225295212
0.01870193258253448
0.020697128992354652
0.02232007454879925
0.021505754257679865
0.019671281818923463
0.01783126705051612
0.016286200453414574
0.014059036524522922
0.012475038051927801
0.01161866715982522
0.011982582693790223
0.011747752948696271
0.01194633878794989
0.014386434812130275
0.014363467954507329
0.016207464685151777
0.018497601511303936
0.021170587199560383
0.023833000452021358
0.02638360074390187
0.028514099192154516
0.02969938852306616
0.02944944378031047
0.027638029015220916
0.0248518862995734
0.02242517197241976
0.021828129830541287
0.022886855708230357
0.023020224469202422
0.022808568816953284
0.024459520543944676
0.025812339593218523
0.027245659641029218
0.027854976984230416
0.02753918031535362
0.028543127285309063
0.03132145590485921
0.03452803828816932
0.03667962144872882
0.037012947748753446
0.035633146257038534
0.033308495853325806
0.030947956884217358
0.02840872148952504
0.025294524218183158
0.015394002976253074
-0.015232292741419249
-0.011750872451405055
0.012569029753773742
0.01796411581711401
0.020718540618922872
0.015794356536877146
0.013468140091989671
0.011451876410566959
0.009074310658937925
0.00822119388330576
0.007583245028399101
0.007202764831039013
0.0069140301181747806
0.006693827702168275
0.006590520337184355
0.0070701352651446414
0.006168466230056373
0.005955927861829845
0.005803299752763548
0.005681033941431483
0.005603535201673029
0.005680586046036332
0.006263285811214186
0.0053275328684163
0.005189840829140182
0.005170197865457454
0.005247717478895906
0.005956505447396244
0.008401726779480536
0.006943839127919584
0.006402433679221438
0.006540672707171114
0.006864545362354192
0.007295553436131631
0.008327526516176636
0.009746958683996255
0.011690801111738536
0.013369736787268443
0.016681613948687463
0.017242500906344622
0.02058926271003357
0.02041976790895353
0.021218012067349617
0.021099847099836647
0.020182049391343614
0.018491697899741186
0.016339230136944164
0.014251392313588303
0.012805082706740026
0.0125319443489986
0.013624949215325881
0.01547555004361707
0.016391823250194948
0.014422201043542526
0.009574893662755357
0.004936780421114948
0.0037497612718488116
0.006430261031570226
0.01031688658504536
0.014477206634469598
0.01575613840360405
0.014501530752324715
0.012953293493196747
0.012385720347134808
0.013055634360406753
0.014595772009017951
0.016491290675877446
0.018243706290559675
0.01930528695578765
0.020425213718012484
0.02212388575859952
0.02369549697148194
0.0276469727830721
0.028750695192048776
0.024756859182200587
0.019110137967845442
0.015184505670301602
0.012504747506231241
0.010623396415384763
0.009415811234792598
0.009760471808504687
0.010474409566990087
0.011824347552996101
0.009250094692139726
0.006459947268130648
0.005928602247507955
0.005326770960110919
0.006053172602153991
0.004920282454852299
0.004694565016328327
0.0063208438352985565
0.004688275106171212
0.004339402822638908
0.0036229663975361486
0.0025374535344043795
0.001063452699672106
-0.0005056404411760604
-0.002024032093870216
-0.003093399355025104
-0.0032393515946075274
-0.002062553890682742
0.000549329728402368
0.004040869364516725
0.006944742535938903
0.007411810673295548
0.004861645882421045
0.0012373464076534375
-0.0008543847902190379
-0.00044242877034508224
0.0023597328118879785
0.0056396573711187115
0.006728038222049875
0.004888033573317775
0.0014622662084360692
-0.0017948324672120233
-0.0038356840820488827
-0.004429977371000977
-0.0038262544734864934
-0.0024282288865961413
-0.0009177871304971527
0.0003678447508090037
0.0012379081485831783
0.0016824761969364487
0.0012914010303180848
0.00018645542865559247
-0.0010909640694283362
-0.002464740813633172
-0.003763213976751464
-0.004788159511916829
-0.005155685128063241
-0.004444068327242788
-0.00439146916646073
0.001010768740797419
-0.004325140637537437
-0.005224062713624757
-0.004812603213841215
-0.0037672890456181686
-0.0022212867567238067
0.0036656112172281973
0.0007841319496314074
-0.0007002900390782122
-0.0004048505560677832
0.001028149083808413
0.0030782344258444795
0.005640061560182725
0.004775718300172013
0.004009614183946917
0.0032350771366140463
0.002638313922193621
0.004395208213976771
0.004742674792678924
0.005211755257325932
0.006892568360156269
0.012964364098330246
0.014217321417345588
0.008924185596945999
0.010465397720377433
0.02047316043091836
0.013413939930805719
0.009015377675483868
0.006755583729040708
0.009236413210240605
0.014079744757222621
0.01639794976659894
0.011045821794537026
0.005445795080829948
0.006289116633953188
0.006937490039108114
0.007430850156657634
0.009122645650116803
0.012968942916414056
0.010176228460408339
0.010070955414913511
0.013841787772636893
0.0262020934546255
0.015406791102242577
0.010156453906669407
0.008284244687434227
0.007616391634775754
-0.0068759078768085465
0.007824300720972687
0.009033284490333623
0.011946239392892582
0.010702863152432417
0.009074806120965142
0.008828874642406113
0.008905459126498561
0.009345172592612302
0.009745999384335317
