-4.4744970312740276e-11
-0.007706722045816929
-0.008145833381304124
-0.006484540899697434
-0.003872286552366779
-0.0006983122654461349
0.0026669790058236236
0.005653757676098939
0.00848216591555315
0.011127646860360866
0.013727846234373495
0.01498202729077303
0.014875672648562047
0.014698721524375378
0.014199085209249594
0.013531647569479768
0.012711621878426175
0.01234743660326301
0.013583790738059025
0.017987003662320217
0.024426722066798738
0.013404711705118406
0.03571330209095551
-0.05471502680063017
-0.03160655682681135
-0.006388276468941722
0.002082771492353304
0.0048318193966725475
0.005308433905942959
0.004950420046377844
0.006518719065420867
0.004080862559455075
0.0028392136078151664
0.001797649890448861
0.0007300522189009428
-0.00035959679253615026
-0.002566097424639489
-0.002658806232076519
-0.0026427275679096695
-0.005949368983291011
-0.007795467234485474
-0.009680015048530662
-0.011477926328626216
-0.012171925184270748
-0.014495846484330287
-0.01645756058912598
-0.0179460899634154
-0.017472364839587723
-0.014492005417312116
-0.007793050812529556
-0.0004854008357327314
-0.04372939822216937
-0.18998405924412587
-0.16314643832878756
0.02143994715484616
-0.008217921475824884
-0.013479735672788113
-0.016885708203652167
0.0018666193841526482
0.010922574362426598
0.01548298878193545
0.013427501480022757
0.0027555579267224475
-0.023681161155315603
-0.0032644905051727817
0.03526046099201147
0.08413965538180997
0.06057745717091904
0.10495229818228104
0.12012173211441982
0.10121988309242183
0.076470088877989
0.05624958152444788
0.04128899071813036
0.030385712042701612
0.023019591517047
0.02109249089369916
0.018421915163116857
0.014024895652089869
0.010828892102110124
0.02148173389276419
0.021073861709376675
0.006497828668694627
-0.0010706156877099584
-0.005882079871133642
-0.00914520375808037
-0.011261290587555414
-0.012280626111069386
-0.012306062983197358
-0.014975091743327082
-0.01670163153565757
-0.017642232431143948
-0.017710629503051696
-0.016259489210372933
-0.0013928167084126418
-0.015563073258750624
-0.00036986113020842523
-0.015166336487911453
-0.018288694028243877
-0.017688529095556748
-0.016462784493540564
-0.01040103335943617
0.011233204639395705
-0.014216661929762058
-0.006196185587451473
-0.019129592095148435
-0.021362280534771398
-0.023238510289459533
-0.025163520557082784
-0.025208400362495997
-0.02263986822226019
0.01817322691212699
-0.04255126471226689
-0.052115451419189766
-0.05354843159563907
-0.02941595720590812
0.021793619744472928
0.039185008913491415
-0.07109692163954244
0.07332867300846727
-0.06659805076778555
0.01855634359421821
-0.04461642430219472
-0.06146315780496678
0.033232383780270866
-0.022941610919589593
-0.024673255950911098
-0.022979209848031725
-0.01050370449618454
-0.006186978375704837
-0.0012378284338949376
-0.00014914778761722884
0.008644527804709519
0.011101778915146777
0.013917728356681097
0.017293611107701477
0.019825576159578476
0.026499320433703896
0.014709441489097563
0.014773844758931669
0.018071731125026008
0.027619275247703714
0.0980080583990531
0.018493948528691365
0.007364631469435008
0.04278125140162157
0.022089122177698414
0.022952127072899474
0.024537924061484143
0.030247934394713703
0.017859572129211052
0.013263297547042991
0.010630107893007818
0.014096721476103325
0.01496033404991857
0.012669839635747807
0.007667907932010567
0.005559867888623644
0.002217745295102338
-0.0016038163801351132
-0.005758855950595095
-0.0100184842819652
-0.014007992415394936
-0.01820055480616132
-0.020479662129561
-8.842660536939996e-06
0.010271701552825403
-0.03709750224895467
-0.044212747918643096
-0.055265032662318025
-0.05076751998391281
-0.04896821907665265
-0.04459211348718854
-0.03950141191782841
-0.03896853090578382
-0.049271631355348657
-0.06336951580321783
-0.061683320672716965
-0.01395378777550443
0.03638629621504336
-0.00983168936021427
-0.006854882146721797
0.06012427710055962
-0.11211597166251043
-0.03393227069220312
0.043577070209464414
-0.025152861633507134
0.021669034447929468
0.05313894269042578
0.013719212431196049
-0.014413535348409223
-0.005625576095369656
0.02149576648429364
0.04865417001648311
0.06812954683291358
0.08120760033555997
0.08814284920499661
0.08496925856775805
0.08250824826512022
0.07551455510462565
0.06530772227912905
0.04842883281587251
0.020331438413852928
-0.012142195110444209
-0.016574492018247615
0.0036913634657610864
0.016778756914187617
0.02109573192187231
0.02404259153698497
0.029811428714028233
0.01356914943226883
0.01820064449483307
0.005579451069239476
0.0014940494729516359
-0.0003327960552591134
-0.015961680726021325
-0.006852346941218995
-0.010977086121014945
-0.015082258702434164
-0.016201296655236046
-0.019241534761995967
-0.02037244053728642
-0.02313052406598973
-0.02819661670025089
-0.03902381854942848
-0.05827139021623406
-0.07194009364020161
-0.053523386971561074
-0.038041048437084404
-0.02971596472676697
-0.026172286272742377
-0.0061583450472322545
-0.029591625352505667
-0.04115296615229774
-0.030056793345915832
-0.026862049552317708
0.00297682501387972
0.039387439513428706
-0.013403510587328962
0.004915291731084495
-0.029143981002413555
-0.03891200467259339
-0.012183605515410156
-0.006637977277321927
0.002105087843898441
-0.008320806609458121
-0.006747707186708235
-0.0031180842408716197
0.022662396992537637
0.0064638507387983655
0.007706941699848239
0.00013537729975872482
-0.0028757193666101378
-0.0029215852301431814
-0.0048631357923016715
-0.005581343922976758
-0.00027938359081325007
0.005107994785263937
0.012463516647795882
0.031562624518795164
0.013821798374832469
0.01466736652323996
0.01600927942827826
0.01448058693885121
0.014100619941063437
0.018356994670121862
0.013659809700449365
0.029323850309764744
0.018704264935826293
0.019604713053109794
0.02151082522013447
0.017601087979665003
0.019563859514548507
-0.033356076977372945
0.02309150417532989
0.0199597648460939
0.017119514827095006
0.010774806783160907
0.020023969863454186
0.02186649070541187
0.014557280851734017
0.004752058957934289
0.018545007678300102
0.017582310436397144
0.0195664998023548
0.017658249140083935
-0.003524045049342221
0.014468180494505604
0.014034991411341504
-0.021566972939949965
0.009978089150938523
-0.02589987256880995
0.008681394431923605
0.019696637456593034
0.0055626196033077184
0.0033977074743463008
0.0004044458135435703
-0.006711180398930523
-0.015163920619933302
-0.018915998867930314
-0.01812026454591651
-0.026049959482062117
-0.021019709492993317
-0.014527885309906523
-0.02228977002021016
-0.021207472835742
-0.0210104613389284
-0.022951614921284034
-0.02412139009698996
-0.0246909395776612
-0.039364504388211756
-0.020795917767674345
-0.02508524883839231
-0.01826055013106016
-0.011986261063099
-0.02353807507536847
-0.06559605309625888
-0.01013432349720048
0.004321779459828873
-0.014263138842433363
0.059389506010327275
-0.09702036344258522
-0.06839920811284994
0.04964083065002121
0.08124824281778553
-0.017090873292147767
0.048226523468758935
0.0573613265308813
-0.04364897661649241
-0.07164502779861302
-0.018496499094205688
0.028946749807458278
0.038514959993467573
0.02735350414814134
0.03467660837364494
0.030231370483728183
0.025519573816657388
0.013161532552205334
0.0045773095433981415
-0.0003355042404792039
-0.002585406179975036
-0.004675915823524068
-0.006577646263254745
-0.01882096275334173
-0.007873488486155641
-0.006605152679069063
-0.0002670162803456395
0.0047194931334506585
0.008276701907463638
0.011544952019820889
0.013336414035651209
0.012589028262415236
-0.004285341203152846
-0.010055059566872524
0.029006177762510226
0.037538570935162385
0.038165906108147095
0.03393405572390915
-0.0016621823599870323
-0.011488020754236826
0.013204400966513366
0.024953897036062576
0.011919088136771578
-0.008880785927366049
-0.04246166468629446
-0.0479073656633101
-0.0448507048854703
-0.048579314052213135
-0.04271321240305597
-0.0023843560417710135
0.038369861215935656
0.030468294738298537
0.004201506786124926
-0.026472572012181658
-0.016348247357072864
0.03607434159801805
0.03740396392818413
-0.02246369791939921
-0.016788568832222208
0.02323657204387619
-0.1400252777150188
-0.030147103863668884
0.016073356767201508
-0.029846744934707795
0.02334790831247286
0.0542735639422202
0.01581071401827763
-0.019759093495534702
-0.021154545683620195
-0.0004996364933509606
0.006537111785543426
0.008636879427285804
0.010366150833723695
-0.004965943073263809
0.0003732720337487646
-0.008512368568358589
-0.009177054117675009
-0.043261411184069745
0.00016855895354980882
0.002196915570701753
0.007674528547104958
-0.024682755511080602
-0.03390466513959687
-0.004386804876425645
0.015936032313787117
0.025861527378423156
0.02858426392909007
0.026611874968738267
0.0026489787062600836
0.01703653495707026
0.023661509853763456
0.020858652112941693
0.011226494619534795
0.0026065573549915243
-0.035854699019181084
-0.01789082843200151
-0.01330189753050812
-0.019029959833662576
-0.027327501180370417
-0.032453987598547146
-0.03153580961159192
-0.02004026104697244
-0.006271070888425763
-0.04901181232423345
-0.028829246172817354
-0.025059878129609317
-0.01817022441465185
0.04356089094232691
0.06930510673588196
0.05106390131737787
0.039497558415322445
0.040543852053944535
0.04667344543586817
0.05024757640215204
0.05055160861448973
0.03972799909610763
0.00423645665388923
-0.05247693978749322
-0.04145408553665874
-0.062019987463956275
-0.005691093228272418
-0.0038852752308423193
0.012801185599804714
-0.007171140916749369
-0.02630390759959828
-0.0634828151900886
-0.01444279402256511
0.029250351196801763
-0.15736007878472008
0.021625663238600747
-0.0156454939432654
-0.05458324910401531
-0.007848786037519763
0.018571153792964756
-0.003085632903429415
-0.03015057808410511
-0.03989421466615628
-0.03625975345788505
-0.022575075829907337
-0.005153091822965125
0.00636885254781326
0.01443339236779267
0.009973746749198598
0.007054120909716081
0.013762517557503011
0.009462914619080269
0.008682689344391469
-0.0038601667842851728
0.004661678343428539
-0.02721530086768906
-0.03690640079964836
-0.1128033316463867
-0.014737014497825272
0.05035676434445796
0.08484777136567015
0.08027716789331747
0.01736806080046539
-0.01265720389778301
-0.023488452283636205
-0.01420211562283629
-0.010842359043762038
-0.006285264003170071
0.0019642805041631267
0.022428100363924702
0.02936160429232868
0.027825875982776613
0.02399787448988418
0.10612149273994348
0.05144371783677509
-0.04297709300600726
-0.031441743757124725
-0.023872646032799018
-0.012887260114183162
-0.0002776802897310284
0.0012812511761916225
0.00036213145271768443
-0.005175050238781647
-0.0025693144262918057
-0.006067216815805165
-0.0008267289473088983
0.0027430942355340495
0.005588086669581534
0.009760715656311102
0.015219752205738844
0.01983838457162305
0.01806133606148669
0.01575418435348855
0.014573641001092938
0.01028771718094922
-0.00846880142590116
0.002742695169719262
0.010307271013067434
0.006469044389027183
0.0031102302087761932
-0.0009071849172715829
-0.016981609404812827
-0.008977928773931903
-0.010639177966765874
-0.014142226075674976
-0.01688496804262805
-0.00656091684072559
-0.015930521827696952
-0.018477143228216492
-0.005164762808344349
-0.006586832545017076
-0.004822742802993939
-0.0009423309319853941
0.0011460239988892124
0.00426737297300683
0.006559406040897147
0.005967204111526697
0.0025156607267473583
-0.002026467232374243
-0.006847676287968694
-0.01111623960892053
-0.013800350025736161
-0.015494762286434056
-0.011971814095546238
-0.008216670335089665
-0.004913508847953737
-0.002150055651450823
-0.0018064013222437124
-0.004567044722897621
-0.008506315939905864
-0.010754388030789867
-0.009392048839304466
-0.002423064989209906
0.005035990036902014
0.00949402646838395
0.009103783159029535
0.0042167972683981895
-0.003224921011411696
-0.009157195325904276
-0.009557447915293501
-0.004723311954192954
-0.0011055225113194708
-0.003897391790419182
-0.007109077405500244
-0.00353740330124894
0.0009566971064241984
-0.001087457812392226
-0.006214421981692025
-0.007679084126690534
-0.0038820537878921165
0.002287340167704023
0.006985252140874331
0.007645068927749491
0.0038067995379181996
-0.0024709835842625797
-0.008692932122604411
-0.013824981126086206
-0.027507644591274777
-0.00975418012958214
-0.007857727970536061
-0.004417117398023265
-0.004094072880225932
-0.00719417714665269
-0.010956722813159812
-0.014083432519045378
-0.015496481164665697
-0.016280589221307408
-0.015593833127698646
-0.017294575956733834
-0.009137071947711699
-0.004117203236792047
-4.824964872886377e-05
0.0038497836308510136
0.00682795016373106
0.008595039393320444
0.009496635710263778
0.00945637687163963
0.014855880499685677
0.00592173312217139
0.003769889575072764
-0.000697386432074529
-0.003443579069309673
-0.00646129812874487
-0.009294740097129044
-0.01068502358024603
-0.01416270910509157
-0.032429506344595474
-0.015050030397088724
-0.014216699258790304
-0.014954058651944161
-0.013450961350599245
-0.011878731024190455
-0.01038375171191328
-0.00871467533231715
-0.00673111114537221
-0.005246860607184727
0.001609973734248557
0.002567380651083543
-0.0028351224003679894
-0.004381185927239267
-0.005783104831924006
-0.008038897132557368
-0.01631076237029239
-0.03154150968109822
-0.055937069831736366
-0.036593639071004665
0.08103084222603148
0.029404178015877375
0.012637270297477566
-0.062451331628259756
-0.03382619652303487
-0.010897396632652571
0.002788916624520195
0.0075929618908007245
0.008985534427891444
0.011967187514994464
0.01242352347390461
0.011589391670434174
0.007649548432723191
0.00782199670144366
0.005496819978976004
0.0056892056344947425
0.007483478356087849
0.007103107748431568
0.0048505552939032675
0.011263487885670236
-0.0040162230151733576
0.0023689208216555904
-0.001448683535594514
0.0003139387980091754
0.001421152048742173
0.00804844958676086
3.4318706015587694e-05
0.0005195907915885669
-4.0561860878405814e-05
-0.00034249741068182675
-0.0020351849315183987
-0.009967188792087522
-0.013263865730718302
-0.013604920013928948
-0.027383486108579273
0.017801170332831375
0.03170547632570331
-0.008714494173014984
-0.017304970754978305
0.014768694820051137
0.014534346423427777
0.005786921413114995
0.0037934721916468885
0.005366789960428603
0.0043266943680186545
-0.0016565101499499725
-0.010406285474747564
-0.006699947366866418
-0.0008686874396551269
-0.0014062441943003907
-0.015372830565163956
-0.003400672987306731
-0.006099197370840693
-0.004361840712742149
-0.008512263045319995
0.0040130988918839865
0.00599493549291725
0.0006244713462558076
0.007251716311366677
0.004975695584411665
0.006515858349090728
0.006561758623917861
0.005834290891083696
0.003568746828635089
0.0009376768528787495
0.005144091943677726
0.00568284058566931
0.00626600080926169
0.006343119909720082
0.006117086866935036
0.00530311662009749
0.0019011619880585264
-0.008510740723862114
-0.0005728524411425714
0.0018739982844212216
-0.0001664046018843743
-0.0009710184793082442
0.006676579928575753
0.008803587668193218
-0.009190169249079502
0.007418597563515949
0.002370843821992369
0.008211558272797128
0.007244057176594841
0.010822330306146434
0.011098984666063755
0.010004434650364862
0.008642721367820752
0.004668942750417603
0.0027202486538688187
-0.0019863027269252983
-0.009645424571655823
-0.019942142897703255
-0.03823829384019511
-0.0755977868192954
-0.11714218398194655
-0.12279128761283858
-0.05915711091492733
-0.024059681249191448
-0.01572642621077266
-0.006804337568005641
-0.010617192613394886
-0.008153634841844372
-0.00129991322731883
-9.738508509572175e-05
0.0014341694977323088
0.004851724245072436
0.007786076630160807
0.005980989477250322
0.008087605943572898
0.008981021737123082
-0.006879882442221132
-0.004877086361004991
-0.008498640131217428
-0.012207755387737282
-0.002120053610386502
-0.009348026908327114
-0.004048146492514309
0.0011726113702987667
0.0033291589468783206
-0.0007883526376374795
-0.00403777647978759
-0.006656537835673675
-0.003921521771305458
0.004049866190686446
0.010813634098523985
0.010296097746070702
0.0017585291106727607
-0.01052193310334034
-0.01879709947277265
-0.01872076663901116
-0.01571534957839902
-0.014940888677094324
-0.013761293941052867
-0.014504857251754634
-0.016541436176887636
-0.012737184094660505
-0.002951743238045643
0.006262895116846927
0.009155898101557867
0.004855293104751547
-0.0024847798662589464
-0.007256124570722587
-0.0069025193392647875
-0.0032871752940318777
-0.0006703118266242255
-0.0010813496007514448
-0.0015177379261289417
-0.003774326237288662
-0.005197025844799263
-0.006732834620286972
-0.01579626912957465
-0.03854615632852741
-0.0095192131745012
0.028739413739128934
-0.04370788840985219
-0.04410921078826338
-0.006467380287859872
0.010653788313251155
0.01703482768235361
0.018421152637817812
0.012729343017889881
0.011028400965985499
0.006415177185720809
0.002046780677450684
0.0019002287785719887
-0.006235307114741013
-0.009778444117691978
-0.010931541284027929
-0.011175013365976105
-0.010817783087720644
-0.011587763402361525
-0.008400663146351987
-0.003585680326709089
-0.0035678862190798013
-0.001753747384861189
0.00040502337344550755
0.002132890056570445
0.0039738621114736245
0.005340706059414733
0.007492170872217315
0.008571532514684862
0.009188698406261932
0.010014372290253443
0.0100606605731828
0.010132928776598563
0.009971658398151496
0.010348518345407795
0.012933899597850185
0.009278116217218173
0.006482114720378905
0.0020588256853265752
0.004807866371496653
-0.0008838445129679746
-0.10049296399314453
0.005574316988007452
0.006529939078928413
0.006310311095592664
0.004653969691570764
0.0022884566206982995
-0.0014591118771879483
0.0023336015637087375
0.0014133809232327135
0.0004730556475193075
-0.0026489341385106443
-0.007172877384844861
-0.0054165446553979335
-0.026677056921193376
-0.04279966408791039
-0.01629905001440042
-0.02308795823477193
-0.00553006045212491
-0.02025158784848825
0.025880176540347133
0.07518012623696886
0.05411970890121167
-0.010350839285720542
-0.01771740511106516
-0.0262221413740517
-0.03567814558003127
-0.042877763077800356
-0.01069704004159285
-0.031899248681319464
0.07551052712807386
-0.03558669790834291
-0.018861238057578014
-0.010995143921258591
-0.006518044831636419
-0.010895100652849826
-0.04200510461394066
-0.013240840879264103
-0.0021571938614901587
-0.0007373981050167779
-0.0011174002109643956
0.00030133356264127166
0.0008816054463517684
0.0004172281157203619
-0.003371745981769188
0.02564041565160468
0.011064221731102431
0.009518297791874698
0.009250452913786985
0.0028051734126512936
0.022550659790348513
0.001328547070310446
0.0006441034297236597
-0.011397117282340647
-0.000173406546493273
0.0006503105203292214
-0.002155046992917793
-8.361522640662686e-05
0.0014121936357676446
0.0017901579403234457
0.0017589580803013545
-0.0003569972139595489
0.001271628454383101
0.0010804409161671
0.001380110411024708
0.0019072596666167944
0.0012508723770024801
0.00040785884341390895
-0.0016129136718578774
-0.002581836352562257
0.031882975596936765
-0.003219278029266902
-0.002942322407398407
-0.0069349312238831395
-0.010796260932430779
0.006761920313624718
0.0017118850457678292
0.006341977154628047
0.010998347280198599
0.013704033631101325
-0.008809313949185927
-0.023215895067019446
0.013297975509783979
0.019884950921068945
0.017807455399889628
0.02202660694505541
0.023960196661809794
0.025266149464330076
0.022404352300444227
0.024506041356627012
0.02459183505804632
0.024883646554658738
0.023386925893976094
0.0035434330091167116
0.0046718024172447145
0.011806297220925724
-0.006542282966246252
-0.021678319618301512
-0.024964264772386398
-0.027689585748088705
-0.009752508538803198
0.05123028690097479
0.017544239525021748
-0.013913562983034877
-0.0051889188613036975
0.05658675142583238
0.010560816939796415
-0.02099300717741162
-0.02271716426389475
-0.021437524337338525
-0.0158381596650382
-0.010095350786757176
0.0028681565429676844
0.0011858019481838468
0.0018710595114219196
0.0022764063062260032
0.004288492621172368
0.005580291554320062
0.006664346825653234
0.007606596054106727
0.027113004362920502
0.008987220035260845
0.008073738443462111
0.007696046885834644
0.008674858347199731
0.007451962713862039
0.006860818922715239
0.0058132900298057824
0.005323630364162847
0.004576942048539431
0.003685439205185582
0.002541868683826209
0.001472023313518809
0.0006669275681692366
-9.013198339907923e-05
0.0005184185287562223
0.011323696502218645
0.0007250969747653207
0.005158335304710287
-0.0007690131703038209
-0.0010293511773169918
-0.0008744662567272345
0.0004488835344197267
0.008120612190795632
0.007181201859385911
0.013799663456195798
0.014799987421830743
0.011744754848113707
0.010349042982569051
0.007538032914448718
0.0018590323350607483
-0.006203438299764652
-0.013667277056365707
-0.012356077261565231
0.010611520682244682
0.041295047481028135
0.013796508975656803
0.0242593938765833
0.01721997216251237
0.023014030557157505
0.008360069471703025
0.012877328466775249
0.006999877331982657
0.0032761477633848225
-0.0008255456153637934
-0.004891669222514423
-0.006597854071047447
-0.0027505341562899834
0.006909596408755989
0.013338860101296243
0.009956838373070405
-0.0030026348558797014
-0.017008648065499368
-0.02301078468909166
-0.022753785969524588
-0.022529355566818173
-0.022721144064439792
-0.02253588449838324
-0.015412469651421998
-0.001295419370629202
0.010655334913030277
0.01359673744697258
0.007736507428087155
-0.0012464927780253302
-0.006290176816131758
-0.005638249123505307
-0.004123885845886596
-0.00022013541623883406
-0.0006886304752206382
-0.004298051293782303
-0.0073683066787204685
-0.009352672795006333
-0.011253243063735827
-0.011004188135700156
-0.009458427124832778
-0.006739260771424716
-0.0034366290956053163
0.0006708523411009144
0.003859947701302579
0.0066910634679531135
0.00981878511164581
0.027830080523275406
0.013702953427548839
0.013880498084531323
0.015439059780984312
0.018265330626222417
0.01955579483733435
0.02374869975842796
0.020446530484210974
0.021394292958819013
0.02263993362335978
0.016214997866103253
0.025795153481950137
0.029976369638634672
0.034867000789117086
0.02462752090469922
-0.056636113900844366
0.024719859008602362
0.01852524638893352
-0.009235669009094163
0.015358767171956134
0.01302459921717238
0.0119275269784226
0.011040219035680629
0.006162266148521588
0.008303009534255933
0.007176278974662304
0.006023761793262533
0.004696939384653533
0.0035419342469234522
0.08077496666948261
0.0009356510849672974
-0.0005679502341901397
-0.003154990679587633
-0.005016786932082008
-0.0074242132485606415
-0.00901377831996841
-0.008660785414176394
-0.011712086972913975
-0.012627971394579107
-0.013241581478261589
-0.013405678444768115
-0.012979479511587424
-0.012057059600828257
-0.010860935017997864
-0.011568492494289066
-0.033703499735253314
-0.03925001475356476
-0.07978094904214687
-0.04944522259272119
-0.010325608910981256
-0.0023189941987436023
-7.49298021338448e-05
0.0009666057079622396
0.001313219337540533
0.0008597008725248659
-0.002266433123247805
-0.013782259844776185
-0.004742828534241069
-0.005374419533870841
-0.0073842329830371605
-0.00915631561088817
-0.01001407811216984
-0.010080008523237394
-0.009132267289205985
-0.007283460856844644
-0.004531917512249992
-0.0017424674667913624
0.0011707476301896249
0.003211537467713448
0.004135255129021769
0.00379058165115374
0.0022855863703469892
4.264564684483272e-05
-0.002242564300394554
-0.0036177938960086147
-0.003043274905563584
0.00022249570659390276
0.006110628078527393
0.013020278603052597
0.01748594810428969
0.015320840031197953
0.0049025240928674465
-0.009527019540928437
-0.01950610656353709
-0.018761853728198274
-0.007695887085860705
0.006965766222354976
0.017232173137062923
0.019926031066710426
0.01713981099276334
0.012470844029776766
0.008418896616762006
0.005880080509634484
0.004780307090430304
0.004933794637787176
0.006366851523132642
0.008981177140928233
0.010239578179584156
0.004644063027075263
-0.004740317108442395
-0.0035004704026687637
0.00606021686091946
0.008970382277282292
0.0053677324817156665
0.0038595201992194595
0.007618836860446885
0.006517586571994331
0.005379801387556608
0.024571712311263302
0.02522516742640295
0.02071452495310846
0.016151440733686347
0.012011836251442047
0.00813806068746887
0.005108500115758432
0.0024730773289859866
0.00039083445405051936
-0.0011366759899540976
-0.0020809751328602155
-0.002368354654897731
-0.0018246789326213217
-0.00019747210740206727
0.0017527394937860788
0.0024250472806276934
0.0017606565738029333
0.0006298825062045056
0.0005244534992148112
0.0012258744327072627
0.0022358868411225252
0.003117903359202457
0.003461566562554543
0.0028732673739979933
0.0010437447333490387
-0.0018539887791935085
-0.005199856254156613
-0.008084945547415288
-0.008819884218008342
-0.006908048756438384
-0.00479622868844357
-0.003759731964972187
0.0007742915229125706
0.007208882067689338
0.012266203355152458
0.016214630329310552
0.018965154323525246
0.01911271652349984
0.012459283165943412
-0.0015098194011478325
-0.01604959300369527
-0.021944321350611008
-0.015391639097006546
-0.00036936197243639846
0.013887008258842386
0.020227016402410446
0.018116600940313504
0.011459843196144718
0.004376813666796241
-0.0007691305938745486
-0.0034628596227712725
-0.003704888828763717
-0.002059986832033183
0.0002726117530375756
0.0029226309458281283
0.005963243986000647
0.00987799126144587
0.011773951550714186
0.006395293823290881
0.013658600790268042
0.008107338182790113
0.002208563695892812
-0.00196401138935635
-0.004715853292622215
-0.006389965937803343
-0.0072122595610629526
-0.007730850889966135
-0.009624306855393214
-0.008149251451769196
-0.008673259804911947
-0.009137373417638745
-0.009404851939492457
-0.009064811438418084
-0.008705440089258991
-0.006965473602601987
-0.0045855599571617755
-0.002197668747641639
-0.0006078589608514151
-9.803702716200822e-05
-0.0018122681162977693
-0.006110275944527188
-0.01164787526664848
-0.014251322612879253
-0.009851617088353564
-0.0029451639356832936
-0.004169820797415888
-0.005564650167631241
-0.000514062841402602
-0.003011527081965276
-0.009865217842296822
-0.01163633026034707
-0.008658242657454397
-0.004639176614970867
-0.0015973582802495721
0.00014952497624600455
0.0011670530238814284
0.0020583450893121597
0.0029207095403795615
0.003391373397068985
0.0027252365180470382
7.207126043298579e-05
-0.004324075467056569
-0.008885754061026045
-0.01030939492348631
-0.0069298918735807
-0.0032739484360423884
-0.005076304466752739
-0.006867285837633478
-0.003489365734624694
-0.002979640563046511
-0.007548955840094323
-0.009918027136834472
-0.006672420921569899
-0.00038665875039961024
0.0049842761271996884
0.006980301079776602
0.005227661453996066
0.0009849754850020324
-0.003715148442638038
-0.007181937119635638
-0.00854768734329297
-0.007879618149795547
-0.006013674108219381
-0.0054498731092136815
-0.003965171924296298
0.00015922208484029314
0.0008773260708393489
-0.00044972822081692127
-0.0011065034370802461
-0.0025958506414754143
-0.005179975635618647
-0.010518606811505394
-0.00969321529452479
-0.012534587903585167
-0.03393224999615672
-0.014273806936971892
-0.014452528307910897
-0.014528792606294468
-0.013058482811381845
-0.013891712468708671
-0.013356082403078251
-0.01247184741693765
-0.011033210472602039
-0.010766720025801332
-0.007419794546745418
-0.012100633693528984
-0.005529511059097311
-0.005958753208621052
-0.004846951775624081
-0.005347075204215935
-0.007339116471700796
-0.009456900028146954
-0.012665933533577643
-0.014774399386238705
-0.002282334737208566
0.051412947626277926
0.070433788094566
0.08527440206292586
0.01071248298393121
-0.046852848620429786
0.01586608472365805
-0.0082531907227815
-0.0015884814033369937
0.0009603791698588452
0.0024102486493169087
0.005776369901373012
0.004276771089770306
0.002153948858211399
0.0013578377805286304
0.0024863478333225957
-0.0015850128309072306
-0.012820616795504051
-0.013998398458568111
0.031433759109716915
0.08764333223647629
0.09111397368032505
0.029252555911115807
-0.012302545381910848
-0.017209215130506827
-0.010441305538341415
-0.005819572731090886
-0.0025065106850728066
-0.0007650346850566693
0.0004423841425767766
0.003755845344494206
-0.0033701824083297613
-0.0031431045797826315
-0.012190650613238688
-0.01107554228969933
-0.01260796898611995
-0.016480086612466572
-0.021324929225981056
-0.025813692588231706
-0.026413205877183148
-0.01740815033584396
0.005942313963111215
0.036090402296285365
0.03623437215695808
0.01813064663065309
0.04293996490362901
0.039365425781512656
0.04219324351263981
0.02706395639149351
0.030166734636975733
0.03884586554064771
0.011877444716574793
-0.015841838417018382
-0.027669098083205203
-0.027950284037974175
-0.020147424013921212
-0.0144081714310774
-0.011858912123388946
-0.008468756453730205
-0.005500969555693271
-0.00283764480331464
-0.0007892481254392258
0.0005582597872985866
0.0014185065794625788
0.0028618093253017984
0.0027335154412167872
0.0032600474986027306
0.003198377786610326
0.0011425522583146989
0.006384963358983422
0.0014225673907113908
0.0032053947534302126
0.004917802431994657
0.005140923502506237
0.005229729489204885
0.00526021364238375
0.005608587496001177
0.006831691535808497
0.006371780996885129
0.006023345149678091
0.008250927558126963
0.007986702515895073
0.002511224115192977
0.0007608167625643615
-0.00036512728274758026
-0.0012491303772507315
-0.0027991477129092495
-0.0020854342642089817
-0.005586465810260771
-0.007112772935273555
-0.009332403596250935
-0.01088136735094467
-0.0120875441463259
-0.011576380317146154
-0.015294540712719193
-0.018391932657295176
-0.02026893558906598
-0.021551356387954
-0.022983852223000555
-0.023918838318856318
-0.02450334679744985
-0.024018164613512954
-0.023475761384420105
-0.022257762219631792
-0.020622713417543792
-0.018691012212811543
-0.024583645971796703
-0.00951686043621158
-0.0029648764104865024
0.0021158693635939404
0.0030144989771050423
0.008181814170244526
0.010284721908254689
0.010805102822741905
0.007491230728092998
-0.0005382132293776257
0.0016557798431044834
-0.00198847007061471
-0.007589211444893668
-0.011287308241655091
-0.011918594499278998
-0.011304231450989707
-0.00971370246856641
-0.005609993621637712
-0.004117255104560888
-0.004934913435000929
-0.00781975040273233
-0.011188662857707773
-0.012441503938136101
-0.010986846886791949
-0.00987142523485119
-0.00034882237128439097
0.007848641888463114
0.003771868959218868
-0.006965168179557234
-0.009861695531370493
-0.00016105737771283384
0.010132085084165843
0.010066587894412381
0.0017804582885900815
-0.006987732542997553
-0.011653281305213604
-0.01198527513555635
-0.009865543977812297
-0.007432332045880196
-0.0061408020647163745
-0.006505997761876641
-0.008173719209413273
-0.010194280821812084
-0.011378467220871238
-0.011076159581555299
-0.009037468075720857
-0.0056135819308779185
-0.0014846608397723444
0.0020589179531859798
0.0048390501216568635
-0.012911608054463857
0.008486920410398554
0.010432366535235058
0.010689681252486302
0.010428953981394902
0.012815949582824426
0.020258041539354964
0.027960069261837923
0.0276855907159421
-0.015626497392083584
0.04243091037130672
0.027109186006657498
-0.018286582264692996
-0.005162960416036295
-0.013198282907257506
-0.01824357372138184
-0.020001870729677212
-0.020370971674663292
-0.01957792973720208
-0.018088658628055292
-0.016788794761030203
-0.014831734822103166
-0.012635227183803638
-0.010241324439766641
-0.007056738932964916
-0.028778244277995888
-0.00227796201848909
2.5468985952121494e-05
0.0025102615604395083
0.00493324526740777
0.005549264497631834
0.002260843877965481
-0.010280079052816703
-0.02399572544284526
0.039594216041822686
0.0897400524174384
0.0006027291299051105
-0.022794250909533537
-0.0024136783625389982
0.009540586016142254
0.014179694246598996
0.01586134906862099
0.016305395422536166
0.01685337395614743
0.017210011504481038
0.01750604476550539
0.0178784329609819
0.018106944016350327
0.018621594332465543
0.01991021985400327
0.03759806839491059
0.020587916139228488
0.019881442322655422
0.019914429731483305
0.020482676366877246
0.01978857468263963
0.01548865865345565
0.01962984757713342
0.02081678323079316
0.02574121116989299
0.018582217715764474
0.025467342925719994
0.019777233376778208
0.01874956211605221
0.020137126043482705
0.018603635255346095
0.022055539720686256
0.02246009401402816
0.022663004591221975
0.022813181089157912
0.022920813496097744
0.023000856433138973
0.023200274366502786
0.025175249266056472
0.024882479653326323
0.01773904235361716
0.02448643027345485
0.023132151633897324
0.02264082119246451
0.022903124603472106
0.02317345752554728
0.023737610860772092
0.022636094929981265
0.022327078593861464
0.023720749308951978
0.023567624123531326
0.021268152465968214
0.020472808608311577
0.01963335423117178
0.01883654988781789
0.016653917717956334
-0.0015583465280885184
-0.051104422065666066
-0.07829724489217861
-0.0694469980697781
-0.00981211747538401
0.009146408401478182
0.01190370976532454
0.01091469047336752
0.009088776783268051
-0.0011437897163925803
0.004062583835890266
0.0006728690018498639
-0.0027350087616152784
-0.005848751365131474
-0.0075406042172392685
-0.0030840475379423043
0.016565445042518816
0.049095697047948264
0.03634058293129665
0.001107976427794471
0.037720120253771715
0.04640933974151098
0.016608676647941006
-0.0013682192024307743
-0.007270996181893017
-0.009183702557486963
-0.014649374293638577
-0.007862640830064218
-0.0072072218301770345
-0.007001827988584473
-0.006954851463177576
-0.006984597123147091
-0.007284795803060881
-0.007645410238326362
-0.023596243143172952
-0.008603884712781538
-0.008280934924048184
-0.008184374140622891
-0.00827625672565954
-0.00817876435517161
-0.008122571386832457
-0.009623960372723723
-0.0078109903064694135
-0.008162416619959246
-0.04569886616444196
-0.006589180044331866
-0.004795472391664866
-0.003162705419480629
-0.0007050271992808626
0.003658918542732117
0.011391692120683123
0.010972246639732338
0.014174300398271122
0.00725569939032817
0.002578540066904811
-0.000635233618864026
-0.003617367295098231
-0.00887846489032541
-0.02676293750838544
-0.02965296759446415
-0.005591791571080856
-0.004764407515634032
-0.005475854418885098
-0.0060847746515398805
-0.006146246552409807
-0.0054235155868072645
-0.003695777536367647
-0.001047953463284764
0.0020202908964004973
0.00422528713019838
0.005938414775353124
0.004833726754023091
0.001179318211964179
-0.004143990257315435
-0.008709257510300134
-0.009245117728044441
-0.004265447447082517
0.0016398877046851017
0.00013745072576590162
-0.005638511629460279
-0.003138216535576214
0.00323909788949687
0.0017887192623877795
-0.00458429690250892
-0.008024149860482084
-0.006547870161874584
-0.0025193447072276395
0.0015907296204840829
0.0044510998367160715
0.005783619532769397
0.0059281855041301255
0.005298292707544667
0.004341334634844839
0.0033285043969478304
0.0021278960450901462
0.0017140341601501788
0.0013739976410153166
0.001193147924997261
0.0012504709319405137
0.0015387943263332963
0.0021005032497848084
0.0029707481413955546
0.0035332081707946552
0.004509358730899983
0.005179643830853778
0.005852736684361147
0.006801896403461983
0.00799179769774461
0.009381103881445656
0.010836186315077106
0.01155881145802677
0.011422807537986732
0.011087140523239543
0.0106438742986332
0.010279030121495454
0.009869303936986557
0.009293507275434048
0.008516968754683468
0.007555016869548567
0.006449739514985956
0.0053019312528826135
0.0042089079814350725
0.0032815552584007455
0.0026597731710943933
0.0026976356503422253
0.0034941793155708
0.005030060148024502
0.007446107128024099
0.010699601982192762
0.01463983110733394
0.018794010372956874
0.022330383971966645
0.02408374147046765
0.022929497706780905
0.017743271072780842
0.007782281985063392
-0.005205724794655259
-0.016572319785904573
-0.021205542871957053
-0.01743640316077809
-0.008957836829412438
-0.002238469916477358
-0.0010540797503851788
-0.005202978291517123
-0.012220934370095162
-0.01884721998713616
-0.022772018421514932
-0.023811051799126765
-0.022713997181762133
-0.01862069223423719
-0.011023739814249986
-0.0010302143191494486
0.009200380579389943
0.017804817442060514
0.023692160165808968
0.026602783565680826
0.026908766752446172
0.025305419469715054
0.022538949727806495
0.019269654253245512
0.015971384184274136
0.01295178545562241
0.010395306021375094
0.008377950147472127
0.006846264538020843
0.005738534396015814
0.0049767456672467954
0.004482335313885168
0.004168539500447318
0.003966983561859804
0.0038370609461500635
0.003753910370142897
0.0036855272963097767
0.0036190787221783804
0.0035715723030472148
0.0035764375446543564
0.0036979988132656645
0.004003600590360847
0.004608013358030727
0.005655761631296273
0.007265647550249291
0.009546567707496147
0.01254947771974208
0.01618263343710704
0.020100413369747522
0.023644678754277948
0.02579958788302421
0.025318024102287354
0.021091705309435705
0.012778426461103378
0.0014574265045200834
-0.010397989300474487
-0.019637134319000216
-0.024471989264205917
-0.025342511056046155
-0.022742354646884663
-0.01576242730070125
-0.004942499656117115
0.007000513338397814
0.017092488085147337
0.023421892262183587
0.025597173675488017
0.024342771918682834
0.02088591866619292
0.01647945097950589
0.012078814764251352
0.008276180041586192
0.005389665973059486
0.0035094111734967396
0.0025696822310815673
0.0024160186551308808
0.002853546403806599
0.0036921605661201173
0.0047498804528913465
0.0058816755314404475
0.006964152124185479
0.007916426462315596
0.008681483139113646
0.009214665884640323
0.009493109767560336
0.00954455957010692
0.009449540920486619
0.009211480081843474
0.008957844013430801
0.00889108622346967
0.009274268427698814
0.010718687732024229
0.013508532247703474
0.010196939706352062
0.012720165674835835
0.010298871952496336
0.006731115337590649
0.004667682019575247
0.002903085645388579
0.00043018001300744224
-0.0047522133768922205
-0.014854199322952982
-0.028796124321959965
-0.039366060286428556
-0.04240491290674217
-0.0401582754870013
-0.031731833970434706
-0.02049285426407072
-0.012849618650131846
-0.004236073226823698
-0.0014493911633397388
-0.002447682267613974
-0.003866051075628473
-0.0048263416695424255
-0.005685940803219699
-0.005936789635305331
-0.00636669890775153
-0.0067236236616248345
-0.008046608831609198
-0.007483028025165123
-0.006860496329263936
-0.009225742266939802
-0.007039066824789413
-0.007252337723611962
-0.00758077094202358
-0.007969863290820058
-0.008152640100696662
-0.008124567368465606
-0.007762434575201923
-0.007261857010395829
-0.007312429866980072
-0.009075542546166564
-0.013564185061933806
-0.020188339642560834
-0.025366811305728452
-0.024360196422920574
-0.019049843809751634
-0.014630609277822702
-0.011814101751072087
-0.0159064768169122
-0.02226911886782423
-0.02768722178978594
-0.028339973662357323
-0.023194490944914933
-0.016229397475915678
-0.01111085970586551
-0.00859089056903592
-0.007506078393312585
-0.006354092362257077
-0.0042858656765129765
-0.0012689396272739174
0.004579523587074652
0.015101797221182033
0.037135896774057625
0.06627141188392491
0.06622156779630932
0.03466745849445081
0.01875296181999052
0.006683011989438585
0.00953638066784942
0.006321814683347635
0.006924690604868035
0.008285434166274789
0.00726902579348206
0.00735461604883841
0.006966590892397729
0.006661713431689762
0.006175644237890866
0.004258700198163851
-0.002709266386532028
0.0044902834350963134
0.00558945164639189
0.005727151329188931
0.005657543294032019
0.0052462860903228084
0.002967721880982888
-0.0023610544825946075
0.005133319254181331
0.005772957500978859
0.00597171492436325
0.006445762577046493
0.006586643275067854
0.003252216854103223
0.004640287368164772
0.002810869860037655
0.0016389723294283696
0.001251983899776524
0.0008062634788043219
-0.0006371057071361942
-0.002299120719128795
-0.004355186271347254
-0.005537134223537223
-0.008972283473060337
-0.007437089069243328
-0.00953774536439589
-0.006542247375925239
-0.005394269774579338
-0.004099473796731415
-0.0032363886289001036
-0.0032671403848754167
-0.004573624722230622
-0.007061280275757173
-0.00988852638666063
-0.011466731391531256
-0.00970606931378534
-0.003216786754733488
0.006271032593622912
0.011938088425584217
0.006139588938519995
-0.007067979503405899
-0.011447936705692989
-0.0028229148341902825
0.0026040267925219016
0.007139527261952445
0.002183955613296247
-0.005585726753979107
-0.009881184239482003
-0.010266184408963338
-0.00821497737272064
-0.005722992929637441
-0.00377540811564639
-0.0025931806846405986
-0.0015879883156652008
-0.0009475044701506638
-0.0020275578811194232
-0.0033630254854018376
-0.002051994120181399
0.0022495338129048196
-0.0017149333663441138
-0.005069007088395687
-0.005734707522987745
-0.0055572818485812
-0.005100999343005753
-0.004393178569252304
-0.004381037588317855
-0.0027333121167988097
-0.0029867028244523275
-0.001672655514327428
-0.0021367654298622253
-0.0042116826182239326
-0.0035941551385624
-0.0034369640937441876
-0.003441745606144591
-0.003017744624987765
-0.0037875882257052402
-6.786065264349624e-05
0.002047319304262435
0.004143221130406354
0.005784560648211217
0.006622782737196323
0.006247617395945153
0.004499875424824145
0.0015449403303420771
-0.0018840666919870033
-0.0043497886212631315
-0.003998721461686769
0.0004587056171008061
0.00783901125495926
0.012783886941326206
0.00841408567361331
-0.004057959485773826
-0.01314581058844154
-0.010136287631222688
0.0027848008424236057
0.012748096579299093
0.01231031135368442
0.005500563180021342
-0.0008678535779754061
-0.003458190147335588
-0.0023948631997297437
0.0007010059937481223
0.004059281215052842
0.006488227533070836
0.0073992031536306395
0.006726669035562674
0.0049028853241364235
0.002245626401502628
-0.00026696888439180737
-0.002108160495778316
-0.003467698711608473
-0.004121454132262177
-0.004122552479037156
-0.0036918077029386262
-0.003543144556631109
-0.005262052381329686
-0.004793987526231287
-0.020629337994600167
-0.0034694573179951593
0.0015133677874348934
0.003051931970517069
0.003920073288392347
0.005265205603666903
-0.002430756377741661
0.005094744270658871
-0.000561071373870931
0.002949093531252113
0.0033935587935400658
0.004421705741241087
0.004062651322954084
0.0034668658048972604
0.0007147711815430172
-0.0026146939657885645
-0.005500255036479658
-0.0014540826193888503
-0.000832816332617004
0.0008000842664888294
0.005605890203020945
0.011128974347339775
0.00998101861881154
0.007601917010601279
0.006768577715263096
0.02471059313596587
0.013767540521041267
0.0005715376910080851
-0.0012973773614603679
0.0024424647874574535
0.008979942170928245
0.010018061850161948
0.004342561192590101
-0.0032742137241505943
-0.002999385097613012
-0.002840682939858569
-0.0020593245273205804
0.0008660432012458542
0.002863600567633493
0.003817048523626501
0.00519239120560106
0.005690228946787961
0.009264156159557805
0.015563766999944625
0.004583760633553288
-0.0006499575616086609
-0.002456222646624299
0.005574334994935269
-0.0025919774810472165
-0.0008144527832154554
0.000870227297924191
0.0007850658527966208
-0.001779206237358844
-0.0029049403939030317
-0.003200788270122272
-0.0031626840526334287
-0.002969171193810824
