1.779838761128031e-09
-0.01096461561356614
-0.015815667433593836
-0.01820219699506703
-0.020142924977612418
-0.021486875094788468
-0.02222407732728822
-0.022574820728830564
-0.021799804401695565
-0.01944705986747522
-0.01575889234146032
-0.011811980846472402
-0.009197691286203938
-0.005861108985432745
-0.002104074487527517
0.0022152239462217907
0.006238010467223676
0.010696981730641056
0.01756563543403347
0.03156123188893021
0.06252236562843022
0.10086863164317562
0.0009849912596457807
-0.04685816975522815
-0.04670641182847595
-0.044321414389925956
-0.03349981790907655
-0.022245914918699733
-0.013162122724120444
-0.0036001321057764113
0.005006933044876497
0.0036864947959835462
0.005661553222923204
0.007449923733470508
0.00875565705117828
0.009812942431555454
0.013047943931829821
0.010680923071316904
0.012478088074751483
0.008644075063535104
0.0067828494310182424
0.005002319737607186
0.003403153805890126
0.0029332879167620284
-0.0006253853224551268
-0.0055594739696405516
-0.011762384886636452
-0.017724424775133165
-0.023671848305075054
-0.026839199374940805
-0.01976035998908091
0.018230243962213087
0.0788704271330667
-0.041636221704006694
0.03307773891934689
-0.0633934432863256
-0.03641585633539753
0.08744685391505039
0.040869870025282515
-0.006141971271025632
-0.04349223044231284
-0.061347993400656664
-0.006359684418182457
0.08327668391318796
-0.08648304067058807
0.09986481371838521
-0.06031813311632035
0.005187514140481217
0.04136873294051232
-0.006553796294205317
-0.02558518022735597
-0.024857905273798317
-0.01929915830026672
-0.013602170754214583
-0.008352014642892345
-0.003138872288132472
0.007350149993621644
0.01063215154561186
0.006414186241093014
0.007334323412888258
0.015250223282302681
0.016574184360687905
0.005170209183391508
-0.0009225961125861047
-0.0032316045948218132
-0.004681027765201367
-0.005994598994315956
-0.006475993990450462
-0.005848460584592341
-0.008490078989930462
-0.009103924240073438
-0.00912843515633244
-0.008230885812513787
-0.0033132381727780085
0.023443682193904355
0.00029111499685283485
0.012366733247158054
-0.001361699934986709
-0.008192752892272505
-0.008951127870251764
-0.005299602514382408
0.008730888847287484
0.02349264739085411
0.0018144065457936444
0.007186626625682939
-0.007577066630319476
-0.009063614663837092
-0.007274997276709713
-0.0025717415906375577
0.009543852879708516
0.028856746494640265
0.05902938455594407
0.022287209883228874
0.017123837242688508
0.017324653953539704
0.005168339201377353
0.01820405171414562
0.05762791338877361
-0.0890234238285926
0.07179883264667966
0.005796620457538017
-0.036669972635694055
-0.05921105985309557
-0.03065035058161719
0.05862605392671246
0.017712986311678735
0.0023161418272158885
-0.016629149315593346
-0.016453392128841185
-0.02260095224467911
-0.026049988483377372
-0.023062080519050624
-0.025481921128148965
-0.02430401516833714
-0.02469171972890351
-0.023379327782350093
-0.02040421516160252
-0.015793700968498744
-0.018956577897980227
-0.01749223772369668
-0.015256398925057823
0.0022135819293700796
0.026476703959680027
0.015902998923270188
0.00888143742761881
0.022848128296263655
-0.00038291934395233695
0.00043271131372822933
0.006074562241900375
0.0062205486971444604
0.0034672421467920487
0.00147305332038178
0.0024354481513865615
0.008088111518595831
0.023174041236493057
0.014260293282746224
0.011921059856007131
0.009367929349779758
0.007998480533329886
0.006495554331841489
0.0048341793539510396
0.00358112218567046
0.0031695647127908916
0.004413792254263322
0.01195799570643872
0.01891242201443105
-0.011238024358066664
-0.0005939973939263497
-0.019058270943695332
-0.027158259894970855
-0.030632195571803328
-0.02672628466610226
-0.01791271824293164
-0.004678557056711353
0.011214267759694163
0.01950300084632337
0.01914950898991169
0.0014906786220265855
0.0009371317279315405
0.023829064211179626
0.014824289095175582
-0.01982109524300386
-0.02453246017613554
0.016194312132886808
0.06681197765335199
-0.027352668995007504
-0.005941547127803443
0.012170264534672131
-0.0006182650728247278
-0.027435545144988263
-0.03194966118612402
-0.019701453880701183
-0.0057324800947999134
0.0034685988411727793
0.024256283052668404
0.020500667050838486
0.021259813680285716
0.01954710585452751
0.01107665366062245
0.00637105226056146
-0.0005792851645581414
-0.012330608328643336
-0.03081120084291027
0.03548848865935545
0.012588297296243672
-0.03294554282722684
-0.021945649262547533
0.002768397667267411
0.01421169044781433
0.002769679830748713
0.01882811907157755
0.003226577327929468
0.01446695597323366
0.014403934199823496
0.020073648961419475
0.002010006762971976
0.014605445155456398
0.009113764771881985
0.005335550357545867
0.0029255331133685347
0.0005467033943877759
-0.002701965258523876
-0.0072627410787114936
-0.015309499347083791
-0.025818997745906944
-0.014167804490940619
0.036260792337888745
-0.02027509191827695
-0.023891356094741963
-0.010566546187129029
0.0031737447250769495
-0.030502175515795812
0.007103204985410384
-0.0003538586945814801
0.040965344446146225
0.036483293450101116
-0.0061955793769800935
-0.03765705958218293
0.05421828472272732
-0.005294363722064415
0.021683806846139103
0.028929814055929315
0.011768908479933556
0.01961308775495069
0.005679099921747033
0.011406056176407369
0.007449689999381051
0.024036431539003107
-0.06254456183434114
0.0647733089396092
-0.11127241314267582
0.030965662167872526
-0.007922952012743784
-0.030764048093354663
-0.03799603777163215
-0.007310193113513127
-0.03495273975354584
-0.02695269480796367
-0.01280925596465591
-0.04811256431907292
-0.0033097916365627754
-0.008327007116584245
-0.001091137926115194
-0.005100063889180601
-0.03799765954541845
0.004348566372144929
0.02125279210743586
-0.040948082412672164
-0.008260657654692234
-0.01198786797795884
-0.01105255211437263
-0.007070297009017193
0.00503748126427108
0.05139231507420062
0.008385396879401336
0.0021582262254283974
0.009574710567977053
0.011977499790016942
-0.001536680733053743
-0.005103347977803802
-0.0058038280756542125
-0.0260316144449981
-0.0031635096579063476
-0.008663081271952297
0.006727308195656126
0.02604928434053574
-0.013755888254222451
0.04270239125109274
0.036624363109092055
0.07034458522939221
0.025560178268817277
-0.002223861122120133
0.013101653023785324
-0.009436122883829804
0.010224689375781937
0.0025956894775554396
-0.002140088475153291
-0.004608493999587564
0.006434523657783949
0.00808334054097363
0.010578106209271737
0.030681913400933448
-0.01829863164129403
0.014635133458613564
0.010159797251786775
-0.0010548652022095513
-0.014367740109301842
-0.01875466943435632
-0.02267226214701423
-0.0270780634973023
0.0024727748922113097
-0.03802657524193431
-0.0372979744860627
-0.041120165009240636
-0.04370120201852582
-0.014099558353900378
0.05293032770931809
0.007348879485449349
0.0138183894064329
0.04820383395042501
0.010069468454300814
-0.04159888885115856
-0.006944568459189572
-0.01387120214710083
-0.07683522502749518
-0.049153335975999614
-0.014083263146940457
0.09484783367087075
0.03742615925090546
0.003715048515099458
-0.012504138156539365
-0.018324932947696288
-0.014320958074159014
0.06050731775893651
-0.010985330426992772
-0.024110739162870754
-0.010461195601789364
0.000716585277928088
0.0008350545914296278
0.0016794375123599485
0.0038794868669484142
0.0059864870942304685
0.010082707211298335
0.008555764082479645
0.013911028992555833
0.020711595736520504
0.012474063017796444
0.008824431315792162
0.007047759347138389
0.00537922102654109
0.006870032380839669
0.015923087903298366
0.01512138952527059
0.011167271295392682
0.0013746765296670767
-0.019800154372584363
-0.010100768245750359
-0.015889247170180188
-0.030137107030931577
0.08182511994679602
-0.04315658942114725
-0.03137094568950874
-0.03259456476875093
-0.03161024672219474
-0.04950528941950828
-0.017974562655961306
0.03077058067208025
0.09003134598171084
0.03979850262954006
-0.0022122035131108297
0.04810714564908926
-0.07921591379664643
-0.04882612080847276
-0.06155046639824739
-0.06107428083264361
-0.06442579479931859
-0.042798241083055945
-0.009125543050967796
0.04233294947811115
0.009812435053454895
0.060426095282964415
0.010045015137277633
0.03884699380507217
0.0053946059120348906
-0.04138649215127825
-0.06673442056179218
-0.07327195377298935
-0.06080286564152033
-0.05104671510598978
-0.018153256611899624
0.018088086743437645
0.03179420858120589
0.03149279006785771
-0.009097241416964231
0.025324622930127175
0.0314412702827518
0.006942621088000285
-0.06599763564307298
0.008298622511303833
0.0029122495547761243
0.13214096248114435
-0.01961183858427979
-0.03902207778452731
-0.021597782964977764
0.004998048818225154
-0.00046785101854322314
0.0013567969295841284
5.1760422136594675e-05
-0.03777089005183498
-0.007315788538017668
0.007442254534026156
0.01132590213873474
0.011949502967578235
-0.07753960714119862
-0.04072683477563576
0.008025790156245938
0.02837762888366226
0.03637817815022107
0.038716815071586974
0.03799889469232996
0.02549913790270623
0.0035491919928135863
-0.002094384375096021
0.009984701776191564
-0.05836942993376641
0.04168937026333025
-0.04197551374607768
0.0012612678258089852
-0.025355367696434403
-0.050738969886157316
-0.04883122422670831
-0.023575224855097165
-0.00896337002537388
-0.006068349847355212
-0.0008053482038793433
0.012422785941393432
0.04280899255308028
0.029646376979393367
0.04996720497161518
0.06896415978098927
0.05133584199934185
0.019260940769003275
0.03133292108432148
-0.05182543655635415
-0.01645982689633113
-0.016257404710197317
0.0348935877065298
-0.006342597108697961
0.06989777004880658
-0.004075795742246449
0.03454725674909608
-0.017506660140416616
-0.023634087500919245
-0.016665182695318272
-0.00794549394051206
-0.002762501115769854
0.0016262872877304082
-0.018101340071162972
-0.009133610627295678
0.0060173062805033975
0.009919142574599514
0.008695218108563312
-0.014714058491865288
-0.038690617890398696
0.011728772558538958
0.006003128506652173
5.1359023082040044e-05
-0.037359210673527356
-0.011224274048120389
0.03920282427700179
0.12360206068613344
-0.017024105337130013
0.0019546454782007833
0.015586808083265732
0.06579693034578361
0.022729094703144714
-0.053431391465749045
0.010882532063989408
0.018301364087230036
0.005598613965554321
-0.04147405366464314
-0.08265080753244605
-0.06386807432394127
-0.023282349848163367
-0.020976616477792316
0.008977371078434517
0.031044800160127752
0.038053462981945625
-0.0442036534922206
-0.07176419570154241
0.03775682068871233
0.005993884414245758
0.021660894659795614
0.0067928596222320056
0.004874293715324604
0.006620734083207634
-0.004973357603722989
0.030834665721614554
0.007967316108116497
0.0051541402069756465
0.018375609338275662
0.019147978548585305
0.01582421772581868
0.01006548450737303
0.0004574386572958227
0.01697189284416884
0.02462958758236124
0.03225274161776531
0.00041142582115498736
-0.06464881543137345
-0.015238655656833196
0.01595957991192636
0.015456247582216198
0.01375557408407978
0.013175311335990173
-0.001821426175617084
0.013164776097147715
0.010143539356059697
0.012972119282780645
0.01375131417812444
-0.03448597850293989
0.01393423197933573
-0.056137579447338166
-0.0031190402499015244
0.0019413764687160782
-0.0097022952334636
-0.013911323359140129
-0.016057146773596615
-0.01596638608889381
-0.013855506733940365
-0.012549622711379384
-0.014113157008519664
-0.011355984221349109
-0.010714457397901984
-0.01043671985564026
-0.011010670537858177
-0.014272433674029621
-0.01340286648223011
-0.011385004375304549
-0.005499124727217307
0.0007067465645594323
0.007545591627344157
0.012854658823058128
0.013261292804669998
0.0075371586592358555
-0.002529235652670951
-0.009781413083328359
-0.010431033882458392
-0.0025324940406533003
0.008066958587003377
0.014363080173083045
0.012021318272875921
0.003399004985946427
-0.000864826538847211
0.005700975001461697
0.009792253783411597
-0.002255239584313904
-0.012691897321700129
-0.0032331470640541335
0.010905062881471746
0.008614103102633703
-0.00034714285896492376
0.00017615013927344895
0.007604760830849775
0.011570051869393009
0.007549016623108732
-0.0015642241615564296
-0.009743642118061625
-0.011569371029528966
-0.0068504604408196985
0.0005145867620612692
-0.0005616722401854937
0.013688114239018811
0.013418297412478254
0.00909309743784952
0.0027839035945572
-0.002250736983120293
-0.006107230153262497
-0.009030392489051992
-0.010507032500588487
-0.00977292626011854
-0.007945864110130424
-0.01624324234263974
-0.003370941580795689
-0.005562379387290274
-0.008665196774210663
-0.010527336375233242
-0.012213068219848524
-0.013261233656087683
-0.014527126882713142
-0.012446552060514881
-0.0037726491424911485
-0.008523471823516376
-0.009485919737413494
-0.008879147565539078
-0.06289537503359696
-0.007320341240272862
-0.008453524817590576
-0.008808165808863804
-0.024343925601304738
-0.12669575118762558
-0.017353255872749884
-0.0026835418142047663
-0.0004362371507968801
0.00209550972607129
0.003159406271082162
0.004667256660866498
0.008794599372865825
0.011917806900474974
0.027943880536699394
0.032202140307006806
0.03051786939768907
0.03128161287215429
0.022396850114676757
0.023658064097671093
0.019813786805923654
0.017960882420326646
0.006183115044867659
-0.017241313305998075
0.0053614776051843305
0.006273730305290499
-0.015002761169512427
0.029238330377807088
-0.014802843514310599
-0.002158259383468418
0.020739283092651283
0.025496836686534477
0.020656323761523918
0.014452697945022247
0.017854758401246243
0.01574612946889211
0.016927051389299914
0.011650378545409198
0.020120236736961557
0.018370843932163233
0.017465865619117164
0.012738985972496758
0.011685765438860386
0.015038789107677069
0.056296018219968186
0.028646618125895217
0.014889147589878585
-0.0008197930654652684
0.012900905286398869
0.012139946891228054
-0.009524623955717198
0.004384853229648564
0.013621246694948992
-0.007007877137792287
0.01260458458217202
0.01171965462259737
-0.008491170033856448
-0.005132717436236602
0.010946669106873428
-0.02175929696098133
0.06363549966576232
0.009872280212821815
-0.012133569172732778
-0.027127120152323596
-0.002497294429265201
0.029530107643189706
0.01900230940158761
0.015587364733416757
0.015219241158158835
0.015120424535106872
0.0121291844487615
-0.012932261359219316
0.006787949699053941
0.015824625061692316
0.016008520849550106
-0.0058260560209418295
0.009982202566413549
-0.02018744179147602
0.010576406761887733
0.03789582749255865
0.017363316989742913
0.03473558456818229
0.017494540120271934
0.016653457135499945
0.015299784522504264
0.015517752827470012
0.014101393763798587
0.013160769186995956
0.0124839327677669
0.006073574669101416
0.010839537724830532
0.009125382506516663
0.007640873154220222
0.006518962276572968
0.005786131155780739
0.006330310040919595
0.00657250074319224
-0.026035561067384774
0.0005907478001699899
0.0054227052886356274
0.000392637529712189
0.01743818001604872
0.002948558561921698
0.00031245010087791787
-0.01830287756030386
0.009748246777736386
0.0030753941326943906
0.007750259377708264
-0.004489758749220043
-0.003459306077996508
-0.004409275486108698
-0.00469752507597067
-0.002704655877509116
0.0013236282060515678
0.003934619657028409
0.0068189911723302655
0.015757063570237016
0.024874994527741494
0.0320782964217045
-0.007691047718919074
-0.09290005604275066
-0.11225133541168258
0.0168681232563913
0.047967238206001815
0.04911456127712832
0.011477560460846432
0.01806248726937516
0.011379111986287188
-0.00024180130272689483
0.00491346262828962
-0.0017743125988413933
-0.004569677062869137
-0.007695655256438996
-0.002863326627263775
-0.005898285384708238
-0.011819333719244287
-0.006955992393338071
-0.004678791980714888
-0.0034157418423572073
-0.003554544301341471
0.02588708001603566
-0.008523188552605858
-0.008340650184037325
-0.004237704313204664
0.003328819088757255
0.01141494914839164
0.012999383359986051
0.007591519519752827
-0.0018942790192122653
-0.006255739198926672
0.0011168155972621162
0.015391754847280689
0.023267916992937045
0.016604222749683956
0.003499751129968412
0.0006922673755726861
0.0028572953800529944
6.737226806465991e-05
0.0029146394900812526
0.003175061185733741
0.00015651587833279593
0.008346902733194031
0.018719747692402127
0.0170357766560103
0.005119395912731921
-0.0052507444308192725
-0.005784663173834384
0.0016006299549017357
0.00917372455196112
0.011241317239977058
0.008065849553725963
0.0035534960446525917
-0.004290770910661953
-0.010182699171172345
-0.014570588469411023
-0.01787898636405082
-0.016821926256181657
0.02627632776921567
0.04540949795018941
-0.03639000770949226
0.0659016823480042
-0.01594220314209252
-0.02652267564497071
-0.001423830610875437
0.01592233620608378
0.022400071415002044
0.026336737476237965
0.023253166963393284
0.030291363513208592
0.03344128136158976
0.013064733792651557
0.022372575692757125
0.016006130841185028
0.01221645739890788
0.009975191348028331
0.008087486658333198
0.003043284347591798
0.010828323178842053
0.006881787654866294
0.014168376894434766
0.001976931075195645
-0.002572406093581671
-0.0075207222615674635
-0.006063243706333341
-0.004717766628642576
-0.00792682989045308
-0.010184671298960491
-0.009972367234119166
-0.006233769528751449
-0.010556795747549948
-0.010186235226001657
-0.011342207661040457
-0.009609134068420712
-0.02396835340697197
-0.007090837929996606
-0.0040745023121375465
0.008500227560354295
0.001813097821269867
0.004028406937936765
-0.04069954634231148
-0.008073630377954099
-0.014640747387170104
-0.015728722580198688
-0.014160123908261574
-0.009488160238579764
-0.01550114152109915
-0.014116506571902889
-0.0161913728616809
-0.015646235513377613
-0.012829471642532926
-0.003976784009813863
-0.030715883091170296
-0.03997235875605764
0.0064858775077701394
-0.010533827947709172
-0.006872595811105718
0.07606319188562648
0.035521664867845595
0.009635801894197406
0.10104095037046941
0.012759551152592759
0.014840310989438363
0.026146725414380106
-0.018806698260005958
0.00042232673001578013
-0.0272312178012942
0.06686348818321114
-0.07085601772881682
-0.10373249556055428
-0.001709963989191102
-0.010563612806832143
-0.01076883988649568
-0.00587074058503596
-0.0004095234473623007
0.010785545620099386
0.0062567042327277165
0.00034785550332660104
-0.0019799311527691184
-0.00129987324379468
-0.0034205485117211505
-0.0007589878549325524
0.0006743713710524852
0.001426138652776726
-0.04489824401835579
-0.012280712939115798
-0.06580959428490088
-0.009403799888399586
0.012483931716682243
0.08860756860700254
-7.639710652747973e-05
-0.0009755058629092679
0.0022331403710142083
-0.001833250671791867
-0.0035135716397854283
0.008559596474992475
-0.004396252266015236
-0.0051514846049759205
-0.006069742749554794
-0.006416886838054502
-0.0057880306679122355
-0.006841316877063358
-0.007207618559247488
-0.007344676859143225
-0.005637040329689421
-0.00699002141766835
-0.008762555021467559
-0.008428295210854798
-0.0075934726473858415
0.09407302351662049
-0.007650116048889276
-0.008509058472979171
-0.0018863777167009625
-0.0031346530259933596
-0.019499411179806962
-0.006954827560786049
-0.012544751882583149
-0.007463904561300849
0.0033460664176650475
-0.05835355799561791
-0.12108661738913461
-0.025180394031137504
0.04921498518088033
-0.0027923698806463647
-0.014642365176845886
-0.0371951699145237
-0.022977252826239157
-0.0022362654160987543
-0.009051748894632243
-0.007839713662272556
0.008793895234445083
0.004831831662170852
-0.047011041126733724
0.0038648761317843458
-0.010349291721141624
0.028861120504518417
0.003707555229934187
-0.004019025566890845
-0.017134363218232838
0.008628133908317626
-0.017212749853544214
-0.02722317446450431
-0.03367649820146324
-0.026997053430937515
-0.026577799660302093
0.0031284132886124447
0.001698513349945022
-0.005662913482863657
-0.0033696239678348856
0.0026318379840164626
0.01026238856832517
-0.006018915223919259
0.018189785660696192
0.017568150511644523
0.011336169827038133
0.0010575214755579503
-0.003317868424643278
-0.001984963832790082
0.009002240128150873
-0.03212038245667476
0.014600675554368052
-0.0029622434691649047
-0.010050024840821627
-0.01206564351258444
-0.011081615697002578
-0.011141533837608695
-0.009751114828224083
-0.009743014593786042
-0.008673709936006321
-0.007406974867287886
-0.005436095365930271
-0.01177206788188171
-0.002163825609021063
0.0011810974115659498
0.010785078186185118
-0.032468771576289975
0.01936517867159805
0.003060816787105797
0.009625560581014051
0.005202671462746402
0.0033697357406823423
0.0032798494067482653
-0.006029761815844359
0.0051087026027093994
0.00793105164838009
0.006851349961239939
0.0008380075933466228
-0.0020909135285359023
-0.0023486435365902094
-0.0007003572039683809
0.0011553228427225006
0.002144045249306243
-0.0013872367295431124
-0.010792967213048867
-0.014374129743103918
-0.016077248724929407
-0.0384191328402788
-0.03057943935817612
-0.006915259954036075
0.01973050288367014
-0.0005166644727527472
0.0022314937980182593
0.006830900752685719
0.010977190781219703
0.011252614575414724
0.0054917105771514554
-0.0036835963330041806
-0.0048513678373797815
0.0062714303665661
0.02195406302744459
0.025143056769954247
0.012387317411285952
0.0024429173813744465
0.001591979742140128
0.0005093188509789609
0.0016935305447918429
0.002922437999122159
0.01401086460478778
0.025385579527966644
0.020738362345886996
0.005307771035256796
-0.006471687546592128
-0.005087886386147527
0.004470607627248309
0.011328503859354262
0.011674611608136785
0.0066127712486630874
0.0007411570992906692
-0.0027086341256718416
0.001185400597229421
-0.004406104389539395
-0.003949320866193627
-0.0007796637178878392
0.0016936188182754427
0.009389050472395716
0.008823641269247147
0.007304960806448076
0.008396559730793417
0.009605418877813156
0.012779596780545474
0.02107936507354975
0.0114656276873253
0.008998415106625718
0.011544286925597983
-0.0029337935988233022
0.01923049575793249
0.0026401643103233334
0.024782670528093832
0.022042925499788972
0.024248055140135078
-0.04012214653764937
0.045915152072173934
0.04628543470585725
0.04087683388550548
0.02542924234641811
-0.06673539023899458
0.06932501839842795
0.03362540898453463
-0.12479074436129597
0.01593447970280872
0.008228671119369792
0.006006448618044251
-0.0030653480647439123
0.006407125317216034
0.0028011897457234313
0.0029876474518995377
0.0034287247010266913
0.004483849536886252
0.006701150444248729
-0.1955430322525349
0.016251238386675117
0.008660854927349039
0.009272817280622743
0.007514483852661456
0.005702653900586617
0.005392487525679446
0.00313067890346034
0.004053300900259137
0.0034269116146476643
0.0027046432890615343
0.001305806194676086
-0.0006623029081677245
-0.0017279344739305387
-0.0017010601700654774
-0.0029747925716148258
0.005794590095336203
0.017738479071464464
0.09022620050064263
0.03608921297675546
-0.0023989246871050926
-0.004137124480946968
-0.002248697963104453
2.1992145366060205e-05
0.0024402261159683224
0.004874923962360773
0.008862627648697823
0.009705887473213439
0.008816199130406061
0.008146197970108035
0.006711315827108086
0.004188047564438095
0.0007428830879976018
-0.0032259493377640564
-0.007181409974631775
-0.010505091576418532
-0.012227641937756597
-0.0124379968294834
-0.010101385320770642
-0.006405019125874226
-0.00203559285796443
0.0018106943306499302
0.0037930821496330257
0.002938310623570374
-0.0009084432805720592
-0.0065096878288266
-0.010985087739354988
-0.010500373251538018
-0.0023471669230878747
0.011428202393118909
0.02161783705793251
0.01631379327681034
-0.005629302814828232
-0.02815383738270692
-0.037385896729009147
-0.03635438992233275
-0.025147736265036198
-0.0020910355404826506
0.01872161495498385
0.02405473499339006
0.01637897835678018
0.005288669159000584
-0.002794704356468001
-0.006634610879256164
-0.00730178016583513
-0.005525687624752222
-0.000644928182007143
0.008099615080831487
0.014063768531083308
0.0012494986892053871
-0.020618340511097958
-0.017656633119298815
0.004980801940746746
0.01097244676064597
0.00014506552210457308
-0.0044527632407555
0.0015185208649978654
-0.00037514709060733705
-0.004244841692093477
0.020455825263646664
0.017384361940103354
0.008394191899475073
0.0007225722969550537
-0.00493003915028394
-0.009104825727431978
-0.011104211651600913
-0.012307464467548915
-0.012802456328676689
-0.012893355920418225
-0.012803999796406566
-0.01267582590686128
-0.01270555170562164
-0.01326539915171427
-0.015204639737483894
-0.01563037533174242
-0.012560957060213035
-0.011183654873949442
-0.010502564752978973
-0.009273976609491521
-0.007113999508791917
-0.00401680088132597
-0.00032539965619309897
0.003134800951966438
0.004992139092232695
0.004054260039939811
-0.00033198330861766777
-0.007210753033300312
-0.011561440591747867
-0.008150629519106844
-0.0026119012971958576
-0.002962791634174802
0.0014927888126533236
0.0071672254618275
0.010527933208112999
0.015684490907879444
0.0214548385149255
0.021948869441371394
0.007881994787264443
-0.01663931149024094
-0.03263732328484948
-0.03538715715866908
-0.03157403777845208
-0.014571997749184787
0.010846858966333367
0.02427264968863215
0.018403264082735998
0.003164432528768365
-0.009513837583773489
-0.01453061623682445
-0.01302731481135873
-0.007768473857643219
-0.0016760636328835908
0.002537428654420671
0.004648765137494826
0.005604305280010896
0.0073148745823766095
0.009511752125851217
0.004536971587973976
0.004859722823168612
-0.0035554141097034033
-0.007954567500537779
-0.00955214115435705
-0.009723975245314844
-0.009232925372618996
-0.00883099664356832
-0.009783155909019622
-0.012249439947173783
-0.008801365744582927
-0.007697911284217805
-0.0065254186042047945
-0.006649125606078919
-0.007235998443173604
-0.008501311116997295
-0.008827633533955152
-0.008264230169755832
-0.006111234611647035
-0.0017502433828304803
0.004934186959724731
0.00992037714577668
0.009474816988941445
0.0002688394134453056
-0.011765478875710863
-0.009647463904118836
0.004279222935132635
-0.00157203134522798
-0.006799849412449576
0.0062499304681808
-0.0005456778731590641
-0.013530498008971879
-0.009560048267686222
0.0007087030728504582
0.00624156985006374
0.006426895699196852
0.004398481079875893
0.002496584802463894
0.0019397100630735898
0.002978135139642454
0.005444749660197289
0.008589641028403035
0.009998248716567482
0.00709388849393756
-0.00036647960331616207
-0.005798403013881923
-0.0007836537513168535
0.0061194116071076705
-0.0014782141028868998
-0.007426605653835078
0.002669630265725664
0.006252160918831857
-0.0026584227930594915
-0.004032779424416352
0.0046925005706621595
0.011836564315437434
0.010894911458430403
0.0037178347933173733
-0.0043753822025087855
-0.009080018794264143
-0.008947238867803681
-0.005218679805348193
-0.00010241400729585954
0.004422015708422536
0.0073191672940348205
0.009290388390237159
0.009575548402827344
0.006208565200311773
0.0038950473630602095
0.003181757434533469
0.0009304671557726519
-0.0010248921339265163
0.00020520194359803016
0.004436601514996639
0.0008936504210524976
0.005172474645035108
0.0023527805984939537
0.005074727767048649
0.003051629488262039
0.003312447295316555
0.006032688295700904
0.004645007287400797
0.004510541507159141
0.005481402259634781
0.009716024264946267
0.004037141754747717
0.00612281342866419
0.0025797813280686146
0.003679813742536854
0.007720953715933765
0.014311696385082654
0.014932898723698747
0.005093624199535936
0.0017604806024788789
-0.001361775024230097
-0.005422275604273011
-0.011143033865603086
-0.02599999398049338
-0.032232943219987674
-0.024196567521596997
-0.006745685748621871
-0.06880669366514558
0.05339823480126282
-0.0010420859557233686
-0.002410709540345865
-0.002936245185799858
0.000283178229300214
0.004135048574077276
0.0026885081124267455
-0.00199778109127555
-0.003554859571389299
-0.017045575640641873
-0.026697729960116837
-0.009617375384693639
-0.008746539537404365
0.0014917816226169326
-0.010433483071381585
-0.015961934211727934
-0.018293694605278778
-0.01300727200576172
-0.013301689274915525
-0.010533905543553565
-0.009826278889202157
-0.007816360158998064
-0.005193956957385238
-0.0008412757853006544
-0.036044099793999175
0.0008328919367567381
-0.01786304966304002
-0.014433004652193267
-0.008891854728508532
-0.006274454740623936
-0.004638803317177457
-0.0018368256176913296
0.0020354112170576396
0.006062546680687268
0.006572866956728576
0.004627400495525144
-0.0020063638813277063
0.007546189451867366
0.00646284415010457
0.03310044659928391
0.06100708878742152
0.04542533691200445
0.014412704407115355
0.011675113110592947
-0.0016022104388756114
-0.0009575047037583873
0.0063326432648876056
0.008697979725587876
0.007335901025860209
0.012086000782165663
0.01166656279028932
-0.001270615556303477
-0.006088306842992069
-0.008549942853297859
-0.00887785587086995
-0.008833048130097134
-0.008300328147793148
-0.008044051460273791
-0.011800551115046283
-0.016736800342502526
-0.002074471420989798
-0.0011332369015092036
-0.003585630728119695
-0.054876547299655284
-0.0016493550563228018
-0.003816495874743443
-0.0053327327555271874
-0.005406051211814577
-0.005664806342970064
-0.005403841029931076
-0.004868290176593486
-0.008971776484393642
-0.02113586118293532
0.00048710201473392263
0.013292590322993559
0.011450222745234094
0.0019106288296831479
-0.002696846865159775
-0.003283814145853701
-0.005719257867982512
-0.00234407545024389
-0.0037705623498048334
-0.0003759201769177898
-0.002423154096575972
-0.0007060296288137456
0.0006948135973980561
0.004712914394826991
0.008692591412701605
0.013115489668790201
0.005958994383746035
0.005441751445617902
0.006118687383994453
0.007017228299871718
0.007983652776616978
0.009287583854755777
0.014875528965449315
0.014274442368715518
0.012039795856509657
0.01133869855506329
0.01615044655136281
0.024719945420970686
0.005040466481705249
0.0014164656672014486
0.004079006191606384
0.000267066816435202
-0.000345021025073636
0.0007174841247195784
0.002765095664630653
0.007074715756081084
0.009924521825243907
0.008039623667724505
0.007191321651454781
0.005696382461687259
0.0025147769349139044
-0.0006634961297179993
-0.002976388576419259
-0.003656444315742365
0.0025367939536321254
0.008289993286003194
0.012094927522028372
0.010745596273871444
0.002813017451126032
-0.008628694795207838
-0.01847490633748801
-0.02570483373784771
-0.01124905418698327
0.008381243571569264
-0.0008987747267685675
-0.024445322311773113
-0.03018031789843535
-0.010569329070583404
0.012732030177398226
0.011430734715232376
-0.007591796514068211
-0.020113100426834042
-0.01756425260330178
-0.006640437732863262
0.0035439068908804396
0.008204581381078277
0.0073040144360627
0.0034165956044873973
-0.00037868179747260126
-0.002149078424445795
-0.001509200259820822
0.0006813102820447847
0.0032606528652976536
0.005251976989577003
0.006160038404389922
0.006674658385737254
0.005913289184083152
0.009890188061075408
0.0027318914571351546
0.00035212224862670653
-0.0006855557558633136
-0.0016830796633363794
-0.0028705557771988837
-0.003992165761397047
-0.0034640272008306327
-0.013032446466104491
-0.009079242040857615
-0.01184418344092175
-0.007573293937363438
0.01817840119551771
-0.000622360968351228
0.0017065385833427784
0.003222786913261615
0.004075054853438617
0.005326117359463265
0.005079702426166894
0.0033496141740811023
0.0015432015040067633
0.0008675093241710397
0.00044085124949414255
0.0010253996088600698
0.006443776929854338
-0.040612712409568597
0.002553540660781953
-0.0051460057803801584
-0.009858219721508181
-0.014313182300952975
-0.022602380237551782
-0.034532559614143955
-0.04024079970948548
0.009332440228004304
-0.020646354190846917
-0.13545369879029331
0.028490379995697687
-0.02404877978020311
-0.04253364665930595
-0.02778658377144484
-0.015896043042918976
-0.009414127230980281
-0.005652538890533379
-0.0023554638132648868
-0.0003032019665405548
0.0010691570638167885
0.002269640148382979
0.002976082133452166
0.005495281830239536
0.013458368229819018
-0.0015255494730801672
0.014267988309862312
0.006701531133515999
0.00560086357283128
0.0029248086095220124
0.004952481101446437
0.0067155356699137025
0.007365133507736276
0.01193761368986987
0.006306660858330751
-0.03650081925256798
0.006214927114612948
0.007607927128321124
0.0029970110975151565
0.004276790136797662
0.008685209076262277
0.0051916152499979695
0.005171277648941547
0.005139729457917601
0.005402890156994544
0.005815589395655846
0.006614369142162265
0.00863061491334227
0.011461453254522875
0.01800499243515742
0.14893930101031463
0.01055941811699988
0.009582310063429925
0.00808087091418788
0.008274689555976178
0.013208145953300702
-0.005382149523231218
0.012558012994426675
0.013032801534460034
0.024504680032721465
0.019881148761257385
0.012164865285630152
0.006626738986147787
0.0035199400485494627
-0.0006216353235993792
-0.011677010144663024
-0.03148702180376513
0.006599493126314878
0.08154253564064048
0.0396012740388855
-0.02266397236660235
-0.01177191629619349
-0.004189915794183454
0.0004209656741010846
0.007515948385451552
0.09589670184399963
0.007857475511974224
0.002365980625238454
0.0006583429472859627
-0.0006641298649504258
-0.003435801431060708
-0.007683431293999521
-0.014626384604305208
-0.022116267849250183
-0.027246434667556628
-0.03230565857965285
-0.02599574985736671
-0.020750158778461675
-0.014266216288148559
-0.007948356062299896
-0.004406563815472987
-0.0024994075282226244
0.0017625248926215996
-0.0007099577759125455
-7.998276420791134e-05
0.0003055593454977279
0.0006278228587230108
0.001222204392913336
0.0019693347857925535
0.006613275040547347
0.007244394252141633
0.0116678608715873
0.0054575360585649955
0.0010896710145892423
3.80197151973972e-05
-0.0008864228582234572
-0.0010228710807146828
0.0007800259312410692
-0.00047000541893780714
0.0033410660139298453
0.021746070207701678
0.0016177386633612842
-0.0019373664368563534
-0.002769708000664269
-0.003647933237612817
-0.005025389112990833
-0.007552682375100501
-0.006857176239898662
-0.0077809284934362765
-0.0016864272022187763
0.0024806703529142242
0.006488230811867029
0.014871741018858752
0.014669487391060767
0.02499982293561063
0.020462247826241647
0.007493054017535015
0.005012424105032827
0.003293939145451348
0.0010425226314361255
-0.0017892116747050765
-0.004851763365862417
-0.007510239087311079
-0.008827715204886991
-0.007911788416689242
-0.005083632684058465
0.0024406870360857034
0.008739690081251156
0.01127770064967478
0.006974017812302003
-0.003189771255659962
-0.010906959178227475
-0.005442455465714222
0.0068088587229217425
0.0012783957396055464
-0.014415962053040809
-0.00856766278937713
0.0077965432901898725
0.004136740416542337
-0.008987824639549653
-0.010737594581194925
-0.002608943855420746
0.005375599801821693
0.008369287125296993
0.006750612169733811
0.002758697169865418
-0.0016223151417966333
-0.005368721147466193
-0.008137526064632982
-0.010027380666759546
-0.011713438231572192
-0.012024815282573988
-0.012310983252097256
-0.012603606398676139
-0.012815235878292659
-0.012923042683073841
-0.013058876756507689
-0.013338399462314056
-0.014375422532938978
-0.013696293255903307
-0.012728701497060096
-0.012133551763425749
-0.011368426125803518
-0.010182266998622501
-0.00849586121608836
-0.006435269828347244
-0.004814481782490576
-0.003170157611658315
-0.0015879572774689411
-0.0007735071667876923
3.507100276732161e-05
0.0009944421896288767
0.0018845446291717775
0.0024639799294804113
0.0025234240197131476
0.0019147725012965333
0.0005740386083499694
-0.0013527189086881338
-0.0036060829186406506
-0.006155993872502721
-0.008387234974502233
-0.009765327322855642
-0.009798940696157511
-0.0077614316115540444
-0.0031881587615602623
0.004016082387083471
0.01298220716004308
0.021596130630803862
0.026544471743529755
0.024737692889175357
0.014738993519243694
-0.0015640780089534053
-0.015534307747880567
-0.018607419317341996
-0.014760834497372132
-0.012458658421992157
-0.009012356556041929
-0.0038059372813210104
-0.001260549682379884
-0.0005211507159263267
0.004371857680371066
0.017441145800633075
0.033928627432860806
0.04172347861007933
0.03366515515460006
0.015865380851723766
0.001087398448474526
-0.002741627184814762
0.003729733269441621
0.014910352218669898
0.024908308592721362
0.03019953708446468
0.030062875534892272
0.025637218250819348
0.01878363544313087
0.01127962712033049
0.004381877590057206
-0.0012273909496050856
-0.005289297321995206
-0.007867774431855136
-0.009252273586749208
-0.009771362200974626
-0.00971430051190751
-0.009345004843166988
-0.008852149646934699
-0.008386001607757638
-0.008037044160530412
-0.007820611874141228
-0.007771645196739991
-0.007968743388093525
-0.008380553153192373
-0.008972684076541294
-0.009665329759073306
-0.010339444758605364
-0.010751960184045024
-0.010547637886040509
-0.009284910468856431
-0.00645758848419835
-0.0016131655002089174
0.005400140087881954
0.014008536651248436
0.022586603034685463
0.02840073713823492
0.02827395219316783
0.02041384483283802
0.0069838116534695245
-0.004702020930180742
-0.00560825662443902
0.007277653661344102
0.024182549406482005
0.028797063120813034
0.01622102115005559
-0.0007488519037398167
-0.007362036481400854
-0.0002453862236378776
0.013527036114079299
0.024878319601283425
0.028759672934967277
0.025049295306547894
0.01656882631405912
0.006779456571039611
-0.0016908859178957627
-0.007533817525644061
-0.010432770659668597
-0.010764488787856193
-0.009259603900275725
-0.006732502935836054
-0.003881347321878805
-0.001233417058579154
0.0008672640729255581
0.0022528214528902656
0.0028702970685512783
0.0027570322075059677
0.002127908697058997
0.0011232274887726448
-0.00021782898685180927
-0.0017183602040769593
-0.0031240876464923347
-0.004441287257309287
-0.005499311301983192
-0.006053440237751423
-0.0059975192592103795
-0.004722077231402848
-0.0012570129399388646
-0.0007676986564343599
0.0013037960487918508
-0.0009555875034054675
-0.0015693081547940534
0.0017255925798824818
0.00699049846745102
0.013963286938501683
0.01986942461208553
0.016822481711294954
-0.001540178048166386
-0.02010945674899521
-0.024145663326747207
-0.021630027589176547
-0.006060042074368461
0.013796067031507956
0.02153065435843033
0.02085975854652525
0.011669890904252205
0.0032704948814659776
-0.0015576923607664795
-0.004249716352799307
-0.005609817121344814
-0.0045995731558718545
-0.003762234049106353
-0.0032466437014134473
-0.0031493210591618526
-0.0025553560246082694
-0.00214054246253415
-0.0028786323529481905
-0.0017889923099381549
-0.0016640751020509457
-0.0015566074151556635
-0.0014164947228682784
-0.0006656942877049921
0.000884071593233232
0.003556047417927684
0.007916316437240974
0.013755549620659694
0.01879997468005469
0.017731884963221128
0.004957922614433361
-0.015636199508634246
-0.023962292265985837
-0.01408495744796463
-0.007033173165557751
-0.004801617027459108
-0.01104662095342254
-0.0212599239818593
-0.0290945062039629
-0.017974767154310133
0.004789029167994177
0.020010043440614945
0.02265733467398142
0.018172010269054663
0.012545497489617695
0.008446159226162413
0.005981621050008445
0.0046492477893981055
0.0049912363881336776
0.009115533994863124
0.02263746162846544
0.0012806249679451383
0.00823575352118729
0.01833552610029855
0.0036632737408248905
-0.0009503484397147656
-0.0008476553518993444
0.0007371170681297248
-0.00102852390372758
-0.0019440117822460486
-0.0021151487859578043
-0.0029706287883395663
-0.003064033785330018
-0.0031292759729916954
-0.0027647295685244697
0.00034116818048516754
0.007370552358731428
-0.00016712150270759934
-0.002507204060693699
-0.0027497367060486753
-0.0025412042851583275
-0.001699070909214918
0.0022598392510085616
0.006946571102682981
-0.00045685161497593853
-0.0010184156627648345
-0.0008860297166350618
-0.0006003333076970714
-0.0001564830792984874
0.00043606777021168723
0.0009741013331137309
0.0029064498706456417
0.003319572451915143
0.0027027098747953626
0.002423824772068458
0.002433145492929001
0.0021397518272221407
0.001319876128573926
0.0005760146455313221
-0.0011105728177723503
-0.001281509456255823
-0.0037466413628617938
-0.002150343753322317
-0.0011033196746164215
0.0016097793221094968
0.005257030072362177
0.008936061098119728
0.010720623606481782
0.008232220537730595
0.00015518413586042344
-0.011844003223621068
-0.021197327001770894
-0.018362026814934297
-0.0008344621001326414
0.013763456252821998
0.0011940936663629399
-0.02582987182099573
-0.033447309800448764
-0.01804782737055596
-0.009479844032885923
-0.00132128240125643
-0.01162807452070402
-0.021166250550850668
-0.017708225417505517
-0.006890919893085304
0.0035011715023404427
0.009340508908150658
0.01077666031445034
0.009666971363284989
0.007481184750435376
0.004136498547995712
0.0022929305707717336
0.0007580646382235281
-0.0027200278148362673
-0.0063979080947399
-0.0033946384363944962
-0.002587871715860156
-0.0022575871978674934
-0.0019042937246912116
-0.0016740705080864004
-0.0018120507528241808
-0.0035072340514425053
-0.007776599283204542
-0.012553682861518381
-0.008971970909235877
-0.004551139979172512
-0.003993425970247433
-0.004562017476410247
-0.006759372974555954
-0.006075253225819249
-0.0068162343989038
-0.009471413338181947
-0.007953537179374214
-0.0072522814245442255
-0.00537731820725124
-0.002288012973840751
0.0020282257970372745
0.00614738645854204
0.008661789577420243
0.00789705985202754
0.002743264805675797
-0.005556673414863555
-0.012102673524266472
-0.009727242397477453
0.003698386339124802
0.015332411592648231
0.005070259328749871
-0.020860470168041337
-0.035703460005809526
-0.031116184613573173
-0.00741996503422774
0.014516824126832048
0.012747672981810046
-0.002392075353127311
-0.011541139040890856
-0.00944245228910897
-0.001601872781312005
0.005396832332317371
0.008182425496533611
0.006587631445906324
0.002495753891492772
-0.00228492827258622
-0.006170540888857507
-0.0085774119815472
-0.008826926156466165
-0.007462707747713241
-0.005417535132387197
-0.003099412168931086
-0.0009071018401877292
0.0009087528247184607
0.0024226473579253725
0.004519065395739993
0.009443233916139803
0.019383339044297534
0.009227105596905177
0.0032302135407000034
0.0017645224173069554
0.001331817547413704
0.0009104129787325131
-2.652302012061276e-05
0.00012171649302228936
0.007478090484082535
0.0006301463585522714
-0.003877228367296225
-0.007008231833221801
-0.004431937339899572
-0.007965161284252675
-0.004570631010490237
0.004146662159126741
0.009393684926741643
-0.0013724661678800618
-0.002489190919039752
-0.003605814486860049
-0.004833348517521731
-0.008731769713632601
-0.00688239737863114
-0.004935527359977394
-0.012870409044258149
-0.019497779820177225
-0.006990515527410263
-0.008771452316116405
-0.0012643261327238463
-0.0050090995595751435
-0.008088619316374663
-0.008903112634958306
-0.0017538027842314324
0.00981615075835669
0.004580481586588685
-0.0005852400476375072
-0.001819024906972636
-0.003050088133038777
-0.004519790270506101
-0.0030417453821555817
0.0021320967458793743
0.007266574159245817
-0.007398866305823753
-0.006059666434897445
-0.003948890458490709
-0.002415828910038921
-0.0005778187096008047
0.08281374748361711
-0.0006690656419367586
-0.002652216576083914
-0.0062121160687446325
-0.004514766385292978
-0.0033646179344388478
-0.0032836044975723504
-0.0028762521231689257
-0.003590259467631282
-0.0038328958704160012
