-7.941878189794094e-09
0.013341712780113193
0.01883818397980213
0.020153665101673202
0.02013367306330188
0.019534424508707588
0.01848798515127982
0.016862572666690948
0.015015486571583414
0.012923221295971161
0.010727942185489888
0.007038408071694956
0.004679083532978853
0.001125820236056541
-0.0029482491141143855
-0.008315021217177858
-0.014717840963472948
-0.02237904087358322
-0.02972624490716327
-0.03133593190933026
-0.018353709260275627
0.0047737779571835675
0.003444305238073421
-0.010566253694808615
0.012286581908232157
0.01591385206688366
0.008746815945047044
0.0061126705048354935
0.006489991988183447
0.007860172830911494
0.004880648370959381
0.011009501588597162
0.01131559506548229
0.0107955324400856
0.009690416408373688
0.008119032814398842
0.006355067382345048
0.0038424322077196442
-0.0007687990319211283
-0.0010479090858245043
-0.0035133397723132974
-0.005755312859338161
-0.007705166727072911
-0.011003209917363824
-0.010868875996866006
-0.011724535115957757
-0.010805683312570548
-0.010274157768587453
-0.009427447427793648
-0.008216741686389521
-0.007988721872866566
0.0004111668184201639
0.06115068010512114
-0.03955632007349833
0.009445839652792823
0.03655283331759265
-0.042264303481909626
0.030526642286228454
0.019148040082489055
0.005059756950928928
-0.026443400155651494
-0.01140655197538838
-0.0060476133440457635
0.02896720787599444
-0.008500725301322412
-0.04127963094921985
0.031285007718339
-0.010908303690883655
-0.03871022613564521
-0.011870425213701127
0.007720174450450846
0.016331040784527504
0.018723549308147586
0.01722480185669724
0.01419221177094265
0.010773376100661583
0.006305668920830455
0.003709564521343085
0.0042261832045266306
0.014885739481333387
0.021522881406526116
0.021589822244038503
0.0019769640671820085
-0.007114796642682869
-0.010664227851049882
-0.012139106833844214
-0.012359879213236061
-0.011108779300810886
-0.008445381935285236
-0.010411445531347133
-0.010077246591902024
-0.009589029959052245
-0.008660884297268223
-0.007619258236111262
-0.039253707503705736
-0.006687051539594561
-0.01775941199752056
-0.0058410624874953125
-0.001995984242244507
0.0005990853641709592
0.0035232012854416843
0.005551343203050195
-0.0051449079680203
0.008917573632540341
-0.0043309689239807705
0.00983247940468078
0.010753748226857129
0.012273271158754848
0.014605716888433819
0.017409344662058644
0.018911658094453825
-0.028835505011271006
0.018759174476703784
0.013058243513962536
-0.00010380837060966263
-0.05236158659615942
-0.05587278441628038
0.03400289175594038
-0.07474778053505
0.04098756944273373
0.037958980179705955
0.007962496891230717
0.0028768588248375797
0.03222207094551104
-0.09776634670060877
0.0482739148621347
0.04593096588878777
0.03940581549502898
0.031088858204738303
0.023687008568657096
0.017668543611749892
0.0186701669723677
0.008535896876938225
0.00647987981304609
0.00388859727860997
-0.0002877257137439973
-0.0022147543354745693
-0.006569060071962568
-0.004731772318691929
-0.005520499548062308
-0.0008257144865523474
-0.0021087549795125583
-0.021549190185137235
-0.002845226853271589
-0.005141074572739313
-0.036489353170685725
-0.010610226333229306
-0.011083693332871698
-0.011844040106099135
-0.011055189746106652
-0.013505591848124162
-0.017593618599521414
-0.014045073381282212
-0.011434700528610094
-0.0016005669871027562
-0.007749785770747679
-0.004911076713826559
-0.00620357938231992
-0.004948862392844799
-0.0028173396280195915
-0.0005721762734707091
0.0031528671855011263
0.007602272107196895
0.013062358620332911
0.01855950797397661
0.014610765813616127
0.042474365435770496
0.017237198317468127
0.010456394347922462
0.006674837964399036
-0.007186181338749662
-0.016037671791498523
-0.022464035024717145
-0.02312527023242187
-0.014066266004268541
0.004549028650708499
0.02099615759823106
0.030836727979090955
0.01436476005857269
0.027469089633452334
0.03500173037336364
0.0010109256716088482
-0.015530317402373331
-0.0195452330867272
0.0176816648076453
0.0095596713274915
-0.02491837107083318
-0.008051724208075066
-0.034418732947377004
-0.039393775085739186
-0.01585282233970288
0.0030122543250969565
0.00863597494259182
0.005722785657995143
-0.00018279695891917135
-0.013726163618641984
-0.009510623595804565
0.0055814228703697285
0.006687021900366348
0.004823545687130934
0.001976321403209633
-0.013194134607427535
0.0004012022434190363
-0.011931196548647922
-0.0038545019372133106
0.002257196879940549
0.007631099580176379
0.0026213467911079054
-0.00018879416330190178
0.004651182276645669
-5.762521079003335e-06
0.006003287439627592
0.002251850574345588
0.0018486954053137628
-0.0015840759608638278
0.029758817496676974
-0.004619182544245117
-0.005366845391554941
-0.00668250303672982
-0.009376960739901543
-0.009842845351966462
-0.01130661880023891
-0.01152661725444467
-0.010941628944348438
-0.008240875855268701
-0.003911735186695761
-0.020571039950189305
-0.0032566567942713203
-0.0020482231925757727
-0.001700525012578999
-0.0009732663436096041
0.004990805244103358
-0.010765556999623527
-0.00392737018128916
-0.10862501936343381
-0.0008897146224839197
0.02132393381128976
0.04383015075658505
0.017686545119697694
0.03648809805271433
0.01912050648088232
0.04015263138279401
0.02242193294233483
-0.003985628512952637
0.008679284727708033
0.023244407391282407
0.024867187872514216
0.017167225013167645
0.03606851666768588
-0.014788612294926194
0.06118515597713403
-0.01631741598744401
0.003593621040795034
0.003708246205387482
0.0035096979402952683
-0.0027205974538576077
0.0059512070055002565
0.0020192855252115873
-0.018784557311332887
-0.01514522330672688
-0.0021054452058258876
0.005157323393131436
0.0032776112116244607
-0.013596023507625276
-0.017146825220392667
0.008153929686445268
0.015461689733229101
0.008211534051558573
-0.006286040461078822
0.0024829920502921175
0.0023584480167606185
0.0026617263874725806
-0.007569198031447915
-0.022077266540076
-0.028534160338397667
-0.019047494560635106
-0.02123397565095539
-0.020842423464292794
-0.004724347304335094
-0.0070386549423783595
-0.0033402384577030154
-0.03154295154469892
0.00541086223854425
0.006573308324108676
0.01294666747420551
0.00018967068018153394
-0.04170167356340222
-0.021033249352026943
-0.0020729161454021566
-0.07314193507811868
0.002161008968873007
0.01475081390657024
0.011664452066335245
-0.008921556497529326
-0.002653402579260544
0.019603585436451798
0.022467670017850785
0.020364784027346695
0.0073420493165783016
0.009477691426804881
0.010241460911019745
-0.0419517060416803
-0.05750990894894597
-0.022418926377929572
0.009600500024534593
0.027996839078734816
0.04003594025525626
0.042886368911165915
0.043382976106337255
0.04032054132540837
0.02646104815148351
0.031591219715998625
0.033473749855611516
0.020585590292132163
0.0006285407359058967
-0.023748995345817273
-0.03735896684832424
-0.05004247454482411
0.004566484114054965
0.03360002399069686
-0.005685572902109075
-0.026332078868433913
0.007482990380053332
-0.04323491385955115
-0.05758960761490301
0.04089873396110222
-0.019718898603334045
0.13326018302109666
-0.027040169362116204
0.00021776951175905504
0.035860882592521785
0.028096822460631634
-0.0160054711511951
0.004374017356752212
-0.025871715588979133
-0.031197488767577126
-0.04045939498843694
-0.023484699246456683
-0.010580615514215592
-0.0044667703600133925
-0.0017955576760375937
-0.001748886381614019
-0.0055112411830050495
-0.012317625879998928
-0.015624755042200442
-0.004770831412687285
-0.0006798769972971292
0.003834176181356633
0.004987253488096968
-0.003914284452383072
0.004807570581669588
-0.012114191675638864
-0.058855573423094915
-0.02572273251679633
-0.005094643425177212
0.09981628910761503
0.013766088712628922
-0.004709422148615672
-0.0049299876392963245
0.1004783096225609
0.003737297937718725
0.025507789817546377
0.030256050854091842
0.0062351977319509665
-0.016406991102343477
-0.028841835561607295
-0.014256727703830446
0.03341985674434268
-0.005319599939053351
-0.01257869385661959
0.030459474843962834
-0.02548233198005196
-0.00024753065405622946
-0.004374779192604341
0.007321489609766734
0.0013799383147705285
-0.026565023257436083
0.012141705583601134
0.031550158040856716
-0.02328649860050849
-0.03305349925545155
-0.05253026653556724
0.02448669630345895
0.02498824789183259
-0.04385036885401262
-0.03995454449716268
0.0006118115673696138
0.01779771174903678
0.007495905537054398
0.021091902706859768
0.03403201328329112
0.006871475476283255
-0.02004012615918208
-0.006412367269545245
-0.03632485370523163
-0.021735048730439785
-0.03743867769683065
-0.07376240871794278
-0.025566005804715887
-0.022257980114893203
0.03466253404064246
0.02293393629007754
-0.028334076705326484
-0.042561011152603814
0.019319269083715947
0.014326175795311999
0.01991969483666157
0.012919150000665494
0.04095295957252102
-0.003610565290222468
0.019137805163434166
0.02103629892464993
0.010698288323836432
-0.05986065236902564
0.030650312127677312
-0.03790576209377025
-0.002296643209023829
0.0024230673411951707
-0.0035487752239903554
-0.006902505598074511
-0.014711989909292138
-0.0222899723752727
-0.00040232563557573314
-0.048059837930231004
0.1100944579524414
-0.08747137673032064
0.003211403998680367
0.04069804537932927
0.018083601643703547
-0.009211626598131836
0.0035477799264041
0.01848207945468503
0.037523802144115874
0.03141981256324241
0.024437287879232942
-0.01557293190802249
-0.07847837494644917
-0.05356476986789297
0.003945104631296982
0.0024995538144316045
-3.450059789047473e-05
0.044955640883164116
0.03230972616634922
-0.013594196011016363
0.011315599612973704
0.02236958264953845
0.011944663498592883
0.008933884402707174
0.06153193106189154
0.001603711128829139
0.015122326142123223
0.0026205373622349573
-0.036910126056927346
-0.02815636319944967
0.00271989385129177
0.009259229284516198
0.005836194277278209
0.010615639698146325
0.010590067854892617
0.02404340788497798
0.03271298963277234
0.032997465876810586
0.029009445710046024
0.06067821451662592
0.029105559402997545
0.028376403396404046
0.01686680834946822
-0.0013307732770496156
-0.022982685216835153
-0.03761037162197904
0.032161608651211634
-0.024872677881938265
-0.006581926747873113
-0.009232827686637047
0.004237214593179004
0.029618676660225475
0.00777605786786395
-0.018827812415994606
-0.027018496907015264
-0.02100490313296146
-0.022485794346190423
-0.03436405480422065
-0.0398175117032878
-0.012258362633456544
0.004663180118231076
0.032997173135475795
-0.008389101286406206
0.05590303725176996
-0.14214357876211256
-0.017404447600369972
0.027873065061265936
0.008004802075738334
0.005472012787942356
0.0008994554576299263
-0.0010956597029985204
-0.003923636722264495
-0.007460403774125578
-0.005550163109787873
0.005468774974402302
0.004259606600287623
-0.002290828265065645
-0.002021346753774662
-0.0015507838074048069
0.004432420766780827
0.012750101449093063
0.0013910839876855707
0.001770418299561589
0.013868155237910297
0.03995010477035808
-0.0387801916672795
-0.018498433620301073
-0.00341282089400216
-0.0003531056431018345
-0.004731673839570411
-0.0037743752046060742
-0.02769452824387369
0.004011277766620476
0.007918317393745624
0.014727310442623105
0.023562555775674947
-0.005088558315712303
0.03616804151197803
0.0834104247719153
0.010906373882373085
0.023396235355122134
0.010838584231346997
0.002076441142788791
-0.0022840299247316176
-0.005718357193969891
-0.007164098835252494
-0.011257808528497237
-0.007970061938951495
-0.005285426268490152
-0.0005380733456871498
-0.002082405577028043
0.00751471930358295
0.008004359287371763
0.00592724758576096
0.0007304034031485363
-0.006327544470184571
-0.007600862728754628
-0.002987416350667756
0.006412331540652795
0.01659243346456718
0.020225143729783013
0.010433348408502458
-0.0007315624606264932
-0.010575196501542553
-0.005689035424014223
0.00398624573485966
0.008740437672021947
0.006973918467938292
0.0006869142024565011
-0.0068005112998184535
-0.013900076633703339
-0.017789461312658784
-0.013683103393158726
-0.008311245193713117
-0.012315008411226161
-0.0165078118556841
-0.012794987172685257
-0.005788600809579575
0.0013772548864694563
0.007967645794724445
0.011336592274568444
0.008951493275361327
0.0025998299917132806
-0.0015911878561420474
0.004041825481993896
0.014468935514227173
0.017559942452217075
0.011428877769191603
0.01753823305138588
0.006163903107455889
-0.0005877900160816845
-0.003673937667117301
-0.0034472715157355875
0.000699209517269817
0.00826528988234661
0.011418335526372895
0.013518494153676515
0.012472811006895183
-0.018479947741518312
0.004317205134916935
0.0012330625455896427
-0.0027163985392624464
-0.0062237934506622836
-0.007335871565164222
-0.007926598015388874
-0.00651215198823168
-0.003902805251175614
-0.04449675314356388
0.006604780914827134
0.004209053103447361
0.009860229627364653
-0.005480570148531491
0.00691440558701198
0.001814900958951018
-0.006258984975120656
-0.03153137831574685
-0.06972345337983074
-0.028236893290228906
-0.009941472866117726
-0.0026794758115148017
-0.005122858027954777
-0.0063096476491744
-0.004873803426583501
0.00012307016128372788
0.008337993230670526
0.028526605683764472
0.0567937734503601
0.04259941362034877
0.024688247017899005
0.0065053721508683115
0.0018382529614301122
0.002488856637441511
0.006101766474273655
0.018648745875622975
0.015811902412262244
-0.015488000865525058
0.045565756293450166
0.025174485121522643
0.006753098493570794
0.009727602701065386
0.014498668028088845
-0.002577875328860817
-0.01624436970738556
-0.018325249684759758
-0.009358661263876208
-0.011440185475864386
-0.008913005554041077
-0.004442028085460329
0.01637529214212666
0.00415008855789588
0.007790736554756283
0.0029153047803448665
-0.003617853599504524
-0.004381992486068996
-0.003396179465646042
-0.007562185533512411
0.012177007760744558
-0.0045052326471160566
0.0016786853036434397
-0.0069034421096169285
-0.008854043250028065
-0.011301194222450413
0.002747237231408907
-0.00992174171491138
0.0036001768480365985
-0.00917629318347359
-0.009682588242535461
-0.012137629272579978
-0.01447489389438879
-0.011834460725048136
-0.0233703812976278
0.018798201604593487
0.04895171235973255
0.018083383244894276
0.07401743293905597
0.019583280722904252
-0.02685482666287844
-0.02392549865063971
-0.017995042921425328
-0.011246866701460339
-0.010966403562083804
-0.015738147165783048
-0.006113083650206669
-0.010839234226184429
-0.011042223685905815
-0.017515358945859292
0.0183254550484187
-0.023074227623353757
-0.009751720278980917
-0.00945758368659795
-0.00010252481684254401
-0.010936408191988158
-0.015621305365038507
-0.0027851135700994586
0.005216197922155692
-0.006188665706878793
-0.008144061619143324
-0.0093499686209758
-0.010110820869033565
-0.01256477002725235
-0.00621851663972592
-0.011799337404744965
-0.01111175092065894
-0.011641568136995179
-0.011875131067630195
-0.011827646577879379
-0.01084655649668714
-0.00570390799642835
0.0021931995090704224
-0.0013510625308261884
-0.0042347488040455775
0.008277403753172624
0.011221119473281128
-0.005117761780386644
-0.007520760545548524
0.03427857506199103
0.0022545870053880127
0.037513761676727236
0.004368168221899427
0.013027027512205192
-0.008081489199974704
-0.010894624495289917
-0.011401117789004241
-0.010298352247684585
-0.0011806094402679074
-0.004259896371760159
-0.000142543127436414
0.010398360764018342
0.022630954504745907
0.042272865916002524
0.03751099063718455
0.05786690124252491
0.0031483932950230526
0.025820503340243002
0.022614350205650877
0.02980952836473549
-0.010904871467393365
0.0021243565234093436
-0.002015518543641312
-0.020606025152897892
-0.00954098061336956
-0.011417607871628967
-0.016815469758221013
-0.022309271013178544
-0.017942247634870175
-0.02352059812488932
0.011584455531996425
-0.01955320438736303
-0.01509883264552616
-0.006089081707623457
-0.003851587249298954
0.04868673892970553
0.007158320989928986
0.0028223138197756
-0.002468076459610211
-0.0035893038273049458
0.00010295035538242047
0.013049671186424697
0.018225401572220235
0.008579956584966372
-0.006205918400777987
-0.009463090608248298
-0.0006564676629322477
0.0030557331003225724
-0.002191450845394137
-0.011133176399503725
-0.018949312443647972
-0.022520609878529427
-0.02120610442707259
-0.021645555811104757
-0.019917453579346732
-0.013442673149002516
-0.004973887226318492
0.002800688129193467
0.0040442533692522506
-0.0014694607499635066
-0.0028846342170952863
0.006163243897602747
0.015807559382872337
0.01477973643370096
0.0037551272048429044
-0.008484849014550454
-0.017339317306530825
-0.015925660230014384
-0.015946785493399836
-0.018326335774884992
-0.02446378012629159
-0.029462502672049497
-0.0183837770776595
-0.008038802606761524
-0.019361845776500262
-0.027321508648211198
-0.05909252901138886
-0.06619836995115722
-0.05019568482367521
-0.03859571287726766
-0.041092366853928995
-0.012461195681496989
-0.022241086850169928
-0.0004822611274085281
0.011856293592868097
-0.016012668348279708
0.005967365211196495
-0.0012305622121632105
-0.007117664946499755
-0.009158504975788042
-0.010650387692117258
-0.00968115734325063
0.0006976323264795825
0.01941957918885897
0.006369122790735087
-0.008035538075407387
-0.014027744482285841
-0.016538619468369625
-0.01271854529763878
-0.0036030803432847616
-0.010516614633858926
-0.010332288269534676
-0.006445569928532352
0.0029193913287966474
-0.002190539931133694
-0.00032427251976795336
0.0024201622777443458
0.008984272487512787
0.005563222249208244
0.009973906487125522
0.01623374622604952
0.03178848395919319
0.0186918581577636
0.036144866933039296
0.033881416758111425
0.007809727533376627
0.0028710629761096954
0.0016036216158595885
0.003473331343759546
0.005961172994985356
0.013075762653961619
0.0042174554362295405
0.004467685230189729
0.006437899793531219
0.010120282774368683
0.014433097013103356
0.0034314696904709186
0.013423305950207319
-0.018291261354241407
0.03678069690025306
0.04241102354188223
-0.16021934941841973
0.02262923182037756
-0.05591418885653669
0.07125637816660206
-0.013915420613644962
0.05649798953013879
-0.016942103105050343
-0.014748865302462097
0.0033750936880553085
-0.005794926642156265
-0.04224541507145442
-0.04181982227123472
0.07962648902771044
-0.019201290759268564
0.0007060318473189121
0.005079680350795111
0.008520405016298152
0.015054104348610346
0.009471517090993286
0.017532551792721385
0.007623724485640991
0.004530952043491089
0.009960918050888222
0.007446369733126214
0.000716427065391298
-0.002695218777165792
-0.009776872453087972
-0.053316030275781676
0.012506236703924714
0.044404271961876025
0.016584929120912043
-0.014138891657765587
-0.06692973019213257
-0.0044171687953216765
-0.002298424928562545
0.013381585316090931
0.0014715410055269283
0.0028525633670687094
0.00046357027656870734
0.0032366286260195926
0.0036753996457388467
0.003938352704859292
0.00409754064999932
0.004997765835489421
0.004343933200537935
0.004933300961514332
0.005708288784178423
0.010071201035476141
0.008691354183739676
0.00671873434722019
0.007115692022995538
0.004148323718857606
-0.07298515934589
0.005736551337093832
0.009694494868407653
0.013440962102281632
0.02227536776698009
-0.0026002711149642156
0.012717205758655922
0.012575786257798077
0.016424965237844463
0.023860384538510585
-0.013174378012620693
-0.05936941929007337
0.018282846754635425
0.006288270975177516
0.011288308195619956
0.004555602529980873
0.009361351517403107
0.002928142810516487
0.003647007071593055
0.0003108244217058135
-0.0005013813137325191
-0.014090892653714089
-0.03147595309297198
-0.053160936678507416
-0.010441044704774702
-0.008612728911998619
0.03194653814687934
0.026184326798495524
-0.005886022311375509
-0.03682851600552464
-0.04999573368509244
-0.010422522321437684
0.012350815855625261
0.017302579369507985
0.016254483562811162
-0.009092541726443963
-0.04528400163087257
-0.06076497545115506
-0.03192147016627997
-0.011204484319763572
-0.006692929041730502
-0.0011942827318740627
-0.01315281012623085
0.01139648333523681
0.010090481209528945
0.009320680658097257
-0.004650650742925901
-0.008572339531892214
-0.002932263312024684
0.015214884042861584
-0.017934565336094953
0.022571950188496857
-0.0001711439563264812
-0.007262814847133624
-0.01624046034060572
-0.018080579348788928
-0.019852639329855534
-0.01814161576047965
-0.020514755848648186
-0.02078604024412009
-0.01945212301242214
-0.018568646745840384
-0.020368378975435957
-0.01358309090284724
-0.006607945898999773
0.0077674038481710525
-0.031322166469468886
0.022536531893375674
-0.0008212913250434219
0.01019070582925924
0.0061098744909618965
0.006070440036601927
0.009143377701236686
0.012548606098713994
0.022854239534219976
0.003459441020408155
0.0015826712773718494
0.008853832334354309
0.00019046590836913386
-0.0060054562747042005
-0.007168543199074912
-0.005142611687608674
0.0020555992650657705
0.013707902645801935
0.018622186564740493
0.00854679064692339
0.00015132510652516944
-0.031736563000406025
-0.027525237553878968
0.003096127996566499
0.054996253882276414
0.004788391208958899
0.0017222623561255273
-0.0004124823503621955
0.0022984629519255282
0.009026988537701196
0.01046952020651153
-0.0015686458711785796
-0.00947880461859264
-0.008454616223699411
-0.0003859584279031513
-0.0012198015544418088
-0.011026674487451323
-0.021725450258003317
-0.028417369522757457
-0.029579387043481068
-0.02780847277335174
-0.020361604529640663
-0.009591105255577865
-0.0005792272825773307
-0.0008427443871794658
-0.010211433190758795
-0.017055399991594257
-0.006646273443933626
0.005456958509307736
0.003523810708391315
-0.006715462849809494
-0.012853464082604614
-0.013182310481661037
-0.006334697984023227
0.025264429532467193
0.0021315897691264233
0.003761407380796426
0.002719901439960437
0.003100348282832497
-0.004040905385456071
-0.042131008250005424
-0.01614844525129923
-0.007177086630946368
-0.006832934908753186
-0.006969467810344038
-0.012185930550203677
-0.009316285861779412
-0.003721672787055095
-0.00034199361247954496
0.013960317891688553
-0.011405447433784853
0.03217871408976767
0.018712877725728286
0.011958451674144737
0.014212568484780815
0.0930278860885459
0.045966852673497455
0.034172196020741175
-0.010484633015561422
-0.02920921004153644
-0.05609810277174908
0.09687839602341114
0.0585979369445546
0.07420150364093955
0.011522385458456338
0.0012922321931999302
-0.005926340321951847
-0.02875161870392008
-0.010188636626847958
-0.014868442823225624
-0.017099098700877866
-0.01703342935253261
-0.014376884396874672
-0.012541362267717446
0.2239639085460645
-0.014247170016013524
-0.04860656175673247
-0.009220146777188548
-0.006492433672674258
-0.005683935868744636
-0.004049213820825516
0.015859770309958506
0.00026381380200185225
0.001953857407824399
0.00433669927919199
0.007396224788002384
0.007797662094021561
0.00895951598429865
0.00691233471163308
0.005859939283345469
0.00026345725466110745
0.01832725234284946
0.07241414442695986
0.021431072845249387
-0.010227119206844573
-0.010732534219960628
-0.009096818523997158
-0.00792590382616469
-0.006469406566999976
-0.004592150319225616
-0.0010324387876254786
-0.013148289991959694
0.005499895383408821
0.011189759862637658
0.015486323100570522
0.018239371035835207
0.0197826620291923
0.018736426208695405
0.015533585544701377
0.01048526652058201
0.006507798742696022
0.0014684338957728614
0.0016923647413388493
0.002721934404961145
0.005163472296549419
0.008033032287139884
0.010082844832213174
0.010701416347933167
0.010002522048437898
0.008758764045655334
0.007743571424103792
0.007297527014535174
0.006594056273354277
0.004095562084669821
-0.0007322129520718224
-0.005110012304786283
-0.0031724909363341765
0.008029741708533355
0.02023618365620947
0.01879003785230432
0.005096481416792682
-0.005471633230042926
-0.0061203895417905685
-0.0009413773378105756
0.004390939963812195
0.007611483794042834
0.009052826181851001
0.009500796284282407
0.009187345876653206
0.007728100217729052
0.004507137566256145
-0.0010892832769370156
-0.007678007602272304
-0.007619669013772155
0.0013322303073545888
-0.000674908137589052
-0.01065835219688819
-0.011843228252253975
-0.011159580873145678
-0.01610912108424125
-0.025204387409193167
-0.011643286845091616
0.010607562678619347
-0.015615109175976964
-0.016830145619738387
-0.013090858021296342
-0.011374812160495983
-0.01048729510185125
-0.011390167456562721
-0.007798630998822479
-0.005478169460582277
-0.0031313908253478794
-0.0010461138138958678
0.00055085616368182
0.001208475358817453
-4.2911757372790815e-05
-0.004926298039304162
-0.016424413744428042
-0.020671680876869616
-0.0073963150051863215
-0.00028115391408412016
0.001863823837167027
0.002439297835694119
0.0030015039109132853
0.004084142336188266
0.005701003711130841
0.007275347154843955
0.008146697736367479
0.007880375210099941
0.006360238455125876
0.004081707077588861
0.0022671927705376835
0.0017272278766617293
0.003043843876687916
0.006553202305316066
0.00690911886738213
0.006266883748900824
0.006585353567903257
0.005831473036292165
0.0031032974085168055
-0.0019877376132381107
-0.005166059746622231
0.00044457370611583944
0.014765599257086332
0.022880279375483353
0.013391048634292305
-0.001048065281595412
-0.005695940412518542
-0.001086296960751359
0.005400629069847712
0.00897559254947158
0.009412598536230958
0.008372862578174158
0.007301017893977332
0.00698928741183717
0.007414003601384231
0.007209521268723555
0.005418023504971504
0.0016655918464958065
-0.0032585220371399593
0.005383621499379046
0.035400503466722605
-0.008126733291292192
-0.013947073609704094
-0.006165495358835896
0.001113390433481438
0.0068104205512369825
0.010951863534760608
0.012541729683653562
0.008010135445108191
-0.0032583305993444753
0.012290295607337774
0.017652334858464777
0.021912191205801904
0.021981354847949882
0.02100528145343448
0.015615479452505755
0.012572337282057514
0.007687299508264086
0.0017167787599121458
-0.0018212184384997358
0.0019387575542222624
0.002144928592124258
3.547189842628715e-05
-0.003887884678587068
-0.00580374252679917
-0.003875502167558771
-0.0012294375289549258
0.005487620932081446
0.00880938439989752
0.001359335550572789
-0.0015761306514649272
-0.0033743507499321428
-0.003328556138415982
0.00014535710391635183
0.0037301522767009517
0.005368916449142408
0.005734633479968114
0.005472591363907457
0.005368193539824339
0.005443151826146977
0.0057881837700687454
0.006595228327085804
0.006532927879021203
0.0038413158462773595
-0.0005669266596918344
-0.0051179683370428195
-0.009188080147044149
-0.011538502713964945
-0.007856728499085487
-0.004718197386236979
-0.009605335375886774
-0.011502954350480984
-0.008467769014614485
-0.0044470922707707285
0.00046328309388986327
0.004446699527421571
0.004437666039662329
0.0007192504134261265
-0.0023930337574014178
-0.001124563454165509
0.0045337404267917925
0.01062709497516217
0.013805873148256547
0.012927529905244055
0.008706647378315856
0.0005440443158553521
-0.004907639760672407
-0.0038981108394790186
-0.004748312041574155
-0.005272952184579944
-0.001505360603919288
0.0025429480572383015
0.005886063017912335
-0.002078550129165853
0.01287395838698072
0.013531140163470505
-0.025772585210232082
0.016580230527792648
0.015032384290232091
0.014066799418880884
0.0216659117643008
0.01033134948070838
0.008866934719940269
0.00815717365361563
0.006957597208744329
-0.03304183142053479
0.0035348616804920865
-0.00022167821804166478
0.002172315173675977
0.008522520394118258
-0.019657747597192986
0.006361483538158485
0.015840753239315563
0.015531307049017833
0.015423060782612689
0.010436533752084799
-0.003566118279086336
-0.010234091211970974
0.03724865099117735
0.019847432004010124
-0.013349028833021697
0.07385093586749174
0.0037765050414330613
0.028967635278240762
0.03869019087884597
0.023375210198920915
0.028574969315270208
0.012583050628100948
0.02362575111336813
0.024032655687124656
0.016373250235582004
-0.0065456354960453916
-0.018494695370470826
-0.005682345132617915
-0.02918550023324656
-0.050290249409409765
0.03438133411649234
0.021047784903057254
-0.04769516494167797
-0.03727477642450179
-0.007550820588395224
0.00984219788746497
0.02173452331497901
0.027342919393149753
0.032183594691868586
0.03494970533951946
-0.07650594670301368
0.02394092782514548
-0.0009172848618951569
0.0017674429427657842
0.001043184411661015
-0.004906703131850143
-0.014902529460623266
-0.02389535249914923
-0.029111389422621016
-0.027386276015286152
-0.014708183013538668
-0.0031103197001990943
0.009822697692046231
0.03140905523745301
0.017697793666233228
0.021642389909908744
0.04444734020758554
0.02794359539826939
0.026621794810846696
0.04136274516326399
0.012466465350125595
0.0015481783732944057
-0.01290774299468706
-0.02519001202402877
-0.028053733573190655
-0.06172779430072695
-0.024799622259595786
-0.005437188234548711
-0.0008084323928589533
0.004894570216596309
0.00856013728313116
0.010153002987321682
0.010909182088534242
0.009541564993171077
0.0006012954734350152
-0.003564872136694002
0.0139641154024238
0.015799218731866564
0.013887309808978185
-0.10102167155354075
0.023491543303248746
0.02412047954367641
0.018569127430893742
0.015704390334604995
0.012483970908994458
0.009316855351030287
0.004701798679111313
-0.007271780128239193
-0.019730356157990084
0.006697793505983485
-0.005418046000984266
-0.016771888304421376
0.009361108081709611
0.0008900092092405915
-0.004361399334573228
-0.008136951090638415
-0.00927450619626606
-0.029986088490938676
-0.014177993568500285
-0.019153493267677853
-0.019079261740777394
-0.01963545836657051
-0.017942401725641995
-0.06059154793796184
-0.020651449152195283
-0.020510680829998223
-0.022410821051890004
-0.02147989325196985
-0.019616871089733024
-0.017152540815095846
-0.013147795932879817
-0.014066669311640424
-0.006170890672325036
-0.0012066088844747728
0.0015738635825505458
0.002128762893152817
-0.007501387081969134
0.007607240870287951
0.005237225857134691
0.013024993066954042
0.0031934469139891122
0.001545131829187604
0.0013147761512056454
0.0023266438624459694
0.002975362089576074
-0.00013009538216622287
0.014858809760588777
0.022059666286170298
0.024939182261489338
0.02256600545807149
0.019495972086295093
0.009354409305519737
-0.005825418735924917
0.0008141033045020955
-0.00032666817784343785
-0.0025568497301609833
-0.00493588910206576
-0.007923226630917107
-0.01043642081950206
-0.009443137360078293
0.0035808942573390865
0.008433238748727022
0.011541206619676525
0.018424520100319572
0.030368565116841346
0.03386180280364501
0.022816591461020965
0.014331381342864258
0.012706857496518915
0.009588159711547911
0.003212615840088512
-0.0020477330176353194
-0.0034682843686382513
-0.0019852355856216143
0.00011832274224895419
0.0019761594862027602
0.004719723129154261
0.010285269806409167
0.018483462657615794
0.027207870418830753
0.033094759310134204
0.03457567513774316
0.031582215200610164
0.025449930123698193
0.01875504410029288
0.010212324913461381
-0.009646844895496895
0.0006870336763365946
9.615124439444485e-05
0.00042247225371984317
-0.0005658137798816667
-0.0004114610486077453
-0.0026961989799311275
-0.010361390999744959
-0.019682442201372056
-0.016115520947711872
-0.014514177893248792
-0.003347405741334908
0.08362132473593087
0.002104085496089507
0.004308506409695719
0.0037840332252508002
0.0025115471458376543
-0.0023182937301020764
-0.0037484926200051566
-0.002153569212558924
-0.00482358334494651
-0.0048558941443401565
-0.0038455257727644417
-0.001009643116714861
0.004982487282482607
0.05283156851071536
0.00695246440107138
0.006485972365756649
0.008763055757566317
0.011646626366559477
0.01831792373082873
0.027899962475563294
0.037247609734463956
0.02719226648260477
-0.017592158093535183
-0.0401765192688099
-0.00768489528585082
0.025394592456570678
0.02409889183748654
0.01687027910919521
0.012470719709102704
0.00985865205721695
0.009234183655400477
0.006869706746888795
0.005566247566997333
0.0050969251046874275
0.0050935532327845605
0.006426065858097743
0.01045613986853166
0.01670613699807422
-0.19022403216290024
0.017070074110086875
0.011105726825193327
0.007920797800487319
0.012783812843440984
0.005482629461518027
0.00858081699512456
0.005631190464107967
0.001582664664337887
-0.05750023562989246
-0.09752317335690433
-0.041409810973673314
0.017320831684541994
0.01884562233658544
0.013667623770485386
0.014381154933068343
0.005273483519476168
0.0030029490608520625
0.0012418761741320736
0.0003215151162305864
5.4382400525842265e-05
0.0007008439704151061
0.0027417031808955046
-0.00988527273548554
0.0036607704279156272
-0.1183795941766033
-0.007458843232715949
-0.0008929760439205842
-0.0006903544280181523
-0.0003174402699869681
0.0032228743819685828
-0.051039780590273615
0.005264993515129197
0.006832798346932756
-0.007164320797984634
-0.04434170744745566
0.00326440675667584
-0.004874286419148716
-0.008572302257181535
-0.014246514870967609
-0.02672519995145509
-0.03359918967946756
0.03653244518173182
0.07863928866077674
0.06664666506990449
0.01645533100445052
0.0017752019369365725
0.00012682546675441892
0.002499657894274167
0.006534504213253349
0.11174097753053149
0.010248781725923342
0.009991994814052102
0.010747290236470966
0.012322940927311213
0.014391447797953344
0.013555123210424822
0.0077595231752061004
-0.006209210221045113
-0.013610986277353597
-0.023362707529657495
-0.014017916017820278
-0.006059476396996947
0.008616570341766314
0.016474513059487706
0.01787925930747538
0.01756632847987716
0.021844605180238858
0.012718905019501292
0.010483549576183191
0.009115596506292806
0.008532813030683987
0.00853733949732604
0.009155499027002112
0.010044445124404892
-0.012450027549241335
0.00212159720476406
0.007583169759114173
0.0076463144430323525
0.005241342604437854
0.005616115554522675
0.005053425521636311
0.005687409010043364
0.004678823213283546
0.0034681653863994424
0.053013196696915704
0.00143257981073237
-0.0007387113720640392
-0.003102692025214926
-0.005753235766254296
-0.009985297834925017
-0.019274840757379237
-0.01567569214538357
-0.02864596726648904
-0.017233013983114245
-0.015489080533670124
-0.016645208862068495
4.5056515073045755e-05
-0.015924164053238564
-0.021978547826585388
-0.040267083256393776
-0.011658749019704614
-0.007583581127793685
-0.004030600435688531
-0.0008250077699940646
0.0013355480514293595
0.0016789916152028723
0.00023858463896956933
-0.0023939004270492627
-0.005160061904963148
-0.01179122162932331
-0.003533466391262221
-0.0008753348109228987
-5.2492360830571746e-05
-0.0019509616405384048
-0.004640691032296611
-0.005286562505969537
-0.003812086801060832
-0.002087360222083403
0.0036197917646748467
0.012575377999255373
0.009436578966084139
0.0007674938571009487
-0.0017164103952538423
-0.002646103882163734
-0.00336424081271232
-0.0020036720749961805
0.0007008888765688686
0.0023730704427852834
0.002033349445238353
0.0002924091236592906
-0.0018422330337852298
-0.0035842767367229604
-0.004836954794447957
-0.005833195118692686
-0.009390871584737455
-0.007672277462698003
-0.007543465119624167
-0.008223170938731046
-0.008913527301571024
-0.009518522844423121
-0.010563684180370453
-0.012395722463851377
-0.018148313997483904
-0.01549052502008099
-0.01206720554707262
-0.01089384474935669
-0.010270779401398747
-0.009676312592359895
-0.009320789150166658
-0.008932938700430654
-0.008710628553722989
-0.006002038472025226
-0.0022009427231781072
0.0006206878664070417
0.002893527587059464
0.004934891594110066
0.006746845529470789
0.008284475544995151
0.00943755708123026
0.01015719349599067
0.010348217130783878
0.010277033361007768
0.01028404713884098
0.010197155378713763
0.00994737099970512
0.00966382325355458
0.009495199720358963
0.009257015745355293
0.008730099383902368
0.007473097186947275
0.005074027842342501
0.0011204170724034169
-0.004352020870711551
-0.010856897990867144
-0.01663250968689372
-0.01770042985691282
-0.010401636284992062
0.0032498722020733537
0.010799922883311414
0.0017340304587960228
-0.014754616238672618
-0.025931068509215977
-0.02957232016534819
-0.02686277556237634
-0.017697807046177277
-0.002804064975253815
0.012517428641788977
0.019099951843976684
0.01205737074938431
-0.0037087598164694748
-0.018889519978035396
-0.027962753686211404
-0.02998082707575732
-0.02666028350253463
-0.020340875620494213
-0.013018442121512264
-0.006083954771903326
-0.00035360533733485146
0.003951771018552358
0.006918471840126659
0.008787596457688633
0.009891534587870097
0.010501164244809864
0.010809367073659622
0.01098819527374753
0.011089078688573053
0.011168578358975839
0.011221851458947609
0.011249366750262937
0.01126549824781742
0.011234534196275832
0.01115125907301961
0.011109199129107591
0.011013246343330594
0.010886996885933817
0.010751365850802575
0.010600829587809028
0.01047249848177035
0.010378238415054114
0.010294926726410282
0.010224524828106795
0.010075162435334888
0.009622550724570326
0.008506409554264184
0.006227987691732949
0.0023197604379175366
-0.0035036673254984474
-0.010853812954034784
-0.01835682478857961
-0.023515884909182144
-0.023279614751253664
-0.014972785206204476
0.00048810683602357787
0.015989256218260105
0.02005144610497917
0.009325802152486904
-0.007307760460206398
-0.019611048794120425
-0.023859490162052896
-0.021120192646782363
-0.014427231397012562
-0.006710499113932384
1.0432592499719392e-05
0.004816724504337912
0.007625981661922128
0.0088598730307236
0.009178749017262467
0.00908262483296011
0.008911586135312503
0.008857480951205594
0.008944957973886575
0.009098571607551937
0.009178207832773037
0.009057261694113385
0.00862290475546624
0.007802204230415733
0.006582692288713227
0.005149663231269968
0.00359154053103669
0.0018498237987924792
-0.00015312628090927323
-0.0016871137989931408
-0.0034213321510639383
-0.0050770581103526
-0.006289184996009596
-0.008131740532782154
-0.010979903099449084
-0.012873192812548166
0.010897926332885268
-0.005202959989611196
-0.011103901566417666
-0.009102776203781216
-0.004483225543818439
-0.0039030213777896355
-0.006070281275514634
-0.011417670770209647
-0.019786217315110592
-0.024005015946418896
-0.015181572775476947
-0.006304898989204181
-0.013084505224418829
-0.023824944074098506
-0.02342850542644607
-0.017489334022905766
-0.012705776730238804
-0.00538551938284067
0.002277161219805652
0.007073098289306187
0.008127228389019251
0.007621326917840972
0.012729937115702668
0.014875405835403439
0.015080096440292207
0.011267234228527021
0.013650875766198842
0.016274446098931628
0.010327714979289115
0.01831248024248848
0.019357832822714856
0.019721840897827407
0.018823899634972465
0.017733351477011213
0.015338465907533851
0.01078346415122434
0.004610991516810291
-0.0020237066184785285
-0.00835188171635324
-0.014942037785665595
-0.02043453598756854
-0.018055151253380496
-0.003532702779922529
0.014078169186932141
0.022022742040565986
0.019202001708834068
0.019100579629369865
0.010997641004884222
-0.008380641347834774
-0.024683908434681396
-0.027647201065472776
-0.021325626179661734
-0.01299344087448057
-0.0048100712015711955
0.00276296577022644
0.00749299059347012
0.006187624258788816
-0.0031181846647517562
-0.015906397459286396
-0.02914763921362322
-0.013882806773329677
0.07842834864798692
0.05978914447061248
-0.026345649559627888
-0.04503333579783428
-0.04821333109515759
-0.030398267955138315
-0.023379941279172572
-0.01856834201335994
-0.012482553166038385
-0.010344439439615303
-0.008858739716732207
-0.00813298553517562
-0.0075367785567821465
-0.006895577271178043
-0.00733142028752035
-0.015692274307718388
-0.006808364646111407
-0.006636450196121461
-0.007065068333870821
-0.007375129930245713
-0.007615906217524214
-0.009900971157452905
-0.01773515730743668
-0.009029005647166709
-0.009664188255648914
-0.01023303554138419
-0.010973088344323064
-0.013019222913291054
-0.017376642231649597
-0.012899433373755091
-0.009876380321787845
-0.008008385417680328
-0.004697629397973307
-0.001710362676146695
0.0011798514367309337
0.0039760762634745905
0.005591352517333783
0.008779404261495085
0.0050586163199808085
0.011252275676340856
0.00040738541115689896
0.00748011291730334
0.003542906919938302
0.0009953096442535281
-0.001617057198029771
-0.003528454134902047
-0.00497297403912175
-0.0069366563952181805
-0.00888269124829139
-0.008844330964004879
-0.004568707144075083
0.0035794287246321936
0.011188611729597757
0.014600312387237833
0.019581352159831127
0.03249905184393112
0.037896209987836174
0.028506637395376247
0.026090045111926134
0.011877619203127042
0.00399170126608215
-0.0032708156976586915
-0.008853097804893517
-0.010283480818067008
-0.009076737549953232
-0.007039471161031593
-0.005394916337990531
-0.005147679165195132
-0.007904541755630568
-0.01271040999373744
-0.004278802469151953
0.0006459053841846747
-0.01836837122304548
-0.03291220214581924
-0.0009461916733936384
0.010214015100882054
0.010585010037877391
0.008884667911363104
0.006617016378116763
0.003388945449795042
-0.00703565316142428
-0.022036615215109606
-0.04010148271550471
-0.025391040412583946
-0.00766237397296949
-0.004754106297596947
-0.001164725041233368
-0.004536662042899648
-0.001422292603210768
-0.0026627504349789315
-0.014521873776321888
-0.005858853929664262
-0.00697440400009094
-0.007903219774380403
-0.0079254107739641
-0.005034742919236537
-0.002373651493061958
-0.0005139009649146862
-1.3679386203618926e-05
-0.0009235914233907948
-0.0019054179402455574
-0.0014498847500221104
0.0006167268096050039
0.002021077569710976
0.0011248250421339325
0.002676022525417056
0.012596560338971712
0.022443616499000247
0.018464448902508264
0.005263334897707814
-0.00028079875130567747
0.0012872514978572074
0.001958225873653769
0.0003607764750728428
-0.000881696323154323
-0.00046728430943774604
0.000533653988930389
0.0005663720285194724
-0.0013134215296638023
-0.0040812827625891605
-0.00688478454815189
-0.008772820178956548
-0.010798846482656109
-0.010184690286839654
-0.00841571773636434
-0.008468701469275265
-0.0096329901864521
-0.011763381275356513
-0.014692213076427086
-0.018917632566849037
-0.024844953074582506
-0.019869819831686772
-0.03380574506575123
-0.02507332572508328
-0.023172762891997843
-0.02472166482413861
-0.02795872914616108
-0.03475497856488077
-0.048932443261079636
-0.0390434295150919
-0.030629239662335012
-0.01608105782303753
-0.010900456197014779
-0.007268878811853684
0.0011589406494775035
-0.0015240164089760488
0.0006288375654743305
-0.001280290574133064
-0.008327525119742465
0.0028407300217523435
0.0014040443831999827
-0.0002002802845230287
-0.007716683827809851
-0.027941615327667976
-0.02900073947447985
-0.000349718842891208
0.013177001846869178
0.016742125968779012
0.03211882203015337
0.02114212350300122
0.013973100561820835
0.007097772760752535
-0.005956212366789716
-0.010033308209930135
0.002526569293876382
-0.005100631184819992
0.009812089660881623
0.010862783895165411
0.00896233798359588
0.004663116402357607
-0.002336967445641599
0.0017549184805295977
-0.0020640209943215194
-0.03703190902312478
-0.03206992049820308
-0.018885465360458313
0.00141448505695382
0.009016526730317154
0.012583559279137973
0.13208340919007208
0.01340238430279234
0.01039846454464339
0.0023885435450601345
0.007275624930329248
0.013428417089286337
0.01578241327713117
0.01790098740711213
0.01777032281781501
0.01868681526835119
