-3.105420025823295e-10
0.00509986355528995
0.002513850457431803
-0.0009741447774363012
-0.004817011994085347
-0.008536335772521277
-0.011273190785600625
-0.012362496425789725
-0.011994877976415937
-0.010645769382862769
-0.00798648283488675
-0.003982245500276118
0.0008555623453202872
0.004065752866437234
0.004396732238758815
0.0005552798831172138
-0.008431872511975285
-0.02222029600652882
-0.034634668815943945
-0.026159025451334625
0.01911579114751489
-0.053044179963347794
0.04575225121036082
-0.08432082264680531
0.0947810811811353
0.04213058157447279
-0.02472802083075964
-0.04012260938752827
-0.029385479564582217
-0.008449483765249883
0.008338113716949496
0.020971040897388032
0.03123521783065278
0.037068758841369544
0.03917059948787987
0.038099847272433915
0.04427958505180364
0.02843807888692727
0.01929546225387166
0.012531395197938333
0.0032306920589193064
-0.006533523172038041
-0.01639224519437662
-0.026687367387856986
-0.034543024354938556
-0.039848877404768425
-0.04178993222008656
-0.03931338490868229
-0.029816097095426906
-0.013951647269548006
0.012015849332536339
0.016380520387858477
0.015213998536823236
-0.027188687252859948
0.05548601984610431
0.12528329110966985
0.026666708284433637
0.051880788484292666
0.046206147094474535
0.01852351382454687
-0.009984073433248329
-0.028297841453768232
-0.020643017607221658
-0.02352935727724052
-0.11024921097970782
-0.10386747886733408
0.008878520139872533
-0.04226408012299387
-0.00522201683706133
0.05663859880151754
0.051983484262529814
0.02613780764414712
0.0034745084934466974
-0.013452780044143603
-0.02493410073835599
-0.031870334188804514
-0.03796282347234012
-0.03460769905198364
-0.019147784081406386
0.02254708555617224
0.04537550290547755
0.0597438318525072
0.02106949148635297
-0.00048485146097335016
-0.013522877953525438
-0.018103353506488118
-0.01605952339081806
-0.008590488777092982
0.0017141818307498892
-0.003688862529156808
-0.005519951909693268
-0.007479678519461875
-0.0066149349957799934
-0.006083814029042211
0.013223304481552492
-0.0025655027879727026
-0.013963311067475245
0.0016347927740621184
0.006225557715741465
0.008111988874984984
0.010669877963247405
0.007728938699561924
-0.011948469978659736
0.014067315312008095
0.008234505775017104
0.016543315112577898
0.016539150898519997
0.015297570471209635
0.014110584128830744
0.00825839534841344
-0.00037910889877287315
-0.038533611206133786
-0.0018213305944433788
-0.0036659431202326594
-7.156104039297147e-05
0.05465273866427744
0.010067937339335453
-0.025225267570976335
0.0687139321374516
-0.03586630518938965
-0.056819981503496056
0.018503069218353128
0.02957927770374404
0.0027947526146894102
-0.03148328682067076
-0.032544355568865826
-0.021101690296138325
-0.012252885526929538
-0.017045616879489762
-0.01331259503922161
-0.013255347702554729
-0.009483027067476143
-0.015904354219403772
-0.015769653356463995
-0.01164155344773036
-0.013581430544042497
-0.008809132078083846
-0.0014569348185629793
0.03220368124076313
0.035158513154113204
0.02100350891421423
0.006999433351516365
-0.02731015600404859
0.065614953764162
0.09158313039613164
0.03518879896823182
0.00045101005622198503
-0.01863238652332033
-0.028000120647245868
-0.03625440691903291
-0.024368290164033628
-0.0158745848012255
-0.0073050440213439215
-0.019135522663527638
0.017418981899057422
-0.02246802826656572
-0.020399494676844494
-0.015272942161028626
-0.011834840021242571
-0.007474746351213811
-0.0024117496020349626
0.002374197845625462
0.006419240887807196
0.010782171887598804
0.014461144516985807
0.04725708742863933
-0.011560398746220427
0.015558103158768549
0.0108926618082119
0.008843998307304993
-0.0018972127906098921
-0.01167306040317385
-0.017027999236485094
-0.015617703034747634
-0.00232732848737436
0.02037218815297231
0.04140193908644249
0.038686931380401086
-0.008163779913660147
-0.023396353006768067
0.018442709407463394
-0.0008285428170659575
0.07816151810435978
-0.060492712136376296
-0.07120147175651648
0.041024786858281585
-0.0011114954659646177
0.014808892751363338
-0.0297327803761725
-0.0260703352840495
0.0020955704255263734
0.012972579536636542
0.005564572416191556
-0.013428776440426143
-0.03156678938415758
-0.02776131780884778
-0.017716538346745192
-0.008546950172803292
-0.0038775827045409816
-0.0032736893425178333
0.004765214313900279
-0.0061621791773869205
0.015711089133968056
-0.027840674287471345
-0.004754673895228732
0.037947794437455065
0.028457549139630257
0.01718940798777092
0.004099258659573428
-0.008165100012329646
-0.005409246581893079
-0.009507213566394316
-0.0057184483364615445
-0.006217146993354505
-0.0065775056188531675
0.02508218623517982
-0.0030597808743587315
-0.00719959380846455
-0.008318825958653563
-0.007188013462556044
-0.00563198577317691
-0.003549075157507565
0.0009922755804402897
0.008782660284270799
0.017830745864338388
0.01038593917800103
-0.02122453951193291
0.011610355165244399
0.015862608781170053
0.006668563935164475
-0.001531933206534069
-0.026763966451963644
-0.013168283599546391
-0.02274782383059214
-0.132973823854927
-0.008235385897416129
-0.014296244340668786
-0.004592172566766356
0.02260858277481477
-0.0031744912803844893
0.01037531846994994
-0.000339534877854663
-0.023108516612971246
0.013851478183416744
0.02267694033487085
0.02679775030421481
0.02370702455406678
0.023744477557290273
-0.0041656883542408535
0.02480515832889878
0.04649080791520455
0.007884620375509974
0.014448200728816479
0.014621950706031794
0.004273654812902188
-0.024227833880825028
0.0029292051061434953
0.01672457384975097
0.010652731595020377
0.009195389493777014
0.016174223707488812
0.015890292362169586
0.017481433025579123
0.007996140411563006
-0.006999465360215511
-0.005336256599104066
-0.0410740640925881
-0.021170201412646635
0.003816738421576479
0.009818239141599707
0.01038816048051862
0.008171827099995898
0.009680114037113993
-0.03602409718996159
0.007534559101140349
0.004720789012420949
-0.006877045082543021
-0.009610252873157097
0.0017524608664397953
0.000999310070648874
-0.0031193671851296183
0.05246974330237529
-0.00040863962784783934
-0.0027318870497884356
0.0017308085339842118
0.006310752285783252
-0.012131516210377467
0.007022456267453832
0.007640362710819901
-0.044441378670516625
0.00022162192141009373
-0.005685117416229313
-0.006601070147520935
0.006348157434859495
-0.012148627285593745
-0.011713997246056061
-0.013476720928551596
-0.017825830880467155
-0.02430062781971097
-0.021202963985406525
-0.01166504745371911
-0.01542526936205521
0.018956699473782368
0.026173212446934054
-0.0027369939994939967
-0.012018170030487788
-0.0014642235237224948
0.0012575089808159476
0.0042800213934250176
0.0057897358012874356
-0.013415253182552416
0.009182844346963431
0.02100560051969454
0.024890883664087846
0.029610504745304387
0.025574969543767406
0.00939753052465104
-0.02008205544692849
-0.0677480217052433
-0.11234215577176981
0.025730117870547003
0.07764749990592039
-0.06890615276906567
-0.08776071953870199
0.051515552950189204
0.08508702897832407
-0.007162682295052634
0.04913338470877155
-0.08448063917009913
0.015853148963771338
0.04294898504136116
0.03539846318639256
0.019504010984037527
0.054831943334013866
0.021500510411466656
0.01950219720195482
0.012332652921542174
0.004048891172336858
5.964280650785264e-05
-0.0002934949885861599
0.0002265237325478465
-0.0004184382075455556
-0.001728155487092245
-0.007593206842074363
-0.006428554189031437
-0.013333260431842322
-0.0056997187188995505
-0.0040418010514082624
-0.0035959101482230683
0.001034288892614953
-0.0003683802380137775
0.0021892328396817505
-0.009469756831335082
-0.00965071453599346
0.007833996742635272
-0.07160749609337509
0.010330741969681981
0.006717150961444934
-0.016035226894899286
0.07947812317102557
-0.011304913368533098
0.008953664872279617
0.004794682596265965
-0.007875973083671195
-0.03731357698350683
-0.029430152546862605
-0.020423541361177366
-0.026206502504348788
0.04532256223992731
0.02886039248586337
0.004140390025120031
0.039980112137524566
0.04675330327725111
0.0442078187080304
0.03975007312851255
0.05334765728495265
0.014090474770840723
0.030257675780899183
0.006033221475416878
-0.033706334586005506
0.04908858173272948
0.00036298681330556475
-0.028027459013262916
0.03457861189651318
0.008871235773933872
0.009257361456725417
0.017441503968087357
0.028258314725594914
0.012206621810287971
0.0056030206793815
-0.05033466845892551
-0.06729461604899159
-0.02087589363632494
-0.0013600428570670312
0.02220002432001196
0.018931540160523973
0.010300350154643935
-0.06214865251631776
0.01792597604200942
0.01657717690352352
0.05604152310046715
0.02014279941315417
-0.029883307098756712
-0.010084816999674336
0.02622367627086635
0.013282389841628484
0.012276167180460009
0.009111540859111174
-0.010235337779184128
-0.007315154700304981
0.0061516587724793305
0.004746544767134396
-5.978412260252383e-05
-0.03657400243957177
-0.009814924433930757
-0.019519760027740293
-0.0028876462938142115
-0.003202495676254264
-0.004091491477953747
0.0016756221452302197
0.008773757091034538
0.026249335069972346
0.03888550575152538
0.01687939785176139
0.011148690354844108
0.04454957409763298
-0.026773209039317146
-0.03750390855656058
-0.03164316984180064
-0.03229882282523265
-0.03232103153235722
-0.009931157963824233
0.019388251996997077
0.04113479086716989
0.061159972370285226
0.06990876290003026
0.042535320847429496
-0.024098638297851065
-0.04123829310648253
-0.04729919146347193
-0.06442394030112374
0.02564140656813684
0.05973256556792852
0.038869566107295465
-0.030547352629616633
-0.010345867263223922
-0.021463766837929495
-0.04116356098872926
0.021437106577265944
-0.039122597597224244
-0.01702375157998833
-0.003987024824691906
-0.02076375188247287
-0.010637627225244292
-0.010005524879711944
-0.015983316401706603
-0.01661185522089283
-0.02066867081264409
-0.011153513882424419
0.008051346465629557
0.012798884264239117
0.014376209394993844
6.973952872179763e-05
0.03474424864431009
0.0002846600439502175
-0.02149824115634262
-0.017175906981545006
-0.014161781919501229
0.022681799741125795
-0.04797573436986217
-0.09441119388424452
0.10283848160046642
-0.06405239061929328
0.038898085751955816
-0.0902053412332527
0.06979994136949808
0.04938042126990179
-0.06873828605255124
-0.04375176061552152
-0.026297996170305142
-0.0071735364498865155
-0.007756832974803856
-0.02906048759010603
0.009093696550467455
0.001304024573316476
-0.03737289422738597
-0.06009548969911484
-0.09191715868372627
0.06391469343791563
0.010814043542617956
-0.06855936661369098
-0.042471293469816124
-0.013601224045005907
0.014871399422890445
0.024649013816501246
0.028061836803281077
0.02688060773458072
0.046417788553995795
0.026459218960245116
0.02878459788307358
0.027999325896428326
0.02764677891282396
0.028907822210755392
0.03578078611512122
0.04466122461081861
0.03478154018358863
0.027883208754041343
0.017345279959689652
0.023811491777896824
0.038511571752331705
0.01874685644440177
0.012233584778009897
0.011910006195627666
0.011808412515498174
0.009235388091612402
0.01960980158456738
0.004706928350853969
0.002838401053152405
0.0012582477998411275
0.002657620827305783
0.021115016846398556
0.003791625753557763
-0.04320629405163956
0.01035400930672857
0.005643767276640402
0.004839876945669503
0.003564391037380062
0.0015101919507794631
-0.00029545091391212686
-0.002795808163696109
-0.006020311658815125
-0.01221775484900262
-0.014610217176019222
-0.01682243039446511
-0.016670798121742963
-0.01460631304812407
-0.01472493179157141
-0.004051765681688739
0.0027179856079534155
0.008694972344159002
0.013007493074653062
0.01554252996599588
0.0168413478485975
0.017520266307469508
0.01733027818762222
0.014661871355979206
0.008062424058002133
-0.0029873439433707656
-0.010200438751949108
-0.00971366259395432
-0.008024391361965453
-0.005750958400699737
-0.0012345400047720863
0.007812919545437967
0.022209294374781578
0.03686834679397936
0.04419514147798962
0.045390756145998856
0.04400699892767555
0.038403886343779885
0.026781379933318715
0.014540785351802529
0.006201130848992502
0.0008357518997219834
-0.0031140717783601788
-0.005376794280140611
-0.004993740025004844
-0.0019305023007762374
0.0031432837257413513
0.007356247865152111
0.009435768231422878
0.001156242994755688
0.01159451948476729
0.011360816193570817
0.012135156195865335
0.011337000813549214
0.00863409872950693
0.004505233872985144
-0.0004051953173321413
-0.00439784192007086
-0.008515151016270208
-0.011768092718581992
-0.021667201934474307
-0.013430845852468959
-0.012437694526888806
-0.011070108598559421
-0.008601407218133178
-0.005663114699837663
-0.002889647446868886
-0.00029756070356488316
0.0026349646626440057
0.030129787913997015
0.004723910583642754
0.005107362721095165
0.003805451582302417
-0.024898789731216283
0.0008598535811277256
-0.0004913422502649645
0.0002936604924502457
0.014217942672803621
0.05131398621527404
0.008322242436969832
-0.0037810718984018178
-0.006946585736540989
-0.008391007371462925
-0.008480752921335103
-0.007827614897801927
-0.006656999251769785
-0.0026703812357502
-0.0024274708726134313
-0.008456588257316605
0.0007699894892728292
-0.0031971052413037417
-0.00398129200600689
-0.00787098714906298
-0.008508443375239516
-0.014458243031724117
-0.02224470886829253
-0.021868138816482807
-0.00950142794985264
-0.0023049781693432908
0.04392703332683064
-0.005946568051940787
-0.014047050439413476
-0.02126171578385099
-0.021295526155024926
-0.01573377916811333
-0.01027169983106612
-0.008736670691498366
-0.013877330430105202
-0.014803745198313097
-0.014803573315948716
-0.007652187782908782
-0.01661655424733488
-0.025593813258848918
-0.022756283925987685
-0.009887972802167118
-0.008988255514408062
-0.012227754871900486
0.04415867030290396
-0.006348743047775923
-0.006555536813726828
-0.01994426677750841
-0.013047111180447199
-0.008909542575110932
0.034185615894520675
-0.004080789668591029
-0.008540484324449139
0.03996938933368906
0.0019443865479434957
0.0054088761033876135
-0.01666107956106521
-0.009715838851571026
0.009921232706386117
0.011457527732579032
-0.0226766532207406
-0.048369834016873205
-0.010984017340213632
0.03980361886040915
0.004448256248638172
-0.024454124414532666
-0.04468455848198418
-0.04006696753363961
-0.02334132553681973
-0.016934346327547967
-0.023633749388860016
-0.03219613171612636
-0.019473817743270824
-0.0022451400793954373
-0.005216403698216998
0.03085133301106833
-0.01035486162347367
-0.0028330084381312064
-0.004423485213467171
0.005702452084618541
-0.004167784787223478
0.0032054470423016042
-0.008694174323117901
-0.019439303668707653
-0.010510555305240699
-0.009758441565016611
-0.009806910827776169
-0.010029694362122863
-0.014306566472675347
-0.019055829677351515
-0.012431071936247068
-0.011932800636916227
-0.012394331260369268
-0.012478803501861972
-0.012283097091859551
-0.012473006264841153
-0.017878899546755693
-0.0296073775592951
-0.034530622490666255
-0.022768154817487774
-0.015233569852562417
-0.00979655821404301
-0.010818037174546323
-0.010083817037442358
-0.01704645287199474
-0.013335776370816205
0.0028250638716841117
-0.012813213974360641
-0.021031200798353702
-0.010602649865461377
-0.012242618334766336
-0.012529002580612252
-0.012778083807626947
-0.013247913318233159
-0.01380600738779885
-0.013524640082484985
-0.013981667349899416
-0.012799738981080576
-0.002212180201878445
0.05403627288700782
0.08779447019345844
0.10801255035107274
0.02800911856892133
-0.01316296481254738
-0.018020462025964943
-0.004201028367170292
-0.011084323665684346
-0.007963712022552551
0.00590348348570226
-0.0013269726160585848
0.0002306652220530281
0.0013380517652891962
0.002005037928560863
-0.0018238608635430928
-0.0017993936757165429
0.005223088454659876
-0.015153504940092268
-0.012328572013231658
-0.011503347348565675
-0.009427179891720764
0.012430272306776948
0.0006503310302746998
0.00692984044464658
0.012302423561324348
0.016009266823003358
0.018361272590044747
0.020972795697758655
0.02299001545958235
0.021781736600360153
0.014474658857027825
0.0035062533362243942
-0.002908644471883057
-0.005732763320718149
-0.007882368156106602
-0.004982327464812086
0.009147457285808073
0.029186896761842187
0.03985709968983671
0.03626648762946352
0.02151852640463367
0.0073825130147501805
0.002331537040333301
0.0021212229975196947
0.0028147147654567833
0.005270944652700082
0.0101316023947345
0.014840893437949152
0.016397655296568652
0.014816702134950554
0.011757155817570213
0.007594108005063969
0.0019441732946642726
-0.00797087336066568
-0.022735845130027264
-0.040629456672780666
-0.05515251175147926
-0.04846685317212039
0.0050325581275930415
0.021086337241068117
-0.07286098683121685
0.016973392048551274
-0.018998535078560502
-0.05761697741946349
-0.06532020171353117
-0.05618570189970534
-0.042267215812135266
-0.035269576380754196
-0.024272143349151568
-0.020401790036069144
-0.01782896030665521
-0.008294595943223734
-0.015873774970570374
-0.016765896312917725
-0.01722032602791917
-0.017209013722815233
-0.01611502953724602
-0.0119998650387285
-0.01276070347935297
-0.018530948343572672
-0.014590622539375887
-0.012707555406883637
-0.012623989832896676
-0.011377288900083526
-0.012276069418812957
-0.014979140342870541
-0.011462797614449538
-0.010513529599595686
-0.010979093735983422
-0.01129302568014927
-0.00747931146671603
-0.007640074182489234
-0.0037093078507217415
-0.011244586106633675
-0.0055148905276364065
-0.0025651163740388226
-0.00573195571881064
-0.020828639211005487
-0.00587771010151782
0.005594774768865818
-0.01453778852251489
-0.0005286406890778565
0.00023041463450489922
-7.19607920865128e-05
-0.001985089274424701
-0.005216669993269505
-0.006024389937045806
0.004610985213610336
0.007567157906176568
0.01099209065490645
0.014360026502636677
0.0014113820496697307
0.016080197273868634
-0.0034996102226762583
0.020581526252065697
0.03476215430104455
0.03447200194086338
-0.04294637559044827
-0.013433161431712502
0.015074320531496382
-0.06258067230409277
0.0024806368730018727
0.011927760304342575
0.027835277653457578
0.036020941896766044
0.03259485793222925
-0.0031385358110894873
0.020309426125722
-0.02532914087815864
-0.09580191270740548
0.044719289451418474
0.07073370838223143
0.05191602093672492
0.033008489954196384
0.004201873979899688
-0.018874839682624805
-0.008925699614498983
0.009920619998681055
0.0124097200867118
0.006573480011693611
0.008813397225726511
0.008309406204644066
0.006296433022431511
-0.006682266115918357
0.02023235267719374
0.00856322666302097
0.030624639051226223
0.002037211736130567
-0.014057351304608683
0.07296209376864732
0.003711932455577216
0.006507038243376744
0.00701655433722601
0.006408817768278007
0.00794019152615318
0.007912391152303471
0.0057182549955530244
0.007433030996260962
0.007519978881007295
0.006918451902037016
0.005300876611443447
0.0049768530738305
0.004384200170462272
0.005521524603627614
0.0034086820252836854
0.004638220055683768
0.006138777575300994
0.006537870311826018
0.0021248900494905973
0.037621893320827736
0.0010108705237366184
0.007872423010327033
-0.007249270398453232
-0.019427764854634384
0.05231440034959495
-0.008022497504749425
-0.008910282919547433
-0.023439578525566454
-0.0503336013722899
-0.06075119845658581
-0.02280374031980156
-0.026421181815022284
0.002089653148889982
-0.013642850133380166
0.003966985788676697
0.022969193916232502
0.01813043623732847
0.006695651082141474
0.015120577755571988
0.020204972675120236
0.012668964149977185
0.024638951414696002
0.07677033182214722
0.0329630473636046
0.03589199959928675
-0.006486660914468997
-0.004934549665562206
0.0021072629301050337
0.005944284765445379
0.004165305840483029
-0.014479221860423948
0.011061789997201784
0.010219362300334676
0.01604445632085184
-0.012827580093323469
-0.0018929528731018717
0.01563173750288853
0.012173398370226247
0.0024332963668148703
-0.003910647658538676
-0.005851382728566322
0.010761424137016409
-0.005709161002836201
-0.0075107864581287894
-0.007694099741958948
-0.003669709974580731
-0.0033153722996107225
-0.0011975600016083615
-0.0011571671400173408
0.05552281797981679
-0.00302404191483739
0.0014443656352316199
0.0006169214222645687
0.0011548581879052883
-0.0016247124020576035
-0.0017967307660849577
-0.0028268394158219674
-0.0023118915734842093
-0.0016180015120760693
-0.0013305699241573164
9.413095492301154e-05
0.004643265983880047
0.001972432339502235
0.0033404628896625556
0.004016560440092681
0.033511734974067335
0.006628017662785933
0.01337515981879574
0.007145820832043122
0.007414343666308565
0.008600227307707004
0.00966622181754674
0.008255110348963203
0.010404542817507717
0.015276427926918135
0.01414031939616548
0.00920427846974345
0.005671788711917736
0.002920709520871591
0.0005339176847321165
-0.00034011802157653823
0.0021592324474101567
0.008689779530958518
0.01493828170977638
0.013874967079139938
0.018150727835195165
-0.014031813058080147
0.0012339035333339124
0.02030188447776657
0.016950837539344617
0.018102114700187983
0.016976877743206317
0.017343998815134497
0.019283148958742072
0.022477987447577775
0.02542808908473221
0.02471004114725855
0.019022349155802875
0.009593739883266767
0.0007366347862291998
-0.006249984542794751
-0.009190164718888557
-0.0006448746647045268
0.018087026501948985
0.026700624558591575
0.015574009052543804
-0.0025834319966705132
-0.00912998382770223
-0.005546723492426472
0.00042258453474678975
0.0060618153054397585
0.013152443806712337
0.022366651564001465
0.02609302670111764
0.02422260115820883
0.020523849737363948
0.017634608005392998
0.014411073128906694
0.009007085107567547
0.001742289449701905
0.0021226936812580336
-0.0010732187129563796
-0.0027434418222063075
-0.0033969997790687873
-0.0019118586537343206
0.00026900686897497197
0.002179752209797957
0.0014756337464419179
0.0036780264009908144
0.006968265511300222
0.056637528412113704
0.009807445491767796
0.01030471889591639
0.01244752782541562
0.001993696253627754
0.020301059245753837
0.023347416242784455
0.02229542166734849
0.02445409840866597
0.027615653079745405
-0.02093815088800529
0.03757618788896231
0.04669782572199571
0.051035139577795215
0.013608043554545464
-0.10880098311257014
0.04514792910710513
0.029821760309421016
-0.10535679151190219
0.014934778345487605
0.009553274397242005
0.006558499494129603
0.004006325219629621
-0.00018413307724414257
0.0010557548657516205
-5.19249178800925e-06
-0.0006043788343298405
-0.0005125002083392354
-0.000543152916579768
-0.008424384953587579
0.0010074669974823194
0.0044264844945050555
-0.0025357064888818334
-0.00396113713423759
-0.005162732458928783
-0.005712572299186297
-0.010632866210320401
-0.006481778957306347
-0.006781529166379019
-0.007211824978072192
-0.007962261372061265
-0.008897301071860977
-0.01047570930874939
-0.0137503794935528
-0.01918146439410035
-0.042525745771579936
-0.018275965608955513
-0.02425495906615633
-0.007703293026628345
-0.012699110572356379
-0.007991234257578077
-0.003496057866628917
-0.0011468304692772075
-0.0002922141680738144
-0.00027675214645998933
-0.0012847893210613268
-0.0029729434105699184
-0.0023059741067740012
-0.002426112220547846
-0.0024623005524245507
-0.0022332865397181635
-0.001960088065254381
-0.0017978498480206934
-0.001994882518701567
-0.0027043442888091593
-0.003849051085620679
-0.005334389027883019
-0.006538216407901349
-0.007250110215029651
-0.007116132805695762
-0.006005529982282522
-0.004026841248227237
-0.001560550675828495
0.0008491555036653649
0.002790805522626688
0.004160573851052235
0.005102096534617972
0.006017168808924498
0.006707801503980741
0.0058246658418582365
0.0020981667487266417
-0.002002051353438039
-0.0004981399475791688
0.004996313875204009
0.004232295433576553
-0.0022914366695707695
-0.004422381674731376
-0.0009714914264425258
0.0027246109967107644
0.004694013533610159
0.005421968447828176
0.005443681828758843
0.004876694325381172
0.0038979127379999185
0.0032814893412934565
0.00372285350805635
0.006640026844494949
0.012374500852485183
0.016974467639201848
0.01860410035844405
0.01875129876687369
0.01664040467980821
0.008783412629107104
-0.003192671219305242
-0.014849730740219756
-0.02789610152040609
-0.06551277711670642
-0.09900465340949158
-0.023719401851408105
-0.0035990615105294427
-0.0019328787031903211
-0.0026150086111458317
-0.003186710188464539
-0.003575581710755044
-0.0034883806394778527
-0.003456892748696822
-0.0034742874949604576
-0.003549740509759795
-0.0036731636937498897
-0.003944205623274392
-0.005067062104214411
-0.009982197310838999
-0.02313467715434639
-0.029531880527472354
-0.016602000385310872
-0.008519239072053078
-0.006822193574500789
-0.006789622717582316
-0.006809528969924123
-0.006462912418758682
-0.0056138116060615905
-0.004561083531588496
-0.004104380134200105
-0.002887007453528699
-0.002079908558621339
-0.004278471871118983
-0.00827559472999312
-0.012307564961595322
-0.012891080757442495
-0.012461955498006001
-0.011041320167774715
-0.005083065597062736
0.0006363105116426274
0.0008273008151978475
-0.0025768178389336243
-0.004467147238081326
-0.007909858867902018
-0.008224104962744486
-0.0009311712566795943
0.004516066103480263
-0.0012637554340509734
-0.008509259712233465
-0.007460245569632756
-0.0023511136661086636
0.001358878603329033
0.0034496886552492956
0.005026504666748188
0.006079680285884147
0.005279000898229808
0.004303909291047757
0.004382874743411497
0.002540055561854024
0.0004979508272951955
-0.00042100756551626694
0.000613764963524384
-0.008684715082630709
-0.046630875493940516
0.0011088889287079902
0.002432335887421282
-6.492603670227523e-05
-0.0019280506877045738
-0.0034930987980263434
-0.004713739126929003
-0.006115079799794771
-0.009446775738812693
-0.012499635896966815
-0.009567382675683554
-0.007846055449751482
-0.007398835443590491
-0.007211782642947983
-0.006631566998719266
-0.005625918652844516
-0.004784107448096123
-0.005110172710387032
-0.006918967606237433
-0.006919548124216894
-0.0007357780435838842
0.005718664301807914
0.00911193660438207
0.008188035478824619
0.003137393506615528
0.001003249186858776
0.00924007874132323
0.01843042298841854
0.020014439743622284
0.015066406463938488
0.0068871899567087
0.006212203669610525
0.010838971904211148
0.012318894572998245
0.009777227868290137
0.005946586428013789
0.001976530043524526
-0.0014708015677134469
-0.00254624903128217
-0.002389792966200132
-0.0023136830907996156
-0.0019422122685823632
-0.0018905783632150648
-0.0017332988095837545
-0.001973312209390298
-0.000293288576773755
0.0076610747014465375
0.021029142825080147
0.03065793195777838
0.033063236128226
0.029588013049876474
0.019360279912398675
0.008054028693705008
0.002696062181588692
0.0015602165977147435
0.0008155150051223009
-0.00022078215806995994
-0.00040339178642631905
0.0009457679776381207
0.0031296013112475183
0.004879312640907829
0.0053038444246478
0.0044359798218234735
0.0029544004770082626
0.0016282547568374015
0.0012788427448619864
0.0013186778948713028
0.0014025321438130812
0.002232674440008967
0.003392907806155074
0.004320730629811644
0.004963007911660485
0.005691429238107271
0.005005581641491124
0.0058178007182346884
0.005688309043986231
-0.022369523907062268
0.0042878538207732925
0.002832059397332153
0.001782481832426054
0.002356285499083585
0.00023789958440873987
-0.0005417577065894157
-0.0007447442873648585
-8.150830290065208e-05
-0.0036404857137707024
-0.0031924943805638063
-0.007615364622696127
-0.003925700909697047
-0.0013111984337613276
0.0027584884045077115
0.0015667587984746004
-0.0005829790192447506
-0.0009454744419947519
0.00015647544468052067
0.0030058718316243963
0.004287029213797934
-0.011468779184035039
-0.025424659213889075
-0.020803589162399373
0.009603640045690724
-0.10385646893475925
0.06016541054214482
-0.0031406732652172966
-0.0001422346149053168
-0.0065902257819916935
-0.005563145907546928
-0.002471857346862432
-0.004939504972732893
-0.007166750892077174
-0.008487772046389352
-0.004518519288519263
0.0013567693221303854
-0.004696710887032427
0.004221919344787252
0.005004879370355235
0.00043174277990581803
-0.008416336795480187
0.0017238836061143818
-0.0015793831951749014
-0.007157240012141539
-0.008458178430479895
-0.012208251917835733
-0.011948667713355827
-0.010588841227733086
-0.008466032335443768
0.0020939830581305115
0.00421874150056446
0.025652202790746533
-0.008107489724265417
-0.011879505605656593
-0.01178095116221674
-0.009801726767955753
-0.005084613944386849
0.002376809209705719
0.012617743928497798
0.02189629774414507
0.022144896690751766
0.008103623196790328
0.009853338614283589
0.03967132666282824
-0.01298073973891672
-0.08596476799459461
-0.030745065060806466
0.03955273187342017
0.01654012983310855
0.0033739247620311425
0.01943466088915014
0.02432428757555093
0.017249965575869122
0.005938958166382743
0.003020271366451821
-0.002160869417812972
-0.009572279719692317
-0.013170613728533889
-0.013399303589194646
-0.013636810784808247
-0.0143433383221216
-0.013430537032509671
-0.011851205222092983
-0.006623375349414094
0.003764344289555767
-0.005484328486372759
-0.003048585922000573
0.00710976571545237
0.025350528766940366
-0.0007703112573028614
-0.005969166766228519
-0.007774430719049436
-0.00848693486227425
-0.008571664645476536
-0.008294386346868207
-0.007720935104681754
-0.003340668109343488
0.008801985459702164
-0.003720067192645971
-0.0003458076001171163
0.00039268693990470187
-0.005469416159221368
-0.007994848329471428
-0.008979679460160107
-0.010939397827746783
-0.009107345171209681
-0.006674700309737939
-0.008411547417066574
-0.00900125414599825
-0.00761349306384611
-0.005959735811208771
-0.002965687446733462
0.0010962119343259833
-5.0324386961299275e-05
-0.0007935289346036973
0.00019630831988574015
0.0015127958229087797
0.0038313699841197495
0.006055905050591862
0.008544632654825916
0.011601506842513225
0.013258985049098662
0.014317912405814391
0.014893725591514742
0.015098647143712993
0.007606233674746461
0.01081457149443502
0.005997796259880354
0.0007954718817264766
-0.005713697561196153
-0.008191644402511647
-0.01368609275225726
-0.019233931966308782
-0.02302819721004418
-0.02454662434437759
-0.02759883671603574
-0.025860157411716687
-0.021048598987565635
-0.01436985033479528
-0.008161057287026692
-0.002156577551234678
0.0023623587497003428
0.006251532549708296
0.010051455522180694
0.01229005404952636
0.01147080272459194
0.009261011816649484
0.007004451361888552
-0.003145271360638327
-0.02196322010084057
-0.02080127820672906
-0.011916255685998162
-0.008432841889542913
-0.007339313821000796
-0.006878273786049265
-0.007644190126644064
-0.0064622357066881336
-0.004725229127462991
-0.000910234379465849
0.0065907942280792175
0.014996935392946805
0.02043873000742209
0.02136781274415502
0.018565890356259537
0.013809635905759272
0.008608113165131062
0.003544489592076132
-0.001811731661892877
-0.007895191100819385
-0.014660966446841799
-0.021369540776161208
-0.02706617155240995
-0.0308963338276244
-0.03216216025302259
-0.031055566627059206
-0.02813058062341872
-0.02517172927929415
-0.02136225563434046
-0.016891953988677145
-0.012905353831893769
-0.010138909478146498
-0.010871397223719692
-0.020028428119400248
-0.032960129809636356
-0.033962450171645696
-0.026225111850136203
-0.00398879304173504
-0.02734416636293324
0.009051990700624882
0.008944684553691962
0.008427025993016877
0.005663805766914409
0.0036470991886966555
0.0009212125449800368
-0.00190919867323685
-0.004718889255054291
-0.007143629746305825
-0.009240887285154806
-0.010851513895805655
-0.01132441408635209
-0.11020911974060286
-0.017708786054310432
-0.023050890555010896
-0.02813005831922403
-0.031729395612539325
-0.033266991318511796
-0.026827844854951027
-4.707649220412767e-05
0.0476488063366012
0.04268840285185476
-0.06477222452603175
0.06361665539308387
0.032607454860803874
-0.007232705803088388
-0.02344401477691896
-0.02512817207935096
-0.021069878893446265
-0.016737417765520096
-0.013514541879373964
-0.010094127736795324
-0.006773202016139402
-0.0035647982583035787
-0.00034039180909055194
0.0027940265343146496
0.007113994184722665
-0.057899557121502326
0.010404474442811666
0.0091522789801818
0.009333240577758296
0.012300712131081058
0.010976919649992648
0.008679495047209019
0.013893099364306724
0.015617794451169313
0.019314459113204962
0.0424944779217959
0.02402742514825144
0.02578544931131047
0.021393231088202395
0.017853769938244304
0.0142715835592736
0.01630752374934231
0.016080478891420183
0.01625051080533071
0.016479622870268856
0.01688070628646177
0.01749219327753395
0.01863412786614656
0.022211803699503724
0.022161606359713884
0.11589338549751108
0.022439021774035776
0.018156853258512046
0.01713066978088348
0.016833546403222214
0.01761196784723846
0.012640594473822271
0.016532740834710236
0.015938195896487206
0.01697978417705561
0.017540886485530476
0.009587656370206137
0.00437870602071291
-0.0011565083964176297
-0.007473006234118921
-0.012460863426449621
-0.004234820695946168
0.009479537212657633
-0.04343848783220318
0.0003489230450635751
-0.006316859312449511
-0.016178842110575038
-0.01339225282898701
-0.009004451832156703
-0.004486178996953369
0.026871964167399145
-0.0012043807164336892
-0.0017585911619671115
-0.000896217184556907
0.0015098867945201949
0.005381012567326254
0.01080818802580368
0.01313007767854009
0.0026114433984198607
-0.005628966381531482
-0.008610277169146056
-0.004643254252991706
0.004183438733341077
0.01339969813350932
0.0114637518863187
0.006902144239635014
0.002399873546501416
-0.00464050268626822
-0.0005904633409978711
-0.0009044860719659072
-0.0011571565195223463
-0.0012274131430819663
-0.0010522931472743294
-0.0005436829920830713
0.0009551376166264342
-0.02966201346825714
0.002440095819663592
0.0010211149340149611
0.0001162957633095192
-9.316530155936852e-05
0.00012069953435996325
0.0004815511003378638
-0.002317894471809088
0.0019947357274615507
0.0034288768750868528
-0.04677217947620047
0.00423851737499648
0.003965697084974917
0.00436189835876803
0.004992524544696261
0.005238429012447971
0.002547577736428314
-0.000778294113488803
-0.0007299651137613666
0.0041893166066980505
0.004950190359263201
0.004650072839109023
0.0049338077792106215
0.004688220278183169
0.0054201060566935085
0.007792630714228499
0.003738425731462495
0.0027929604024490595
0.0029685468021271007
0.0035719126137649174
0.0043082731357080425
0.00493760403821731
0.005166510081007385
0.00480118294921809
0.0037775086937077225
0.002229913448098448
0.002267858406545987
0.0028675172474372235
0.0039198068059988055
0.0042084534423780795
0.002787766840182004
0.00047167791728708124
0.0014664241868678873
0.008055568351586962
0.014187413568217316
0.015843633333693992
0.015192861422884627
0.012026368617946528
0.0059055079640834614
0.0019285654080555066
0.002927122370189938
0.00549827015732659
0.005819144467572127
0.0040517552830016245
0.001657409962486199
-0.00030048266001010465
-0.001345553134934136
-0.0017886716446435284
-0.0017921225228319855
-0.0015792079560541345
-0.0013432078383741523
-0.0008830472699735512
-0.0005157885780255456
-0.0003478271618750504
-0.00029204275817745014
-0.0003063483976863871
-0.0008429888423585148
-0.002716283725157652
-0.006090967788755998
-0.006178472824460623
-0.004120752311677468
-0.0037133115606457264
-0.00443256545081997
-0.005869429449349832
-0.00894082543167256
-0.01682307407468105
-0.03112965624422521
-0.032804836208993146
-0.019612884568973497
-0.012594067888489782
-0.010922577498587424
-0.010615744671137007
-0.010380705726319547
-0.009963128231971898
-0.009316204368565693
-0.008523614319984203
-0.007649207476301755
-0.006806222689245877
-0.006117365311015462
-0.005866563260626632
-0.004595817162878621
-0.002822235348098252
-0.0016117960101968423
-0.0006202060547541525
-0.00011967463981768923
-0.00018049520342952518
-0.001094503294139196
-0.0032766030698512553
-0.007029129815300837
-0.011613342541895767
-0.01604777504881605
-0.018046690385443584
-0.01323848556061651
-0.002394457962455772
0.004301376484633878
-9.225989166465379e-05
-0.009483109910881814
-0.015392051540225127
-0.01577814686830956
-0.010368049828796588
0.0013487031125553625
0.016659420358586363
0.028505350639922218
0.03251024847080293
0.028551597381206727
0.01604472295112554
-0.0011726714876603098
-0.01513425330671023
-0.02164748124523184
-0.0214211169629803
-0.01741155133728319
-0.012349587518854893
-0.007820592594565521
-0.00440134185596469
-0.0021760065270434235
-0.0008813274041058662
-0.00030713682538856317
-0.0002710735767899289
-0.00047739188831610055
-0.000682571343979594
-0.0010308535183018298
-0.0014719944461568486
-0.0019183486773196048
-0.002332180678156301
-0.00270168099087469
-0.002991234843211095
-0.003179218100504238
-0.0032066652652885793
-0.0031138591367513057
-0.0029441172723808705
-0.0026881774145854896
-0.0023515276765288264
-0.0019371332911843006
-0.001522421433902421
-0.0011044362568276172
-0.0007236508832873741
-0.00047036434248668964
-0.00042288781517217156
-0.0006660452844724603
-0.00132145513496045
-0.0026517162113028235
-0.005001478803081725
-0.008731421073050031
-0.013876321883829992
-0.019418623959551802
-0.022527802445767724
-0.01876341878893495
-0.0055357457590964766
0.013061774255543163
0.026735577698187227
0.02958094522142069
0.021249101941329073
0.004001698374885689
-0.012843305655496188
-0.02131411817601133
-0.021078242985303558
-0.0162218692146018
-0.010610019539518472
-0.00614118948988095
-0.0032465516522806916
-0.0016020681223869954
-0.0007801436232582606
-0.0005198177333311726
-0.0006471979460813563
-0.0010490119085333237
-0.0016248534277951228
-0.0023786723738523324
-0.0032750824950083576
-0.0042455678820735795
-0.005212938407251463
-0.006101128461790181
-0.006880157722688139
-0.007621807566978787
-0.007975821618368024
-0.007857143185826556
-0.007632970605858273
-0.007255141858793964
-0.006559822350216949
-0.005714601878371397
-0.004644451425997702
-0.0032148886804009933
-0.00118879606359847
0.0022014074261985793
0.006203665284394172
-0.019892307175018945
0.0015919477208019648
0.007697378592571541
0.005366264699248955
0.006721748639168963
0.010214936036485248
0.014817567289408919
0.017632007095310452
0.010045510410874424
-0.018219132644618875
-0.05388819462318081
-0.06614881472223649
-0.054823458474455494
-0.019345232099467365
0.007927240287287633
-0.006355022359124912
0.004217385010792978
0.014187611918766559
0.010105159548191292
0.004540717683766657
-0.0004572679314477337
-0.00372714240110842
-0.004756883322064026
-0.0059279622429362815
-0.007246331074635027
-0.007738129592668389
-0.00889403055029112
-0.009874237712181978
-0.009377301792963597
-0.010313841483016539
-0.009837600764399714
-0.008684897904480737
-0.006754496319027586
-0.0035958958912534218
0.000987945206093762
0.006646771584982753
0.013316890310558355
0.020627672957688595
0.027454528050020438
0.030483249257031674
0.02362038793412002
0.002482670667249807
-0.023028726301423517
-0.032098679334563986
-0.025438247164820467
-0.019738742467465313
-0.03226299248972066
-0.04039255194722307
-0.02512526944477304
0.006054315538336535
0.03033157654271796
0.039072456922886106
0.03594596559646969
0.0277569889470429
0.018863871833532626
0.011188366031810944
0.006332481154459634
0.006898167966200218
0.015797699824979878
0.04179634005801716
0.08711965746357696
0.0007743444986373335
0.04215446303726838
0.08917853505496204
0.036098182222722874
0.009974660004173836
-0.0011263875408311459
-0.005904847637712086
-0.010915490463309405
-0.012850854908090544
-0.012912330847677025
-0.012769816013418419
-0.012233667825861943
-0.011537689916063526
-0.010658277244504155
-0.009050195117590075
-0.0071251100709899375
-0.008449382388729446
-0.009053752786327175
-0.009158118711860003
-0.0091583321331647
-0.00903094626708851
-0.008138873146292677
-0.00749955197788486
-0.010033470726129902
-0.011090962081288817
-0.011985666871366436
-0.012937089793530442
-0.014509740083361334
-0.014990426427063556
-0.01596391033201415
-0.01516121435304044
-0.01567685110602616
-0.016978571746873145
-0.017427236320010298
-0.017091175804648986
-0.016157282679043622
-0.01449275940867123
-0.012385982886721138
-0.008554987368029753
-0.006127326211779099
-0.0017421164548110262
0.00031144870589621467
0.003347602825449397
0.007108720714518829
0.010819729534035575
0.01455211252325481
0.018173321501268377
0.020700478140812308
0.02055214997697897
0.016062918037224407
0.007194770224138076
-0.003356752250576433
-0.011232009679619242
-0.014988418309748196
-0.017269336747424223
-0.01742579733219242
-0.018294885502882538
-0.026054723332984586
-0.03602616959194156
-0.028004886402400574
-0.014978185214719882
-0.001998092841879326
0.009750457264013248
0.01734929025018013
0.020613830507548656
0.019885935590298515
0.017182671087044955
0.012410541821878155
0.00041562139588828594
-0.010033130182682634
0.003017164016749331
0.007201796664464966
0.0017771108040842006
-0.018638302698261788
0.0013813118555787672
-0.0012086314093905268
-0.004328144483282919
-0.005072314570441812
-0.004425259320716657
-0.0029968446637440474
-0.0023280490130599403
-0.008745189587112762
-0.016401013840194805
-0.008617519659130523
0.000204778427907321
0.002598017529601574
0.0025963640669267743
0.002361284696587277
0.0034730670967686723
0.003982239815868025
0.004779063164863185
0.004458627883496216
0.003867712143994022
0.0022892831657738183
0.00046772511029885284
0.0007793475447121111
0.0018609160113673038
0.0027788123605200347
0.0037245796522383102
0.004140211759586341
0.0033982837861134584
0.001559168911184205
-0.00011080215194354122
-0.00012529673436907193
0.0005499995992421753
-0.0007946040531046816
-0.001283755603854073
0.0012668327380341577
0.0003769848272884134
-0.0006735612861305335
0.0011849913547939234
0.001535424309070621
0.0009527249053416341
0.0017585192496461664
0.0034358441116150882
0.004455970314496529
0.004319091732492273
0.003381595058552807
0.0023614187491687276
0.0022201256552063764
0.002741927581394017
0.004014488127849769
0.0054134785256103385
0.006581311912231453
0.00713795823471455
0.007087261349115515
0.006592347558659649
0.005874094462794721
0.00514241939321287
0.004614777779651874
0.005072108009796287
0.00618637084359406
0.008982140781240823
0.007069535835787264
0.0051997510417831835
0.0049267571627008245
0.004615968536471384
0.0022871208701248013
0.00014184371789755372
0.0005317917082233573
0.005918700931994739
0.007528367463138933
0.007921957346845988
0.008835889539715439
0.010500273061861118
0.009990699487823272
0.009960128550715633
0.01093047812003303
0.011133205534780508
0.010014694522471642
0.009576614909226693
0.008658014962578856
0.00454742996335916
-0.004079443630771691
-0.00387272727415896
0.005728234624527765
0.013795296962737952
0.01851278865678427
0.022933021866433024
0.014545675683673166
0.01081733978391699
0.0089897411318638
0.005391374678840635
0.006076884919871216
0.009018510494210402
0.0133044617856932
0.014016766614067196
0.01315720359035211
0.012535031484876932
0.010803441256720892
0.01041240015708511
0.01056475910374392
0.010018175863581707
-0.0006897121852056953
-0.004077965064153948
0.000567974150451072
0.009887939799164358
0.012840772323195424
0.013631461922958783
0.04175099535121507
0.01275743816961322
0.010365637253665067
0.008308601836296703
0.0085018499199734
0.010980419184541155
0.012077854516807277
0.012408487804926475
0.012378216674216158
0.012381244842540794
