3.6237687376759537e-09
-0.009664374360650634
-0.010806874977780961
-0.012757088864271007
-0.015018969424938565
-0.017364769890046223
-0.018917985932789896
-0.01835900497783843
-0.016881451829056964
-0.014842062766723847
-0.012723377920768152
-0.007623803744435445
-0.000694084407902212
0.005120706218287596
0.00914292222051345
0.010789981260263417
0.008560689116604127
0.0023762592703137214
-0.004423177110703079
-0.0016250875499178787
0.014335456366551166
-0.07728296954385794
0.01102021802654152
-0.01829762784407377
0.08887047021107904
0.02975356488362811
-0.024884536842612038
-0.03831864813031398
-0.030119311879199372
-0.01570182799570365
-0.003425457176063315
0.00598106962673415
0.013214717109891846
0.017203610805478158
0.01852460617360339
0.0176983201119163
0.01632739617907784
0.01153569863156066
0.00682213609323418
0.003502027326347285
-0.0005759667148281329
-0.004203782016594238
-0.007093315364224586
-0.009742159449447157
-0.0082943702808713
-0.005412249443097652
0.00020002887517007195
0.008157986686111547
0.01722914070103871
0.021035247941394688
0.011402813560701204
-0.06427439129261883
-0.05697055964945623
0.08994633694891807
-0.08505141783322999
0.062450514870379316
0.021659954615149166
0.021880515635255178
0.01980480298383976
0.010100408761308643
-0.0010220569521229425
-0.012728939729623998
-0.0018541005920578383
-0.021237872155401908
-0.06806081521147332
-0.008247584909893814
0.03750270927473394
-0.023969343738259465
-0.009874592593450384
0.014299625768903024
0.022120044261604015
0.021484687427859587
0.013679330333082614
0.003749545817487038
-0.005994624774368179
-0.01568226705853382
-0.021957859208025385
-0.023172646176389304
-0.014230010510209085
-0.010433668368406835
0.036239034451605354
0.04863256520619286
0.013026179301141617
-0.007061071023370678
-0.019254256560825345
-0.024425854309060926
-0.024135208159714785
-0.01884124066073667
-0.010122183574746394
-0.014984405091126668
-0.02051218998247802
-0.01744523118631016
-0.017011565059116912
-0.017745298933247024
-0.010649972511246001
-0.016942463993365065
-0.02426747890822006
-0.00888044354692966
-0.0012279356359784603
0.00491100267654337
0.005974590248620811
0.006040399449116776
-0.0035690687820070697
0.016494471016441185
0.01936954912399522
0.03071564307604031
0.03613071246477057
0.040186403866500096
0.042568648961878605
0.04265713038884112
0.04012415997139624
0.0006213442653067116
0.056170403906724814
0.06799578098470593
0.06538461686540116
0.06769020668911867
0.01865717290880365
0.0006178340997275012
-0.013436686512762717
0.016521464480850474
0.011892747427047
-0.020528621187033705
-0.02958258403428364
-0.03856851026707354
-0.09856109454594032
-0.058970505331115974
-0.04681545049758775
-0.036091307032735664
-0.02929105441798686
-0.02981850738160424
-0.028079606530600217
-0.023871837057600886
-0.026254775494177332
-0.026276347098019882
-0.03109398837988198
-0.02247298060241061
-0.018029905619814143
-0.00018081147752753833
0.03979332579028036
0.044453339905045935
-0.005565773643747695
-0.014190763892324217
-0.03875553703288167
0.07189745761850729
0.12629178601286462
0.04026064391078783
-0.00591948528712369
-0.020064491549845114
-0.02509141077755368
-0.02469762863510237
-0.017884479225744373
-0.0023536960994242797
0.0035998090274027388
-0.009991301229762568
0.02283418167028146
-0.013795280897137113
-0.004753999668503727
-0.00564433450867997
-0.0006765152928156924
0.0032835633661670517
0.007456925115064487
0.00814715404612207
0.008603883389607794
0.006859363709109937
0.0003425139351851385
0.03686603753441063
-0.005197110589142142
-0.004229253514807136
-0.001739307379075958
-0.008330597082734053
-0.009842623519117383
-0.01343280667960386
-0.014561212240869413
-0.006908200782105443
0.009023665128551758
0.034182808666746715
0.03536355944112647
0.008987298717500168
-0.022197242682729112
-0.0014258815026377298
-0.005997231419048705
-0.01714628330924818
0.03223458596985219
0.00737114957445506
-0.09756586078288021
0.06251060239324319
-0.023884688322085564
0.021402676696789216
0.002400599926799787
-0.021374610206073737
-0.007976839643371926
0.009452605281886788
0.008602317792799895
-0.008744103733364235
-0.030414837886247187
-0.003874927698194274
0.0015898023501127083
-0.010968043285290012
-0.007889174412521115
0.0015324782321347638
-0.004122507025382883
-0.00999956844557985
-0.037068236775663524
0.007420917237282069
0.0007471597001126653
-0.011796871503976106
0.009535485462390312
0.007160858075249306
0.007983379990372061
0.010443272353011507
0.007096876780720331
0.0023223176596639025
-0.0007248406345453473
-0.001346598757116759
-0.0022727566879468157
0.04266553218660414
-0.003253798461659326
0.0015544399168361193
0.006184130845012223
0.005820817910881551
0.006318039933220691
0.007608389845822904
0.007691558120179904
0.006624310782459859
0.0018194128209027337
0.0022789245624032723
0.05570971391926708
-0.008594925956305025
-0.004810720933937336
-0.0004703911622421831
-0.003299378312722084
0.025298457846139752
-0.018090348074435613
-0.02391017753825424
-0.06330102459214133
-0.023570679031540274
0.018410310156743354
-0.043601553305066806
-0.03192321567274474
-0.024367668869604377
-0.043233458910175014
-0.04430535832408999
0.004618555013909466
-0.006244489293588586
-0.0058878985122231935
-0.011078048296044278
-0.00496501479004213
-0.0064032389844167975
0.04766956276792665
-0.006079151016332031
0.0765791062542874
-0.012850358925829
0.007939701041957384
0.019360257098859315
0.00749739454984803
0.008432755575203772
0.0007076515876652432
0.017624786001737173
0.042094010568638734
0.049505977812637735
0.019781283374626344
0.018467919767580023
0.012713445985332989
0.03039100819934979
0.058481975818191846
-0.04387952975446605
-0.0649168589895988
-0.03835699323991269
-0.009436650066105725
0.0065405661492688215
0.01396636727892756
0.01651287468659091
0.012354771521734935
0.018108051882612324
0.021551479724307723
0.01622081737841188
-0.00037303803762649314
0.003756982285907697
0.010397824522976776
0.01776984867202059
0.01978908938966568
-0.10577177886996988
0.007276334823235244
0.008240901420890925
-0.0027868508999770573
-0.00851260387933647
0.02092013043787992
-0.007346303470518909
-0.014650777616616619
-0.11722692011419411
-0.010597482263861502
-0.06563763922940671
-0.00424956405907094
-0.004358968962100445
0.006457508629685286
-0.0014982554170275043
-0.0003891341120915152
0.001394528188825672
-0.004737246120038205
-0.005636669466634506
-0.005213342848690396
0.001222353669075473
0.005098938271707027
-0.010456077779768088
0.011539414498994056
0.015535494222703864
0.026682380823501498
0.03582830753631093
0.04043833615643497
0.035360968278982094
-0.0019357254303592388
0.013720463467396832
0.03652834075203784
0.012085178585420858
-0.014620691820303218
0.018820097313425176
-0.022522908420070157
-0.024342444443592154
-0.05321367225590526
-0.04304826608334659
-0.020667097166046613
-0.002343915590397834
-0.03164658960802739
-0.030673954084972064
0.005439952976169678
0.11341254586880836
-0.05315033253988839
0.0514190633867569
-0.03207891404544811
0.044851089855796
0.07190694276298631
0.06017816095904983
0.052016868744075725
0.022832072578689702
0.01168162994058442
-0.016554328769359247
-0.020660632063456162
-0.008378165542816908
-0.006912577115860534
-0.009571828373938345
-0.01252696323559722
-0.01583450310048713
-0.018270778738741306
-0.018558956948294528
-0.014906054239272512
-0.005786923732438844
-0.011539580414771081
-0.00897040471230201
-0.006954266151585048
-0.012699255741248791
-0.0007677201836387557
0.0014066301088263267
0.015165084018744786
-0.0006889258179317648
0.01333675617443757
0.06510864611045265
0.020371468563332287
0.022528887479464455
0.011226275870114849
-0.06297264690464016
0.013581325472584572
0.0026432949765324027
-0.006968269279581886
-0.01404945765812888
-0.0008131979317007295
-0.00541071466557228
-0.0027187922772560612
0.04938294090081211
0.05724975833020782
-0.00255839111713261
0.005180264229693836
0.03215635947461471
-0.03511802298533045
-0.05076151573351847
-0.024517548767108793
-0.014709376795918954
0.022416350547562
0.053134239666966517
-0.020894230226851104
-0.005408760613013848
0.01173703382601189
0.03485663785944588
-0.043661942432778274
0.04139267369166069
0.022046754223714958
-0.0015405687872920323
-0.006837368270202226
-0.04383148410275026
-0.03414082733236331
-0.019267722448056974
0.012583462996540886
0.019798818674133942
-0.0056665534648097
-0.02280457705908902
-0.04889208103612768
-0.04380209366630136
-0.05872029029084121
-0.005287289160850634
-0.0588312997775889
-0.04929948806080565
0.034137738175037353
-0.0289893301064677
0.02203630449871947
0.0069554010890359895
-0.020487004872155615
-0.010324185031960005
-0.006470086813604025
-0.001658444788619888
0.0034770908433807146
0.012195029692698636
0.004021088435251287
0.005524164363203092
0.00844984143877707
0.04191256365965282
-0.006605426053644374
0.018176337368268458
0.007819734458965198
0.009425416243693585
0.009847208816174928
0.0071771859767478805
-0.006526813800465241
-0.030654480862979682
-0.03361508791068128
0.0384313902430816
-0.07766844003613704
0.04232014008018858
0.0023271728192753214
0.008840876843510695
-0.02313291951362207
-0.014182601706365141
0.013514579405877216
0.021271213760642452
0.019919507198553656
0.026014025064986027
0.026982550672486446
0.004022158876970871
-0.04946493230375606
-0.03093818856677405
0.0417603543657625
0.03899414344178851
0.00426978276178469
0.0319602420014037
0.01651643983940522
0.021795196135759507
0.02754897439961056
0.06352877642491737
-0.04721212634066044
0.008124193084296051
-0.046687387409675075
-0.00931235832810594
-0.03467727911690463
0.051654765595917904
0.012493513847614603
0.0008127977620560783
0.006960495635792641
-0.003014783422115612
-0.006712214359660679
-0.008826035494928245
0.009576247988645885
0.015283407510332006
0.020977340544976682
0.025387574685588245
0.03163926034117901
-0.0034986040060735373
0.035896950336555114
0.04692488029159056
0.03988102948992882
0.02343627864528377
0.08549923565835087
-0.02366141125926882
0.007272123240985342
-0.051974631495244526
0.020054684535886047
0.0226047807025459
-0.09352076970487522
-0.027552342165266905
-0.06188193326030025
0.005141744372499483
-0.025938452555062465
-0.012080711346591156
-0.015835836643618425
-0.029676273842837997
0.008878921017982912
-0.01037166070125858
-0.03698748936587422
-0.06909086090524226
-0.07662274343740715
-0.041313970250901305
-0.030450193714222713
-0.018891246387204352
-0.007363117961583891
0.011196633589802949
0.01016301642640484
0.014326918806487548
0.016437310538886703
0.018138531722835777
-0.004287721041234306
0.005017507690067253
0.0008237752386954257
-0.0005021499499436768
0.009287035051018041
0.007042656491732993
-0.0001289629215610746
-0.005959765767571439
-0.008885021191821298
-0.008614838998489293
-0.009410175227580848
-0.010189995176090417
-0.04562849131628116
-0.053956222316089354
-0.05554892258876159
-0.03701711316547248
-0.029646155444838024
-0.033173011352701766
-0.033189198648298425
0.021106784187315923
-0.028169173976713504
-0.02217874506165037
-0.017004391258904353
-0.011276450584941406
0.026209769583727314
0.004204747837444637
0.12067520514705571
0.008701885175430227
0.009522410302554761
0.0046621110247033705
0.0034845851290969385
0.0011509577411500042
0.0008085837043133978
0.0025430474372639066
0.0008953623959446113
0.0035138150270251213
0.0053229505070337205
0.007817859445678267
0.0030614617691251712
0.010284170003221519
0.0013975286767037313
0.010438542780661118
0.00810350845607653
0.0019538415415110877
0.003997400643591099
0.006874434690298466
0.0073470410630198865
0.005030881446213272
7.805489532912077e-05
-0.006049282296405957
-0.003710533736461144
0.0038546539910287677
0.013630362719730709
0.01939566654175681
0.020261820448687237
0.015975565277022357
0.008211648840087678
-0.0008116984509934021
-0.010909267321632598
-0.0208584832777332
-0.025629829921575396
-0.025320270023926488
-0.02383711274734471
-0.01912805313755319
-0.01089659753404344
-0.003559076250874069
0.0025440395832763175
0.008699882954862442
0.01351442819285707
0.014320221938932266
0.010071352583593254
0.002706677186398233
-0.0028705842217528698
-0.004378854166351108
-0.005550539183859061
-0.07655373553871825
0.004793912460036297
0.0005234303721889375
0.0036486610590123264
0.00408797961806498
0.002085652361667666
0.002111135333830855
0.007082418780494295
0.010714314256067012
0.011320952192296506
0.01056037628672944
-0.02022895272169779
0.0029594417116444037
0.004376947850886239
0.004637116305455982
0.002828374147977368
0.0014749197234449189
0.0006487802287448915
0.0016707293085965777
0.0013047028359730111
0.03213271686021905
0.004884377201058388
0.005695629895894234
0.003623368335292456
0.048660798695749595
0.001253567323233986
-0.0017004234193789944
-0.006982347644529064
-0.023004097339973644
0.004800504642339553
-0.027069329528535656
-0.016948797442663983
-0.012861921350609018
-0.01640875768734338
-0.019816265169896725
-0.021126645092123638
-0.020085976502408086
-0.01621655390033954
-0.010891873761653938
0.024277499911531296
-0.0011289883176674425
-0.014422531950492076
-0.023453160915734694
-0.023106492022114684
-0.015524607590176487
-0.016075132323710502
0.007374843879803001
0.04110399713883438
4.275610475690988e-05
-0.0475915320769275
0.01575959367576391
-0.05314239845430588
0.05080573330524418
0.02595441362897612
-0.01291441397078533
-0.02002750209555504
-0.018421270807670816
-0.011963464169391631
-0.0021080378697677406
0.0025581303754579647
0.00733758110583876
-0.00014178731743103747
0.014511293813728718
0.016734390428157053
0.017832641000862105
0.012603581247710393
0.012607868493533635
0.01598686405131748
-0.01157576724967582
0.01414374339326888
0.014519265081221967
0.004109547266153423
0.0164210443962855
0.014305291534296485
-0.042967837528970196
0.009164416680733475
0.014143022551399032
-0.05263028227503296
0.01098752422477855
0.00957173852426879
0.00278174812864867
0.004360931897255763
0.010847431981205583
-0.024982580041089476
0.06381434044957376
0.025251845133908903
0.0286387195849192
0.017248450450410496
0.014162390521738491
0.014907812484506414
0.018089041688546567
0.017973369617604016
0.011561650569730218
0.00932453070180897
0.01125816531008351
-0.008298252995479644
0.0021705248336196335
0.0016146433528423814
0.005791444976007185
-0.0631121140516753
0.005695068327201995
-0.030176801056601685
-0.0034659800557272245
-0.005509288095328065
0.0023567138032944018
0.002853243913333243
-0.001458220558248479
0.006260278317969563
0.0007404000816232296
0.003924622651456906
0.0043301839416921084
0.004554382363441491
0.005810713306952642
0.0026593835751056215
0.0071976246463459305
0.006723335778978451
0.007239893042592642
0.007680312901162623
0.008004808412912798
0.008237305458814025
0.00810339382494863
0.004182751513246896
0.009817415443455175
0.012721091863926193
0.00569824853891342
0.016906656413522222
0.01317441462112174
0.012173582671410565
-0.017563148764846635
0.018951015934885254
0.002081476885388115
0.017139373158335993
0.020940249213355987
0.009312191686048002
0.008955366842016572
0.0077622326241168025
0.008969386419065653
0.016905714508794165
0.01370141887013412
0.017724246066558483
0.027731449093142183
0.041047223524756475
0.054582830391260106
0.027825307180270122
-0.10217681770439961
-0.10089992124975507
0.03534201981991787
0.06749944820645283
0.043250803514204426
0.032962684331990545
0.010308885472496226
0.005836947835201812
0.015259711251732129
0.003014984047372204
0.0012895658948893318
0.0002237894180046094
0.001012531368150788
0.002230879328037404
-0.0013111160943980306
0.0003653064423204315
-0.003973228732778862
0.0037579758345792653
0.00677730745724891
0.00021880742468702953
-0.05574081515725098
0.004921177699788105
0.0028883255849125942
0.0019454618820785054
0.0026977554905178265
-0.0013838484338041398
0.0032151501665242084
-0.0002066179509334396
-0.004896865093168332
-0.001449172642058197
0.010739072286132982
0.022530339123788743
0.027149272165796653
0.023820316603429564
0.01372203000022512
-0.002395633762774564
-0.01996724704417383
-0.027910199065983608
-0.02256943544388324
-0.0076597276666914614
0.006663849667658578
0.015228691062109778
0.019549477728030083
0.018600143504833452
0.011117772528775159
0.0010817650422356934
-0.004249872725197789
-0.002763324591347265
0.0009527934627018693
0.0016836143868538226
-0.003668289859275067
-0.011603853830711157
-0.00564038370439621
-0.0013609317362570825
0.0036395746132780226
0.003588256493784719
-0.004552168633052873
-0.011380614452650963
-0.011048558059795455
-0.04864250091162283
0.014742462626285473
-0.013558112830536841
-0.0016100260675483704
0.013794961113694649
0.020406485392135135
0.02437537317526278
0.02254207092089496
0.016103038884820554
0.022914686615653043
0.02709346966007968
0.014162821281255608
0.01740922303230069
0.007908663477416429
0.003847743959301083
0.002878110426629568
-0.0006816461513603411
-0.004703048997915124
0.005535411964123421
0.05987001574254682
0.009235178856917672
-0.0006062071205852014
-0.0016007829470287658
-0.003542154086116718
0.0009015507741644553
0.012439394589678241
0.003624414652219393
0.004464238475239793
0.008425189222700446
0.014133095003467107
0.010339955774662193
0.013575519996435756
0.011844243622510827
0.015646776252261275
0.001699345853902347
0.01751306830768618
0.020752124601462692
0.040869866071824086
0.02644682727777142
0.020624914812165645
-0.060188342240838764
0.019090021117337017
0.01526782146668857
0.014756106851106671
0.01599177911186114
0.019604254103798333
0.013047988417201726
0.013455830972068292
0.010420717695301427
0.010902492072765337
0.010902860837157507
0.02171686409467014
-0.021011070920796026
0.032593499667748146
-0.026095864394006688
0.014774481531688312
0.02174528200833869
0.044656346610817264
0.054189224525051385
0.03295073558905408
0.12353739462478022
0.028078608115569993
0.020385104931199494
0.023319216715199254
-0.009367943791112285
0.019886369732851985
-0.005185673243684485
0.029925922280530173
-0.07892721784447373
-0.03427756054089002
-0.0023888476680589323
-0.025095121777272657
-0.023215198464867023
-0.01698788202568559
-0.007186027115017995
0.011814049971832464
-0.005981612012062737
-0.01229861865308454
-0.01575651095658192
-0.017802578873742224
-0.017122859171363244
-0.01615693354507507
-0.014144219609097633
-0.012148772188495926
-0.11942850102652679
-0.0010918235632113725
0.013882515472724448
0.0033071485608106126
0.002483252109780626
-0.02827377360240961
-0.010237146534532428
-0.01534885955719915
-0.029525843506081947
-0.01586038694268268
-0.017553626558246462
-0.016852728867998643
-0.017685720531418394
-0.017656097238862183
-0.017704631640679473
-0.01699940194583641
-0.016655383449493712
-0.014863137199293202
-0.014043262484624749
-0.014082022447513528
-0.012877630621542246
-0.01260922398383648
-0.0111121192438652
-0.01001361844164557
-0.004747900830145731
0.012663608714569617
-0.0014914618059421853
-0.0039032350435517405
0.006481860037875309
0.008325522600851246
-0.053889863538006164
0.011860350701643558
0.013325810975520682
0.022584614295051746
0.027891040847628952
-0.0061639248100917214
-0.013496177636289977
0.005835922275845129
0.08969475574610636
0.02879920425686966
0.02156038078811814
0.02322225011920702
0.019802270664466656
0.025028167848399067
0.016615828485675867
0.010758654563069271
-0.0008848913375400844
-0.021215338317515143
-0.01229449766304262
-0.02910220923654219
-0.025267159837220058
0.008986817903007389
-0.001913638798766717
-0.0013772067018239505
0.012992499651899681
-0.020128397394709837
-0.016574127881484806
0.020047924959907794
-0.041981943326333586
-0.001271647664234939
0.006642799145360949
-0.0340772143527502
-0.0043899543254072105
0.00035845367303372245
-0.012695381979771705
-0.02228141293180619
-0.02737313757397263
-0.01511891554141384
-0.011777337017473044
-0.012872963530679517
-0.009997262204385567
-0.021215174272502708
-0.021642569716737555
-0.01905470495674763
-0.007517329666345242
0.029224825007962273
-0.00014280655834379667
-0.015863243388344116
-0.01744464894308301
-0.019247764015236417
-0.02117267700696936
-0.022139609856457354
-0.01900688683869808
-0.023017199753134633
-0.02419856823202869
-0.023319070090368415
-0.024575513818610183
-0.008584098300781136
-0.02569320682139877
-0.024347107912364344
-0.016415729997499885
0.0088109081317073
-0.009055303646419988
-0.0027492640223928323
-0.01594330273116646
-0.018439282532564907
-0.018143413013032864
-0.016962883986722414
0.04642041445384008
-0.0026264261987019506
-0.012014043073490419
-0.011901668877124513
-0.006292851048471808
-0.006815295654960942
-0.0038702836466087912
0.0012446796627300087
0.0068419651242121755
0.009758951863647315
0.005521393961534112
-0.004759668867917809
0.009715263548965783
0.003941001734396051
-0.014423657683746406
-0.005172027354585814
0.02637179626814977
-0.07347150357479043
0.005412792340076049
0.0049870056769587895
0.004638821485088252
0.0038670503492873273
0.0022366845142386908
-0.003158995217127165
-0.009055377551438997
-0.0011191355190553146
0.013246515059889078
0.026457128407400332
0.030132963717292377
0.023216021513456128
0.006414743635915153
-0.014728249519745475
-0.023544147267968194
-0.01210348125577682
0.009030513311274307
0.024295410238828523
0.02992945621779162
0.0258044807147966
0.013798097671599428
0.00010199689271625971
-0.006733168007713461
-0.004369197858405507
-0.00028572149768520626
-0.00036601531138531545
-3.35583067147103e-05
-0.00043480852820900585
-0.0046225421848297785
-0.03290166908557211
0.00514284293199833
0.008636242530723431
0.007156784135679923
0.007940862565882719
-0.0017846834888554878
-0.032683793526300964
-0.00013015375402058055
0.001989960314501288
0.0011807367137242914
-0.0021528829321814267
-0.02913091463113374
-0.005029568015978672
-0.002763930135432024
-0.0034850285684191254
0.020158610032134806
-0.020411993333948338
0.0009632378767352028
-0.004931216274550087
-0.0071769671985186575
-0.007782567267915165
0.06578318615456646
-0.00803317888128566
-0.014005135400451946
-0.018359834007820576
-0.009328547858239916
0.05419426432209398
-0.012610464380512098
-0.0084593731559389
0.07402308648892925
-0.0077525539516501325
-0.00614038152781592
-0.005199130304158965
-0.012392807946349489
-0.004939751123611968
-0.002467068158094789
-0.0016034979907464469
-0.00031757477150076734
0.00043916966645773855
0.0010964977683279706
-0.1888868740548936
-0.00843354815275797
-0.038917660812904015
-0.0010863135843226948
0.005059506170892604
0.008441340494043681
0.00924521443880473
0.0007021165117953721
0.010924696100140598
0.010572344666527482
0.01000191835265861
0.010545952836967071
0.010354863775803594
0.008589241286027088
-2.9118144533103244e-05
-0.0016166858996500793
-0.036542428198291545
-0.009760653463882673
0.008295800747640341
-0.008549126187077639
-0.007085482791006825
-0.004546899940950529
-0.003228604669511613
-0.0019259927242411164
-0.0006315342427412544
0.0007236198102884467
-0.006410618302544527
-0.01939446663774475
0.0035547488852902187
0.007997877371704803
0.008175172283447274
0.006991155890348969
0.005878680363040579
0.0037633784740394288
0.0015736018325270067
-0.00031098267100711945
-0.0006684391740231057
-0.0008689976572433065
0.0007752910308476875
0.0021064172053794333
0.0028829931784850977
0.0025881862123061793
0.0009867134857792273
-0.001618664591857079
-0.004518307792365902
-0.006652793582046543
-0.007019271041930968
-0.005260337470879666
-0.0021624479695546675
0.00040422403613218336
0.0008667282130812231
-9.257742312698929e-06
0.00023572686273080424
0.00200037174944294
0.003483307453142771
0.003594535249759222
0.002513364517728444
0.001481218642157121
0.001774923871197786
0.002471762880581929
0.001636334310569209
-0.0010739294803583383
-0.0043107444160410905
-0.006693520358983069
-0.007728091493078019
-0.007627721985862054
-0.007197985394192704
-0.008188025356222605
-0.012239947339898838
-0.01615673775320615
-0.015455402381054844
-0.014239396230106213
-0.012066959942482735
-0.005663344881554925
0.0006078435849255914
0.006626315558087815
0.01576259416817136
0.019154177268599974
0.015569834042696042
0.022820278957898
0.01683220951355669
0.011208229688083136
0.007278614159627126
0.004322386924715074
0.0015606236168634877
0.0005733494206027351
-0.00026718362092652856
-0.0006695542470455129
-0.000763972643860604
-0.0006488468646739411
-0.00034628359065095205
0.0003375063240359477
0.0024726551150787866
0.006441138628598169
0.008032306829332767
0.004802032254147867
0.0016516454793474155
0.0005633250624053307
0.00044719329504414566
0.0007496467430327527
0.0012120168588506542
0.0015869380396252991
0.0017017633597588636
0.0014692184246658914
0.00019335854264981254
-0.0011296461065298151
-0.00107844465050434
-0.00027926476295424735
-0.003049018514295564
-0.013368088256043523
-0.021249456775127212
-0.015272884392062697
-0.003982145393828432
0.0024972070165885053
0.005532498986356183
0.006034600735163314
0.005394515533148194
0.003742746262575702
0.0032108421829999314
0.003941028321990606
0.004558242877756065
0.004341158178900066
0.004027759306438653
0.004854099425249496
0.006873321020460886
0.007302598290385765
0.004251713382029964
-0.0011449092634710405
-0.0061222088941993
-0.008728737163015853
-0.009091052639949084
-0.0082507066952432
-0.0060267959593017124
-0.003174945814649531
5.9783167101177533e-05
0.00462559878953445
0.010957137744725388
0.01055857845906303
0.010150744075262097
0.0033830625596144507
0.00022952750988997357
-0.00044701874358439657
0.00011745905861751391
0.001210022736004696
0.002509294608232245
0.004117232916334893
0.0036507685168311703
0.0063523743293033685
0.006488573910956105
0.0055815153733908525
0.0042644306221839975
0.0033072735880579516
0.0005608446494573476
-0.00013853408789012164
-0.0004201450121893771
-0.00029144581554077726
-9.153367110992041e-05
-0.00014354704341226223
-0.0007363901957408719
-0.0007934415977248951
0.0007345770322121876
0.0050645041796170825
0.00798042372545548
0.0005060821194908915
-0.01070505236934486
-0.011849742028516937
-0.0025979880870844892
0.008194203837061544
0.006754517115962745
-0.0005207188676612148
-0.004571442667835277
-0.004742451325036501
-0.0032667608575475413
-0.001728616166203816
-0.0002920448472325008
0.0009457378699587738
0.0023755535173890408
0.004265970332177499
0.00579423026461185
0.006713857686174581
0.006645934561328573
0.005521269918318402
0.0032379144079791203
-0.0023842088136947263
-0.012497577800977393
-0.020538713431972354
-0.021850018512951368
-0.017578997505360017
-0.007936145997665647
0.0005043619292293595
0.0044009728136342515
0.00694736432744496
0.009317502177258349
0.009889845894894873
0.007547994023602733
0.003348657289510826
-0.0002978653543152891
-0.0013267336441617752
0.00017761693619284703
0.002960368825755044
0.005378245720682675
0.005983060482939935
0.00021019257523926044
-0.003997755097978893
0.0007209355279585382
-0.0010120880685524497
-0.006322340107899322
-0.004720659351353285
-0.0029250645439406206
-0.00498443867014049
-0.023314161673853123
-0.0026484398242969088
-0.005714217874584011
-0.06524693888996667
0.001878415435544506
0.006714825723253446
0.009583886475777289
-3.9667640520331834e-05
0.01184358158682614
0.013099001440564965
0.012942723264110221
0.00910769256509983
-0.024622010958104124
0.012971859262115994
0.019188891814525082
0.014344399174156433
0.011877020468126236
-0.014178043619182111
0.003770015051527519
0.016700351957983667
0.021104803363633514
0.02680970942957458
0.03210081652849401
0.028566793628558913
0.02496068014483762
0.07291038420875376
0.02100813824920722
0.006879736178511841
0.0207062473557574
-0.0176590039966337
0.019865536755065763
0.014025765738175568
0.009504343564438552
0.004452334935862945
-0.0035294332883926854
0.001079152034731592
0.0035704640933436
0.006387951564252064
0.016213717230768022
0.029898851457328544
0.025219501046817878
0.02139914101496586
-0.02562345984606297
0.02785679958988519
0.02161874208665261
0.015873830586706338
0.022064748739523077
0.021818846012924806
0.012636497551145641
0.004353788338080197
-0.0008444192354432601
-0.0033856110723125554
-0.002101744909680551
-0.041210298567189725
0.012380786699675211
0.05160583857520421
0.018798876716937776
0.008053389758999097
0.006926555082220268
0.00916451283702995
0.011603988857428636
0.011476653510669078
0.005131292499811538
-0.008667262901534616
-0.034983564846344746
-0.02544415170333143
0.0029938048216374066
-0.034359738027025515
-0.02195142917214515
-0.00407348963549007
-0.015609426094232976
-0.02641127190654923
0.004276440288778043
-0.01747574400708342
-0.029684992624257417
-0.014337127353525448
0.0014085867606528108
0.005036945257859759
-0.026607768935127105
-0.005027600945350106
0.0015522240748338037
-0.0018674399323127164
-0.0025115235671854166
-0.006513192834272255
-0.01269503589599083
-0.015678980689175892
-0.016541858968474182
-0.011622305667847353
-0.005903686552590253
-0.013964552910165568
-0.008416893784464391
0.0021843177019267215
0.01137882253386231
-0.0036509943059813495
-0.016856227632581305
-0.018946102519105827
-0.0220461450865197
-0.022183888514495
-0.021452927244222195
-0.02000258420489417
-0.016860322908634984
-0.004680257395978236
-0.016366353534541942
-0.024538529870413557
-0.028546917487731093
-0.014108529208506191
-0.012812811955694614
-0.011073193018084836
-0.0062618494673755635
-0.007310252175001305
-0.009714993878096344
-0.003747338613821279
-0.0006898897936776781
0.0004788271926239653
0.0026278920104105302
0.0036748704248389047
-0.026624112902274493
0.0005298062230620024
0.007262936314469216
0.008588424476295719
0.008868676204659512
0.009202683486910659
0.008436146542362065
0.006883042039026955
-0.003845000751197136
-0.0037701099825701314
-0.00534165469447405
-0.009238377733263574
-0.02226065772235917
-0.04981951803524142
-0.016923669191572847
-0.01686733061357462
-0.023282368922282186
-0.016577563996034373
-0.016492718992962
-0.014018936292943216
-0.010138280704477351
-0.009859958725924418
-0.014062163151337077
0.0028718574916557086
0.009514904371965274
0.0049745569467704795
0.0009874915287495167
-0.002462693705193547
-0.0077404091011351855
-0.012898147098515365
-0.01057921527313514
-0.01066007213421684
-0.010636827199280658
-0.009874203817074536
-0.00800428502578453
-0.002960322663912086
0.007131583810924137
0.014323502072668566
0.024597919625576312
0.022507808705500395
0.014888135514314359
0.011567017258685622
0.011595645177609111
0.01360014596495195
0.018784805368492724
0.02306893431221888
0.018773386017689894
0.006893556434806203
-0.0055295386952602076
-0.013680485845835779
-0.01698176277727251
-0.01710834816160977
-0.015813121658833258
-0.01384330863160301
-0.011073703539773974
-0.006845253668919178
-0.001127493875155308
0.00495095879954613
0.010006927864459236
0.012799953273347434
0.01279575890051677
0.006711651638700609
0.0036153273397271316
-0.03035505934512298
-0.003458988422263614
-0.0071254156572317815
-0.010739921252554734
-0.014027872389400021
-0.013401413517426165
-0.00988698843262781
-0.003231094072313008
0.04438292857444334
0.021743700370954185
0.02647426574618292
-0.010001481606357323
-0.08204930033338109
-0.0013682711751367518
0.0001792970917081382
0.003359068523337768
0.005900604207907673
0.00797040519643486
0.00937227374682931
0.011900176802332975
0.013372959562696154
0.013204040070864577
0.012451419840908385
0.010902071552202552
0.006239544111112616
0.018296736303926173
0.006342350565276082
0.008096291242109612
0.007626699047735225
0.007051580514524484
0.004357936240115937
0.000907232505728472
-0.00011035375338377083
0.025069143890551884
-0.00785561572598654
-0.08580061339024685
0.03265887910557471
0.009649871546944468
-0.004930486642257813
-0.003472958871276511
-0.0017606210865623233
0.0012361921749203847
-0.00045730930216714724
-0.005312165127731771
-0.008493155724872916
-0.010568083626986817
-0.011822150314044363
-0.01290266061752829
-0.014252721778060596
-0.015143887847948895
0.1493871721980842
-0.016384820560697913
-0.016522064269276295
-0.016841651473232987
-0.012808315393405087
-0.016252889221641895
-0.014706902144448468
-0.012758484363801816
-0.008131203443593254
-0.012530785761965185
0.031888436620876016
-0.0009451405045060628
0.021034158952281966
0.006122338689115722
-0.006229826902006187
-0.01003441185228285
-0.01462620232564064
-0.016333832069723376
-0.017034005039325853
-0.01737971588813474
-0.01728882953084385
-0.01694846638179393
-0.01619821734110946
-0.016239243986333623
-0.013338780231758995
0.06025210042964403
-0.010090568916771282
-0.01261744632748741
-0.013339208350999504
-0.011695921177573157
-0.012636225934905558
-0.011951016659694657
-0.011492451744452013
-0.011042951099662019
-0.017712798410466885
-0.03347888028798651
-0.0074138587234460086
-0.005072251921113371
-0.002168894079172142
0.0019859456839004257
0.009774678914783121
0.020968220469977983
0.0036743541822223387
0.05750911983620663
0.012124147711175851
-0.00659620420713021
0.003031783332341863
0.00685195235293014
0.007435689140054106
0.005739423669941754
-0.09253830519409498
0.008943958420366042
0.014020238097141086
0.016778039679039212
0.018089765425729293
0.018625611974349972
0.013040233500448993
0.0033762836925017676
0.013628188715441662
0.04074152592078018
0.00822949461481691
0.03985115221171743
0.012960843535982971
0.0032911172795096998
0.010110524691358426
0.01569621170067777
0.01659133967155627
0.014979237818837544
0.01654230032568143
0.016103621244730772
0.015372496887853242
0.014605380385434626
0.013220111113037948
0.011801658153796283
0.006768237825555243
-0.049132232338349915
-0.00705099937580082
0.004341022722015259
0.008058290934312286
0.007887016612720241
0.008304157162924321
0.0070551172215508945
-0.0039085990749664285
0.0038150817590500465
-0.0028175643511775083
-0.08186303022815038
-0.003688578773308282
-0.00018888012615666402
-0.0005153410914401023
-0.0001690822624934299
0.0018595361157848227
0.01002832664955851
0.010357114812748695
0.020097921935845742
0.002132106150113547
-0.004096203733716672
-0.01188280677824219
-0.03587441529431095
-0.029644807706636894
-0.06407250966612772
-0.05768579901921347
-0.004478234141335929
0.0016753671879394842
0.0030864981818375763
0.0032814434081394396
0.002725738581573301
0.0015185231369929744
0.00033754394605307924
-0.0001447625540375298
0.0005108365797356251
0.0004673669973484451
0.0033688939879121917
0.003869132265253861
0.0033912892350067233
0.002358285067174031
0.002372004329476551
0.004592114894693338
0.0062420733361383835
0.0021186100964544962
-0.004924132816409741
-0.007343367946692405
-0.005851073594905819
-0.00025600984314525757
0.006117422354309627
0.005961808689589461
0.00180947124082885
-0.0010267347679234868
-0.0012525049858500825
-9.93863794203674e-05
0.0009885643936921088
0.0013847553574255795
0.0012058937441893616
0.0007195704475395727
0.00020131914658998092
-0.0002932322285162436
-0.0016662934474989993
-0.001214689297504728
-0.0011315899753336094
-0.0012403283150460374
-0.0012755290361031243
-0.0013244033655253184
-0.0011682197065014768
-0.00044124620212027897
-0.0002789907261478338
0.0006952132842329184
0.0005504407596882439
0.0006601569825700187
0.001331884305884913
0.0025135424229343136
0.004525354495079172
0.008369359138817383
0.013547116412123326
0.014200881825773028
0.009859136223893714
0.0067645675307997175
0.005344746090761224
0.00446607204118826
0.0035482282015705836
0.002401712434177585
0.0009931378347110488
-0.0006081737543616314
-0.0022523603831707314
-0.004137504015327916
-0.006387441525876647
-0.008303251641554892
-0.009702036848688853
-0.010403751517211646
-0.01025856160899945
-0.009221234787129638
-0.007414547848016851
-0.005162814635544216
-0.0029990723729002655
-0.0015654757096267141
-0.001230042323746838
-0.0014002633578024217
-0.0015555709606223554
-0.0018623832261433753
-0.002010205894439042
-0.0018753596921346738
-0.001987470325492156
-0.0030433113817110624
-0.004224391606776944
-0.005059547899999216
-0.0058685710405695715
-0.00650349516234143
-0.006199575224259588
-0.0038177678289029295
0.0002472440344627508
0.00269426184879728
0.0004526931518338587
-0.0034226605808524014
-0.005438299482230419
-0.005305890444988077
-0.004470890989370917
-0.003547686846371208
-0.0026817588041921844
-0.002078835328826334
-0.001973082831852122
-0.002501824254704141
-0.0036638757568330394
-0.005240449737527156
-0.00698462875956741
-0.008637526275848857
-0.010010716269925017
-0.011037435578608607
-0.01169154167859271
-0.012008556600050744
-0.012057166705693213
-0.011911983456816651
-0.011678827516870119
-0.011422267744663418
-0.011165702994836197
-0.010996788448834498
-0.01099293269695461
-0.011049715248267563
-0.011170140442326705
-0.011313637143846481
-0.011420638316739989
-0.011403120781736279
-0.011143152956815719
-0.010480576516159874
-0.009327236687601352
-0.007626246635935063
-0.005430663202813765
-0.002923469323257818
-0.0005228428661337777
0.0012963479410399745
0.0021091381154763828
0.0018481435792913944
0.0008380088086778433
-0.0004596728035291312
-0.0018150132760434588
-0.0026254385174081557
-0.001470223320769122
0.0015738411375565936
0.002676925846545845
1.7557378696559793e-05
-0.002368384067449165
-0.0023331103445757982
-0.0012316483714057479
8.89916398108928e-05
0.0013386431383186743
0.0021019517323877736
0.0018762941232722751
0.0004626637910512381
-0.0018862289751054562
-0.004585958661480967
-0.007092817208735214
-0.00893991435979365
-0.00988659333863075
-0.00991808807604249
-0.009155920135563675
-0.0077826684996257015
-0.006016941698508032
-0.004074980205275065
-0.002138984393219013
-0.00030167705238846084
0.0013874369619313932
0.0025522374041759867
0.0031173820634246368
0.0034078411819845177
0.003480867591726511
0.003483243735338131
0.00330174141421642
0.0030940506292943108
0.0030812506135592488
0.0032661079230352687
0.004202107299321138
0.007420787548196888
0.010888768018255052
0.010475982894372397
0.006335251171847552
0.0034492569872418234
0.0008009479590877896
-0.002316775817688838
-0.004577945290716178
-0.00464401820153055
0.0005466438315531277
0.011983918488816752
0.01740857707512891
0.012332744311386314
0.01707899832155347
0.013351114719989286
0.001677170153421039
-0.00020842647626225278
-0.003695318885121765
-0.007539160577813933
-0.005636261951984515
-0.0018544804534229126
0.0021969754299731533
0.005293517153419437
0.0075519917343495335
0.008913197043605903
0.009727474938015625
0.0075605096870657255
0.009483710338514025
0.011285263591212017
0.005963765085771003
0.010912273202983807
0.009963763015781597
0.008139673361835343
0.005329828842746805
0.0015013739872800085
-0.0034368806207904666
-0.00886473452593152
-0.014257866706286423
-0.018649856497223494
-0.02094190985804176
-0.01944858025796701
-0.011239727815247033
0.004962051862686791
0.019369300743049583
0.01679626347221914
0.014253025499930959
0.02296433419836952
0.022669910955983894
0.024691417622900693
0.022515882993935765
0.004094316492940662
-0.015435837947737875
-0.025730822303658314
-0.027588553547200027
-0.024251837396181808
-0.017934495219559386
-0.010419084589890515
-0.004069953012809773
-0.0006597019238781756
0.0013595052186122568
0.00263234096943588
0.003912690746495126
-0.02534471161418315
-0.01996398429061217
0.0023564928706237063
0.009154537118639831
0.016063376448276278
0.014825848543746441
0.01036509560774804
0.013819500544729116
0.00832206253603695
0.004023161632269172
0.004197773097302647
0.0032092027715156938
0.0027460539420831515
0.0017910457869306025
-0.0034637292286339902
-0.021574489008491973
-0.0033268397709087473
0.0002832213942868629
0.000604906215737385
0.0003921710880225095
-0.0006842840494627467
-0.006983678745535961
-0.02020086825254549
-0.0010865019187676868
0.00047865284788392327
0.0015275260514096907
0.0034529421518506207
0.007112374713201291
0.012715594952294608
0.009553071161756051
0.0033568964292093047
0.003021057296275985
0.005693863064857653
0.008913664333932958
0.009822499046199373
0.010423914949057991
0.010250726050837617
0.008780318010262371
0.0003959311711567499
0.0026679344135112156
-0.005656872097679767
-0.004000340503041179
-0.0074380795225470675
-0.01053977925591633
-0.013119634579533503
-0.015159010660042986
-0.01672190156463874
-0.01736327575318328
-0.015626375995261437
-0.009620049288788837
0.0017284530615766813
0.016175764785797506
0.02685995511941685
0.027334813658284593
0.02132804308709948
0.017859120549543372
0.01898087248310365
0.026583247820913918
0.03565042719134582
0.035545811099483286
0.02683586354357771
0.01190862733048006
-0.002436103048826569
-0.012016864393990169
-0.01630469484554191
-0.017156449161740042
-0.01604698437272716
-0.013510922488487684
-0.008371305440143329
-0.004173536818769846
-0.006487470540108733
-0.005670637964920794
-0.002989037888536023
0.0074601742898831695
0.004844239149249842
0.005306229658197503
0.006291272757832848
0.006743642527332997
0.006702527345546917
0.006462065690485735
0.003900903966538037
0.007201443610414342
0.0061955818966745605
0.006983452867166096
0.005413008316204965
0.0019584429818194286
0.0048910150705275745
0.005788784554912252
0.0029452796183738125
0.0007690973515866416
-0.0053207507124128075
-0.0009916799940659798
-0.0010657312394465157
-0.0006994279764962063
0.0001372665559489859
0.0006671120883303259
0.0005712796768211027
-0.00016197668782354634
-0.0015755904461316847
-0.002999569033715805
-0.003035955735824933
-0.0003764046794889002
0.004639959959591757
0.008845268734649253
0.008595731235389233
0.00560268553083575
0.004888967319012217
0.005405486645252153
0.004621425173001146
0.004048283311260049
0.006091620144154898
0.008336689376751959
0.006261945062067266
0.0011956565121560726
-0.002855806479738997
-0.003979652274064407
-0.0027778612935702015
-0.0008374910737818083
0.0008484615563859705
0.0008632877965522888
-6.995747230664709e-05
-0.0011113285238015535
-0.002419805762840538
-0.0025140175792720105
-0.001292448455298435
-0.0002553542675322961
0.0006378888366112828
0.0012665039484800232
0.0012997436290400986
5.666607100870404e-05
-0.006019654756634221
-0.019376307299020807
-0.05061581052540069
-0.01399277447119299
-0.0027175712928641594
-0.0006776199322466458
0.0017928905037768457
0.008592877651414725
0.02321184572433774
0.014397576804165873
-0.018515829124512204
-0.004910995046395731
0.0012165568272148937
0.007357209668594163
0.0089198928647088
0.009953412880639289
0.004144121351383314
-0.008741586543746568
-0.021285897707475784
-0.0003480113296890463
0.0004942790847277721
0.002926068393754097
0.008752318113008377
0.031067936566981463
0.03136641345674471
0.014303476284545669
0.023076019048056163
0.03964453556124941
0.011680820755527689
0.019601487133011523
0.0029086614729223587
0.01183645125928737
0.021183919129779412
0.026418763317496922
0.009045623596797192
-0.016381686842299053
-0.0005297164633207978
0.005423604579628335
0.006517959227262739
0.00872144379110298
0.017187698649197093
0.007794687366032212
0.0007855069565177512
-0.018071341069479142
0.046904410392193965
0.01540183891657752
0.0076996385876445484
0.006102460643150504
0.0055866347981272674
-0.1333631139643846
0.007017966522346099
0.010539609954524434
0.019814459161689738
0.015126814436735764
0.010317812602165915
0.009315263330293871
0.007965014429982199
0.009103275927921607
0.008939009603747754
