3.5573235631764947e-13
0.0021066544567241844
0.005187177839453838
0.008715272775340326
0.01309121733536119
0.018240385971490036
0.023933532819700936
0.029803240086742802
0.035803704775024876
0.0417169571707303
0.047485231425788546
0.052333058258616824
0.05645536244423329
0.06012195123030055
0.06298783559107722
0.06468242339879858
0.0647697320994287
0.0624066814705601
0.05572464532266176
0.0405084599553979
0.010105367132902256
-0.020807613933600894
0.05275399261003702
-0.025446280415222764
-0.052254975784784344
-0.018831171879339293
0.004163526020271159
0.015387392865735816
0.019926649092283668
0.021095447007010642
0.020104581028135546
0.017492246446628494
0.014325550064451093
0.010738713701492741
0.006922739305068191
0.003033539892392854
-0.000591973604157532
-0.004560872788790193
-0.007954217114784404
-0.011330492269345993
-0.01420197800683735
-0.01658352803331955
-0.018377117117848923
-0.019432438470610616
-0.019770749518001143
-0.01922259721323629
-0.017631050083937578
-0.0147992600952425
-0.010740864922250104
-0.005296603500476559
0.001980170428101566
0.003254023934883865
0.0069782815275191935
0.013580896887354503
-0.012661556140445947
-0.014722327033231368
-0.013713508058853057
-0.002888306967610426
0.0016930878658344955
0.006240518574838365
0.006685742979225763
0.010380727861798958
0.0036255824820912758
-0.005502823952065678
-0.006853103093559823
-0.02045932884839239
-0.01616646383190382
0.0009560877758130943
0.007333813273937657
0.011161683115340167
0.010352422264637295
0.0061623207039452925
0.0008502631079182233
-0.004390733571852645
-0.009016616304042145
-0.012909410962575755
-0.015730539149831035
-0.018418495483125262
-0.021185086555178995
-0.023247464104007094
-0.021659759417772838
-0.02133759590126942
-0.025292059015820923
-0.024459741532914643
-0.02307329233389334
-0.022010897561741134
-0.021308226734691006
-0.020805870624308182
-0.01936280490764217
-0.018030364756079335
-0.0156427208066236
-0.01344962713914842
-0.011546725476820953
-0.009671825053378059
-0.006363697055440837
-0.0072286597300859025
-0.005196713509141111
-0.004183213106611846
-0.0013330934871953572
0.0014369639762797407
0.0038651858309945615
0.006780389998631181
0.010468235946288039
0.010542248455346038
0.013268534316821302
0.014051106466305358
0.015916461671999203
0.01794024463630528
0.020121120413388992
0.02272670216823738
0.025768199342906764
0.03063864074281686
0.029426981897089723
0.030809805391980683
0.030482074027630045
0.024316952192625006
0.0021149549848102365
-0.03901206564090044
0.015095270063579193
0.053579030620810195
-0.04032451864810967
-0.026173057720669593
0.0057648071851119816
0.02186511826911249
0.03207216972896959
0.03103699552127569
0.029694347302070493
0.027988082469330905
0.027689746678070018
0.025845249610749608
0.024576408001547107
0.023969775931831937
0.022249342073201377
0.02081358607945859
0.01895445184133079
0.016941586013779507
0.014711636274928433
0.012368375870489844
0.007653801483281073
0.005450681914619083
0.0048170670742522246
0.004275264732085664
0.0055923231786078964
-0.004264410298234079
-0.006964414448794474
-0.004053513005970893
-0.005181534469559397
-0.00523466913954913
-0.006375182730835017
-0.008170467320792444
-0.012511762041279654
-0.0167174096092056
-0.019127713506295288
-0.020249330720799583
-0.018591929586972884
-0.024144090118372267
-0.026653370519407738
-0.030047059152758564
-0.03300117153877492
-0.035809226843762004
-0.03845677736057674
-0.0404667767336828
-0.041807568685842046
-0.042318961974969066
-0.04145952539974432
-0.038860604714484465
-0.03357735446397024
-0.03148686608633164
-0.024538082322321422
-0.013622997056434993
0.00020969520300364526
0.017689835502623118
0.0367123409811525
0.05415588522408882
0.06412225871684954
0.058423831185975515
0.027522276704416527
-0.0244927219770544
-0.07560131420150998
-0.07913268775150405
-0.0007637541440430255
0.09934565488123324
0.061887372802136825
-0.044428197366951444
-0.0040597588071731566
0.09583999584642702
0.07529756716441335
-0.03038265661566903
-0.09077619088752993
-0.08739833006296639
-0.05152535549467007
-0.012582738407771514
0.015028759442710118
0.029147372768871194
0.03350209944313272
0.03433951290668042
0.03139747022377772
0.02523773607392609
0.019357695128198106
0.013989800700909716
0.006692159035021304
-0.005140832842630641
-0.01976285813170047
-0.03400728496951733
-0.034311639392768
-0.021209115173882027
-0.008557514114897762
-0.0035866589785203172
-0.00011726904611899452
0.0019792362865611586
0.003087216037970005
0.004175608531804094
0.005113091290282096
0.006177701855080319
0.007590248793314062
0.00810318915409536
0.008940014898510342
0.00896509483148772
0.009607632875149642
0.009758663348219615
0.01002967215802423
0.009869115102558005
0.009025665613827416
0.006539063443687169
0.0003939792839967511
-0.009706835043530239
-0.01490038351095696
-0.00724097546958441
0.0036117152306233188
0.010429368439020375
0.014184597793625058
0.01767630650012325
0.01540467766153825
0.012220797572708537
0.004270912059478492
0.018329358889500134
0.024623975904432632
0.021985389766840877
0.02100265090235373
0.016506245020132003
0.007269002050711603
-0.001844761067981471
-0.0010589482967944053
0.008651944099982788
0.014552886021909092
0.015530327142124533
0.01657666755957527
0.01892078438409025
0.025277606139214072
0.022790431381683653
0.0031529721971195347
0.015091088959450293
0.011911205979733957
0.007731016455071334
8.832389574080462e-05
-0.005268915151212169
-0.0015550120725144388
0.005513728062824877
0.010200039555485272
0.010150644986295004
0.009387243559930477
0.008411531015668982
0.008165826752842548
0.010395099726522437
0.00834736781974078
-0.0070648502253412215
-0.011725608420809039
-0.010591825408593585
-0.004213048149470544
-0.0016022373590580906
-0.000831787082351825
-4.7033056453708306e-06
0.00017828213445294106
-0.008393489712234277
-0.000587553777775029
-0.002951885512240277
-0.005999712022491193
-0.007833575208184874
-0.006891323846563181
-0.00741912503831799
-0.007384803188189102
-0.009619025925449347
-0.01062275957973146
-0.011205760909078703
-0.012255156660766766
-0.01044777296626166
-0.009376988361591591
-0.00997373909008081
-0.013097624252463998
-0.04269665382914096
-0.016221168789293243
-0.01776709246869088
-0.019054540216072585
-0.022504954513534188
-0.020734973942876524
-0.022453083349227368
-0.023496177850170274
-0.023918619283724293
-0.026246829448971602
-0.025521171593553566
-0.022422778280114856
-0.019715372546104795
-0.020281361292622976
-0.020784604128071576
-0.017336843520668332
-0.01768860470856655
-0.014497411342967798
-0.01106548075125686
-0.0072248746114066086
-0.002821374616517793
0.0012321147131332936
0.010324027344679337
0.020639484950224836
0.032399090899104824
0.04793777007882631
0.06940096162177928
0.09600177800692616
0.11204142905853046
0.12535030595640462
0.1228814954644186
0.012439726622625418
-0.024933478686312117
-0.0438395177858899
-0.023235794361078494
-0.030808547000195467
-0.05744388084332575
-0.0387175512931251
-0.03364736988456592
-0.012423276156763374
-0.006121790052726803
0.01712406005633338
0.03795237712500053
0.04946886375208514
0.04783628775298007
0.04205327982143715
0.03482081291525788
0.025939896787828924
0.016985619054992903
0.008154168187701078
0.0003236795643071451
-0.006367503943710659
-0.011488613615660797
-0.015156217264621673
-0.014838198906650684
-0.0203125153303374
-0.024706961407154303
-0.02497340631432816
-0.02498684129040121
-0.02478149896742444
-0.024328685821880823
-0.02239503477209924
-0.02091879148178256
-0.013816564963374809
-0.006173645813536439
-0.01312460996396162
-0.04449981459507107
-0.009557827053555066
-0.005029088761325949
0.007059191020479877
0.004450395116855576
0.0006095078133782498
-0.006834504389555184
-0.008722745461204265
-0.010288531299236103
-0.009943605093530474
-0.017629072856371268
-0.022777593396816908
-0.019588657469255602
-0.09390537191635114
-0.09189142398830398
-0.008003108222392806
-0.020253383274598177
0.0200855064947958
0.024435916546690965
0.021315270467691026
0.015812916454450984
0.009859376812003662
-0.010453240058197739
0.014308479939263907
0.017686710115399757
-0.06147839053292308
-0.011565035692824474
0.032472425040234155
-0.009265721180109498
-0.0028587988355866525
0.010112554784232708
0.015143611774679754
0.0201564278176611
0.02875712666739784
0.02748907084774714
0.013721985558137889
0.007728247909717652
0.013605840055459196
0.011028468072860051
0.004845414484806774
0.00047761166401093626
0.002349240464519986
-0.009999052062856525
0.00030491786722317026
0.0004152945242719415
-0.011298864385120925
0.003996200401765995
-0.001019521807581409
0.0032432049591024563
-0.001041104093562181
-0.002673898408127124
-0.003626859089635238
-0.003599447103839075
0.0026718892423815217
-0.0030601447142938483
-0.006253840157950659
-0.0073324119421879115
-0.008459871189578827
-0.03382209138814935
-2.1112498916586803e-05
-0.008030153033493552
-0.013126371540690055
-0.015585379737464293
-0.01720605763417302
-0.016347334330042144
-0.009489919231579649
0.0129325669649315
0.06258603982732334
0.08887680835889865
-0.05046822277755774
-0.0847239719158595
0.025457440780542028
0.0897192602599384
0.04448066606294969
0.010605242445683992
-0.0067290071789903785
-0.01816045942980441
-0.02726309509871656
-0.037119518291755
-0.047175989096212324
-0.057514613589176936
-0.06277527671157783
-0.055571587623752715
0.007472679546169969
0.05743041519247941
0.0705474163360983
0.07529667553689603
0.07970334579797461
0.08160850152511197
0.059220245464708866
0.008207238998261574
0.011449771217495373
-0.004895492921616461
-0.07649896767454407
0.0008559975146035621
0.012655284404690374
0.00483927456297068
0.04017085931893237
0.050266223419862234
0.04062942610956879
0.02993069543902157
0.024814796741807983
0.02179499859817295
0.02415500841759933
0.027767174857940783
0.030658830875824425
0.031563296194114625
0.034041469018761754
0.02782327347446441
0.027961676168178864
0.029442062736979333
0.028415245877250913
0.019928196513345476
-0.0611542623980528
-0.02316294248586824
-0.07279692777730853
-0.031937790939681
-0.004555928118590382
0.0033095083480015846
0.01219802055870164
0.0058971953186271135
-0.0012724218789222077
-0.00829742875525617
0.0035275959615139085
0.015050338211505924
0.017754217493778552
0.02006331416262737
0.027319304968547106
0.029577284093245632
0.026343142332339337
0.022200278540441837
0.0033335933998700686
-0.05662111575207951
-0.055724633912723136
-0.08393084172156079
-0.04604051324406796
-0.01842740020007566
0.0036786220443251784
0.013289297921531449
0.0154471449244463
0.014333520048752981
0.010933642314632737
0.004160246727638625
0.0006905987563804146
-0.002698799108924776
-0.007869838456461765
-0.01400252303609291
-0.021844270348842027
-0.03329357467080579
-0.04175851184874693
-0.03651978583303311
-0.037046913082854425
-0.04152511812733768
-0.04465898870900862
-0.06109127495943893
-0.05661536231062606
-0.0479466503433317
-0.043326140465308825
-0.04156280942134607
-0.03958736626290627
-0.01861710278369186
-0.034782755440147646
-0.03027185110787743
-0.028044780900631852
-0.025644420831930123
-0.00907061873547014
-0.018644858108084236
0.0003201674197183658
-0.007577534780830868
-0.009539151419576033
-0.008551449117207363
-0.00545944058148253
-0.0012020743965586158
0.0028071312567936476
0.007769848909622141
0.013485514710154736
0.019309174592286517
0.024273711253976902
0.029677662355964193
0.03475053365026157
0.03732784574477066
0.038885743248659274
0.036830094589773724
0.032798225483030796
0.026461902695896034
0.018380927295560304
0.009723202394486456
0.0017056127776631496
-0.004583834666394337
-0.008519549012149779
-0.010122278610195759
-0.010118489123644964
-0.009020879979502457
-0.006810647955552294
-0.004342807570983797
-0.003909450876642556
-0.00669745637905135
-0.012728200749246122
-0.02078054540075338
-0.028244151442788634
-0.03230282562469868
-0.032596337438060764
-0.03154481152769482
-0.0309316834235422
-0.029581075862122767
-0.025099598489596402
-0.01732342552523013
-0.00866721179335381
-0.0017662876494395283
0.0021104321889858506
0.003065201070346205
0.0019143675878531342
-0.00031343477301300167
-0.00259097444289427
-0.004324119416765884
-0.004745874237764596
-0.0022909798275197266
-0.0002421236514414266
0.00493389003545119
0.011334279428002338
0.018225825075155185
0.024723314303898337
0.03016225165220569
0.034131022845994397
0.03650616754431432
0.037098409300239346
0.03604735040222231
0.036355768049446686
0.03084714719684594
0.026595057987697755
0.021781209909209308
0.017373745652460068
0.013159469720316593
0.009144417995865952
0.00604677831308092
0.003157823380970005
0.01273587706148737
-0.001831219129495745
-0.0032637770516571224
-0.006523997115465412
0.0021670542194861036
-0.010072090098432676
-0.012358012580784542
-0.01423746936077069
-0.016245262350608695
-0.010840776962096862
-0.019676144583541024
-0.019777925135920103
-0.018886289562319285
-0.01982611029244537
-0.020005895991932702
-0.019642030931360754
-0.01879959831271882
-0.016591955320144805
-0.014582287237722915
-0.0027568433638195857
-0.0035400513203544402
-0.003790800734009194
0.0015626111503767395
0.010159219942761097
0.022167258831992984
0.03056381788646347
0.03243160927464762
0.016125025090110066
0.009135604776907254
0.03809985021852977
0.026292658096762914
0.022750431086988956
0.012146925385365388
0.040229886173263424
0.04532747928529382
0.0351092659832263
0.02081670276506596
0.008584163288884485
0.0010760794371521927
-0.004569497750368604
-0.008197311739766382
-0.008037864887499566
-0.01087387576799917
-0.01069665607982311
-0.010718457323568919
-0.010564096678241534
-0.009458123072008117
-0.008093391601678181
-0.012019890266668175
-0.003802754304942394
-0.003607744507759823
-0.002437021181565025
-0.0013024268485337517
-0.0005175214835150997
-0.005818611110858159
-0.003966308109520018
0.0015089372872545263
-7.128063736903598e-05
0.005669550766679595
0.006130079797820734
0.004574322344795785
0.003551594511168947
0.0008990958031501543
-0.0065258185317548815
0.013267552269859336
-0.02433517102657296
-0.06139317942493054
-0.08899442492525272
-0.06561655604198098
-0.03093305750147703
-0.010445450700851382
0.0009181574463801802
0.007520614750142191
0.0118468918611331
0.014525586730494169
0.0157079695693845
0.018130274001596013
0.01908814199300884
0.01949468781976631
0.016021706767742262
0.01897230699409277
0.01644024092839412
0.019405974497464732
0.017697451315828113
0.018842868035740926
0.014597684052052085
0.018018468285994346
0.015321366893475883
0.01576445278215283
0.01473654356433573
0.013481314591115389
0.012197810981273491
0.011004883650302364
0.009855444961256761
0.007908212910062912
0.006298590774024091
0.0045237853482085625
0.0027010305095815945
0.0006933423225687526
-0.0018890013192230765
-0.00667000916423423
-0.01323806785001034
-0.010954054241735935
-0.008935928740722465
-0.007921039143822518
-0.008582315082373677
-0.01214373857719582
-0.014061885093145807
-0.010005226041303395
-0.01613133226823342
-0.011115546562775644
-0.0182454759551495
-0.018381103001607533
-0.020867321424823993
-0.021577572377586635
-0.021823478592739323
-0.021983744706788554
-0.020021474873066263
-0.021236820335940963
-0.02044973257330159
-0.019411081000545578
-0.018824953416512646
-0.017879519726042247
-0.011036895296598698
0.03574263609436214
0.02422654711142141
-0.01118961791779506
-0.007956932859900465
-0.009689671680555548
-0.0029527256824721146
-0.008761840339507701
-0.007670623614928554
0.00016248849847812425
-0.004312239353527533
-0.005185376889121
-0.004083153512687721
-0.0016717716599530753
0.001672062436815374
0.0024433014520015583
0.01173438632253079
0.012473448822307729
0.015877821445402982
0.021077010593942
0.025859895170676973
0.03139457800039594
0.027027570496855845
0.023349074891807316
0.016640614979696156
0.007860260298619016
-0.0012635460510242332
-0.008965841771134738
-0.013825230666358719
-0.015725493425838174
-0.015641562478722525
-0.014732248870606729
-0.014066322820515915
-0.015966944825497136
-0.022513825039414376
-0.03312574367418325
-0.04405743775812229
-0.05062706464857111
-0.05187874671774194
-0.04948648936131061
-0.04283516071837791
-0.03148592540008122
-0.019019320737661834
-0.009824377138704129
-0.005464582143907592
-0.0049374009918520916
-0.006364599667047062
-0.008011081120017676
-0.008447080909621582
-0.006633365843079622
-0.0022825327107955716
0.00394863138747126
0.010674542674867017
0.016018227919080436
0.019169245895583095
0.01994425561043286
0.02042296550630089
0.02664287852912057
0.044464178525528905
0.02647240742779413
-0.006704186294878475
0.054455149037229145
0.05366079981801699
0.021363506455313663
0.0037134018184440325
-0.0036650433360406144
-0.0031236813711779596
-0.007154512417176952
-0.0033344111918802294
-0.003267849662723072
-0.0030582404735715178
0.0004922419903210482
-0.004077480624896087
-0.005676188320138799
-0.006026279145363833
-0.006179717237565698
-0.006865182827920261
-0.007161536153491375
-0.006785926518719826
0.0023960486465586235
-0.008013907338911313
-0.010041827167392181
-0.0110008084740479
-0.012540136880756886
-0.012902707357451082
-0.01105172411089714
-0.013669874509366832
-0.014084278678522586
-0.013717595069757008
-0.013492774018313036
-0.01418690166419354
-0.014041153888607664
-0.014502107533063986
-0.013792571555251114
-0.012941515725694597
-0.013165665693518833
-0.011685920671424826
-0.00860567428491974
-0.010300445874785655
-0.005134800472209075
0.05977869134226221
-0.009187573565968702
-0.008855635335904518
-0.008138625867560997
-0.006974670878946957
-0.005666868628147843
-0.0036275872662293305
-0.0046852699270635845
-0.003996385654527487
-0.003453606939787931
-0.002885726371606252
-0.003151930375813809
-0.008391825694417808
-0.015167698939154615
0.005453500413268884
-0.00014998778104047443
0.006827523266908095
0.015681264601950073
0.03304152895732404
0.04037737417193834
0.000716058349616663
0.03097211594365467
0.03693038838060655
0.02129617243968516
0.013625837464914048
0.008668238704447074
0.00818495219080552
-0.015982572090526836
-0.003645387942019925
-0.05539566380586493
0.006786249325574021
0.00791335559477367
0.007974075004283028
0.006171346321413301
0.0005473796796187932
-0.008835012330619847
0.0022894514244459767
0.007049712252940147
0.008564256079242733
0.007977203806288828
0.006405087488739967
0.006483768470269468
0.004562117400411561
-0.0002203751689139375
-0.04110049165619437
-0.030400534085478187
-0.049622249705586534
-0.031901920790204395
-0.011169539123550083
-0.01660406339100869
0.002557139628134352
0.006375939653915592
0.01019324761281902
0.009294161779402794
0.00969978185566476
0.009161175118849518
0.0101891301629187
0.009989733710820787
0.009828644509422581
0.009700876580351592
0.009788871145899849
0.00937871814475919
0.009192432590620022
0.00892713271479197
0.008729451139268372
0.00835086740258778
0.0077714247678758825
0.00729990653510891
0.006316052033446278
-0.02196121856183906
0.005337919959794556
0.005481253343683904
0.00606492651650989
0.006466472961822615
-0.0004975975542777331
0.00165112955616871
-0.0012370269699411094
-0.0062159558869157566
-0.018471902365364275
-0.043524095243776255
-0.04990856060127491
-0.02816711757551083
-0.009130654217139895
-0.0002514507677265459
0.0021007906721095763
0.0007584882612306666
0.007053349382823636
0.016627407391804645
0.019018743209415753
0.024864439499259306
0.03384825779944976
0.03781301718349357
0.03676227253214795
0.0432649954656017
0.04994650828881278
0.04435482133768341
0.02892692716354921
0.006412751558049522
-0.008066949526281895
-0.006052994384916276
-0.004108206914821465
-0.0641481416598855
-0.1073072901538938
-0.0831363896397889
-0.01580295745619326
0.0030234127677491642
-0.008566775463958749
-0.0037340451375641446
0.01198401743168648
0.02346907656815216
0.029612964854268106
0.03631694761832123
0.031848989273894825
0.028246251198926434
0.025738079236268665
0.021423742575029055
0.018749286329150877
0.016789216752009704
0.01618965574922335
0.02600419202757556
0.014255561610412765
0.011484021893312749
0.011166417757307852
0.01016724861692347
0.008906679244458818
0.00853813944970382
0.008850116703591074
0.008249990312038045
0.008090157930732457
0.008187142775283691
0.007839298638852753
0.009858319779545847
0.007934597504721213
0.00825346412199288
0.009464812692908572
0.01995045596005988
0.010142965748582205
0.013954582162778261
0.007876032071972888
0.006704496025416604
0.005926811061923943
0.005313486925116784
0.01303158111465416
0.0045954608967320966
0.006612886811519128
0.0050137325094055515
-0.00010469438988671163
-0.002000073631588227
-0.002521085753412132
-0.0026059099273260844
-0.001694431150065032
0.00033118445975682164
0.0021703913593725866
-0.000875582724792534
-0.020382540601689758
-0.060297198063062996
-0.08974760169445883
-0.07752099962896082
-0.041775942313042706
-0.014258777655852635
-0.003027359704204796
0.0012871580941599188
0.0003698918210435275
-0.0035737843326596025
-0.008318029044691928
-0.011885109089120794
-0.01337674838074432
-0.013500482974281417
-0.013592603245277947
-0.015850146729169748
-0.022642497426119942
-0.03484810543146354
-0.04918350486413029
-0.05922259831491101
-0.06204988365420069
-0.05803896674619371
-0.047006662497150596
-0.032621801687623436
-0.021121695904350528
-0.015278484092208468
-0.014129040611188479
-0.014826549938370287
-0.014543179587848717
-0.012257519767577999
-0.00765969440350583
-0.0010360769925034344
0.00665555324816194
0.01394267509978487
0.019894308113002055
0.025117134062807692
0.025622599931190766
0.02552385770430461
0.024527303572232
0.022459122451185917
0.021268880793836015
0.022984539214934555
0.01803577782069897
0.013590665893855361
0.010883889286225738
0.009624093233468934
0.036295856254035114
0.00718090844855678
0.004099538397966693
0.0036588122163800758
0.0121535798772955
0.007437099988585513
0.018269192905322865
0.00466451668962266
0.005408330080114296
0.006666680584402243
0.025209459459095293
0.00932282150399903
0.01802586911327874
0.03444520107286703
0.04966716812828632
0.09134727580242835
0.010693365058327221
0.003636415829496061
0.03766343567045772
0.0018944237772623943
-1.349034783075167e-05
-0.0001537811991200863
0.0030367931372199857
0.0018551868121698385
0.0002769943896356513
0.00034373127881548373
0.0009391638036354857
0.0015343424612705807
0.002601722090291701
0.04560320502321354
0.006422312367954262
0.01190107933056456
0.00723373586788178
0.0069804682711289345
0.007079839601861385
0.008117717326419145
0.012407509437275978
0.010089848478693372
0.01111500513202558
0.01202782231855772
0.012716278129154815
0.013249443634342608
0.01365716648679658
0.014214305444402196
0.013481818710204057
0.017721050090676205
0.01028742155429142
0.001545775071444791
0.006652616003482552
0.009028326816752107
0.009696762378418076
0.008964585884504312
0.007528097663438092
0.005762111698709825
0.003870045019169819
0.0022362725400070257
0.0009646153543392762
-0.0011575416693675512
-0.002381826930654126
-0.003065899511068774
-0.0032428965524185366
-0.0029198179800461912
-0.0020662246374424675
-0.0007315955738161748
0.001025105792641591
0.003098036963843804
0.005433197283058014
0.007845303496952625
0.010241642215718072
0.012424164332951907
0.014182404001953482
0.01527677105000986
0.015458277465539984
0.014495697135937395
0.012271720573817965
0.008864083748328689
0.0046183968822841375
0.00027264474349080636
-0.0031205293905438563
-0.004486717143005719
-0.003275070070245189
-1.77369436704177e-05
0.0036858700028245773
0.006110380510466679
0.006409090781192508
0.004621546527028638
0.001674116506302087
-0.0007788115156210052
-0.00142532855027562
-2.1826156267929895e-05
0.0026216648877305936
0.005290333017861487
0.006919226870730156
0.006738090820219151
0.004252715478295777
-0.0007859613950034588
-0.007672316114383431
-0.014003858924364678
-0.017021234251519222
-0.017132203634333754
-0.0170880824294464
-0.016864422142261293
-0.013606379790229915
-0.006637782498908422
0.0012263400454508434
0.005333206686401157
-0.004525114228792644
-0.015022870647924963
0.00449292842604778
0.013113536443939554
0.01442522771481919
0.013668702089359375
0.01233985434379247
0.010932519518800638
0.009574686492558857
0.008389145880493245
0.00737567435921259
0.006512847972442989
0.00574459883670475
0.004929811886515589
0.003742687157224482
0.0015883072323420871
-0.001511660893251118
-0.0021863379050306537
0.0014690803061228302
0.005251126447110793
0.007711878515734794
0.009481318692525588
0.011012679729014267
0.012412579404536961
0.013559130879376219
0.014137142613348804
0.013748965543962205
0.012293165385719293
0.008959748452090379
0.0026125758720486427
-0.006872017197908001
-0.018236755375534135
-0.027309510700047005
-0.029317791563165357
-0.023073990987858096
-0.012471031694561933
-0.004462219554379748
-0.0018217984879468742
-0.001851914186896023
-0.0008296447890835773
0.0014936802775634922
0.004886257874184376
0.00799470467901087
0.009303614788501235
0.008258917880018282
0.005211791249026092
0.001639963267446747
-0.000513207646417152
-0.00019773292171764724
0.0024742146135213728
0.006578257917423688
0.010846558008380988
0.014240923695402143
0.01688088064910958
0.018945792053040575
0.019675117205317425
0.01928295712658052
0.01792695588088507
0.014874001770624654
0.004831431898720831
-0.009612970518077614
0.0034658073450233168
0.007517351321337231
0.0071058897626073494
0.005851323187853384
0.004405855058350962
0.002908640726549452
0.0012186967234851444
-0.0008725963111136704
-0.0023818739581850986
-0.0023631555313602228
-0.0016986509757891473
-0.0009785660944433697
-0.0004675182728954208
-1.9239086741042283e-05
0.0006256379049313704
0.0013543902433870436
0.002180502517487096
0.003236890153828281
0.005005482942547575
0.007444046999019596
0.008966487729739406
0.00788903291081343
0.00293688479159427
-0.006488487343324732
-0.018460822608662556
-0.027782699094215386
-0.030815809434025305
-0.03019898915994539
-0.02763648715581745
-0.020068279291596648
-0.008125572633458615
0.0030258554643328647
0.010137486551002921
0.013335279082534113
0.014070486189381568
0.013547458719028238
0.012609380085064771
0.011892170995934493
0.011335318405158243
0.010597782214289449
0.009401981833339087
0.006949201602875609
0.0025752789635634676
-0.004642287268725793
-0.014476559948646411
-0.024712824707304917
-0.03184925616071494
-0.03439920615020245
-0.034411678761939936
-0.03328446191043273
-0.029169182673963005
-0.020783073127558775
-0.01046813612867973
-0.0017083629280870744
0.0036666109929164186
0.005679045808920475
0.005258534081515545
0.0034639162455857254
0.0011434348547510959
-0.0011117232633599185
-0.0028908733139490885
-0.00393734080818218
-0.004135268973667863
-0.0034929069583771407
-0.002009191152285636
-9.586453428431048e-05
0.001805078309965652
0.003958601899697977
0.00613430464744007
0.007830149392461901
0.00916864367077414
0.010349187869971183
0.012089770733039322
0.011268493356950694
0.011592030227419376
0.018566380011993084
0.01028382585822888
0.00909057451041749
0.007923605860025086
0.007958569222083428
0.005451652452204573
0.004065593886343349
0.002849701193507095
0.0024139305522296413
0.00748491150518268
0.0012126018731549565
0.004795443044694256
-0.0012453003391668471
-0.0036936324804860564
-0.00016684599288692984
-0.004862463753487673
-0.009446453336553326
-0.012079170652221888
-0.015165182428252016
-0.018509593955443136
-0.018654310342833116
-0.010374950479465917
-0.007574936172058787
-0.009771644645271416
-0.02276903123303155
0.011966529392451417
-0.0008336361802968131
-0.018449335342196428
-0.01452295020958892
-0.013060936348255812
-0.01336303637464102
-0.009545536926435883
-0.011298966151966575
-0.013160907291242164
-0.01286256124900976
-0.008848825149507192
-0.010291540734493234
-0.022391532987467645
-0.028270452969657914
-0.016400884467445954
-0.0011627183780284415
-0.002281123883221216
-0.014386286718684398
-0.025866107404546472
-0.026074196082292084
-0.021073633118824913
-0.018418784099669114
-0.016125515577438344
-0.014778239522829644
-0.012681861300009423
0.0033913560579706256
-0.012960992988366535
-0.012171535220555503
-0.021839798835085585
-0.02237195423252405
-0.023693238509158273
-0.025967510537385413
-0.028369072708493547
-0.030117119069948937
-0.03062109068246706
-0.029801685124302157
-0.02818369395680696
-0.033826043273787076
-0.04932784469323721
-0.0709834257014986
-0.09775729494184995
-0.11583187072452067
-0.1024149953797131
-0.07520599852607093
-0.053184576032489515
-0.03727492895527356
-0.030869898921174938
-0.031158907690180704
-0.032301944089422135
-0.03033092147939999
-0.020825963654085147
-0.02162492104095232
-0.023295428903104844
-0.021437223294866477
-0.01907576224387504
-0.016838726478123726
-0.015013162295671244
-0.013708968234697095
-0.01252679510884347
-0.009714219804364743
-0.008777190694505924
-0.010026166124771274
-0.009209793418235069
-0.00905220190458171
0.013222878391591765
-0.009223774193555304
-0.010869794764183415
-0.00982160666823047
-0.010190520085967537
-0.010455920199057474
-0.010752359400757557
-0.010547176315917216
-0.008495174397055522
-0.0058354424328702055
-0.010062503020730182
-0.006284633277100827
-0.00574925684312368
-0.013881006801278264
-0.015614695764655807
-0.01652846055584975
-0.016033447041342096
-0.018168478662310035
-0.014866894305242859
-0.019534444503219336
-0.01967918012528512
-0.021388253595687575
-0.021675378247050556
-0.02133101830804272
-0.014046094215391321
-0.020695197493195826
-0.022859982427831535
-0.02310190945632367
-0.02259029744092245
-0.022561814953506093
-0.02203271559023199
-0.021363756318718938
-0.01910695575505728
-0.018640521560780922
-0.018004935444019356
-0.01694391517952862
-0.014727833173228854
-0.009288591511546384
-0.014674016633258225
-0.013958806781354489
-0.011980257650025026
-0.013055828455791785
-0.013827428255275524
-0.013925098533047128
-0.014003025501091476
-0.013688154728167286
-0.012886492938814184
-0.013189883316650391
-0.012284493272923523
-0.010316135608305289
-0.007762978268814312
-0.004705460436402178
-0.0011213056327072255
0.0027653441407531304
0.00640350499860969
0.009767776144262412
0.011983535744086681
0.012459819499431058
0.01125457206312605
0.008365187364861252
0.0027728380478349635
-0.004851924431514827
-0.008881874495061368
-0.011721753632575974
-0.011400265436346606
-0.009187598987233874
-0.00809077550798831
-0.00900964561538177
-0.01008301214469672
-0.008420058861870491
-0.003128309866117361
0.004173079710657421
0.01111550127287341
0.016036685999016163
0.018347247371653098
0.018223783407966772
0.016216110346009102
0.012971240936508106
0.009086770486034986
0.004992511110010451
0.0010010754395433864
-0.0026713086320585247
-0.00583580516768049
-0.00838020449846315
-0.010279215204593465
-0.011433564663279647
-0.012254806189060625
-0.009853172076565633
-0.01294515490891932
-0.01368091198768695
-0.014320715173826352
-0.015430036773211695
-0.01736407177372546
-0.02061384496331425
-0.025461270365003348
-0.03584023838597139
-0.040349786858696834
-0.02957811227225796
-0.022533996343283822
-0.0067776144802696526
-0.01591520539913634
-0.01759481779314815
-0.018473476229931618
-0.01851419863545284
-0.018724586857251917
-0.018753857811022106
-0.018964413048977814
-0.019249668403924003
-0.019022316841184536
-0.018648558982357538
-0.01796009809007534
-0.01564147261004105
0.02539919142392716
-0.014756545077611231
-0.014697582288821297
-0.012625217949979676
-0.009323609405731605
-0.003913902227497212
0.008271134328998389
0.033244975385838225
0.06533727584034742
0.03344450092884224
-0.009188678233501004
0.05995965415600064
0.05834512142548085
0.025145326992180726
0.006148155058469474
-0.002703144710681043
-0.0064456685082936215
-0.008633327149553918
-0.00923772902761543
-0.00938330691586197
-0.009307055379113128
-0.009002540196758611
-0.00876381319907865
-0.008278770711398702
-0.006452039829161587
0.11167415535363971
-0.005919603124447236
-0.007186548320343553
-0.0074882651917297935
-0.005740580872410819
-0.007216005648775759
-0.0046034889475199976
-0.006319402002721458
-0.003056364410651564
0.01397765283327116
0.022363015172777664
0.009312512995838653
-0.0024941158650985773
-0.007086996333344161
-0.006905139512181193
-0.004330155251925164
-0.005943713242843035
-0.0059402846297729964
-0.005768445306610472
-0.005629132948163041
-0.00545764310696107
-0.005237467799440238
-0.004761362812106321
-0.0006330784711980452
-0.0008202718813271044
0.08724365524767058
0.00040992925997566986
-0.003206948357258237
-0.004008782968574115
-0.0034945386018713637
-0.003076163890591974
0.010192452411633093
-0.003094932018363109
-0.002843787213191384
0.0022799662223225727
0.00717992580831683
-0.0019886163151724623
-0.002293974065697717
-0.0018116553056258834
0.0006631745056062108
0.00683593566401295
0.018886053561409183
0.03781040454493548
0.030082689554856906
0.043586873332703634
0.016500068558635582
0.0036973344264586996
-0.00011313291870026102
-0.0012231330765418217
-0.0006917395045042649
0.05760253529595183
-0.0017986455665277086
-0.003379361043704519
-0.004356398746946825
-0.005487072126738622
-0.007424167637322684
-0.009912828648589785
-0.014325803405648227
-0.025681355970257107
-0.051919861884696605
-0.07022008135235962
-0.05032180974925655
-0.02491483703914218
-0.012841662334963791
-0.006762089762205447
-0.002948539528978234
-2.372531234364382e-05
0.0036959092819392604
0.0036805926436655925
0.005054017184691045
0.006217266874540319
0.007228189586948391
0.008221874692148955
0.009088634916430739
0.010391781485812131
0.022684340422979697
0.012867008869767016
0.011984233689158756
0.011860082513153845
0.012141881436565366
0.012290500827098592
0.012530947256755527
0.013870264653740071
0.012740402556472925
0.013090664697716244
0.024043804297216316
0.012187702363198978
0.01112328410373214
0.009988083613082031
0.008241142676883962
0.005529996857447003
0.0018284558721096296
-0.0006764651185247726
-0.002423610430113382
-0.00018792786899407893
0.002029413047353404
0.002872767358834425
0.0032971683973037425
0.0024741293234904
0.0029531758696400316
0.0016932638402043633
-0.0013218073134367908
-0.0022126230660795996
-0.0026914370840699997
-0.002786754847554967
-0.0024387321906796764
-0.001595027963394337
-0.0002590302821458299
0.0015120625281096027
0.003590809074688381
0.0059347049163532275
0.008124443390609744
0.009681283372374649
0.009739621350432165
0.007456742040498145
0.002198484565847051
-0.00593261545720799
-0.015106795799337967
-0.021936445068696447
-0.024238146930636743
-0.023746787902617077
-0.0232511334176222
-0.022023966436492935
-0.017269882949495864
-0.009004864814092779
9.374306202994513e-05
0.007514892872950931
0.012098489665189012
0.014123868083354018
0.014392294032978365
0.01368498809064664
0.012598660977577503
0.011408641736210244
0.01030294394478124
0.009373496219770861
0.008683737470665531
0.008143962315310553
0.007797752712073679
0.007589405436299871
0.00749950719110158
0.007503594716476373
0.007463904897418562
0.0072357283745733475
0.007045769197289027
0.007595495487845395
0.008773108033597845
0.009787498737807933
0.010497266012092684
0.01087421586324675
0.01065350303444582
0.009343870367037774
0.007352244249066629
0.008111572770284245
0.011995943657808197
0.015238674025235476
0.017154055395740497
0.018343835691345654
0.019171387797147894
0.019758007578822755
0.020115258207029706
0.020210179015984153
0.02001749569242018
0.019551381444972368
0.018802798387461683
0.017695176945574258
0.016462500195767248
0.015067252813382202
0.013364592368154755
0.011456084485838841
0.009426756774805296
0.007463959832171264
0.00580550270377731
0.004746969051907497
0.0046431354544083665
0.00585622517218769
0.008278923680636685
0.011387778198759548
0.014613216576057285
0.017246816518332656
0.018906798346145982
0.01981011153624233
0.020387363000034586
0.02101976209133327
0.02192507212298527
0.023244397290035152
0.024927492527891653
0.026593006384968754
0.027776124225793505
0.028206373814302983
0.02775098792725634
0.02631417419360651
0.023905028241641924
0.02077454843930416
0.017328919529303297
0.014028614227032825
0.011251461906206652
0.009229169718592542
0.008047335085595065
0.007669862058909126
0.007969314248030423
0.008779143516224533
0.009920803953928631
0.011231903927651008
0.012618307969023052
0.014007826581737336
0.015289598651713563
0.016411753159578782
0.017360463318943063
0.018133499530809723
0.018735609529728612
0.019174284727585277
0.019461387342597367
0.01962903923048027
0.019680254147300773
0.01958024134494525
0.019330175054714707
0.01891638160548181
0.018321558882593077
0.017516414841628837
0.01648620225786695
0.01522684808852853
0.013743255640845477
0.012083942593432867
0.01035338458826022
0.00871857343241475
0.007408918757961275
0.0067040230171840085
0.0068920920079041685
0.008192504631325148
0.010659922298012797
0.014088727396078653
0.017986928972527745
0.0216843228887318
0.024530093915490162
0.02612817028789955
0.026427535790770396
0.025442430306863353
0.023159451023182145
0.019780154534451967
0.01583407414135108
0.012008112849963478
0.008910777490116593
0.0069193713871496115
0.006145505644580126
0.006481019226526465
0.0076895842180759195
0.009483186767567302
0.011570049741785323
0.0137065483743365
0.015711026917458355
0.017470353966789975
0.0189069135195154
0.01997911974185715
0.02068694064528882
0.021051081076972622
0.021100305376159964
0.020861621999117296
0.020376954595791263
0.01977554913114952
0.019121969945813395
0.018359375323719885
0.017521919248311917
0.0166592021903561
0.015793350653497646
0.014955659226119246
0.014164417535917085
0.013411984042015223
0.01246182425943491
0.009425402171193475
-0.002252271621804289
0.0037169224111483303
0.009445551451162998
0.009918885298220834
0.009940074334021403
0.009734142842269325
0.008528171903418327
0.004845788976085709
-0.004062045347709535
-0.020847366077832007
-0.041794637738015575
-0.052763044821911076
-0.04421087420175987
-0.02383069102683286
-0.00843863836809439
-0.005278385142912396
-0.00046233263693537774
0.003925866750067874
0.004231266524071628
0.0028925239643481605
0.0011360826127899
-0.0002682324229520163
-0.0009045038583377031
-0.0012340542689791417
-0.0015758862980751927
-0.0017827759835891072
-0.002137356082596506
-0.0024127043454488083
-0.002220860134433382
-0.002464231990776433
-0.002229055136029755
-0.0017419399302515905
-0.0009005591639170874
0.00044729415779409457
0.002355474840184613
0.004694216007155773
0.007300480093906479
0.009783973137603022
0.011321942113236881
0.010469548370448403
0.005201384642314495
-0.006055212930198897
-0.02143136666297415
-0.0333155631516569
-0.034981418055183455
-0.03170753267170463
-0.03294777596619817
-0.031268360340515576
-0.02017511591295089
-0.005487940579695914
0.005571445646574827
0.01096056307182263
0.011732341471925282
0.009753368189441879
0.0066187982548995645
0.0033969104281837384
0.0007901406053586263
-0.000693750167704954
-0.0008368126388126256
5.3186743736123525e-05
-0.004539608822809
-0.04049881699707731
-0.03215910130928647
-0.004207531513272533
-0.006561713521552577
-0.01075350136360474
-0.010954115572778967
-0.009153436891541035
-0.008027275835859389
-0.007491689783735721
-0.006807166940314104
-0.006478149424929996
-0.006136975843972681
-0.005864671491422495
-0.0055952513212971485
-0.005045236451874255
-0.0035340030636236675
-0.004868631981201789
-0.00508031268352669
-0.005091998387881364
-0.005101748388766201
-0.005084771559566064
-0.004717028867547742
-0.0039015728435250713
-0.005513218579004732
-0.00589091737262934
-0.00629895130628574
-0.006884333620725025
-0.007484628953825594
-0.007492935964541609
-0.008015600266429085
-0.007650199963267095
-0.007327225529157765
-0.007249591210768001
-0.007199935782248404
-0.006923060076707279
-0.006474214283270554
-0.00571241044867579
-0.004597976186066811
-0.0026715166670858224
-0.0010128591146612012
0.0015339526460651622
0.0038432803245467472
0.006793455019637291
0.010080475708228063
0.01334574702222081
0.01625063309774402
0.018413395356328507
0.019319247467447332
0.018370539629416496
0.015061076965752488
0.00937118132601788
0.0022198109169083735
-0.004315361534747136
-0.007731978943814444
-0.007154908840230261
-0.0048173272103975125
-0.0038272873989088725
-0.004653962114743902
-0.005561894012223531
-0.00499461675288317
-0.0006277563567104418
0.006088772167356799
0.012560741179666773
0.0171242484074758
0.019491181182667947
0.019748163442388774
0.01834467573021115
0.015317135299010702
0.010062896350466664
0.005399868466677029
0.005636974419595832
0.004365173221520487
-0.002118064927531619
-0.010532748215206555
-0.004792968197632184
-0.001852851358740757
-0.0016788827270780742
-0.0021273600532283484
-0.0027962085366664588
-0.0039215507052719955
-0.006043577827780717
-0.009925232257763
-0.012646869059828595
-0.010344713238413211
-0.006026708161867453
-0.0029873492139156897
-0.0017582657091904023
-0.0011143873342395715
0.0006469582982902795
0.0020463783303506593
0.003565163241628681
0.004770290353784708
0.006368728128656922
0.008085754907090225
0.009967652389757916
0.012150531499368294
0.014164534508620574
0.015456476085077876
0.01565515363663337
0.014326946569495118
0.011119219379967698
0.006060369769565804
-0.0001015877832693177
-0.005712386035660638
-0.008699604056016582
-0.008042803736040216
-0.0051469445496288395
-0.003039272791844198
-0.003560333293568817
-0.005947633692148554
-0.007746192118596363
-0.006524998467528743
-0.0020239874031736534
0.00410264701999197
0.009890176409165256
0.01409577441726994
0.01634586984948085
0.016777327514133474
0.015745886536217085
0.013948520405955227
0.011650582332651352
0.009181758557705333
0.006805727032056895
0.004626850359108441
0.0027459460174454804
0.0012440578844591114
0.00011932370802059717
-0.0006550921581586686
-0.0011365945268156789
-0.001320060572653978
-0.0009600457709617356
-0.00024994136467280286
0.0019412226385156458
0.00030977127789543607
0.000169432062901757
0.00027903739978707323
0.00023098162994549922
-6.62878503943538e-06
0.0009470730682449763
0.0017256482374955289
0.0036206157887326176
0.003530787124219677
0.003399148372619715
0.002953082031294999
0.003349506615724235
0.0032574815399425664
0.004343301287338581
0.00607200169777432
0.0075178856816523745
0.0057898314824611306
0.00574818878342027
0.00559550914526603
0.006314432712960175
0.00970427616644678
0.010118925604118905
0.004501384639194582
-0.0011775329922449934
-0.004237263880432317
-0.0038534344068049185
-0.00039700620190409
0.0036234307105665765
0.004007235081231653
0.007098016829855852
0.00853554053330236
0.006056106294172613
0.0069398170053344595
0.004905128004482689
0.004077029720482703
0.003980203823682467
0.004715989032516544
0.007101788351217985
0.004755841973676313
0.005251030269367339
0.011053607917224428
0.011991882590465698
0.007199708398065633
0.0036285086873297954
0.002889814053053727
0.002870002716552704
0.018549278786347913
0.0028447626327391664
0.0033418120424052876
0.005265491668473004
0.003859789468464887
0.0018272672468182638
0.0009743356056526724
0.0005510853399308946
-0.0001369720656822213
-0.000734364522996961
