3.639062040547411e-12
-0.0046553530608992215
-0.005044266149479488
-0.005636273071728008
-0.006466318106739152
-0.007483669984833273
-0.008556216735211349
-0.009415689949384097
-0.010271648073137452
-0.011092223356344164
-0.01200962703180486
-0.012175631331549289
-0.01219180770207278
-0.012437564543514964
-0.012945576590849828
-0.013632847940561927
-0.014988037383941622
-0.01716599463839968
-0.020063759673814564
-0.02250076288352505
-0.019765009770858943
-0.011463787444907324
-0.04085647448000578
0.012977043004275133
0.018569466138957873
-0.00019445788686241457
-0.005041539340723426
-0.003273896526038337
0.00047055329859356217
0.004590680561439531
0.00852396809583063
0.010430079889574829
0.012689493289802926
0.014609112452209085
0.016144583445595807
0.017349981244085873
0.018756756084728172
0.018725945072676345
0.0195234627188921
0.01862264286092319
0.01801134802939653
0.017106812837228962
0.015884613953870964
0.01453901415844529
0.012119318114170321
0.008716682036402345
0.0040660256365015295
-0.002041446646920247
-0.010737309209008797
-0.02371141564962322
-0.04299637191820239
-0.05989191013690987
-0.05593173790663548
-0.01783470328307621
0.03886102546661337
0.0417185040133265
-0.009358232146816758
-0.021727640167645185
-0.011619146613428357
-0.007728195135862424
-0.005257736601246457
-0.00790668046641856
-0.013637698043810507
-0.026716921275652634
-0.012151646274309797
0.064983599790011
0.04380628409269292
-0.004062024786612942
-0.02472778393731793
-0.02134157714537407
-0.009925178503656207
-0.0008928607353974804
0.004456212356828239
0.007058619831354958
0.007942831945856576
0.007798091001285201
0.00863945654994393
0.007607272905862703
0.005207371053877056
0.0037389337665739856
0.0006433837571388129
-0.001089580117847504
-0.001320114315800573
-0.0037878817270248
-0.005828418788639698
-0.007254143952611059
-0.00813111913496746
-0.008410790000593533
-0.009103610030606632
-0.010426243978724301
-0.012147411869940741
-0.013316318776026091
-0.01405040923370754
-0.013708791243164509
-0.005879274322879127
-0.012797191544869349
-0.005694298693809858
-0.012412421430290156
-0.014802083460265071
-0.015376995247443367
-0.015164880746361875
-0.011827096433374897
-0.0022638064319990855
-0.012027087227139592
-0.006754517992429527
-0.010411241525607224
-0.008357533583649815
-0.0051003944948276505
-0.0005235820325869371
0.006746931727544024
0.01718848037230341
0.042664123961806875
0.03444208170417031
0.047354718961400005
0.061204428222481365
0.06604448326580348
0.026740413407435305
-0.09199503401735797
-0.007648319973559503
0.10468485842909335
-0.09800067718128422
0.01407822437537335
0.08639551146649924
0.08794550436418838
0.09750244820530996
0.05816959466970342
0.03510638123432731
0.01719359320324057
0.010087646607485
-0.0014696736372188637
-0.008659187617520225
-0.012416815715909938
-0.017376069195286444
-0.020322206426785346
-0.02270568269525177
-0.023979033208260007
-0.023550175769847807
-0.015432678848275583
-0.01601259066442482
-0.015613672970888207
-0.020658667066240904
-0.02020108764019022
0.020440131959294852
-0.00027225664668368844
0.00218546303130371
0.005323246636795991
-0.02221866622558046
-0.02680834995543589
-0.02658169607892339
-0.021438302823815647
-0.024393805904607616
-0.020154463108540622
-0.017580928008209522
-0.018622853983615247
-0.006213582559285761
-0.01727169688809399
-0.014459374385196155
-0.013463974195622888
-0.010542476563886205
-0.006897243035512998
-0.0027143286219199316
0.0014003307816651146
0.005798793792090442
0.011157930370470073
0.01841114423856597
0.03651760516459558
0.06114292632801293
0.03209183002599315
0.03204935631811474
0.03054632742397755
0.02611440471076689
0.01784058743849928
0.003403833774351098
-0.017003675939313827
-0.04307075056309635
-0.06628143798091826
-0.08280446330023747
-0.06807028773769881
-0.013656392628214924
0.05946134689858721
0.07132636508606192
-0.045283500819166905
-0.07489489494406126
0.11464317543019135
0.03896039510139119
-0.09865381631653253
0.007487434012276142
0.08376390814628883
0.055896658461733285
0.00023983864035329524
-0.038415251063467805
-0.05218475142329649
-0.04717421005554039
-0.027683682258508088
-0.007354445956971515
0.01070913528483603
0.013026423764213773
0.00458810511644904
0.006037668205817789
0.010573658963956194
0.014214118373236648
0.026506919741611075
0.0675784494991367
0.13979200963462524
0.12425595419797285
0.05377851570242071
0.02330680353583685
0.0052702706841015285
0.0013413540523875473
0.0028444726577821515
-0.010118939528664413
-0.009218323706911098
-0.022642162595875273
-0.025781667985630693
-0.026212819023528476
-0.016177383146608812
-0.030465273753686455
-0.03350356865733555
-0.03445059832049801
-0.036190124708981676
-0.036890254871465925
-0.036883338582482945
-0.03543323884539533
-0.030215360383892716
-0.015184079424736036
0.021900716717170796
0.057790058201717384
0.011744605475699294
-0.020449058226489826
-0.03136313284480862
-0.03289270250379912
-0.006894065964369204
-0.029610126776058503
-0.036757194814084466
-0.04360506568616447
-0.026271077552879628
0.010421845461813697
0.03426431321909416
-0.01901927080963572
0.04338757640800921
-0.002077361328742195
0.03247644554382366
0.07599040129541794
0.032718543148379825
0.002801312351900191
-0.029127096448522478
-0.03391704838038441
-0.030136056546153086
0.0299887146629869
-0.014803576029941062
-0.0010434469803282007
-0.028235034597800353
-0.03143000862125796
-0.024145757972565657
-0.00435663903037864
0.021631607565265634
-0.0014992391243399941
-0.01895891974816708
-0.009361902090598428
0.002546700171507679
-0.026085967204075668
-0.027122440945708984
-0.02343178660003071
0.000781410499383307
0.0223424970465133
0.012036121539096415
0.03211373310367858
0.03651721958770036
-0.0012049848711028332
-0.014753718392064998
-0.018233040623750047
-0.016686918455786365
-0.012847349510167043
-0.0008174572120375976
-0.003665401701806396
-0.008216189229069717
-0.014405289254675126
-0.007081703044596191
-0.011356172238982937
-0.007524660672080549
-0.0031517289228612383
-0.012795562231765705
-0.0054269313740753404
0.004332508455686149
-0.0010114145684867967
0.002662424356346113
0.06363601013818714
0.009928246101437714
0.006229271343802404
-0.03338559746564637
0.005994503843940074
-0.0011445544633894847
0.005778134298772341
0.02389987471422914
0.010375940186543609
0.006345583760890957
0.006460440767846762
0.007754509100217869
0.005567423593698569
0.006834798094734322
0.011118002912735504
0.019362814167287357
0.052015303914776434
0.03214662107252816
0.014437534287249192
0.011874221822949848
0.010192261692506891
0.00869619636142348
0.00878199741051993
0.011681612062981843
0.016723932919639847
0.017666273006195454
0.010753481425973042
0.014948822341936764
0.01623376801613214
0.006754877017675279
0.020109859532440093
0.014625176625337251
0.02362280694731258
0.05429317207849022
-0.07766116958880112
0.04006935382500647
-0.03187778587919585
-0.11864226384405771
-0.03164381920547457
0.13728224920016174
0.02464523613335192
-0.1342025877711977
-0.04264196249831799
0.03856037210874446
0.04974906572254581
0.03435151682789366
0.020056342841407206
0.012655612713627517
0.00637081103717066
0.011849111186532648
0.01162643740268798
0.006378427467112408
0.002807852451057641
0.0016198799686428453
0.0011496976434148022
0.0010227429827786478
0.000981089646900046
0.005688651466484131
0.0004937680563150257
-0.0033630170079055545
-0.003083404343772225
-0.003792742047700821
-0.0054578832197546105
-0.007978876279908374
-0.009253926536732597
-0.012760090213096603
-0.008496854949542857
-0.007627276561478302
-0.017127277755408954
-0.08990294045004604
-0.020009402226915822
-0.0201958324855159
-0.015813119095050104
-0.020467330870424637
-0.01704352476035042
-0.013900160893306828
-0.00796185767164183
-0.002467913343046237
0.005156506906001631
0.011540053384806912
0.01782503308363954
0.023748036669430064
-0.009870173912559014
0.0055930427557599706
0.04756844132825994
0.0026389945291500684
0.023735084695833377
0.011387966138052596
0.011553047598301855
0.016965804924619694
-0.007450386777936836
-0.07069989317171405
-0.0747678622200958
-0.011207394606228823
0.002092474380425682
-0.002043419602814357
-0.0562318691864219
-0.09103172776140661
-0.03842544572239769
0.0073494692112958376
0.013566176379825545
0.008565217833899954
0.01395668156982319
0.02442593271985702
0.024372933211116294
0.03186093345544826
0.05329645595129405
0.06136737816358413
0.0625303483338854
0.051440286858422224
0.049573695132940694
0.0074075247871317465
0.03442681301464751
0.026655068036380746
-0.003207999642825475
0.00799753194574847
-0.002755222459028606
0.0019273358396859391
0.00033456191605066266
-0.0002063569182830631
-0.002401365583536943
-0.005192857007644146
-0.006107860850896163
-0.010352748246424964
-0.010858742047958095
-0.012680942572596537
-0.01658723435181919
-0.06902861664035422
-0.02047159876341998
-0.025913436177372615
-0.028426495518467022
-0.0331728059599444
-0.040669597056670996
-0.04950698658867556
-0.06003443410515061
-0.06623647706985789
-0.05893483330004259
-0.04820065625052208
-0.062082717512861804
-0.030156713498320758
-0.04936935907416098
-0.021007960104546145
-0.02124991032194523
-0.013566414117694858
-0.0014006162125795685
0.009407475714816326
0.017436434811067034
0.01569679426689667
0.004384195585036029
-0.022099258327496183
-0.0636942778302885
-0.09267147158086839
-0.026340505979371806
0.04970401510781297
0.02683882344939435
0.012112893362866334
0.022301390007767503
0.030113618785690615
0.007511253439224826
-0.04402570389194118
-0.04911128930073773
-0.002329334892747053
-0.0016670337117900317
-0.007494387137628823
-0.05807451679320701
-0.05284029742058368
-0.000347980994921882
0.020187842449586848
0.009712312434633058
-0.0039750788844689616
-0.008976895766022014
-0.006840163991134103
0.0013011024788464
0.012402488992365113
0.020999039646244548
0.026303879764256716
0.02737808877713289
0.023805841422754173
0.02362477779287547
0.02288451554538774
0.019180679317469827
0.007197612475981992
-0.06906713507624031
-0.04816049501099843
-0.0843142939284872
-0.009018763547087371
-0.02463165043462068
0.007195841238159384
0.001874870521104619
-0.014713224386168462
0.024026694762121534
-0.015920113440517563
-0.015216891777805594
-0.004089631134222954
0.000724044996346672
0.005754413921769384
0.012123323029489248
0.01977094760303558
0.024224726232630656
0.0328729872140381
0.041001614508788385
0.049179495336493455
0.025358249086207374
-0.008046550223536605
-0.005040569884786826
0.003953080037144975
0.013692983167601794
0.020051897339408785
0.02128320617264368
0.019997814467376883
0.01874418273934785
0.014084800031140458
0.012541492458913705
0.011606808260801627
0.008943907378734592
0.006230590422011044
0.00200487895626692
-0.006072864665372508
-0.011825132018518914
-0.00809509322314869
-0.007819590090118516
-0.011309216223689163
-0.011948477977158357
-0.023864998802159035
-0.024162416762761454
-0.019867258682722773
-0.01787441239803024
-0.018894995266902654
-0.020212805368959808
-0.005858134366220806
-0.02307553150268893
-0.023521038236796517
-0.025031041423533157
-0.026075673722849527
-0.01974544345341263
-0.02586725078988816
-0.017176567387871794
-0.021481357091250427
-0.020199186603570278
-0.01655312172847308
-0.01175747337251149
-0.006497958613900303
0.0002489445124859764
0.00793773183440338
0.015731715841175248
0.023411218631529784
0.031287145636037406
0.03772419462624648
0.04186073827606267
0.045514334911429866
0.044003551731452914
0.04475294197671984
0.04083193558954833
0.03449763262953288
0.02805604147468033
0.02160824775302953
0.015909400356455255
0.012172226909800117
0.011117962459295446
0.012678143519570976
0.016869135804362376
0.021340979497996165
0.023769639843470892
0.022895294198262407
0.01926067791432784
0.013169201846470326
0.005943539579818693
0.0005372296542781404
0.0002927937517619303
0.0060401250694119635
0.013914807939318072
0.01756614676810512
0.01367877689342687
0.004947652646233544
-0.0024337791492628053
-0.004111047847833345
-0.00017283596831846904
0.006477348785799342
0.012750824577044132
0.016738954419019927
0.01787673431950712
0.016521684294626388
0.013606335521408976
0.010576050248293055
0.008048170862513087
-0.001936228457150132
0.01028030996296029
0.013317371690524573
0.019245652338283747
0.025415611626504724
0.03081570592548072
0.0357409344287922
0.04030380506763005
0.044168852577422764
0.045544869376894885
0.04497426796771403
0.037570105096219074
0.03889818850463122
0.03530789150423083
0.03071075907357051
0.025160964083986284
0.019336849777949933
0.013529652475522543
0.007861861917500053
0.002605031008331204
-0.0019309436626666141
-0.006323025728753301
-0.009703349222937946
-0.012887118175301663
-0.013833445820362866
-0.01756263579694808
-0.019969691132896504
-0.024022841973252634
-0.031857999947172026
-0.032267593149961686
-0.03140309900383303
-0.024091799582447653
-0.020240476391534173
-0.01840346948110399
-0.017352789279027083
-0.0162654886087124
-0.015200259131286363
-0.013596804188214653
-0.013279027665317036
-0.007084903210847268
-0.008296428389967081
-0.008495898319133244
-0.0059306800157927385
-0.0028331870538344534
0.0019424410060639955
0.00375773883816531
9.562248901426883e-05
-0.02293304319786825
-0.06388860011009231
-0.06796983576173808
-0.059871072757866316
-0.0762323941269682
-0.041634878085168
-0.0013435609003786951
0.011014443180012717
0.009921244926586633
0.00572121442528336
0.0016027263156314765
-0.001206671196032424
-0.0033641270797845403
-0.004738114315109472
-0.002187116424915594
-0.005414647191234201
-0.0048860419426911455
-0.004334083904083499
-0.0029443090314218356
-0.001963288573273424
-0.0021221530620617645
0.0008282351231513967
0.0004603999387894239
-0.00042434705246986
0.00029308929146447014
-0.00025787282213720193
-0.00010986062990373724
-0.000793829148723734
-0.00402535553650046
-0.0017354153575087662
0.0015682908644469005
4.26253380225029e-05
-0.0012864408298235766
-0.005289421485838079
-0.009302761697400805
-0.016065239036224838
-0.028547329794590744
0.06130761044852751
0.03572745220947124
-0.07893973268089395
-0.07690791536025925
-0.06972197262435795
-0.04146220306496287
-0.02257162715353626
-0.01110912254105527
-0.0033256840083508137
0.0006782386943811859
0.0012675502426501028
0.002406482347260965
0.004241054886471814
0.006506989748864071
0.0060058172265178116
0.0071073652982112144
0.005620926217872623
0.007508704103661004
0.00873409636088336
0.009021775864213882
0.01074951576152798
0.010112352703778839
0.01204386717265137
0.012109745895407715
0.012114085168673355
0.011631324041790082
0.011064703109388035
0.010327670548071977
0.009121306122536265
0.00892233289946354
0.008438984352651639
0.008297616062499092
0.007804439517624081
0.007122656155810549
0.006202901297185555
0.0047519962258107794
0.0015315550738546888
-0.0014679325350343204
-0.0022668870356028097
-0.0004937862009316289
0.0022905874047251707
0.003569025243482334
0.001872425035870226
0.0015856480514167075
0.008145556143075331
6.573801199953621e-05
0.007942056309328479
0.0010333195567671476
0.003318792760485196
0.002125073598590849
0.0019502546292608754
0.0021328495134583106
0.0022264493819633053
0.0041996326570550935
0.0037952869598403744
0.005782948272897319
0.008994784474045916
0.013921043921742867
0.02190878478066011
0.02735911645991875
0.02509447388552137
0.019889445566351874
0.018255054554214938
0.01096970655292166
0.0011297523033756245
-0.001520458056501848
-0.0073187246994224145
-0.00907539712872011
-0.007295568869415324
-0.009181564718015596
-0.007768419207753288
-0.0051960292333254965
-0.0016632782095447871
0.001527095347452842
0.008041912910671514
0.011924818473893326
0.01676199304191458
0.025537797228824693
0.031592818766540826
0.034405627918132384
0.026910477768632143
0.03549498263882904
0.03189137719810795
0.026293068738379922
0.019778651025571064
0.01318077169508509
0.010577332084268688
0.010940738257843424
0.01479505935913175
0.02102111571703497
0.026702455303079364
0.028697368999059482
0.02609778316458368
0.020006900178436992
0.01375067391800259
0.012206751959208893
0.016395350732715305
0.019931880780743164
0.016640166222923632
0.009761713559375738
0.007175122270453072
0.011010925580166534
0.0172325788784987
0.021321026979451974
0.021328949488898054
0.01781958390769026
0.012808073490216171
0.008484651282378899
0.006250772875540825
0.006264946401923806
0.007238771338472669
0.007854167351135487
0.007924243410316726
0.0037186211375984605
-0.005693646545758364
-0.020357969906957405
-0.033153053433335175
-0.013186511600891735
0.07363041270959202
0.12894664668254238
0.04440416659147045
-0.02646303846023079
-0.03351900208734321
-0.02234164553894999
-0.012728594449978156
-0.00692777925165728
-0.004396503374554506
-0.0028939420094829956
-0.0022997686623750352
-0.0019463838777211463
-0.0008477309580989884
-0.0011606632968092822
-0.0009440454827614679
-0.00038192717162277443
0.0003561649516337144
0.0009176283196852957
0.0013792633877440013
0.0024197941244975337
0.008617833274593577
0.002939858346991371
0.003342626356101085
0.00391336923460539
0.0036178595272434006
0.003928463826539492
0.005956035851838939
0.004862618294249533
0.005239750363916023
0.005934318579983916
0.005918172664651235
0.005921130857394953
0.005804579485915982
0.0050325438627112475
0.004357521941390004
0.005200627311707835
0.0037319109820508458
0.00405011417972746
0.0070258122843324874
0.002996821401829381
0.008285500476323872
0.08653186709206959
0.0033782186692591855
0.004208454159086154
0.004403639360663663
0.004454357742530011
0.0041554733420649005
0.00585679171317192
0.0045980347204523375
0.005019499333175458
0.004980909795629899
0.0045618197553000134
0.002832906503063586
0.0041248473073147085
-0.000998816985024218
0.02249481108122938
0.010561880820604825
0.016144924244947522
0.05340394942473491
0.04502391146223043
0.0514874883986399
0.08280224118045622
0.055970506137506225
0.04540788053564498
0.03145701154092883
0.014590936135499165
-0.004294190821857
-0.00825727170970602
-0.01243795431142755
-0.013750244581540892
0.014128958542670173
-0.02047099414532032
-0.010309061175927508
-0.005387978040622029
-0.004000547391622766
-0.006500864002466905
-0.00564309716356828
-0.005529690735874868
-0.002676753131521101
-0.0022242804264293457
-0.003119957583044495
-0.005017499657512256
-0.006469282499573887
-0.00975191398660278
-0.015890435034350024
-0.00854006585524458
-0.03859732198823735
-0.0492581516525089
-0.041469941183085654
-0.028145669961406123
-0.015568403879382868
-0.013212625587487554
-0.008611222923357547
-0.0037504447080362285
-0.004669941358940473
-0.0032875509850399257
-0.0021189392131649087
-0.002007361099468624
-0.0014344320605850038
-0.001046755330555311
-0.000841459626091648
-0.0006800259434565834
-0.0006849351804760384
-0.000519446937331684
-0.00021797817506204265
-7.693444883953942e-05
-0.00023373477622389027
-0.0008751502255716902
-0.001707145794323195
-0.003593316818518101
0.0007841216911238501
-0.004222693297937399
-0.0032483695775607896
-0.0038218217113240166
-0.003225590075178466
0.0003138068010252638
-0.0024418843559324715
-0.000673531982223949
-0.0004991105198639396
-0.00464553041551761
-0.013792296425090098
-0.013876617158299787
-0.0073335285033719454
0.010486387166048394
0.0002705455565496301
0.00036739195165281407
-0.0003887222268850037
0.002182340900430208
0.0075750644142845
0.008996565771293178
0.012868535885686273
0.01745875730930815
0.01876102116841739
0.01692329247022353
0.018989269856912048
0.024378128414312625
0.021082571086548058
0.013257210815631361
0.0002576644769864832
-0.009280747472754322
-0.004896916512822931
0.009958146813583186
0.020992298808033348
0.0374017873025654
0.025600392022393007
0.012851295920718377
-0.003218243754780961
-0.012397489480477348
-0.007511415216430872
0.002205904093039059
0.011220359506094213
0.015826347884710178
0.020256931851872797
0.01876900634202809
0.01815162818507308
0.018231294737229977
0.016848027164853355
0.016005362089457905
0.014906550259017964
0.013868462171323672
0.021831886767691863
0.012659578631398936
0.01263736503101811
0.013242271622296875
0.012708260716326886
0.011870074724612052
0.011585889350622531
0.011654422436623109
0.010933974568229006
0.010371043945827262
0.009796306053850836
0.008618450700267217
0.009113681298100347
0.007382663495612941
0.006898514923825347
0.006126051964583866
0.009536200037945726
0.004560260444296392
0.005683138285077065
0.003355245122200092
0.0027218060878988135
0.002022264426831351
0.0014136278795036802
0.004247388551033682
0.0018558783786327044
0.002093147407537672
0.0032447914098470278
0.005667042174978222
0.008609916478040049
0.012241299824541203
0.01655593154778804
0.0210805192357514
0.024726077241997883
0.02578458680372699
0.0220610088236068
0.015319758509741646
0.018620830214961828
0.043476374254196405
0.03435013094601964
0.015382315460707044
-0.0004071501854354311
0.013392857786265916
0.013048857934278457
0.011073177272284653
0.00881282545025984
0.008013207664904853
0.009788511022941943
0.014480864651321784
0.021707835954481027
0.0278845872771112
0.030149916097276193
0.02720938869561193
0.021660984714384594
0.01939227548648525
0.02282690186067001
0.025359455050328942
0.02204301768128759
0.019071213068813837
0.021946518963620064
0.027363399934867857
0.030071916150022058
0.02842315165377503
0.023207502516562124
0.016252940404250824
0.010747426759524859
0.008525795531321672
0.008967186851219675
0.012629062538968054
0.01670028477958665
0.019354603747467464
0.016761945112693414
0.024720442607700212
0.02629824866311453
0.025916689676524288
0.025058516146866893
0.022368389408773077
0.0170420709829356
0.01739724106347533
0.017158820538985715
0.015919267226815647
0.014097415271782281
-0.001819880948983809
0.011403590301046884
0.01112507545056353
0.010078258865074683
0.006780788507053498
0.007281250144359077
0.004517360927288257
0.007119114969419526
0.006811428891033374
0.006317466217502355
0.0012725699472914773
0.00506633498744326
0.002728729712328096
-0.0014964743920305205
-0.007863243823692894
-0.030841609176192726
0.004428934146637468
0.007557736178257192
-0.005703336374068517
0.00978757672200182
0.011062832377994873
0.011753295176941047
0.011065766720743442
0.011204405980259614
0.013675973674968495
0.01476118353519737
0.01551486438757918
0.016206255632719133
0.016672948445419892
-0.010554837957465443
0.0166523247069917
0.01428920638973555
0.01819473273241856
0.019589019545138496
0.020705072589934294
0.021002014402319212
0.01771922236763485
0.021157007636844246
0.02070598086125208
0.019793057115379986
0.01856845125229089
0.016846363676223344
0.01365203760743463
0.007650081080031037
-0.0007522181139898879
-0.019856162965646865
-0.022467889220786342
0.004668005611100303
-0.016689236211372735
-0.012928173954614595
-0.0026977403424031108
0.0020858726163332313
0.0036876476821398026
0.003692766270737091
0.0029317586098653045
0.0006242897363157331
-0.0032265968565350707
-0.0003237866587148104
-0.00030318510561777254
-0.0004985250798252422
-0.00034643236964949133
0.0003121603219469235
0.001301201815209559
0.0026073499035140697
0.00410479934268312
0.0057176078848733755
0.007092683940195909
0.008190962005580723
0.008614430776379975
0.008187248895060948
0.006722463342607402
0.004101989577354796
0.0003307642352701976
-0.004396287215497093
-0.00968032323694871
-0.014852888705610282
-0.01892570126067443
-0.020778331699647858
-0.019400918000484033
-0.01433124306748958
-0.006141912486206264
0.0033497795839951628
0.011565273485895694
0.016141703706177436
0.01569196417943208
0.010332025069763938
0.0016669812120798419
-0.007817780990861133
-0.015758931176640713
-0.02088994321928776
-0.023096038147424607
-0.02311163931866563
-0.02195974633333494
-0.020469502981511314
-0.019000879251717284
-0.017098569584580406
-0.013251183921038159
-0.005452860602102689
0.005773761100916487
0.014371006526111271
0.013539027265674708
0.00436580776952041
-0.004943134803193123
-0.007610363581460948
-0.0019633249372264495
0.01305136500126984
0.04313506448504877
0.061454591411783624
0.03795636875636823
0.023060649292808884
0.01712927658308314
0.014148932242329522
0.012123984196015413
0.010421771442752775
0.009052312560254405
0.007843285132813023
0.006863254334890383
0.00615156787077352
0.0057734363358168915
0.005870813101026355
0.006762409444415409
0.009034538092030597
0.012540029756739766
0.01380099900336064
0.01100423759572964
0.008274361541647625
0.007162353500394851
0.006972493907280925
0.007087232303020059
0.007129592699870684
0.006824799962534809
0.005939245569117527
0.0042284713288714805
0.0013024139395244774
-0.0025976023994658632
-0.006584576444388712
-0.00908072926915409
-0.0074990949740592625
-0.0013974649724550353
0.0027506411731992937
-0.0023814848323715763
-0.012213494528197678
-0.01886399952030747
-0.020312503670893156
-0.017374031123700916
-0.011650633789303349
-0.0030773457870595226
0.006481734042696648
0.013800829487527404
0.0164020351452501
0.013388367288333166
0.005707515307231857
-0.004369387211485271
-0.014048867994577875
-0.02104699200912095
-0.024383536257223573
-0.024202430294099388
-0.021332244811779512
-0.01677989499352285
-0.011674973643499474
-0.006843584375620184
-0.002377298527830005
0.0015863757153262263
0.0054647892191977045
0.011177108752970009
0.025803533392714604
0.042861491751831876
0.022809233323448898
0.011055900146902801
0.006195807428278804
0.0035676503749928934
0.0019689070138296707
0.0010423556262712482
0.0008167915890674605
0.0013943532116201234
0.001477906758377447
0.0007122894565347435
-0.0006027054887454527
-0.0011937118193719057
-0.0012049729218070705
-0.0006351693565880993
0.00027944151136070753
0.0019487682727670895
0.004181618730777913
0.006534792918428585
0.007960639173413728
0.00776765628678564
0.006111792769356624
0.0027074125431266723
-0.0027097732223328045
-0.00836754730706965
-0.009754301195104613
-0.002765588510582711
0.008336648233737576
0.010967219639581884
0.0011225672322928263
-0.01026843850488567
-0.013743888100043516
-0.010304104467520376
-0.004785333199745977
-0.0002444591858028548
0.0025929866369584905
0.004344767652425712
0.005665354898892493
0.006713219776409127
0.007697212808605493
0.008589568494899981
0.008857897653306386
0.007901470721590732
0.004964740940914633
0.0006898123650783629
-0.002855867877382897
-0.002382346636139326
0.00391114714281128
0.012313974798233903
0.015222038545261647
0.009557910090475432
0.000674539713780362
-0.0039941602213216
-0.0022083741567601486
0.0033549587531932806
0.009112788063232626
0.012861969789783647
0.013963375595142862
0.012781056119251578
0.010130371001491664
0.006908263065786095
0.0038147173592983697
0.0013165115417847892
-0.00036159744023964483
-0.0012338923987866277
-0.0019502637085833585
-0.0017065403429615779
0.0002916671171798237
0.00173833264518419
0.0027990945907811547
0.004689019975058692
0.006439750583080847
0.0074136946586245795
0.006018213716816952
0.0095524699510286
0.009579327643628566
-0.003427488938787573
0.011482261691881586
0.012499019811689754
0.01296497135757659
0.01142382975067735
0.013212912428485346
0.01323283857126573
0.012992113551701325
0.012068067460884808
0.006815948502893099
0.010232614859766148
0.005226583655530953
0.009663061060660491
0.010665405248499972
0.008057762165720368
0.009946521325403931
0.01157491777787843
0.011768474310119008
0.011177406848061643
0.008593432929948344
0.0006006848919038966
-0.015500597657764268
-0.03302887105648096
-0.02658923500236098
-0.007776201463962529
-0.023971146566287977
-0.0049383174944075715
0.01174821899711858
0.01164911838034943
0.011722859280636084
0.011963286449734012
0.010789611198015024
0.010918810716457221
0.010542608504018985
0.007770785125267675
0.0012239441962324628
-0.0006071681875515246
0.00343646275216508
-0.00287168544815255
-0.023646512868491544
-0.04421767594162808
-0.0406709599488071
-0.02257323770044686
-0.00395398677351944
0.007427452964098964
0.011634043180177923
0.013728934602834449
0.01422036206639786
0.014241109060705382
0.013449290844257214
0.007369250916659066
0.0076642250422991574
-0.003911739168951464
0.008910445112331184
0.014107119645430792
0.014646167630708229
0.014334585832139066
0.013524403773147875
0.011947559594856216
0.0095526680743394
0.006210027013767325
0.0006077178957933275
-0.0021894963240579914
0.002754141012696934
0.02619079434696779
0.0671836008113745
0.08854341595228349
0.07414016655912978
0.0356366234346941
0.005673896542494611
-0.0026023352857008817
0.0001492807414347699
0.005017660919974999
0.008870126069968924
0.010377699247913045
0.008428267476827763
0.01078732379032606
0.01348944100582722
0.014588592559037057
0.014664445877664281
0.014793167744168279
0.014876707334314053
0.01451848119004355
0.013199414255419152
0.00918528234115015
0.006517201925855771
0.01041593764069296
0.010553249135828112
0.00338767960368783
-0.007544437404222827
0.00829079401820227
0.013027468143255264
0.013615354892864005
0.013538201277042678
0.013130672710460421
0.01227112424788208
0.010237623679160847
0.005906274207027024
0.0034631890203187248
0.00752184906353032
0.00876328624407735
0.00930182682810374
0.011537602085909102
0.011962037823471173
0.011979516467898285
0.011426485882712023
0.011696119387579695
0.010100593112630831
0.011247546414789636
0.010867650526507263
0.011030077550745778
0.010452477592934037
0.009590999227329818
0.006193604680147481
0.008764028954915492
0.009462923225407427
0.009265064107479857
0.008586223977542164
0.008254883132413125
0.0076000256629389995
0.006842303156416847
0.004895901625439787
0.004116458147516409
0.003172892468545684
0.0017871166427145234
-0.0010800255323498186
-0.008491304517256786
-0.002711804420805064
-0.004459819088869037
-0.009325320993074855
-0.009190644951151626
-0.008830295907462718
-0.010087574453774619
-0.011451876847350445
-0.013148668546267556
-0.014986016252021157
-0.013287213298745186
-0.012060386750893994
-0.01102097208453321
-0.008950093440369586
-0.006144390963234361
-0.0031545677166529423
-0.0004275291963657671
0.002073218724137918
0.0029773527393393232
0.002278793292559984
-0.00027021669556511087
-0.004757631915686089
-0.010012604006435569
-0.012474677380446568
-0.0083126418823541
-0.010309120351348915
-0.008538796912850314
0.001053389273761774
0.009759749029785589
0.01140495943192895
0.004540286982552571
-0.007274962375273783
-0.018197532661998563
-0.024002660821881436
-0.023924751617917853
-0.019696757348845254
-0.013751620083467362
-0.008084868801939968
-0.0038631606096595178
-0.0015130012666842705
-0.0009571233591964503
-0.0018342674159736595
-0.0036655761076046507
-0.005971055341046715
-0.00831392855282895
-0.010405980051733543
-0.012083022752267265
-0.013260998907721987
-0.014317447866478206
-0.014439578517475899
-0.020015114549573117
-0.013937352680958946
-0.01291934925742589
-0.012538818214560309
-0.011767631797772855
-0.01111639292248525
-0.011061706841887627
-0.01266908745179521
-0.009731333051632995
-0.013032572716472061
-0.011469754630240997
-0.01073354957522401
-0.027380623549058326
-0.007941708163755189
-0.004763436360311011
-0.0032064390012767514
-0.0026854531463293726
-0.0021478455326308867
-0.0021246214978871015
-0.0022608659038094057
-0.0022824647020770437
-0.0029144499120905575
-0.0038211099133530113
-0.005135259059633096
-0.007469936273054465
-0.029460391292473513
-0.011553191530139083
-0.014522253253280585
-0.01920495945000714
-0.025465823851036257
-0.03376871235353431
-0.04364550822265515
-0.047217076867877364
-0.012054188585147183
0.08645783042119164
0.14175520698744976
0.04451051775110772
-0.03226735717578544
-0.045443926787626245
-0.036930092325614006
-0.027370375026653897
-0.02025183403685705
-0.015049274709167415
-0.011213945146277495
-0.008521675445925816
-0.006626044133001037
-0.005317512241870345
-0.004431102651373438
-0.003742291753891406
-0.0035958114775677735
-0.04570935799441672
-0.0029140201952692077
-0.0022785737270079533
-0.0020558765266120113
-0.0024319761587805397
-0.0025382261874983113
-0.004566639954628485
-0.004949219114137068
-0.009603397409590219
-0.021450535690064453
-0.029163480626032426
-0.01988661704568294
-0.01104950482420325
-0.00587382224447468
-0.0038061345051550307
-0.004377551174043821
-0.002781716488854005
-0.002574318171883317
-0.002604969636580954
-0.002703716274010607
-0.002881410069833434
-0.0031747668350034703
-0.0037039873098308274
-0.00525495923142969
-0.007304079195444723
-0.043929494769700005
-0.009113741539443124
-0.00614935351845212
-0.005123605641430942
-0.005101592477067907
-0.0054251962264753395
-0.008654824532492094
-0.006114453471743285
-0.006705307841242238
-0.008482235868051243
-0.01024138731891066
-0.00966889697631749
-0.011390807925699376
-0.0145281392643827
-0.02030401685478566
-0.03013590015216095
-0.039718346334060156
-0.02594808730727879
0.038205984923468085
-0.009794449879789835
-0.03930094758036083
-0.029482494847043225
-0.02078495657351555
-0.015493762749238322
-0.01257821191924147
-0.04773746713839503
-0.008736363550662575
-0.007169833496846456
-0.0063358718236900735
-0.006047904395463872
-0.0061446413967953025
-0.007219156461653541
-0.008775426042234816
-0.007927007313974829
0.0013557502088255573
0.010778133986739411
0.0009897191863764564
-0.0073499479496149
-0.0076686394181185
-0.006084199929246647
-0.004859312280324813
-0.0050133829870575835
-0.007172964311879351
-0.003892734010912577
-0.0032311610270533042
-0.0029821986100980924
-0.0028661118386563915
-0.002899849537160687
-0.0029349034519345657
-0.0034385802490452433
-0.015920896639722463
-0.00465307037265695
-0.0033281929008317813
-0.0027830822799970725
-0.002660598134598203
-0.0025465333441464805
-0.0026598822036948853
-0.004655122286869806
-0.0030528893341372977
-0.0039038214076534024
-0.026299556266436295
-0.004227605674209465
-0.003977206663096522
-0.0043145545073079205
-0.004773325734704586
-0.005490169327892784
-0.0070751877681390135
-0.013306292475854577
-0.008785732946733528
-0.007032069873887075
-0.007215870259005244
-0.008035789112259925
-0.011060722756856472
-0.010768926178179697
-0.016261344079441523
-0.014916956859727014
-0.007010661976538321
-0.005754209738331185
-0.004708670988659727
-0.003406079542457873
-0.0017599129680256247
0.00021674622855373098
0.0024934694216801404
0.004949670802091614
0.007355987653042556
0.00910999146148361
0.010151460247639169
0.009490104444809092
0.0068352300252120975
0.0020732930815484225
-0.004037199084310256
-0.009323153557163838
-0.01041793964969006
-0.004809089234054154
0.005341037988095389
0.012385019028401454
0.009889902233857046
-0.00016489507710867532
-0.009705380455972492
-0.013089241528766615
-0.01066938110453634
-0.00555978263984951
-0.0003038841283848716
0.003746967207179313
0.006296009021627588
0.007562252446133977
0.00789406373884717
0.007736313487738812
0.007363465851799244
0.006945690136239594
0.0064863144212957856
0.006280720101921483
0.006156968337093929
0.0061681942108431816
0.006329879076665221
0.00664374881386283
0.007206312414320158
0.008133407452930222
0.009069345310881926
0.00947420002297308
0.009304517470711147
0.009354933848116868
0.009765332106656624
0.010512688328787453
0.011758651354453097
0.01383893731089443
0.016236324902583945
0.015952205511726266
0.01292526750903132
0.010430992051412818
0.008881699491179096
0.0076454378455175186
0.006349620899695256
0.004840260727625958
0.0030616508650040137
0.000997854782548373
-0.0013594276955639034
-0.003970168007554129
-0.006758945545486686
-0.009657233305863724
-0.012713557722327105
-0.015758633723663252
-0.018530321492217238
-0.020861779347122487
-0.02251245300084598
-0.02323321230406515
-0.02269553504593156
-0.020646453864803
-0.017003355159608064
-0.01203362410793414
-0.005959256920100815
0.0010271254756600218
0.007919483673012413
0.013152094822946348
0.015125878156898058
0.013221108317206763
0.009038147595626121
0.0056025954225800935
0.004954713389305398
0.007022039759741058
0.010502924961501937
0.014030153838438815
0.016602440209460962
0.017532487415480028
0.0165330849189714
0.013848524261897335
0.009923325816148973
0.005124651568663388
-0.00019110655207114693
-0.00562809819365579
-0.010783248113170706
-0.015312860983185858
-0.0189852677798167
-0.021690770050976547
-0.02342037177157124
-0.024251169497821346
-0.024304991646405275
-0.02373458517217302
-0.022723998227909034
-0.02143941865965331
-0.01999688308446209
-0.018511322464827118
-0.01708352996017299
-0.01578806719169908
-0.014678891140942653
-0.013795064685384884
-0.013177727780895435
-0.012852213671794736
-0.012811122666762249
-0.01305906082580514
-0.013603479801659615
-0.014440326237545563
-0.01556020503301655
-0.016923681863229813
-0.01848536677130662
-0.020170044692653176
-0.021834430404794398
-0.023298994829400222
-0.024342086044452548
-0.024710619882784342
-0.024123316614773346
-0.02232669665924246
-0.01916047222355819
-0.014625323528774067
-0.008941081919386121
-0.0025834713843120743
0.003771857220535231
0.0094802115838724
0.013987004555946592
0.016815558256743045
0.017441110729656
0.015716713050455834
0.012052435591449041
0.00695776771720676
0.0008902796222673214
-0.005541058519166123
-0.01165291381072775
-0.016856500905309157
-0.02075303131296337
-0.02316502067112671
-0.024131399655137838
-0.02381074214326837
-0.022403670233965865
-0.020179088594153925
-0.017410248660076642
-0.014335070920064839
-0.01115021995767027
-0.008012653861813771
-0.005044807461221177
-0.002330712701740466
7.695891964865714e-05
0.002159022046518558
0.003915457507336621
0.005317797138061323
0.006365783395689821
0.007132430060388788
0.007633485790327033
0.007902054012051525
0.007988843828676638
0.007956133432152214
0.007914143485361676
0.008062120727309005
0.009085655444694316
0.013924434514021427
0.029150395501927082
0.02009557367063564
0.009279015791241881
0.00635328567622269
0.005512700979743064
0.0054707953940590906
0.005955100382535598
0.0064638935832869795
0.00636681439002229
0.006112555456534228
0.008551333824485365
0.011759952988672061
0.008552789706759215
0.004927766182271651
0.005706546962067851
0.010485962886757325
0.01006869831189976
0.005470797099482119
0.0019735295026489536
-0.0004253989571325217
-0.002054798022533815
-0.0034856352044353805
-0.005041818106589832
-0.006444065182022565
-0.007467915208821443
-0.008437543946428754
-0.008807543524461696
-0.009001426981553498
-0.009724428241527179
-0.009124719307375413
-0.008866672028022446
-0.008341830542463432
-0.007532324096946678
-0.006472770946930556
-0.005183169378896413
-0.003610565963568439
-0.001960303648767448
-0.0006832365959860592
-0.0004789008252297279
-0.0021449610055966953
-0.005924100022027743
-0.010143490032508645
-0.01045695097213496
-0.004774785212025896
-0.0017718188880869487
-0.005045605368800134
-0.0058144389385875106
-0.008435338194878734
-0.012573804436120937
-0.011946984955863044
-0.007743303503602398
-0.0038789834894434167
-0.0021245810409360206
-0.0023758110844589522
-0.0038923852071693146
-0.005937664880382895
-0.007994359052271846
-0.009603410983958567
-0.009787835033420433
-0.005192486420595478
0.018739925096984994
0.08385444490427497
0.07217427090101336
0.011947897246922431
-0.0054022976405841555
-0.009125063004725221
-0.013841694736961672
-0.017877790061719263
-0.01967299643260986
-0.020678825352985382
-0.021373922605332236
-0.02125689938066238
-0.021109363922100995
-0.02086555896965817
-0.02067403085239912
-0.020949140694138998
-0.02276523291160859
-0.020435676909809193
-0.019836726790761434
-0.01961548431918466
-0.019483281545342995
-0.01948008612075017
-0.020053099850022675
-0.021477872010522273
-0.01918403217336912
-0.018875900375502117
-0.018608146755023414
-0.018160602184762027
-0.017700723884356315
-0.01801086094636444
-0.017212927925723768
-0.017416815502742516
-0.01733051289016483
-0.016803583292843337
-0.01591887841862707
-0.01506003818945998
-0.013958151999660098
-0.012716948925782125
-0.01133216535280236
-0.010469773587059986
-0.008163050066535862
-0.006665771552251134
-0.004133957680938856
-0.002301551684624249
-0.000997279117472807
-0.00032591997264552584
-0.0005977327386965346
-0.0022148154737301135
-0.005463838280180666
-0.010313672749286235
-0.01615801141652783
-0.021613106095485574
-0.02446097939208773
-0.022226663743262494
-0.01377858449333126
-0.001398630395014806
0.009067068106713665
0.011881954482407486
0.006826756969036982
0.0004344771671955861
-0.012183448798209894
-0.021062676426667464
-0.022331993480066613
-0.0188910336417353
-0.01354771400961326
-0.008509729084167734
-0.004516552367194207
-0.0017602457558175797
0.00039208269324023364
0.0034458536936767697
0.005457025659901552
0.0020071096023189135
-0.00046552132843454127
0.0023218145993330586
0.00805843294616238
-0.0009082620819755684
-0.006001455067256583
-0.007529277629853609
-0.007873822028103925
-0.0074649600274389475
-0.00605212110901058
-0.003218894527103381
0.00194476083806716
0.005439206282559183
0.0036320606855770408
-0.0005095846379095635
-0.0032724225297209556
-0.0035766096694544256
-0.002965369467125287
-0.002257615827604357
-0.0009814136762808007
0.00018045649144312383
0.002502480319443564
0.004410652448681023
0.006227532642463483
0.007550085460859558
0.007875892495329679
0.007152690961282445
0.0052699076946682265
0.0019294375783460301
-0.002870399259306321
-0.00863207893507951
-0.014193382437844416
-0.017675498586294344
-0.01691308465300965
-0.010658780581257373
-0.0003019123447762236
0.009634039964069648
0.014731101965402275
0.0131928900755482
0.0050760264908704675
-0.0059077315481007656
-0.014709933086693798
-0.01839181695438271
-0.016980936217459053
-0.012247241340087563
-0.006288928448859881
-0.0007264574927601234
0.0035779198119691453
0.006330605094119707
0.007521858062579294
0.007462920306560344
0.006388181691021042
0.004589032542038526
0.002476911720829214
0.000271229357731195
-0.001951783458048857
-0.004047727328328269
-0.0059351886078055005
-0.007581980280792661
-0.009118515039125774
-0.011117498685120486
-0.013445888856028303
-0.01880743182741892
-0.01498946357902939
-0.014189272699491452
-0.014148370593970876
-0.013954625386679813
-0.013278910861583768
-0.01473839818425425
-0.014450294892158001
-0.01741005979161486
-0.01688862580232749
-0.017442698046597486
-0.01844491520440037
-0.02061159868172798
-0.019257705251580562
-0.01900118507673981
-0.01995334738788242
-0.021048026598622194
-0.019111354375759313
-0.01902416096861187
-0.01863493755534847
-0.0185706170436634
-0.020401039463231088
-0.021633556383007995
-0.02007036350418543
-0.02100934849497153
-0.02783911606422889
-0.026408452825568952
-0.021241574810079766
-0.021940994366095708
-0.02095481182806255
-0.02306279755535246
-0.02433501896180838
-0.022631805557102386
-0.02310234715933382
-0.02139944425213981
-0.02079680040144115
-0.020796336543173928
-0.021353099494560174
-0.023131149455206876
-0.02155000715835724
-0.021942100879236693
-0.02681013651331237
-0.027517051427451485
-0.02312927260939183
-0.021228805041243144
-0.021155541485939934
-0.021400209823197118
-0.04095477472391172
-0.021630601527879323
-0.02182538570608658
-0.022840487974202912
-0.022429399231974203
-0.021941371506175974
-0.02203429566627474
-0.02238788221712879
-0.022416941717953918
-0.022640159825176163
