-1.2637576807327944e-11
-0.0011603521582860398
0.0021220839888584277
0.007175516891750523
0.013645699351116074
0.021152409381971837
0.02929829862485484
0.03768601513739365
0.045871519190550554
0.053419996609336745
0.06011911205543223
0.06563686771493919
0.07044091256204713
0.07339030930474487
0.0745033493087727
0.07337788361473667
0.07005833009958577
0.06382196813882732
0.053870270245784904
0.039991380625273895
0.0227218282831897
0.0008094031977811645
-0.0016797463744637367
-0.013530848331767098
-0.011227686461936212
-0.009971361839708821
-0.008935474956464932
-0.007281927774571183
-0.006512925274373437
-0.00808365251118493
-0.010764449278191746
-0.009809980759554386
-0.011879167360086691
-0.01435876475785088
-0.016962558076818016
-0.019609107455218325
-0.024722737838587378
-0.02443745422882842
-0.027785940913556694
-0.02807585496640896
-0.029343221220417267
-0.030391876560893188
-0.031249997914962847
-0.03257757893367185
-0.03256155724241546
-0.03236148457982745
-0.031782086898563745
-0.03190602424498358
-0.032591298006389526
-0.034158705754882564
-0.036997021972175075
-0.03731880753021133
-0.04956136155556358
-0.06534184676955222
-0.03548321053386434
-0.012851915825165575
-0.06395857447219286
-0.016434367893382516
0.018189027167855972
0.034757497375592104
0.05076292269560784
0.05998223644192864
0.05163107141778485
0.008280857439830315
-0.04050876861363066
0.042894714749017675
0.03525156415583207
0.04864785871732637
0.0395562346556301
0.03313991468039035
0.03543074066652051
0.03813976620896796
0.039549444621471086
0.039808505825813904
0.03908853309004501
0.03782994181249992
0.03354731595996672
0.031221608039429458
0.030365306028457755
0.025573977944750893
0.024495850835755117
0.022607347687629318
0.022810639071821872
0.02346291410124813
0.02312030659966979
0.022134360327591075
0.020733228005302605
0.018876471805376965
0.016981457693099916
0.015572870901966752
0.013870338906213812
0.012195515865244583
0.010424400553142286
0.007647937917767678
-0.016986051111702576
0.0037486011809742203
-0.009025480447857545
-1.0248850107513995e-05
-0.0005232128929273835
-0.0022093253093981783
-0.003945973882395072
-0.00919885787458197
-0.02545436499669067
-0.008884581002999006
-0.018403854766593834
-0.008032939466578222
-0.007480453328930302
-0.006839605530002409
-0.006023583837955509
-0.005635658823044392
-0.006527727192655611
-0.03482149857035565
0.009149079992252073
0.018285435411010173
0.02619407132946237
0.014464288209780459
0.006467481358058102
-0.04065574150229937
0.02276181659709896
0.011572885373100245
-0.01902431425854373
-0.0064884795563071715
0.027802812270612084
0.02650565285661433
-0.057243688366075594
-0.00659832650547426
-0.0067756881494725404
-0.00848772392193694
-0.019276133549425256
-0.017857738817264324
-0.01983522167172316
-0.024926642975583523
-0.02345468412401789
-0.02444411436164358
-0.02456235098182703
-0.024033283620565303
-0.024526698355312647
-0.03349938645046398
-0.022913960283554347
-0.02161159109946325
-0.021652118833834187
-0.020989542910609334
-0.07370238262190135
-0.02086129910667618
-0.014557028045673699
-0.04895377127317641
-0.007924353237446448
-0.003499632475618653
-0.0012511137388692502
-0.003654040166435047
0.0058904450630708465
0.010125190856916483
0.012740914198111368
0.015617733339280794
-0.01619611288835811
0.023003212693121233
0.02523140097471336
0.03090999509675101
0.03465010551412582
0.038017757840887616
0.04120087368691704
0.04399256348958562
0.04629403653395021
0.0476880687700502
0.047353652546734654
0.012641733759868306
0.014805512578366768
0.04028430304757592
0.03368191661203225
0.023705771415676376
0.011352094594765017
-0.0037764108604621664
-0.01933110302223101
-0.031070448490441976
-0.031611305568032336
-0.011953322824120573
0.027394352375959732
0.06801481312437391
0.07108540195923772
0.011073874090815703
-0.05155725717868932
-0.05435350568586947
-0.029338335218417045
-0.056285276186062175
-0.0420027751864188
-0.035206297392001276
-0.059177980295532055
-0.03958562955185862
0.018424586827117333
0.05905181372388473
0.053224137102436835
0.019814564343250084
-0.014876152410952234
-0.03580667874893015
-0.04542723740145787
-0.051660610222757704
-0.05561537872740112
-0.0539016172080079
-0.049336858929247336
-0.04289316180049162
-0.03693193786260658
-0.029565034434659316
-0.021910805447666458
0.002517723181482115
0.000241785113560319
-0.01237412056913297
-0.013842273068479412
-0.004173083841652695
-0.0012156611203890876
-0.0024761594291106367
0.005874931986497465
0.0022674939639366477
0.00974363094382131
0.011224844205290711
0.01241794105000392
-0.02645158281243633
0.013304048136434881
0.014578739288418322
0.014391878735522747
0.014865716601336294
0.014640506873625003
0.014352426221698992
0.013517167207211878
0.012064992340403695
0.010878457154969672
0.015252445422130207
0.011012161613957898
0.013798500297310027
0.0106320547436992
0.011813696891050218
0.013275044575949907
0.0027013731482145296
0.014166395801719738
0.014350970176913658
0.02562406452156379
0.01403382987372119
0.0012989824744522745
-0.02803471129519869
0.014070610257472914
-0.050044664285226075
0.012396941494890767
0.018332138966983647
0.014660964368018352
0.009006153850701809
0.0011389293065679317
0.005073371380279737
0.004154169910000983
0.005714386129871991
-0.01606598835618848
0.009046636084388444
-0.06430383204654107
0.004652436933562176
-0.0020453579454151167
-0.004874531305978358
-0.0022048861403412725
0.006828914283894136
-0.0027107696190104076
-0.007008097888429042
-0.005488830842586433
-0.009523032817488888
-0.007817762848080233
-0.009456743059015688
-0.00829393662183997
-0.007201610847638037
-0.004092599345498819
-0.0052776173634889465
0.00853597988032748
-0.00033226781757259645
-0.007359778436857308
-0.012559535936078949
-0.013924402710755788
-0.013283874709978542
-0.009740807953242645
-0.0189232677486686
-0.005786446851032631
-0.00895730718855056
-0.009737847310992847
-0.013700967302034222
-0.012476348521626443
-0.011325244435477451
-0.010872413205407121
-0.01255661811850551
-0.009981276812329408
-0.00671448728223121
-0.005739990289648755
0.0006794846529468921
0.016995775389527113
0.009468701551574827
0.005291909440084421
0.021063633978464877
0.0032000319999926537
0.004239916133323027
0.0006939065686731635
0.009294741520675989
0.0042868056300698985
-0.00040120096614270224
-0.0008901100385487681
0.0003379410016359697
0.002347915050342091
0.005036116446888002
0.011134549048778473
0.029015587116284644
0.058122772245319525
0.04066167529373253
0.019246963857888783
0.013891987244526699
0.00939445058045046
0.007874481933740952
0.00826565458327946
0.012052433922813504
0.03191245686344617
0.017600605288907733
0.008864693607982626
0.011032480561408587
0.009677110746144474
-0.0009642690219623732
0.057902516279852344
-0.019281655347509807
-0.05987929395998159
-0.049520786151459856
0.020943642070745606
0.07455924258064682
0.07342692445818068
0.07356824044558616
0.0644082627230107
0.02689571244954929
0.053018408100324016
0.12524788166478112
0.08025662664008666
0.02607251129874367
-0.02871210812214095
-0.05691259996552902
-0.04718756482490358
0.010811538891477835
-0.0387429064314085
-0.021610726808978582
-0.018474290648475795
-0.020391261674257182
-0.019533438728288995
-0.0165171315568055
-0.01386443931268934
-0.010703157049960636
-0.0065225922475107105
0.013737313652204822
-0.001576926459196599
-0.007569766724737287
-0.010903440629615575
-0.013327283996686177
-0.015426555146934067
-0.01724813166112451
-0.017638596916797294
-0.015134121072755522
0.02866865269460916
0.03436045953852189
-0.02499937445024906
0.029697762928863378
-0.039516717283765976
-0.03240778445265778
0.019203454796108573
0.07823397290912995
-0.03266470274136635
-0.06805066472382242
-0.06913938876492574
-0.06325328857059169
-0.0321366483010427
-0.04905160349300472
-0.06367589938546106
-0.022494473964301587
0.09306707318353662
0.10418253254084837
-0.02697920520329194
-0.03760756117427471
-0.06485706333776299
-0.034278734290143
0.014471509716088887
0.041986087405634726
0.033670396308228566
-0.010068381827597615
-0.05404225164724857
0.003253202436054749
0.01552960612689763
0.018170655323430058
-0.04781277448327607
-0.03680392571260791
0.01847015763595422
0.04910355706165035
0.04176501981129135
0.006451514666663822
-0.028777150670155224
-0.047186657079177276
-0.05272032210069402
-0.046749794414709195
-0.022734162511992673
-0.0006861205120896713
-0.00941108676011274
0.0038229680525200525
0.0034847545989841267
0.04071863436437901
0.00240331650917237
0.006549979023811039
0.06424068186627928
0.06384423454203986
0.07935767512138862
0.043995883898884744
0.02584743587037151
0.010379412936339589
0.009553804129091115
0.014181284196912369
0.05491492361469274
0.026217447195336606
0.011004268512242888
0.008379492530385339
0.011278521727241383
0.04624111146873539
0.07564481350030784
0.01628117621042766
-0.010807077798847537
-0.024560635873378374
-0.037065389604837795
-0.04912509629391829
-0.054013439277026586
-0.03705960906779508
0.030955091075574107
0.06925869013516575
-0.20066068715093252
-0.2304116836768736
-0.04939319039400837
0.09979899859156889
0.030412738586983935
-0.0009792248996722873
-0.006113622668225511
-0.00890818861651271
-0.011401606137738916
-0.014260915861025318
-0.021904316194373094
-0.03449539567119444
-0.0457800467452367
-0.047166309541988055
-0.03708801278862628
-0.052556312593170854
-0.03415591728321315
-0.023810107427487435
-0.00811930558366544
0.007260573963085202
0.02357829095713406
0.0053951500568898865
-0.03552535864940449
0.01718883382103194
0.012504123631577031
0.014282473252413308
-0.041904683669400096
-0.003389536678763147
0.02198275487820191
0.02086474998267037
0.007102169158927285
-0.012544224819055119
-0.030213741468579414
-0.03929477865099605
-0.04195256864809345
-0.04184794134346661
-0.03735778935196813
-0.029242256958934468
-0.019117815851356
0.0018081733604182594
-0.004899874506730971
-0.014776738926241232
-0.009083702043846485
5.291770345698498e-05
0.06886212087398065
0.0204511964248329
0.04293442789579312
0.022723157415698494
0.023558027445875204
0.038542413935046836
-0.014360280355705881
-0.033947927075941464
0.06435578768373927
0.033242065539568356
0.005474116921788302
-0.011408089070275101
-0.016949025783784877
-0.016344339751489
-0.025842261276951474
-0.028326252049512557
-0.015857246783094567
0.038291308082487235
0.12982312878052804
0.026270948149759575
0.0864613096753118
0.06334197485704408
0.018386952878683003
-0.0024892923895314593
-0.012580375967384526
-0.007770924772097103
-0.005630092102051062
-0.0026871362415523538
-0.008271540523403974
-0.002673228815636501
0.005465910481819448
0.007863185003723587
0.016036725204055902
0.021930392005632234
0.02988852451721589
0.038324363901130885
0.042173999486273546
0.03572241015652443
0.03158217671120053
0.02632043095902332
0.004685723078916219
0.013388560407022809
0.014937731958632756
0.020603570075609895
0.020755042254305196
0.019647734055972362
0.017349852964791482
0.020306081913955144
0.012181387023561968
0.006982229941102879
0.006425725128413639
0.00589879745810327
-0.0036274858871375147
0.0031879098505797365
0.012233918733759558
-0.0008063320066694634
0.003030346165838738
0.004441417578767853
0.004129492974785583
0.0037599470983437095
0.0025089323401587833
0.0012078128455597255
-3.247744813364472e-05
-0.00047452874486003053
-0.001487445391964772
-0.0010066578980152776
0.0008697443638035602
0.0040802381324819064
0.009474504301653182
0.014244794989758934
0.01951079385633488
0.023002276453284516
0.023806005376945587
0.02075899208686194
0.013451950794518127
0.0031162576930108786
-0.007810744954059745
-0.01658199727173721
-0.019622124080330542
-0.01722048662849951
-0.010503766616545706
-0.0022240591785196565
0.005353744772192487
0.00922986757176437
0.006523264924509969
-0.0032154185539353935
-0.01594924491347671
-0.0243598857115222
-0.02501241209985423
-0.023211160528229656
-0.024222195012152094
-0.024114182005966156
-0.01695032358011075
-0.0046624505237879005
0.005931637723470192
0.010245729086328988
0.007925045642336726
0.0011970735860128297
-0.007036233096230237
-0.0141564142828562
-0.017899480179445357
-0.017174946926505442
-0.012811837927165774
-0.014171778249459826
0.005790596952186173
0.013688347188049853
0.02031116085078003
0.023303721710397705
0.02284366582785921
0.02019246131041868
0.016444739771488148
0.012110349396738383
0.007959931688573983
0.004326380950013121
0.0033664881778801554
0.0002510566234637152
-0.000234720183153587
-1.4809164435223858e-05
0.0008087735119237683
0.001935456862188326
0.003002742383456586
0.004156124853969641
0.004701264878290193
0.016052927680795092
0.005474596092547257
0.005273723284200787
0.00588005756626381
0.011168540043704133
0.005065708668381821
0.004119041976914571
0.00017954869572189854
-0.009783704359272123
-0.009556864647575915
-0.00867558990569837
0.0009693728444412652
0.0052475718938455665
0.006212446648648282
0.0070640767093580045
0.007698473290635214
0.007633975523585971
0.006540661524883039
0.005602015517971791
-0.010053856474515448
-0.0037525828727063264
0.0073186861118330815
0.011238147569065715
0.012864039573868993
0.013225902141377383
0.02028123212442969
0.02658917758333022
0.020359674840449846
-0.026205766938861504
-0.025747031704846678
0.0045556635011697
-0.043788409203691106
0.004032700966727374
0.02111180273587522
0.017072703035735076
0.012223413532692975
0.011976206242492316
0.01382140813593273
0.01210590774958944
0.012260401218006763
0.011999012015142198
0.0006107832521279964
0.009798506263871732
0.006451079075300436
0.008857487567787436
0.013631909642610348
0.013927076260774504
0.011978850552063257
-0.002034977876746099
0.0019479040394634179
0.011597764833591913
0.004841513484736074
0.010794857492126657
0.012822409814353359
0.009968159498689429
0.016292205540497026
0.01528502763954805
0.0010951619527060261
0.014395595759269582
0.014596757636298403
0.0085390286594014
0.01165797738111262
0.018487688950845182
0.008807667034128847
-0.05824728347987647
-0.008374738116266314
0.0592497095452656
0.06586860030534249
0.07903282743439616
0.06653591785885539
0.045508237019228584
0.033596656437389016
0.027695893467655545
0.02260840518444816
0.01616350625173767
0.006078632101215226
0.008751153221840625
0.011867097056469697
0.011204218124257908
-0.010225654452970294
0.008905030706401022
0.003601701215800872
0.0065727350625249354
-0.002037797536390936
0.010358857222174792
0.009783490557442839
0.007571681003141668
0.011668491601024265
0.01035918986531514
0.010701116681830195
0.0105964591840328
0.010158327689940476
0.008538081037933094
0.00521281412872008
0.009655520908182296
0.009951835302843846
0.01033775678928591
0.010433824333374314
0.010478442358502354
0.010521542736789163
0.009256171228903112
0.0005715153769659815
0.0005832451563381528
0.00213775892445353
-0.0026093444304456257
-0.002296213405630498
0.0067482885690587
0.007900762083776276
-0.0019458144251314293
0.003711284173658762
-0.023764643898294434
0.003523824797627987
0.005627044141431353
0.00648127257678655
0.00528963266485457
0.0038239069525527703
0.0022465160273362227
-0.0035157581584165207
-0.002644443272703548
-0.0058566166848922074
-0.009217277560633556
-0.01243447846182825
-0.01209763612680403
0.006327329304408028
0.04657869355390148
0.03669262793668023
-0.013729405992594855
-0.028811683222710667
-0.02186800680310938
-0.019823355513076724
-0.01029100101158629
-0.006852641463885839
-0.00466856123522008
-0.0029120770117138438
-0.00012452810368184628
0.0007740127526839976
0.0009356403322572002
0.0019068315621919507
-0.0011139410532663195
0.003489293774107727
-0.002855259004049876
-0.005221588899905197
-0.004067588589822117
-0.0011115844117809983
0.00823269225630933
0.009353183298972152
0.01564712378615225
0.02004192860679772
0.020141065967331347
0.013815248574135578
0.003782609870530545
-0.008249928839415293
-0.017126325585603973
-0.018639190199612264
-0.01266481694348961
-0.002843619753291204
0.005870359571815399
0.008105978985960792
0.00012851560586398287
-0.014700956241368267
-0.026296441469062917
-0.02977250851228352
-0.027952830289866462
-0.01925913209380131
-0.004413231450028735
0.007321200452156159
0.009339305598732377
0.0028863389755978733
-0.0069027618390629574
-0.014793944221782623
-0.017010661320224062
-0.012558711119954592
-0.0037023363092528057
0.005311093494005511
0.010361139236939505
0.009665469962363058
0.0035028795860748948
-0.00812766382015905
-0.023359995452955595
-0.03842258254161253
-0.04213052956661826
-0.011826596176426821
0.014163127380819244
0.01156419791549369
0.011843295878962058
-0.027828763446365916
-0.059048555622531036
-0.058769721704614745
-0.04977916875504274
-0.03947822299320023
-0.030984069641676933
-0.025839683046306045
-0.02165332089556025
-0.018952814149297004
-0.019069632011975143
-0.014871075757623491
-0.012652885947438007
-0.011912002037139663
-0.01174465707042363
-0.011429259709952932
-0.010718861358350621
-0.012930690443805605
-0.023155699646133735
-0.013281372650438484
-0.010938241692545486
-0.009960083247697685
-0.009704981306316118
-0.009938686926276667
-0.01308918579486595
-0.00807343870682065
-0.007279145824940065
-0.0079790130394
-0.00631405518535833
-0.005824095376063399
-0.00664982461131499
-0.00610245518075387
-0.010262017618335423
-0.015971114332533703
-0.007791115516538364
-0.009973949513671589
-0.017179606563073962
-0.011374200494613074
-0.027787042694793866
-0.06579963365055566
-0.007582888908105858
-0.00570290064747542
-0.005421944801945162
-0.007033555404740521
-0.00916048399582316
-0.015407855656254944
-0.007296153208144927
-0.007555006769695992
-0.007981113728060768
-0.010194939544044993
-0.016443198512258318
-0.03276739832325833
-0.02492017654274685
-0.04387755965891083
-0.01662452358165857
-0.01889836604272069
-0.0400620553636725
0.032319776859165296
0.07968513598788247
-0.005689729106068078
0.05582345608438479
0.07041717485894357
-0.01069214189755225
-0.03851632264533836
-0.03555533277170657
-0.056461056601337545
-0.04856701442867303
-0.07524439695404452
-0.014663727878981094
-0.029038025433889447
-0.0141196127576306
-0.009607808841916126
-0.00646678394108316
-0.008354407417722922
-0.0318780960261548
-0.010775033385241283
-0.00258785208336646
-0.0010611658648008162
-0.0007634639059326406
0.0027027822441598277
0.003771712121146627
0.005678739392123506
0.007005810194710691
0.04509138655237818
0.032686516927564926
0.03972361142265888
0.03184429585728543
0.019385803826746466
0.0047613250445587
0.007745469306147747
0.0033305929225823524
-0.013835567638391909
-0.0013615811555231603
-0.0018921750657681946
-0.006815699563818711
-0.003994873495867174
-0.0034413490792310937
-0.0036434176732217023
-0.004068578472270136
-0.0060605121970360425
-0.005231061261588286
-0.005693201148899431
-0.005434099443772198
-0.005148454764406294
-0.005709430218160565
-0.006971447252808165
-0.009243405245613812
-0.01063863695192842
8.098436981984032e-05
-0.012316070947528252
-0.011833553633957227
-0.01728461771269712
-0.025260504643218898
-0.028209695653103082
-0.012344425095898181
-0.008381188392223736
-0.00707742944213322
-0.010447617515242546
-0.024670838072307084
-0.027847908541858306
-0.004857318177640732
-0.01661942404715113
-0.008523168295734108
-0.004342979534799886
-0.002670425112370967
-0.004206594173115478
-0.010873041712766407
-0.007740793983778487
-0.006962631519913108
-0.007523009380420577
-0.00856086913103067
-0.011846485217628851
-0.00828514604527183
-0.011578177517480895
-0.001170861974430506
0.014148418941239664
0.01702879331073872
0.008279945277300815
-0.015122057115717591
0.005821300623699428
0.012468636416517746
-0.014243316110047095
0.001025758163247245
0.016174157230165985
-0.014410047546101786
-0.008799335043022355
0.008679039487560176
0.013631109130531869
0.007932817212853497
0.0004083031551423742
-0.01323577747722361
-0.014449613864343385
-0.015361211976582976
-0.01605418984680739
-0.014458109342601968
-0.01538786700829883
-0.01642858941548706
-0.01958958903597212
-0.03710895090643041
-0.02159938144050773
-0.017112725034415854
-0.01687585402331064
-0.016474347328813404
-0.015227361563206195
-0.014813536346820706
-0.014973015563392597
-0.014053290315011248
-0.013814152104081334
-0.013739195234623884
-0.013938564019889693
-0.014695659750475654
-0.012343289490736424
-0.01144997223137902
-0.012108250459657695
-0.017084615932683234
-0.010595776523475993
-0.012268682271687712
-0.005336990507140898
-0.0024593466813242534
-0.0003652020679114452
0.001382954771081676
0.002655224220778971
0.005427952366718474
0.0050194414216624
0.007390004465742192
0.010511519232299406
0.011260248366041767
0.010884414117073585
0.009355953493257617
0.006750901704120564
0.0040634643597712294
0.0040866390907366105
0.011699917649429315
0.02149404144252819
-0.0022687000870929633
-0.021247493611216865
-0.017776329877686153
0.0060444692915898246
0.01283507511623853
0.018933106464784546
0.017942312487688277
0.01529762765821849
0.009519888863723677
0.0003267929060890981
-0.01032909913030103
-0.01807592972587378
-0.017726146580738067
-0.010203697950804034
0.000577541284348897
0.007475655584029366
0.003637691312299941
-0.010611496048184422
-0.024151637897460877
-0.028299590701539656
-0.022711741588959136
-0.008382711722939805
0.004848675505638877
0.007231653211021769
-0.00011498189500940862
-0.0104262930045812
-0.01794026676474869
-0.018595537936999633
-0.011544250737519818
-0.0008078099006325165
0.008300309786335057
0.014369585972775703
0.015381079924097521
0.012826486880377628
0.009780651107131671
0.003271808438354759
-0.0014088793418346216
-0.004928434927109638
-0.007514210733598233
-0.008873739182788826
-0.008639706575601916
-0.01029274104337178
-0.010009514633804135
-0.008760856917111332
-0.007558909918220782
0.0219083566881574
-0.005458954041908734
-0.0050041835542116355
-0.004201135565721771
0.0028923595288248044
-0.00332208484550987
0.006703516137601795
-0.002121878037611857
-0.001702070769582887
-0.0014204387841421507
0.01930388711765187
-0.0019989383960090494
-0.0008606077783376769
0.003242915198519663
0.013775144578150232
0.07115679254269355
-0.0020539409096377603
-0.0007875725162710651
0.03755800618265518
0.0005639803299909411
0.0006890009877690919
0.0006206358589870726
0.001231727423826147
0.0014981215638347229
-2.6024082860727574e-05
-0.0004707794015312094
-0.0008030345135793068
-0.0012217514672225069
-0.001801756637085743
0.05095763381124343
-0.002795214513466495
-0.001271210667978015
-0.003430302941996911
-0.004339159971720148
-0.005266292120046417
-0.005640049401920095
-0.0022778939023752344
-0.0062652011711568254
-0.006438342233141963
-0.006566538365216969
-0.006743815978815091
-0.007189665230243721
-0.00794748458387455
-0.009231988897953177
-0.01255176336500528
-0.008237850884412526
-0.012715334259455513
0.011195491539353699
-0.005774049866367001
-0.008618277098802285
0.0011255658750627107
0.007687207784736002
0.011334603325870059
0.013022546596781334
0.01322615992485224
0.011551415632635112
0.006880174721384353
0.007205296543469665
0.00431874086715284
0.0005118584291598862
-0.00349264036196637
-0.0071721960879009
-0.010367759897904144
-0.012682500918055848
-0.013866520716825915
-0.013587091589663243
-0.012066353963231021
-0.009034563914021387
-0.005030997659298032
-0.0003298295494308386
0.004603478232503325
0.009185274337809994
0.012744440023606893
0.014545792299355239
0.013896508155039162
0.010340888938569692
0.003964933363821675
-0.004237053989230108
-0.0121165841786216
-0.016630721346825278
-0.015077334909565384
-0.007230996656076107
0.003239671970819527
0.010462840286250875
0.010349471697320421
0.0031078583609210784
-0.006917701573588992
-0.014166426946537731
-0.015785600412506182
-0.012552773160822442
-0.0071134328172803496
-0.0019711240105539786
0.0014190609365097432
0.0024606516737852597
0.0008195585223757767
-0.003930224074329612
-0.011413035582279745
-0.018192515214759508
-0.018658178569009684
-0.014409654577525506
-0.014759809586876201
-0.018378724675793715
-0.01506002795646453
-0.0039523732858721995
0.00829479136021672
0.017418018361813312
0.022106087019697414
0.02277536355917997
0.020089893397552946
0.012632353829883744
0.005582553948782241
-4.721268153615458e-05
-0.0043491410214777405
-0.007618836408499052
-0.009724810228191964
-0.01116980243383917
-0.012058247840064627
-0.012558144459658265
-0.012804725630958464
-0.012898689550805613
-0.012895073696817723
-0.012713129541305473
-0.012269843811097041
-0.011607938843490935
-0.0109350648547222
-0.010283202187500557
-0.009196891807590642
-0.007526087237871503
-0.005156982482527445
-0.0020404173950659987
0.0017706712157705494
0.006048891763991646
0.010277210057267087
0.01348838002100229
0.014516955213628002
0.011774102772451105
0.0038327591969866933
-0.00845468839128615
-0.019499954263892408
-0.02350327653566162
-0.021444636581751383
-0.016474884642372897
-0.013224386300938293
-0.013843431971576708
-0.01591638284615091
-0.015428030851508047
-0.010114305203524193
-4.558543215305279e-06
0.010258224804353627
0.01452956401771776
0.010173823066319383
-0.0002889206891195237
-0.010707096655111199
-0.015646695343118158
-0.01375435506978729
-0.00708273501205111
0.0012288384626263178
0.008564476963772381
0.013577521646014046
0.016068982812135268
0.016167116104073533
0.014405784689511918
0.011611496680432303
0.008682196507618332
0.006793158182820345
0.007454488258571567
0.00800523879844749
0.0013889432796135345
-0.004955997550414356
-0.008501810304799457
-0.010307287307608125
-0.011093747386733788
-0.01131441449363218
-0.011357139014984004
-0.01168106158520322
-0.0125803528730979
-0.01113327400134569
-0.010549582158270596
-0.01025382242492136
-0.01048153695250206
-0.01083502576322046
-0.011415983010955437
-0.011222591473359897
-0.010153302218150913
-0.007733336521731428
-0.00372971796264296
0.001793243024956481
0.008105134448512163
0.013681350323030932
0.015093503574179047
0.008391031282715617
-0.006636686139548272
-0.021182134810700484
-0.025014087347483054
-0.024257125317450282
-0.023814305904873316
-0.014146455402522658
0.001792055188384252
0.012959686294072166
0.016035281151291565
0.01380341994808436
0.009727763743923753
0.005953531414013139
0.003412812968765217
0.0023398372115709756
0.0028125341241136983
0.004806489047032952
0.007948822876395902
0.011352001206286915
0.01312911496080606
0.010589534399135722
0.0017300596954099934
-0.011625617223489416
-0.02244758758065922
-0.025457631866594884
-0.025058764555128416
-0.02506427568283483
-0.019803805474589438
-0.007256338271757791
0.005564690435017299
0.01217742863493903
0.011523527510420175
0.005977594723486986
-0.0014163456047354118
-0.008189095770425755
-0.012712763851825674
-0.014192664515162254
-0.012713974582184007
-0.008963145562784887
-0.003949839879543942
0.0012458790683329917
0.005273515965082728
0.008770167862799874
0.011967709107725998
0.013123734355065825
0.01290626074991925
0.012070954862191464
0.01047895818809554
0.008393238517894506
0.006396748190952994
0.003803167542791671
0.0017124886594419198
0.006761777506246869
-0.0020400344501613848
-0.00351355787341809
-0.0046419588872209485
-0.003974238763681185
-0.006019603509841521
-0.006352246471855082
-0.006417602432039527
-0.006093833520113673
-0.002501466108215982
-0.0066380730118778
-0.0032840674580442157
-0.005342817247534105
-0.002877833427515612
0.0007656153133174355
0.0018568847651577952
0.0033730018155793073
0.005424035056538625
0.0068556295848467815
0.006009672779661242
0.0014935299452287362
0.0017013562210053885
0.017558045750023468
0.007308905086705338
0.0002900498744083973
0.049933434416547476
0.03648218575263907
0.01777277039580774
0.01982133169099875
0.01839637961292341
0.017449713316801268
0.01765284069437703
0.017579834810982603
0.016650207025970774
0.013308433987609645
0.0065898711214415475
0.006258371574213824
0.011705961082774843
0.005975819149349467
-0.004197077589449454
0.005690015390585801
0.000624784255200345
-0.006539018883180255
0.005889251808925069
0.019376517366354377
0.025996005779970136
0.02666194894190153
0.026770420424870548
0.026579467499681278
0.026905269499715223
0.02973145227402917
0.025879317779947054
0.018632986569547604
0.023444354988559644
0.02576424402192174
0.02391670637942578
0.021010260722633622
0.017088159490425553
0.011999614289628131
0.0063853006460638725
0.0027514438006123604
0.006106164902156381
0.014633203417295515
0.01040562730636824
-0.015673105673025153
-0.014268658595994561
-0.006501372721750293
-0.01132993772609599
-0.01600927451240356
0.005183781512115929
0.01583777335942238
0.007828819830750058
0.003056906541430879
0.0056445768664968934
0.011973382905391749
0.01838985676787109
0.020491089732645462
0.022820195826898464
0.02513591950236359
0.026648221420070117
0.026947419362301737
0.026329122101380255
0.02539378038636444
0.023686074689594817
0.019888695785137474
0.016901133908442785
0.021041879592054315
0.02272284670461484
0.017078204469110462
0.021227217897774035
0.022222115219857473
0.02364770602967579
0.02339874178840488
0.02244313228507012
0.02151472033351103
0.02008371310330939
0.017160221914316303
0.011340423619458459
0.009452298884405491
0.0136090871402617
0.0173832965859094
0.01876648971491984
0.018979885334307185
0.01895162588783025
0.018683005983592463
0.019182041634493135
0.017601631826189196
0.018125379793568458
0.016078981489582193
0.015691039961165835
0.01401336256121293
0.012735038313519874
0.011444032643340473
0.01260156502473632
0.009487091604982036
0.0076304238608301085
0.0061875527203731654
0.005129969529160052
0.0035650438764356133
0.0023302098014419226
0.0012310277806668593
0.00105364145874885
0.00041051251467846806
0.00013667577658361125
0.0003424369610854544
0.0015837852343139442
0.0062004695242527
0.003578116207213671
0.0056258883421702694
0.008398579066661954
0.00978054300525458
0.011578242703459037
0.012955082755713616
0.013391338094372748
0.012264788384353286
0.009050872376487294
0.007207422833791667
0.0034651299812120907
-0.001464021730037239
-0.005754724914195869
-0.008426438599729772
-0.009395597908771917
-0.008136096265216363
-0.0032616770577314274
0.0026934712061469964
0.00929986523430387
0.01511010061470064
0.01824940270265234
0.017338867247791545
0.0118747161401293
0.003217479424983466
-0.007723344272741697
-0.017028430471987394
-0.016144753726946272
-0.009495522037185294
-0.007308798439427622
-0.012850430732460972
-0.018625027043006014
-0.01642994981883755
-0.0063847062391002305
0.0057387247679846305
0.014729820068643765
0.018445522887761866
0.017254765870875162
0.01272022059269062
0.006638826759301545
0.000577560128404298
-0.004278396313945102
-0.007155881398846029
-0.00774628268923901
-0.006283632714768276
-0.0033024112166751248
0.00047597464745611996
0.004345179072615232
0.007486993648108399
0.01004430801286526
0.008292636326805543
0.012637401507297688
0.01294474106625979
0.012543333389064567
0.011929478939542033
0.011645799367313131
0.012370301276907152
0.01371328875838553
0.01117016989608199
0.004519744773136247
0.014847822583424073
0.009384531880004994
0.015463305372762881
0.00015984700926635094
-0.002742498117403981
-0.003911100628998472
-0.004241242069805201
-0.004880909009590721
-0.005122868319648407
-0.00534601349453229
-0.006011834708865668
-0.00643819452946263
-0.007072805727611375
-0.00790780986395573
-0.008197174187023037
0.0334399193921304
-0.012819514640777052
-0.016352141990565693
-0.019936852429346324
-0.02469421905477754
-0.030002381283679665
-0.031320668096683144
-0.01886650728550746
0.016746063735284027
0.0263887031640704
0.02009955567205868
0.028325527175136415
0.001252449226980806
-0.026581347336733896
-0.03215688051863287
-0.028948840555461222
-0.023603185264133717
-0.019424726907445636
-0.01623381080294424
-0.013804049679971139
-0.011920089043074686
-0.010468486837216287
-0.00951464747697424
-0.008699311799506884
-0.007904263653303384
0.11258658007726527
-0.007296229622768314
-0.007249501468922413
-0.007416232961569915
-0.005915261595946931
-0.008309784863638531
-0.007148957378575069
-0.012003460729020504
-0.018062333587481102
-0.025501436621239312
-0.029491977671019742
-0.02373534198995247
-0.012630466668528411
-0.009224963217126483
-0.00835596396223578
-0.006747260678233471
-0.009248724258880625
-0.0098691253975802
-0.010369188246223486
-0.010865384563163456
-0.011402070507652472
-0.012055146151316634
-0.012953701517147463
-0.013401312467077686
-0.017247326570070342
0.07589302508330767
-0.020094498075834456
-0.017348804932502796
-0.01615277591542653
-0.01580360587241061
-0.01638580350912691
-0.009270266916417889
-0.017865685361226267
-0.018798736427275708
-0.01844682168642775
-0.018172494913035433
-0.023097120755220538
-0.02593577853690369
-0.03007751165984933
-0.03609326918211024
-0.0440729062775933
-0.04080608368403969
-0.004559311306603949
0.028862046402752896
0.014124017736921561
-0.0344717293306221
-0.038975099760099864
-0.033765975125945584
-0.028962569399182264
-0.024919993154683354
0.04995050105878837
-0.020213039634646487
-0.018703984917587145
-0.01688596575506718
-0.014905600818861732
-0.012857166550583424
-0.009522603000053337
-0.002579440952160455
0.009785123707735077
0.00795980237350047
-0.0053816019153981615
0.008364644731325322
0.010121325160190937
-0.00023548261810293957
-0.0065288419241048435
-0.010266150525297332
-0.012682991311266783
-0.01201852189415445
-0.01566921248087375
-0.016330067467558117
-0.016767966062857548
-0.017003962490583877
-0.016974055666769683
-0.016844096868520668
-0.016258351383963386
-0.0016811798698980393
-0.014417055341026717
-0.01464514647401355
-0.014125109710466117
-0.013284129585013522
-0.01233823433615418
-0.011192420556381456
-0.00851932297133449
-0.008623748281481504
-0.006931234814522577
0.010390236802083154
-0.0038554169092058204
-0.0022393653722121037
-0.000292232087853259
0.0018604218369938127
0.004369978554312047
0.007241450614303385
0.008377111049716729
0.008614075351094905
0.007883126485533538
0.007216915676470601
0.0066001785756309665
0.005491905478821214
0.003968830555823656
-0.0010390399000650705
-0.0034046765472099125
0.0010882468300352716
-0.00048396657524235604
-0.002938326568697817
-0.005659514526370642
-0.008296252381407377
-0.0104838394621187
-0.011742673024056295
-0.01160617351262491
-0.009718641802632825
-0.006256420689693056
-0.0005726855327618357
0.005713593840185301
0.011645129584666467
0.015158395332059928
0.013743162758994055
0.0056783705012853165
-0.007497817336341716
-0.019105520664728495
-0.02210251929813369
-0.019584408835346602
-0.020318352009115172
-0.021539705470168848
-0.014922013421170516
-0.0022055312927628124
0.00921852366932227
0.015086029611605318
0.015434966490784973
0.012294164830370543
0.007692734682591902
0.0029789423564426597
-0.0011511735539614315
-0.004443666075838227
-0.006904959762408187
-0.008673660353799607
-0.010086769208635757
-0.010777303146069565
-0.011285298030488056
-0.011647570917487528
-0.011863851818890773
-0.01196005870421792
-0.011948324873864633
-0.011798635875622687
-0.01171708427017214
-0.011150142857387992
-0.010562488716025505
-0.009878137996769967
-0.008950682545217317
-0.007720863826321927
-0.006111262736206472
-0.003979797410296829
-0.0015053398804545917
0.00028865896219357033
0.0012580635584885434
0.0024478498782394354
0.004050035138337939
0.0058998251528722045
0.007850775523788349
0.009787043333078194
0.011602605401128273
0.013189113982819762
0.014427786175644565
0.015164372410226038
0.015269235244419595
0.0146876746083851
0.01338740476423273
0.011331464464097475
0.008473646076333958
0.004862763564190543
0.0006368242921026203
-0.0039006386554214408
-0.008223690867576463
-0.011581655237648907
-0.013019212673085628
-0.011585888591891202
-0.006789046748840034
0.0012233982535752937
0.011067792264143587
0.01973570500328173
0.024007216044019047
0.022900368511606976
0.018867874665558226
0.015867975161615148
0.016181350525137396
0.019932341423419982
0.02591896116099203
0.032159667836924075
0.03670142281642713
0.038324314183420194
0.03662463309850205
0.0316522098851324
0.0240437508352142
0.015012502202701868
0.005990460609788443
-0.0017663159491700193
-0.007451047700991364
-0.010766759311494381
-0.011843452781562961
-0.011081489144094807
-0.008999146040008241
-0.006116218129369701
-0.0028771369182203845
0.00037506007318927406
0.0034209229562514668
0.006124234267797954
0.008401989388900789
0.010239082217822233
0.011665386423249496
0.01273330786004534
0.013503745764018924
0.014034817896933734
0.014378689334991627
0.014571651222161173
0.014632311705133546
0.014568052693765004
0.01435903303356836
0.013964581459654372
0.01331847895181309
0.012337874607931825
0.010926896739875507
0.008992489662261152
0.006463902882355269
0.0033293289339801388
-0.0003234145326597208
-0.0042540850256389635
-0.008022724697431486
-0.010969625525778562
-0.012257007980679588
-0.011015810756028057
-0.0066143922549950045
0.0009551878807755747
0.010773007369950965
0.02111231100429155
0.02984054344045541
0.0351877871759171
0.036289360519864346
0.03302423428890863
0.025850787088780816
0.016074496947653963
0.005701424749054543
-0.0032463329486115615
-0.009361591773262248
-0.012142588667569865
-0.011861348022434255
-0.009254691934128277
-0.005218002332405975
-0.0005742408519999772
0.004024255516634247
0.008116080393111035
0.011424874932375918
0.01382890588785459
0.015313738845894086
0.01593738646184633
0.01580875492015957
0.01505685470234062
0.013819385728788658
0.012231977827414888
0.010414990433843849
0.00844031457025149
0.006385602274346631
0.004365739536500933
0.002455190810579891
0.0007317642720058125
-0.0007799926221712344
-0.002014413542791895
-0.0028748063310649933
-0.0032618152609214792
-0.002848399698367383
-0.0008336652092072941
0.003014950916130108
0.0015837279949504032
-0.0009018405047492699
-0.0011640180419354989
0.00022004284244304105
0.002949279844226809
0.007357805659901831
0.01304679148358744
0.017349090931426468
0.01406127651636285
0.00033129402508876124
-0.009721903464871322
-0.0022560423619188545
0.012269469233384366
0.017763076188310863
0.015899925244535484
0.0096453537455402
0.0018601458498442136
-0.0032876547718740956
-0.005942143138854631
-0.007087855563767672
-0.00745089614999229
-0.006921142154479001
-0.00629369337234394
-0.005741774573325338
-0.005727008322451994
-0.005120409206003989
-0.004647498565361493
-0.005501859448179907
-0.004702296434403988
-0.004977456656955213
-0.005387010103742466
-0.005807823797032133
-0.005910250448128887
-0.0054471061195376005
-0.00397745653341295
-0.0009729503875817022
0.003915564693820555
0.010386684800747512
0.016823955998232488
0.01968354121487157
0.014052717859424099
-0.001568715498075164
-0.0177637791179753
-0.023372371290104534
-0.02227953208775224
-0.02105308124488527
-0.014601720451823744
0.0006798986950415849
0.015247557149110252
0.020732966055860114
0.017928695710101878
0.011296983087145338
0.004589959916141469
-0.00023202403431497735
-0.002693443664342977
-0.0032721700372489795
-0.0027862048092080595
-0.0013344908283420887
0.0017882620855084075
0.011910831125886511
0.029778004801689285
0.027172548536990734
0.009034197170952978
0.0011815293992040034
-0.0008782443155562956
0.0009371391104085078
0.0025162134033048507
0.004226263461975954
0.005242715708695398
0.005660239159126511
0.005989525018136349
0.0061450267065933355
0.006220103137274388
0.006221072447759676
0.006107171935633538
0.005828780475677587
0.006135660449716978
0.0062435265403228465
0.006305268140812496
0.006360511530359809
0.006402778005430781
0.006323074276147867
0.006047254966333369
0.0066721733364032065
0.0068313867502878284
0.006916955024996251
0.006948686296155668
0.006826367001621585
0.006002762365390382
0.005888749646372957
0.005325496689453713
0.004765812645721426
0.004151679916791293
0.0033111081637218496
0.0019699036200652043
0.00033505874176033436
-0.0015859657552419742
-0.003287938263888621
-0.005804804853996885
-0.006258224441553556
-0.00787599178478348
-0.006713718475634979
-0.005317744227068575
-0.0025588147558864675
0.001474247893912563
0.006545369879141222
0.012019647924521334
0.01684081044716974
0.019578432873776627
0.0185760322423478
0.012553630092592276
0.0018221917755359672
-0.010228901117478567
-0.017193769204426074
-0.014290079212742526
-0.005792206383210928
-0.002493760851078773
-0.006537103891225272
-0.0087845184867136
-0.009971074109424397
-0.0030021482379027947
0.007777394438685548
0.01611942919340869
0.01980274806822299
0.019290245103582612
0.016026894326361413
0.011582022050830542
0.007247872989502873
0.003924231494114075
0.0009378235465557062
-0.002443803877253753
-0.004344998497058699
-0.00546712403310804
-0.005529066816724763
-0.006623686895883717
-0.006383024174895982
-0.005977306634394947
-0.00570283003254672
-0.005708228858721772
-0.006175928290047073
-0.007795480483471792
-0.009581901774690637
-0.011372612012641496
-0.010224601221763803
-0.00858988674847877
-0.008283620652522604
-0.00790510357404535
-0.008458126079852834
-0.008825431304140449
-0.009399457972637457
-0.010539664379079735
-0.009247205168722746
-0.008099234540294806
-0.006020525320918001
-0.0029206342814605602
0.0010897784176516288
0.0057130726231428685
0.01050822699276212
0.014606827237815286
0.01679454864659824
0.015707605377267994
0.010320425218210106
0.0009042632937027971
-0.009821328293162786
-0.01659111205189504
-0.014804263509071418
-0.006521653976407947
-0.0003109261491868561
-0.0022191749547169123
-0.010442274267587495
-0.016366585174008703
-0.013880551282949597
-0.004699606303229609
0.005789741816900468
0.01343064070452861
0.016696879684906393
0.01597535290289789
0.01249013354804922
0.007604956425429348
0.002297067639622829
-0.0025657319492825223
-0.00641472837390754
-0.009108326854797141
-0.01038374400508856
-0.010354340547859922
-0.009470626773748003
-0.007954777961647922
-0.006092886027360482
-0.004183562302011179
-0.002576896370191774
-0.0016481768112538066
-0.0005753359002862222
-0.002344207364837013
0.0018189894684335168
0.0031830034946935255
0.0035183819640848928
0.0036192812650578782
0.00398758790151246
0.003997496183968753
0.004116797678806507
0.0025419641461478237
0.0011343278158315552
0.00017600984969212244
-0.00025416707174452993
-0.00016911047868516395
-0.002178453040558594
-0.0039781225627587465
-0.00490555920597777
-0.0052750518992223635
-0.0074615000802742675
-0.00797021636222289
-0.00804369363376259
-0.006613844560670222
-0.0024737745827340387
-0.001420979486380441
-0.0053798338076747046
-0.005216510459752627
-0.0004907263495104555
-0.0019072489177407181
-0.00867513328088022
-0.009901388166507194
-0.01181005369684922
-0.010345624344617632
-0.00968297892238669
-0.012356677896780287
-0.012460171481579359
-0.015010799946564686
-0.015983299450125464
-0.015984469821552546
-0.015290604416498987
-0.012891127328257932
-0.013751219871680612
-0.011653738560246181
-0.0035054217837349384
-0.00015021913174574205
-0.008150219742039826
-0.013019352108580066
-0.014675652715573882
-0.015112950128635439
0.005577569894390248
-0.014890837296038689
-0.014322519563489747
-0.012724722561618794
-0.012911618585625475
-0.013090051047486586
-0.012672437763633828
-0.011824189930096566
-0.01117223501020916
-0.010186530869279259
