-2.9123051715561557e-05
-0.056723382199850875
0.02339334414020826
0.017161298002352856
0.006343565873026476
-0.018856779382916373
-0.03416751775988311
0.01786577074605182
0.02915166007920855
0.023225198395128478
-0.037168312481958295
-0.03291572772701932
0.014511812764682872
0.009896566670039226
0.004149904855410219
-0.0027852394126453017
0.004834444351347173
0.014594997608470448
0.016966714831689714
0.012288765759524757
0.0036808185291440265
-0.04960368411221233
0.05680588739757435
-0.0577749479819741
0.034916281439808655
0.015440111523521581
-0.008605195339261336
-0.014274520832095551
-0.005070809667471084
-0.03479052068830521
-0.04689795961228934
0.01102306388609133
0.012884389287601003
0.015858823192562585
0.01780223751913739
0.01785811917078294
-0.0627154660450861
0.017422536067633478
0.0065938559528717815
0.00937753280172621
0.00614906453101278
0.002826548730995571
0.0007344468076915813
0.00020416901417431908
-0.0006917786152842257
-0.00358850148120745
-0.0026990856635347405
0.001992079655542898
0.014537345017596343
0.030365166893703926
0.016001486345628965
0.061906288614036686
-0.12874424302710427
-0.04015410134960304
0.06684979769660579
0.008573840779718084
-0.023324874496032634
-0.010134365716919785
-0.0025845568024310704
0.051757453297183585
0.07153918637621477
-0.0012026597708955815
-0.10991660649788353
0.0065428722954544724
0.04082171595039088
0.014081882771737601
-0.0335319382869535
0.04554944924120899
0.06735883468296545
-0.00518299624277704
-0.045675991105054964
-0.046267048633577015
-0.03162963028268203
-0.015173157065054505
-0.003223012526007721
0.006734285711185299
0.02081276259356311
0.031263336201959105
0.036869771677440974
0.016198806970304177
-0.02408239118375118
-0.04983415388877709
0.014328371853916206
0.009740488287036242
-0.0006661693605542646
-0.0032147292647344418
-0.0001284675287786071
0.0031857749999163573
-0.002981404496411778
0.006710529033051401
0.0059111746880340125
0.003985941313173923
0.003991245186423198
0.00841789101621209
-0.04427087547225837
0.014960156713708862
0.002249543205881163
0.020105224535187
0.009618359542585435
0.010729051278847943
0.012682496212515118
0.0280704440490386
0.0008318921804341043
0.01644442206192082
-0.01085786051816611
0.007599295447108901
0.0003915922616880805
-0.009546270541795639
-0.0236164954250467
-0.031410601326950935
-0.0313737315497158
-0.09729047439040232
-0.04832887710547049
-0.033244797985076645
-0.00522769861200833
-0.05423944081812026
-0.07018395166891715
-0.00029115822751232394
-0.027600250610348105
-0.01916515796099299
0.06157645680439883
-0.025490741365696144
0.0930309628220092
0.1240960871044061
0.04246472364207104
0.0393582286340343
0.0001919415642317203
-0.012729315828041817
-0.0007836439877457631
0.021790302603351606
0.029692964820159557
0.03584036956060308
0.03036247640917109
0.022058865290234073
0.011270336193365302
-0.004630751477746784
-0.014545030888239144
-0.001130418799644409
-0.03307675288662715
-0.03932239990229487
-0.047559003340915236
-0.059092878635029995
0.01636878126281851
-0.028756248160746845
-0.02661222219465929
0.05811157656985979
-0.05583564629833629
-0.05512919997125336
-0.03895038734159378
0.004869475789105905
-0.0017227455085155035
0.02677949948614626
0.0009846589150689115
-0.008046688224266824
0.10557212437171366
-0.0003448971169494107
0.01566464165638201
0.01283901221213493
0.019611967118247746
0.025692513278872155
0.030836114283107362
0.032845288446240975
0.03345083081324963
0.031038984993366724
0.028204461242645668
-0.022693177545094638
0.02538621878981084
0.01845804332290197
0.01849119391568051
0.0029368695418029002
0.0069332607384697004
-0.0014222497621827902
-0.009947045968720137
-0.0176500138236671
-0.02217308043419999
-0.027506747632478627
-0.03399025019039129
-0.0014977348889659782
0.019531138031112002
0.0416426809772727
0.05551434244179172
0.054020493694165006
0.05995123173632435
0.01989219207382972
0.023181005679235502
0.04258377709823631
0.06147332541556339
0.0529392563346183
0.03178196313680257
0.010700264793300556
-0.0065194637425329575
-0.019690327730769848
-0.028717412789687
-0.03614440011952161
-0.03185461936708517
-0.048611371594743144
-0.04406283249881778
-0.042122808089151524
-0.04048276489255647
-0.03258051764188446
-0.026935750939983853
-0.030861474044345312
0.00104182330280348
0.08166863304619722
0.06596590041429692
-0.003809261330261577
0.0015387113672083643
-0.01687135120923857
-0.0030387320895111144
0.013510873246102518
-0.0068446484695007465
0.024430695666784425
-0.011770462188819157
-0.012478691995248436
-0.009367879153750156
-0.0276988090958863
-0.011556734824770314
-0.010168199487333433
-0.006581348906794602
-0.007779078918141161
-0.008832188715090039
-0.00859513311152355
-0.01009882818681723
-0.011085539451247807
-0.005231894865186921
0.03824832964425394
0.01920113891757474
0.030537180288893614
-0.010752055207031357
-0.014634250378868617
-0.01078936178616968
0.0432378536482167
0.0032734021120945957
0.04527119579425434
-0.04899842305219209
0.03491534413057969
0.03124133123424992
-0.0779130213472881
-0.027568452603209642
-0.05131449933758141
-0.005693530945193947
0.0045845049406098605
0.02641085638821421
0.023301952082081048
0.01756124430845132
-0.032231083055017914
-0.03211389854021519
-0.03003922963675145
0.023421956299682006
-0.004225564960595705
0.09871704261256749
0.011707424316392871
0.0032099538749690367
-0.008838457110399644
-0.0002022909971623769
0.03062452220621419
-0.0020701803711199386
-0.018531678029288193
0.01874683911269234
0.023368187395850438
-0.01701613996255842
-0.01839214055731031
-0.02214329490815334
0.03290414766859717
0.04264277070867655
0.018415663186923895
0.021384775859579486
0.020530023701545656
-0.004414467434125917
-0.017122161069403886
-0.016124631430688062
-0.016022574072800375
-0.017962703500357863
-0.047221499647118526
-0.0008817149170157351
0.0037975883780439197
0.024627098018466107
0.041954660212210435
-0.004075971671989112
-0.004286141634183548
0.007731010131794723
-0.05915118694280472
-0.012101314080478593
0.013648544379198078
-0.016002393783779136
-0.019661486647480225
-0.04815037140333772
-0.012129979722980482
-0.017887950431256017
-0.09757843430643395
-0.013804127636632132
-0.03897916105872785
-0.009399254766490313
0.026119818675822713
0.0010526150480167679
-0.006600893884322884
-0.0036612006265638276
0.003539080149683812
0.03232260315312302
0.027579256855589117
0.004643408507477824
0.017078122246610882
-0.05467858607699881
0.0005519638759553188
0.005296167756871228
0.012868563607220782
0.009690225869214237
0.010347346968274947
0.013444154283077494
0.017632542340935493
0.040369262680121816
0.02674717174530602
0.02633549508982926
0.03439310550757286
0.03380346646137716
0.037732659451147336
0.03524908314179263
0.04713940653935772
0.03983010348958611
0.011209458382313952
0.035149205183139395
-0.036091175957094476
-0.033400517386519196
-0.036846244849968346
-0.036423742048876544
-0.1088672159324612
-0.04625249381082831
-0.07241261010449533
-0.018547361588479642
-0.013222674698352904
-0.015868291853456257
-0.01402997701857536
-0.01346993241384504
0.011971190706380249
-0.002327599812142772
0.0022226590031872006
0.009099174270899003
0.004750795661016662
0.0015492530012153583
0.0009641071006108905
-2.754217914806051e-05
-0.0017544208006970725
-0.0027597193336096875
0.00454653538032334
-0.0031008680720324496
-0.006323613064433169
-0.005278877693599156
-0.005992419882411493
-0.00792374903993724
-0.01085507039376729
-0.005769198163342043
-0.004367119136016365
-0.010059417373925255
0.006945339655628865
-0.006159624353106874
0.02931216874250449
-0.005974715329889366
-0.002424010531593766
0.0036541521251059433
-0.018165867863432616
-0.005522575842495024
-0.006849812701175128
-0.010893940113835612
-0.010879143372930177
-0.018854586199432703
-0.020146960575775596
-0.0017108880238678027
0.08230398518571298
-0.03729893008544453
-0.008144923461618695
0.07245168032842535
0.02913530055607802
0.017710404150982538
0.02093982021096735
0.027183681813841273
0.0218104850727009
0.028184311037557055
0.02794872663712628
-0.02101524585137255
-0.04644881017460759
-0.011559115480181594
-0.030681725474356807
-0.044830033500303575
0.00876081499924549
0.0200987528387983
0.01586958606905754
0.010969973052064028
0.004530114150065982
0.006296356685521958
0.013831225835478437
0.024248493257374583
0.020730604453962537
0.013944546393627702
-0.0038594125544206834
0.009523369607568465
0.010548911641039969
0.005398777885137803
-0.056717226324055736
0.000514152849597738
-0.003389051770038303
0.03514649253844754
-0.017364864415932622
-0.02422637847831679
-0.010872297606461748
-0.008238246965508088
-0.018634430173878058
-0.02145535814588582
-0.02306079968805724
-0.025278533876553346
-0.024457893431948933
-0.030309622770571087
-0.031163095236327376
-0.03296567493025415
-0.02400082490810651
-0.04042078506216369
-0.02172330470220512
-0.01807487546593179
-0.002683897537933207
0.017045624212972003
0.04056032602664107
0.05957302529441712
0.031010279270295822
-0.049692844516771376
-0.006821607066561063
-0.0608858894813279
0.023454423631365077
0.054847718259995855
-0.0814124311454261
-0.012908339799684415
0.02755951349057299
0.026525151613938043
0.012896375711266856
0.0017041828552208688
-0.0022711382886236833
0.0038227863000119284
0.011463711482397087
0.024587769803322505
0.009496626930763558
-0.007943793269522359
-0.05740222574063827
0.02189971381690836
-0.006336220891854117
0.03772172853596381
0.011950342359022289
0.036983739438034464
0.0349298205153306
0.015656359760752605
0.03014653821132642
0.010730943707924899
0.008605029362694477
0.013806336291146198
0.029044240773782603
0.008608648322406855
0.010907931691936363
0.0064021487776148795
0.004279206212043503
0.007603830080660179
-0.011012476496306598
0.0006070844350929944
0.01068021369297471
0.01074803495609177
0.0010057214381981932
0.003189929043056985
0.009085488813323656
0.009054477490785652
0.014590246404894931
0.012456210080762848
-0.0012479483886764875
-0.0520362183401951
0.015913501320681166
-0.004084316751028867
-0.07014984352991299
0.007361696216366176
0.018158361527255834
0.031131509558542096
-0.00025424216653702653
0.062053985895018766
0.0190675839967565
0.01705678215703069
0.009502008972006554
0.003021992361513875
-0.017838015101786158
-0.025982021773059683
-0.028829783269525542
-0.026874827022811174
0.022185025882305528
0.16282901187149823
0.13480820395923127
-0.056029034578512105
-0.02620567343355857
0.0417697986196016
-0.019631526635734673
-0.023138539218792126
-0.012749949364870403
-0.006708821784690333
0.0007436786477443196
-0.01795764670169399
0.027812178789010905
0.003353829540434545
0.00493669661203771
0.01243907999249694
0.011057649416403113
-0.0071565267679773665
0.0022815860594909056
0.015367745147714378
0.0036788814787560983
0.013377014703591589
0.022311451621737345
0.002833327051364451
0.004542671342745827
0.03003254594350189
0.0233124831376784
0.014875345098429835
0.015260168966886147
0.015304059907460744
-0.01358746839491172
0.016453708794108
0.008537838051110969
0.013679451837102185
0.01926902499696386
0.02099498921231328
0.019861361160307584
0.019599905830262807
0.0025016131998202504
0.01432579411654137
0.014307342204432609
0.012540629705641772
0.007372567912707805
0.008712551654443464
0.009880509044672548
0.00824264599426485
0.007932211594472839
0.007714723229040563
0.006944028520259996
0.0037187652125395816
0.005282015879620462
0.004592136486977551
0.0033714001084583934
0.002304839288129039
-0.00033406892029857446
-0.000991913731310549
-0.0019708904168886177
-0.0034830854402334212
-0.005125577870464591
-0.006858121453006971
-0.0076035375174949875
-0.007116206712747252
-0.011845917692849471
-0.0186262680413771
-0.010286606202262632
-0.013391204882587925
-0.00956931856759324
-0.0032494260104671217
0.009018362025000233
0.018175558999209106
0.016833418113238557
0.003204347706734525
0.04517657099190655
0.020187274936687986
0.00911915164340677
0.016368682868090137
0.007474834278771018
-0.004654798826221817
-0.011347553550401474
-0.013213729800677103
-0.012289719717681386
-0.0117496954739897
-0.011941970131074685
-0.005480910220445026
-0.0032058045322597736
0.0014492835861113142
-0.04647575595233807
0.0025442101279948685
0.002816756176251811
0.004079100173395198
0.005398385651068438
0.0043704504955710205
0.0045255860886487835
0.006207479003250648
0.00832026243075904
0.008649223393996933
0.009408043948349352
0.006904878305115194
0.008275101739354786
0.009638160931165003
0.010375009329407063
0.009995763701963555
0.009700996794585104
0.01031378862725402
0.010267957447350234
0.010050932005334814
-0.02273129263827443
0.011420814766871401
0.008479637573631555
0.010813834817397974
0.033294786815111964
0.009250292157215801
0.01031372630936921
0.013732974107616884
0.02183301857105152
0.008912617280728799
0.022292621453342976
0.010210151216253677
0.00292529359422595
0.008113928198546491
0.008321243203651334
0.00856672453807814
0.00925268272211782
0.009976512804147629
0.01398104360168984
-0.011903082558664844
-0.004925895298487551
0.008745607532416027
0.007695166677825782
0.004843436284697521
-0.004819872878103723
-0.0008934021169665582
0.0028116899387149695
0.005780603629326148
-0.023355891562181163
0.020206594566712997
-0.07234094024620043
-0.027542210456687914
-0.004014857171094835
-0.006679198430788839
8.209655327778247e-05
0.00011444332284428932
-0.003776351463825956
-0.017411274387413692
0.0019891403256318196
0.0038377147906923704
0.005202657594364216
-0.004740630793218431
0.00525087954755498
-0.0016120543164808228
0.001971528606487472
0.006330492247866374
0.005937601261425663
0.00647408475423418
0.04746425327546015
0.007315406051171882
0.009695820908372217
-0.006395223386546315
0.006448614570073367
0.007295562823650826
0.005034903528825846
0.011992824448690462
0.013755285701935356
0.021400448117244543
0.026124999557299838
0.030012579272480085
0.017913300266436945
0.025876615810085893
0.03856568190122847
0.02657741121195621
-0.07704948980249933
-0.05143083006766418
-0.006435717784783769
-0.08171330545767079
0.004989964313539177
-0.025513359276837917
-0.012041519326045995
0.014344479896760074
0.026385128023495116
0.028189448814561757
0.024620713961995406
0.008549745915555169
0.013496838090477635
0.015224971445495486
0.016153115123535455
0.017193849292559904
0.005325180955367476
-0.018816597709070043
-0.004091385180844588
0.0015417502030892916
-0.003377230458997878
0.003283730883851225
-0.01187544174381007
-0.015171912163563483
-0.01430570598560089
-0.012257773660011108
-0.013240580236084577
-0.014002235357048065
-0.014830959077675584
-0.018410726283367675
-0.014139136501973602
-0.015359321249591502
-0.015477131636396989
-0.015341932571015937
-0.014767956623192677
-0.013280620848824767
-0.010320961294468484
-0.017360489817989395
-0.01567022503837077
-0.015693339608729037
-0.01674418132040773
-0.011850094721664055
-0.01114149265358605
-0.009984166260691225
-0.041290132593648776
-0.006412583545008665
-0.0075303482868091355
-0.008645626086539718
-0.019487845378694066
-0.01138125006791458
-0.011754724564182818
-0.013414893053355371
-0.012083540327885077
-0.014188452284044306
-0.012821695625525917
-0.015287262011772431
-0.018051453758754242
-0.02347389048859656
-0.037092390828671516
-0.030401011255072993
-0.061996702623507614
0.001751579817561639
-0.03231395341710184
-0.01894416228224964
-0.0016971310486474497
-0.006374485792051084
0.003842445231975276
0.004026330514579797
-0.01941242069038487
-6.290967237369332e-05
0.004266256808680226
0.0038895443541312326
0.0019396421391783616
-0.00144512706139697
0.00443908727463813
-0.01635167573218487
-0.015349686996164014
0.0010770109901617974
0.0034856851276543004
1.5291039156515157e-06
-0.0289493276036696
0.001921577817571965
0.0009797426849304253
-3.912348724114178e-05
-0.0011892717952524318
-0.006768855047222306
-0.005084323470913991
-0.005840717027555236
-0.0070543242570416855
-0.006396424754360227
-0.014327440111066016
-0.0065339323700034264
0.0017564984403640558
0.011666907698045095
0.023041875904335228
0.025948712407195228
0.022054317015396778
-0.044396598285221266
0.029589767036554387
0.01843389784817806
0.025063068244457185
0.016458517300530367
0.0037379589700394437
-0.0018053241519754549
-0.002876512812588513
-0.0016872726589490972
0.0010044734872006133
0.0039619356904001275
0.007195589402984285
0.010507078278282038
0.013428900143007304
0.014450632590275366
0.02055792543442828
0.02244766082815824
0.023269645011658034
0.017929751310801847
0.0033992077392852936
0.001458307613652736
0.044314793618895953
-0.11284797269370433
0.034753010549878026
-0.01958639537398012
-0.01740573352124076
-0.0066851071084546455
-0.0004939062310389468
-2.028022982900381e-05
0.003845656376915997
-0.004087008330475156
-0.0015745347053355769
0.0008765298034857007
-0.010938191014609033
-0.0014856242548261242
-0.001749028023063824
-0.0035584442794953596
-0.005324724655504075
-0.0063959552149671335
-0.014812178530415327
-0.008962873665652907
-0.016500420742430997
-0.006345064902039823
-0.008927120738665676
-0.011070995377564511
-0.011144053606731446
-0.011393921743815694
-0.01599371417717401
-0.013137119564984182
-0.014057846747228086
-0.015382811597104789
-0.01355618341457644
-0.013722506363044935
-0.014552163241102953
-0.016825930657750638
-0.025494510560962528
-0.033092923122776716
-0.013215675946896127
-0.015002056365473795
-0.0112317886312012
-0.009570574986032703
-0.007038834294096634
0.08030846604091035
-0.01193434577120111
-0.015248288438624526
-0.016225190786240934
-0.016892082453877674
-0.015673600982554364
-0.02051766567152347
-0.01694658701262875
-0.018737276156510392
-0.017193110219487096
-0.017036169391931408
-0.014006312074100104
-0.0157243711517649
-0.014331112547479102
-0.07392242521982546
-0.020605086948312458
-0.026778560688745824
0.0465527198568022
0.0031702188568034535
0.012047043755110204
-0.05756928171883507
0.01838641100215118
0.010452849579266014
-0.010307364893011019
-0.006537552737960596
0.007399404729740844
0.020516133289555875
0.005926218209698403
-0.014568497201876699
0.10882313233261177
0.02822544199538096
0.019136919782764092
0.01373573357783956
0.012472127455583217
0.015244216621004815
-0.0174199452991095
0.009518751987896411
0.010462353582356325
0.011066226176774264
0.014270202711653697
0.01918426336360537
0.013313054882081473
0.010797287607135206
-0.005627332939374564
-0.0831606761043156
0.028368142993196913
0.06530246973966845
0.039376492233586524
-0.0027843129496986302
0.0423876381654972
0.022124885228700354
0.022037258408775483
0.023810143350216587
0.019241225855250652
0.014666081963247974
0.014931084235390137
0.0074699607922683155
0.006088269432551582
0.003913181069674785
0.002542886790246033
-0.0017186980909016767
0.0011922722754847818
0.0006716435443235898
0.0009102272911504674
0.004027031272542026
0.0033451718040843517
0.0019312838604499739
0.001161404398555562
0.0030104828497834065
-0.009332533035457037
0.004721836190705219
0.0064222611416893316
0.00917665497573637
0.007697312283083636
0.023497988798008587
0.005947614021386599
0.005135830006251189
0.006174532634527397
0.020609181174864565
0.049343006245614794
0.04081497724226324
-0.024125844850211332
0.019560069046469293
0.00015045458997100982
0.009123121785871999
0.03534985374707711
0.0231763940120604
-0.006500313215308128
0.013760419069999611
0.018242838300885654
-0.007380647525730708
0.007522115934756732
0.020513500481307415
0.023122412308323157
-0.03455927795422692
-0.022284677296392406
-0.01512674080715788
-0.00670183960725817
-0.0017337012345598317
-0.0014536615818255885
-0.02121182802144039
-0.010318333941523055
-0.06658280014825968
0.0014710266385365301
-0.02847464064075514
-0.01312515571361281
-0.008888232584816285
-0.008917215227243917
-0.01615356767379839
-0.007576412241622126
-0.0070673409864656315
-0.023005004688585937
-0.010098225111183138
-0.003512807817473748
-0.0036697175398060383
-9.328365240630679e-05
-0.0016899987097456011
-0.0011959431278423442
-0.0010799600419162429
0.027768386168217647
-0.002566850528093698
-0.002274950613263184
-0.006969953812945076
-0.0052111899634668035
-0.004959402136577453
-0.005212748222089293
-0.00698728934328406
-0.00633424707839759
-0.00614472019996091
-0.005817957411596795
-0.004040975749846649
-0.0021586351178366063
-0.003155662601386906
-0.003001836761420646
-0.0029546854094109854
0.00295734023777769
-0.0012208689896591122
-0.013804206634399649
-0.0005479371016985408
-0.0002840976541726852
-0.0027267467632856868
-0.00551158455807121
-0.008037339407641916
-0.0019532143266559757
-0.012141955592836312
-0.011818714940516126
-0.0021528705773595238
-0.0023795170112611386
-0.0042734304269670086
-0.004907100154249181
-0.005471763618894511
-0.005668572508324974
-0.0030095124762204517
0.003078540425375577
-0.0010941629417803326
-0.018617560475806275
0.04602994839962204
0.05779458290831147
-0.008218316920240632
-0.011665822677521318
-0.007635378294723678
-0.011183201398932379
-0.012005800633169592
-0.01226075192246037
-0.012044596883143714
-0.013189197997356718
-0.01959953075543887
-0.014410599964114305
-0.012828781372715412
-0.00442520138302537
0.0015952921176381734
0.008104372459631573
-0.0030810143287760593
-0.0015162487567632443
0.04364880792452037
0.004531279559508664
-0.0014191354213439233
0.008020124713562329
0.00036901550822052425
-0.00815920006570538
-0.015526511929788087
-0.01968604170209436
-0.010115866390767041
-0.01009712389645152
-0.009673202470346665
-0.011659280907976122
-0.00648319868566963
-0.004493134828779449
-0.0028629451225926335
-0.019412426587842726
0.0019351807568055981
0.000905855388925312
0.0002207255695524887
0.0021484993335043603
0.0007798024988147729
-0.011024825708590372
0.0009794499559058606
0.00620262483629096
0.005433228706225152
0.004878400171375861
-0.059568789816240905
0.004793090533088487
0.007983385789657323
0.008907080104520513
-0.005018489713133247
-0.0003618187785299701
-0.031732421059378214
0.01251447360329501
0.011094750985005675
0.012280709158800827
-0.008059382754055593
0.019598624283027166
0.02212799432675508
0.023723613837861368
0.05136809280663618
0.02426783684820941
0.02936784492667148
0.024619973011930092
0.0335282424371762
0.012149950257102788
0.01096539432013875
0.008570698349894204
0.004140647163813771
-0.002418665503424745
0.004553617293272329
0.005282164633319815
0.004830281427512675
0.004783746514246795
0.00539107594135868
0.01811855742722561
0.0005829774741628037
-0.01922488918355314
0.003875480294231298
0.004082766598252262
0.00579499269137778
0.0057082347773412985
-0.010155046848693058
0.005657016856771069
0.005481895805194782
0.005876858161663597
0.0068344568493952425
0.007113238355760838
0.00789545128995726
0.006233784848961759
0.0048785010410127535
0.017448900462995645
-0.01664874701382167
0.00243573789984508
-0.02061521937177412
0.00013496202753183507
0.007424227958168157
0.007812016820473448
0.007170764751236199
0.0064793564869585285
0.006062441507701414
-0.0016227124746437105
-0.0006560429824487597
0.0037282824968406948
0.0040500554425674995
0.0034710770184148794
0.0024820947516433645
0.0024321756994888514
0.0018998058485458135
0.0014264948527039655
-9.653493637153261e-06
0.00036467553109098387
-0.005467604332905682
-0.0020123089858894937
-0.0024065208621564223
-0.0036131000157658757
-0.0047954316787162604
-0.0072575140640993175
-0.007588172650967757
-0.009060316219671778
-0.010659832215967181
-0.011501033825490522
-0.011703626341175536
-0.010194100183773206
-0.005858726400700959
0.0020852787990134542
0.00936527653676615
0.0007622109754681039
-0.0015723337631419272
-0.03759026345575637
-0.01880415978072565
-0.011936601216749282
0.004028390969411536
0.010716071491905904
-2.0003051977956984e-05
-0.005340602846623111
-0.00900014427645804
-0.010764758584759155
-0.012402473710942417
-0.015666384835156838
-0.017491293263412738
-0.019661067002375385
-0.019330509457334413
-0.029529237135859896
-0.05035210182855151
-0.002928928268073761
-0.031459296054341154
-0.05805337852957242
-0.016420603194001796
-0.004269925729606632
0.0033163996093053924
0.017612444864079882
0.014138408072353758
0.036365403119219764
0.008929668410554335
0.012165981673985044
0.009770843234168634
0.007709010592023487
0.006555600228518375
0.005761539757910763
0.005360237325400886
0.0056246917334885765
0.005540285228921404
0.00551539321946186
0.0056310492280033965
0.006152918105719723
0.00770729918612828
0.01618140360700738
0.026220343319674513
0.011742376197014749
0.025424128977122085
0.007553316281273806
0.00407667141338406
0.0028300144936896257
0.0017896525083708134
0.000547258118491975
-0.0010735823982740156
-0.00453891790327049
0.004566203866693211
-0.0002404291004132142
-0.00601402465025656
-0.013675705027905364
-0.015364470334218942
-0.034165492852690306
0.006699953137312583
0.0961522074398511
0.05441422693730666
-0.031826835453734506
-0.01757250839457711
0.0017239234268747001
0.0026431407271484894
0.01563399492663199
0.014031084658047803
0.004370139537666885
0.023784551502883264
0.0077632854143225415
0.03238297657027595
0.005799425999810026
0.020923175229261723
0.011748119545616944
0.003962971958364419
-0.0009868738974544693
-0.00511253860881464
-0.0025335849280725634
0.00712699232440608
0.01048087027758542
0.004058843860036101
0.004079210353976725
0.006480424667828652
0.008436544851415014
0.007154551403640358
-0.0187057839537148
0.007147883693134592
-0.016836823014358574
0.004803616156858593
0.011106364780032482
0.00979637368485289
0.009309725974281414
0.009428802987146311
0.010411404300256622
0.011936333982346262
-0.015587110813795083
0.015869168090069826
0.014109933392626827
0.00437548494247381
0.0020676693348811942
0.002417202080039428
-0.004927344928734136
-0.004029932664546368
-0.004266812389718846
-0.011027661270139204
-0.03838527597336549
-0.00988367204703168
-0.008331795599425845
-0.006496217493568901
-0.0002559082358340294
0.009536270497982158
0.014805133188951021
-0.001778608414174685
0.025335638701830834
-0.019708039751248442
0.001066792394225978
0.02008368865052576
0.02496899639858889
0.008537385731360031
-0.006390807342720288
-0.020464698903729504
0.00042260766460276293
-0.0014850304497243706
-0.011310380057762404
-0.006534412162022145
-0.006223246565620978
-0.007012053036498722
-0.01056614162320894
-0.010240926385155823
-0.007402892649258632
-0.0031062273261818177
0.004499911135099647
0.007454175538905015
-0.000152569535116753
-0.00728921467200915
-0.0034064236679857206
0.015048357519089527
-0.0003852818729264907
0.011390643029927726
0.004464220295240197
-0.003224326748047492
-0.00703547767578622
-0.006730614760729802
-0.005548714299568595
-0.003709323528752322
-0.0022563745429587103
-0.0003488991968394561
0.000973828966863476
0.0021974377539835215
0.003300521071528713
0.004208149803810446
0.0003535004465673872
-0.000693424476209428
0.005671024070394549
0.005681411184691036
0.0033312586247261954
0.005142777285449065
0.006082447530686693
0.005818397696004757
-0.0031529670050292717
0.0057489133342483005
0.0030280139952710747
0.010044173631209612
0.003799639543377933
0.003485884403465066
0.002914763855771113
-0.005678926206327842
0.0014037045231172387
0.0008836428579569864
0.00022636499134027485
-0.0016651228664777281
-0.012453626112557641
-0.002114967939792904
-0.02161586599225723
-0.006820971641945314
-0.010067795684491634
-0.03196952697664522
-0.02678046553198964
-0.02933982886327019
-0.03948776726771695
-0.046943908554539227
-0.043501970597760356
-0.026172450437163163
-0.029206982213838193
0.031214478961641607
0.022575481041230673
-0.009644691800047556
0.02300250590846544
-0.07155169696505424
-0.03874750815036873
-0.042465166152424016
-0.0253180290393472
-0.01706429284308161
-0.020496772451968563
-0.010062978910278126
-0.0056143809141841125
-0.0036672753112534976
-0.015991808283172485
-0.031512679259039375
-0.001590734079772852
0.004354566700909472
-0.03741649939071904
-0.07320124321061532
-0.03993523608872993
-0.04101314628350537
-0.0022249273309480192
0.0015669499532953398
-0.0005262839562055155
0.00033020808589154926
0.0006679361773755277
5.622880169395656e-05
-0.003049205420091768
-0.028124129537982146
-0.0016398601806458058
0.022612712549517633
0.024903243448843152
-0.008225101283254824
-0.006457438543569484
-0.005351316124973407
-0.006262456920088425
-0.00780602922510844
-0.008958907094468336
-0.007113440497826936
-0.010117481606747459
-0.00036849788779174324
0.0017009933666948165
-0.006698660176131258
-0.02028438937848427
0.02366417717947661
0.010826528630041025
-0.025771691275948975
0.013228988646717378
0.01169464449328154
0.002970783659525355
-0.0022722007467129842
-0.004235853833793536
-0.004399711423917439
-0.02994556857054019
-0.016136939952482072
-0.0019565643577519423
-0.003376898668817649
0.0003185785705032954
-0.0020024205672681955
-0.003540536469183487
-0.002215973729110224
-0.0005572539245232729
0.002081641696389805
-0.005559183632330854
0.000832502420161294
-0.003773580478615054
0.02187010056143743
0.010259841180765708
0.009296565390831254
-0.003918379110128615
-0.004814789937912723
-0.003460208370462766
-0.0033109395242758707
-0.003349932456712582
-0.002714320144734703
-0.004088367488439649
-0.01963660330404385
-0.0011984694847429948
-0.0151077509396416
-0.019535846613935696
-0.0026196514883520894
-0.002580007221849262
-0.0030959806110874184
-0.005379863322978478
-0.003259871651653594
-0.009933494204989587
-0.003790158105806087
-0.004623047665618242
-0.003111414655411079
-0.0014177631324986588
-0.0006561893951290338
-0.022804750144840045
-0.006710458823274658
-0.0029179712281728895
-0.0033660488766319996
-0.004807912032529702
-0.0041739155904981316
-0.003626117421832303
-0.002356992043159665
-0.007274838022550802
-0.0050964903818835625
-0.003228961581687199
-0.00246051767287706
-0.009303202736278583
-0.03389045372520263
-0.000711244501489134
0.0006911517388171411
-0.021055346085666417
-0.005727414970575935
0.00017290197158201034
0.00012404367198535194
3.6020860614603623e-06
-0.005967103627245549
-0.02264205594908168
-0.004964291542898172
-0.004137136097834085
-0.0081610559094225
-0.012540859678856682
-0.009705642127799438
-0.015723606327066174
-0.043421140748929124
-0.022094687746776875
-0.003487762274371959
-0.0052997074950545155
-0.011910087880257639
-0.03286104650196419
-0.007031904639780521
-0.001930488762438945
-0.010939001065360063
0.009973522455587844
0.007063637576270647
-0.002780503141688462
0.03012892620667466
-0.006049497686770224
0.010550669269019418
0.009615948580421077
0.025916079367041316
0.01819704781436573
0.008973647835296361
0.0069259616488220686
-0.0058517385758818565
0.006352399595628922
0.00659127684910597
0.008241547364317332
0.009473735895682308
0.007948861400246714
0.0064315534340941526
0.007712505249459404
0.008115260852340715
0.008111221508425366
0.007886696263738256
0.0074678257499029305
0.00194938116815298
0.003837951557380064
-0.004164332874558557
-0.0007087139596961393
0.004578867536795321
0.006996139030102543
0.004645666697561391
0.004869882909749769
0.008825653076345811
0.004192188375983381
0.045655252478073574
-0.018398974224450654
0.012085563216850738
0.008360685974323436
-0.010986539685031493
-0.011915294935719594
0.0005982790196414312
-0.0007618884669470416
-0.0019338673292779347
-0.00037027310891029155
-0.00010226736615713374
0.00011136817983720446
0.0015823383792279676
0.001864421915938356
0.0020795767397169735
0.002726552715446842
-0.00021483212062835583
0.020820664986229566
0.003772162757080816
0.004489443180783212
0.0044015842977144
0.002713921894289592
0.002960764046774504
-0.00043856143945047543
-0.00821543119839171
-0.03162880352489047
-0.11457914052216718
0.0697655444810995
-0.09069006865832761
-0.019851780003455673
-0.005377033827512166
-0.0006107222532749502
0.0015167628672270379
0.008251760092149282
0.010292194329384547
0.002449235908484982
0.0021799849515911204
0.003100546841261454
0.0035792286848687167
0.003690177968563111
0.004394997045423121
0.0039207871317338975
0.008431089182151252
0.0037314861048927265
0.003558338484743937
0.0033545933717526095
-0.003294662253323158
0.0034008359651641804
-0.0024039407885034386
0.005913107159428484
0.009858098394375552
-0.005200883244672866
-0.023167899888026144
0.0029117282109749165
0.025924850928950534
0.015279278661670044
-0.00518686625125665
-0.00419017466345213
0.000772095292795742
0.002593924013654742
0.0028905032051338
0.0029240048968192565
0.0028736903042053076
0.0031768499501225603
0.003864741750267091
-0.0001948993867567545
0.00841878306812152
0.06462615857808407
0.005874755429805834
0.006288785278649804
0.003971386960174735
0.0029726263759035088
0.004194972620731927
0.007621372281658039
0.005054763243609184
0.005518956772174465
0.0004233981258568541
-0.010603709856778581
0.005491536200318042
0.005450165507015056
0.006345691878908923
0.00846839829042156
0.008155266574286528
-0.03079296031314439
-0.012890989629301968
0.08204675202325919
0.02130207571739597
-0.0054417517392475225
0.001625237264594002
0.006182987332675886
0.006617417035582901
0.0070236037789804424
0.06841279123727159
0.006408953012395553
0.005756393576710262
0.004987120119022945
0.004705828290355384
0.007506192389307896
0.014231352840205495
0.0244205708930108
0.012705378393454227
0.008885044672969735
0.037562926569700304
0.004540560158021037
0.01470260172936802
0.022434326894318544
0.011283235770515257
0.005781551830877307
0.0028365333743935657
-0.006947859247302986
0.003766542568975416
0.004573379857411605
0.0050658249802247955
0.005470161512228248
0.0056917854449866625
0.006866423198570022
0.0074914292264742196
0.022068255015359826
0.003564403777780076
0.00738689708781905
0.00735586489685436
0.006814373214407988
0.007027002543869728
0.00706226500302661
0.006021899411445139
0.008196559916816051
0.0074677710745214
0.016577152067356025
0.006912076331907716
0.006647803350150711
0.00524169655262171
0.005117642206940636
0.010982573992267985
0.03971910831138751
0.03494644860747136
0.07518157810711491
0.023768406030124124
0.008293923457247998
0.008564504043570207
-0.007467461421759363
0.007896062572563395
-0.01716414833381229
-0.022221906233121497
0.015941756809575578
0.012283695036863355
0.009124069959126327
0.006998740595730267
0.0054927354001418046
0.0034417548362657767
0.0004022622572012335
-0.0036177651172610743
-0.0038979017935174124
-0.02251533694476244
-0.004051421020311433
-0.007973000325678017
-0.006070586513305311
-0.0036527462781501116
-0.0010921702959384195
0.003915748824275919
0.009020639268089067
-0.005338622941108702
-0.00444730585647431
-0.03306683917096559
0.019982943340959222
-0.021456902718419123
0.009896088730337439
0.007676100629562982
0.003421681622323287
-0.0007720818525697058
-0.0022895786217418885
-0.0022139124685179564
-0.0014612486850264837
-0.0007382999747896994
0.0004515270433860455
0.0012972454221651705
0.0021348260214997107
0.00272472122387538
-0.005593951237901877
0.0022613796778510435
0.00420110542217718
0.004642116968043336
0.004694356484521325
0.004906160838298062
0.00474419419342362
0.008178670752621412
-0.008501780330938034
0.0019427206889176896
0.007585568672447314
0.005258553434951884
0.004819361288790193
0.005115207466520418
0.005328315215775506
0.015432906431107805
0.02023877839519117
0.0262974220874623
0.01897085642695423
0.005384933834789491
0.002757241527326601
0.0018793821090264703
0.0009059287821850726
-0.000829256316686873
-0.004037725873343699
-0.01572125026857121
-0.003587056322954846
0.003707249623033505
-0.005674670709181333
-0.010603449581032152
-0.006533827514430439
-0.004982344626966135
-0.007832050497378017
-0.008457799094449608
-0.01044787766988561
-0.011404204208089679
-0.01288642971629152
-0.013040213735544873
-0.01375803311918152
-0.01949490592336656
-0.009597853387502676
-0.013829506464835455
-0.03440263209897746
-0.005002854844961479
-0.070879383230374
0.017786909265724505
-0.031378322488141826
-0.01108495163749324
-0.007547784751990929
-0.0037997492139654502
-0.0009432439471020747
-0.009264302153680995
-0.007575776155600504
0.052325433314430715
0.0020866864797611257
-0.01423159881988978
0.0014074312200632044
-0.0038139154268147114
-0.011908496003680463
-0.015861660687552234
-0.015907328722861696
-0.014558425902539234
-0.012605234104454237
-0.01040265826651991
-0.008785096817438253
-0.006754094362660286
-0.005168574106657411
-0.004121763394059209
-0.003093035887259234
-0.001956144938893147
-0.0016298325007989398
-0.0012990125977657791
-0.0007991814318585323
-0.0005921680314899715
-0.0003708616759825292
-0.00108154708546591
-0.0014262637987959366
0.0003986348986348205
-0.0012016993929244541
-0.0010715875000807539
-0.001430927319958777
-0.0019116945434910894
-0.002399973164142758
-0.003252665361100715
-0.0047990726109415965
-0.00511274125499372
-0.006340757010584509
-0.007751959877861092
-0.009949516764264215
-0.01115614735576877
-0.012989641802713255
-0.014859572842702173
-0.016357111242044586
-0.016864947834043874
-0.015180355271184708
-0.009927635423815315
-0.001543153158103101
-0.006245892908155348
-0.03821382170893077
-0.026288955865230317
0.005723448517639815
-0.031405373367090476
-0.02102017675662427
-0.0013067435524904206
-0.005793854575621733
-0.013088751417350122
-0.016589772493193166
-0.017227280491655998
-0.01632732054827567
-0.014620908877054806
-0.013003684712203638
-0.011225905277770057
-0.009589983244079388
-0.01134526555333995
-0.006475564812556707
-0.005184683063592327
-0.004401706078298186
-0.003556616582967233
-0.0027890363683163544
-0.002380517242411538
-0.0024399052998638634
-0.001604803427073176
0.0025245435544523917
0.0027218886257074906
-2.647730399748467e-05
7.538728960569114e-05
-0.0027285631247605923
0.0029699291163501583
0.002143490934125142
7.872373824801137e-05
0.0037835484182124836
0.004315058627206317
0.004659861294055137
6.69382356872546e-05
-0.033626529458194124
-0.018422702058848564
0.013416688147741655
0.016090593195135044
0.015935133778137187
0.0094941279699591
0.017603424666285693
0.02758763394476189
0.027558838294066437
-0.011849474325245963
-0.005469807969802508
0.12419511830744467
0.010251035403570283
-0.02712185338972857
0.029930863761319253
-0.024993517834130417
0.028669876735940774
0.016590829802184896
0.011778058379270196
0.0074624694076038675
0.006567008181075215
0.000635957235434395
0.010108885671534196
0.0040378486765294975
0.0022003637149238275
-0.008505757730694886
-0.003308808870946858
0.0013332040380693677
-0.006630617053114483
0.0011031707355690721
0.0012993806873275735
0.0016340201886551407
-0.0003409683429786197
0.0006135939752038016
0.00041122134899238135
0.0001380459218619489
3.253182179710906e-05
-0.0005390941617806767
-0.0013014907928799644
-0.0018679673387935363
-0.0037359842741637025
-0.017354608132989446
-0.06155383097461029
-0.0017196453785490622
-0.022479320656169654
-0.04198590881271977
0.02637952954690682
0.014782553936960133
-0.06259224265111003
-0.005293925273510921
0.01031547003807193
0.011202205467585089
0.016213994182117355
0.01563326208505321
0.014500968234026815
0.013859988630182823
0.010588917662760582
0.006270536290997043
0.010536033366150069
0.019462167313279606
0.028676315513454318
-0.030368702153838422
0.03179714869462441
0.03767944219802844
0.02316883377169886
-0.034206347473679836
0.029706840104857773
-0.002897763480294081
-0.007683711979870108
0.00686317444362556
0.0047132007892541385
0.004735898098246589
0.003712679500078597
0.003421470818236268
0.0032538909215206985
2.192187967481606e-06
-0.017705491594403742
0.0005915384483864412
0.0025326379233802875
0.0022255672633118436
0.0020753646029657152
0.0017893866682335865
-0.0038557462758288747
-0.01895973790307342
0.0010773215798709592
0.0011285507592629944
0.001472510335315165
0.00265598867993593
0.005369540735134919
-0.019179784000749284
0.0042758496400045615
-0.00039362770711637453
-0.002961796563608553
-0.000998735583830215
0.0007274032879823026
0.00014643322865836596
-0.0008503581034467363
-0.004665437887927826
0.001298163539020189
-0.010715850785774972
-0.00032613825035680887
-0.013200916034484738
0.0009622846090493282
-0.003318908740295683
0.0014944724381485647
0.0011568619819668103
-0.0008215551448611453
-0.0013711653468193403
-0.009410435073247658
-0.001830371614487606
-0.0020822580657118713
-0.0015079536219809104
0.001516427876130472
0.0076870211409535245
0.00862082153862577
-0.013805679066942482
0.06020003356190516
-0.009397840022633662
0.010743326417275106
0.011659235069603103
0.02265026443428658
0.01132698156137822
0.003727761921084714
0.0011568098469765266
-0.0025208294821520176
-0.001362152524180817
-0.01654000734388899
0.0012635767128084264
0.0056529654851499725
0.007169752713786238
-0.03141082226978178
0.004082169440648932
-0.005011346620905786
0.023796155113651934
-0.015428307818489181
0.0204763643413711
-0.012476766167272682
-0.009461018501376267
-0.0038802574438901354
-0.0010472640897389498
-0.00030199254234494825
-0.008724618936478827
-0.004201877453918423
-0.02245524307486155
0.004421801548555004
0.0036279002310862798
-0.004996285282692991
0.003180550801299206
0.027130173770242398
0.0005017212306053766
0.0029875874328283737
-0.0012841990215057978
0.007389465202828407
0.007789588221488429
0.004635950949635696
-0.0039352930846039535
0.004100944889329572
0.003318115668239263
-0.004690588072334791
-0.0004081494441108213
-0.0013407439324703624
-0.0026806906786434703
-0.002703226067601407
0.0001906585057232682
0.0075915541405592495
0.015409071031999675
0.013705003156282201
0.01563001241064367
-0.06425845428205511
-0.00844559955821031
0.0016289404393925245
0.013662541209140958
0.01115555662586753
0.002647670488993852
-0.0008643113427565407
-0.001143651395465797
-0.003027898662194768
0.00170606388608487
0.002046603571093142
0.009397189141459619
0.0038992744686647133
0.006626321573212042
0.009235113345512226
0.004563300176500397
0.007003244414584805
0.010633521902543968
0.010770553651320824
0.010717229897289389
0.011296866539019542
0.012192169338519975
0.011974345091870101
0.001776033923005875
-0.005868880495045125
-0.03860300970247429
0.015636636736552193
0.01333287855493641
0.01611024232830266
0.005714570857287332
0.01594430217712802
-0.012934295800215583
0.01096661122195384
-0.0066844393561919175
-0.003300319389311666
-0.008709953570335991
0.008155006610011959
0.02579519312595841
0.010046701457648955
-0.013048108441809434
-0.011572049454906023
-0.01206859509652731
0.005067889639306574
0.0057558405724701415
0.006189659291199533
0.010626826332326105
-0.0028720867094400486
-0.025902358445874744
-0.02319785397914104
-0.03988525315034704
0.00011866342399836258
0.0010237930754038195
-0.03946588643750577
-0.014777024438563609
0.005923511919617298
0.00883363368775625
-0.0014307156489423226
0.009290641420686413
-0.0051580116010560605
-0.0013427339157435967
-0.0014326807881606624
-0.00025793269138579415
0.005379339553713853
-0.011342936150246468
0.009013772207385407
0.009189556461472001
0.002814951298921956
0.007165518749529453
0.029045613797815787
0.007050388458201465
-0.00044916378281686584
-0.0031925429877956977
-0.06695695778611566
-0.004477699592300821
-0.0038698177364382166
-0.019221541331531686
-0.008652262571059714
-0.004444621567590257
-0.004897146630119408
-0.005026210359723633
-0.0042610191003706445
-0.0036480222585050914
