-0.00026989031617803905
-0.19144889147939978
-0.047105915375694946
0.027109979736408878
0.05109753160431836
0.052700523050746906
0.03092431139009947
-0.03504294912229425
-0.0649701362737622
-0.04754961899234628
0.019229419601829865
0.028638914224817333
0.004013662026369002
0.004186063006500238
0.006165851973343842
0.004368376987361244
-0.0027965633849218207
-0.006435392571297934
0.007653691427081489
0.04056843492032674
0.027715639331821994
-0.08088976965863488
0.13351900787070076
-0.06427928100370137
-0.06158501811895942
0.02845139701923264
0.01877247241669707
-0.011942712553443967
-0.03188629924928092
-0.030626706534887693
-0.012662151355314174
-0.01680115810847817
-0.006654739555329062
0.003914302469025164
0.012403094851081636
0.018560534476084974
0.0307328584212854
0.02308609434845724
0.02738442720167259
0.015635594400810172
0.008583761718791591
5.312367306967413e-05
-0.00913868249074887
-0.015222745385925114
-0.025373509203649395
-0.03105757344649637
-0.03179249170792564
-0.023263507243044348
-0.0032825956433339062
0.03196866307471191
0.07587225180410125
0.0397035634216446
-0.05217837607510141
-0.13690758378537732
-0.06204990930913164
0.0659013164235704
0.1170052012655692
-0.11054037617670812
0.09051520670124621
0.004521559245441572
0.13655516616985772
-0.06978299820213452
0.023022758321689683
-0.06536138158335292
-0.08008378640725612
0.13061942832088835
0.12307884684154816
0.030991318539071326
0.01646937395285071
0.019469514839661698
-0.00012773613022627788
-0.024070111693893673
-0.03780170006345161
-0.040968890779190865
-0.03629194866973369
-0.026255357050243962
-0.010772612991739981
0.002426299624383449
0.011780570654366015
0.035795206281140725
0.07427888694023528
0.07494067887169155
0.025968256254857897
0.003317623728521454
-0.0072827149156025825
-0.01280108589399096
-0.015201265030618895
-0.01492558268447487
-0.014666437799955396
-0.019109488111915165
-0.02185420148545497
-0.024301164341024386
-0.023498366319920617
-0.017089187174906807
-0.008032032741267896
-0.008065661212324599
0.013516494907377994
0.000975576215234718
-0.009703108744201038
-0.011300526061925532
-0.006967985942945157
0.010663383207555183
0.03382446902243821
0.00024829023860589635
-0.00562076865440067
-0.0063834530085851385
-0.008039474878813499
-0.008674538993026231
-0.008924059244039632
-0.0029346839245655352
0.012651507064402536
0.07241079224672745
-0.0022029531500448027
-0.011532471736099625
-0.019521807447672523
-0.01564686418941718
-0.00711923781112428
-0.0038326707695729855
0.05292470727498903
-0.16429791868911547
0.0017227262732407572
0.0430138359827978
-0.008104168928732695
-0.02631240656657899
0.08949732855366069
0.0016909252214425427
-0.022896509396048557
-0.04167689775052149
-0.037839459415860886
-0.02571825504842718
-0.016764954809989165
-0.012156611710869644
0.0061610350704015895
0.016686105683704038
0.026850793622441044
0.0333546879545989
0.03789755832944896
0.00201076653394536
0.02915512980628535
0.025306401891403
0.028208758048759615
0.0410966875485131
-0.020072525838129986
0.032504081961898114
-0.001529062431265177
-0.06964256752543097
0.02109068051463626
0.017724477103457974
0.021625315574451527
0.011844168450841523
0.016542148303416635
0.004026044087392979
0.0057265724972751005
0.006217863063049685
-0.06433359218964425
-0.0004515239111282581
-0.014138102964635127
-0.008455877963829532
-0.009790328497504538
-0.011082483668815693
-0.012470844938960276
-0.013723444649693073
-0.015202281115176897
-0.016123248639889443
-0.006818044759332882
0.005022616425841069
0.009364924090330915
-0.0005192223098945589
-0.007301738896431466
-0.004564151897857369
-0.008537619450711227
-0.004152369653683003
-0.001849265625977714
0.0023255357046162895
0.005771303657421083
0.01286770156534539
0.0043978795865322684
0.0053337641758813975
0.0057653149554964525
0.010019665595260366
0.019270814256326835
0.00224503294570148
-0.04521152688946571
-0.05558951094909391
-0.03081462424955612
-0.0066691109282259655
0.012077175913454615
0.012279612375913502
0.007049576593617033
0.0032200874168290786
0.0007511557202400215
-0.0005400021948989921
-0.0015688784077067216
0.002799111131406069
0.00024291777100502772
0.04427247065225958
0.040033085721765206
-0.0012000449560468326
-0.0024668335123855384
0.004602832329680432
0.012655839199530136
-0.02129850610836306
-0.0032685434501125805
-0.04874683899292805
-0.04681041726826824
-0.019211509865988734
-0.015529431206374672
-0.009578649122581401
0.016010114208933533
0.023635854436045486
-0.0009887240622769025
-0.012957467724347062
-0.014456545863260995
-0.017612392531533873
-0.008161221688827741
-0.005127762163092344
-0.010578936038125288
-0.01689868042984591
-0.018078225578231275
-0.015757012823421495
-0.014449102979562747
-0.014046775798467654
-0.012631559495326176
-0.010806808622331266
-0.009399434654910993
-0.012475541151868944
-0.03907489263303938
-0.004559720892394143
-0.007098907907852592
-0.0054564549933270815
0.0028838172660783376
0.032729217797880426
0.04218053254922692
0.050890789438805734
-0.04057527662622453
0.07403927813226245
0.05545573668352675
-0.02740721761423643
0.020550369913050384
-0.008535840237927477
-0.007609289837674879
-0.03588975605109892
0.027497420086989636
0.08753863776667349
0.025611437534906335
-0.024947973440736612
-0.03472533888141678
-0.018590979021807605
-0.030700174742870748
0.056438353229457346
0.04116558966548432
0.024151190033542724
0.0023537860023266064
-0.008513393754156972
-0.01925461151950115
-0.036399492003637283
-0.023171691742519426
-0.015300806753473893
0.013229517381864985
0.02036802385803892
-0.012024880544282857
-0.023418819035498164
-0.019987637122083138
-0.010601056124561963
0.011779438269878484
-0.013125550330063181
-0.03409588256015387
-0.0070990624982124675
0.005690701907911106
-0.016315991089107775
-0.017202465471485743
-0.018313202227463327
-0.00550785145658088
0.01563940396063911
0.02903636060434085
0.02590523530650071
0.016615316188281895
0.010124414541067292
0.004524583502300168
0.0030105450384063474
-0.009018568192138284
-0.011188010395490874
-0.012397000119051448
-0.02649390963649704
-0.019367923803848636
-0.008483901013646766
-0.03028784471917145
0.01214839374083112
-0.0006717081762297435
-0.05423820474109504
0.00023750110309191666
-0.008809518390232906
-0.005191977692817442
-0.02042602786878223
0.013876197034766774
-0.001460660785236029
0.002555767612102863
0.012365670865566282
0.036629569792474656
0.03774415907188192
0.031044073916794437
0.05595275209465426
0.0005318026063709228
-0.005286329849854251
0.029145871486491552
0.004908296775733248
0.014331246039763025
0.015032556840125317
0.016618389229103817
0.019143818900368304
0.043258702305936904
0.022834817530846624
0.024763979107795837
0.02589666256941776
0.02647563228705015
0.04078566809499834
0.036644705647827534
0.0565240984251313
0.04553520831718731
0.052061257799367315
0.07175057849763933
0.03760593965036006
0.03923262523914237
0.03529954215401483
0.011099129055931859
-0.04029497585471077
0.018651277617898802
0.09802660113713835
0.03490130119497844
0.021603562564663878
0.016689275674817018
0.01612494404310939
0.03156729454953939
0.02818429701595105
0.01832613761591667
0.011784656468638247
0.011154027642839239
0.007382144969832312
0.006005143417211137
0.003480518989736293
0.0008993427102208638
-0.0015458654180236537
-0.002717488581473351
-0.006857552356593362
0.0028599107356012637
-0.02043145715036181
-0.0038937090526068125
-0.007110039147849394
-0.009295693548570917
-0.008657938394312488
-0.008052920924032893
-0.0005576493390267092
0.012516440462383465
-0.011314253858979379
-0.015706155256487605
-0.1706376838053223
-0.024943100844245097
-0.020422053817952486
-0.022369517833783138
-0.07529122958260873
-0.019141904957725768
-0.024122394387478468
-0.0212533184896705
-0.012635656434557148
0.0020247131619973353
0.010055144239056008
0.019447167991088116
-0.013031939147698622
0.050633554365863545
0.025985435455704038
-0.0035103251218957456
-0.046994290856389995
-0.052914629215128475
-0.05983987466846025
-0.05877748765926882
-0.059081509716476445
-0.035427234443983734
-0.02441049438592287
-0.016400167783296053
-0.06770566984218143
-0.1008811010872106
-0.06904025769195639
-0.02788181823967613
-0.015221846256041125
-0.0264068700806271
-0.037079272624351206
-0.04358242405672386
-0.048680081261111556
-0.046057972863150345
-0.04755871365720857
-0.04519194208057549
-0.04432146627922855
-0.03734114356589254
-0.03673136755882166
-0.041540090340924686
-0.02698171833632899
-0.03388417897254218
0.017170194688825236
-0.03314220860267989
-0.028033052260656742
0.0036452217408394607
-0.014567390275969361
0.005007182710877502
0.011770201826403025
-0.02155446799101234
-0.014576618708360597
-0.012979981382651306
-0.009783984302929098
-0.014819118790077485
0.0015735362886340554
-0.00010812100057501053
0.0046188268407813165
0.0036103461525683555
-0.0895202028009623
-0.03657698015065025
0.015145206940315861
0.015575951460394564
0.016999000774374908
0.014561878058589646
0.007697867030045904
0.002463736340515159
0.009778457000521868
0.04114269869470149
0.015380113835654276
-0.006916415796078227
0.03264256278170857
-0.046570216774295924
0.05100005140726023
0.04595722597297614
0.004507864718646183
0.022325010187939063
0.03926070363981984
0.04304161711506428
0.038945524760784805
0.027494036735424263
0.012192013448357722
-0.007103210435735412
-0.006397090920848657
-0.02167379368496307
-0.013505840917438876
-0.022488131374604
-0.035286548928716126
-0.039083061917637676
-0.007911977044209097
-0.02198777093713416
-0.004408236954725236
-0.0003598658025112847
-0.014821107055374124
0.029045477178223204
0.005385572554941549
-0.004242150408321469
-0.007283100013072399
-0.02646422455102316
-0.017451994337788167
-0.018210513114714524
-0.019605766269133015
-0.01876359910939378
-0.016256504238826738
-0.012591518409452539
-0.016268614533667954
-0.015337805502472417
-0.02178754814767561
-0.00989277110897837
-0.02124259271632402
-0.006382391107121529
-0.013604057470534444
-0.010612997116970495
-0.010230339864959637
0.09302685328009627
0.004371697937371046
0.06546903185384553
-0.10589165401508523
-0.005409557550837936
0.019112032844769828
-0.008404619099358555
-0.03434302457706635
-0.0018308081426213507
-0.014914258745826192
-0.0075975011416873715
-0.0073124676577878455
-0.019958014607287678
-0.014232196342523519
0.005357801246653918
0.005834876948847922
0.007393119499716881
-0.01663994157062415
-0.07196737251558075
0.11352843851458017
-0.075033396562681
-0.07715030735679322
-0.02818031283102869
0.0038971178527141092
0.009185318310444947
-0.004040797786524157
-0.0075306802840302434
-0.009725075254454195
-0.004187456742809243
0.004055337701449736
0.009294014904432603
-0.010791750037000924
-0.007261399506757308
-0.0045182681423497255
-0.003703178084094132
-0.004410762817971839
-0.008039483258416196
-0.006590058982962545
-0.006564613321760699
-0.005861134155207982
0.0027349359535742508
-0.016236164751706406
-0.01166403887203432
-0.010027910107370572
-0.005394637733910766
-0.006972279326439282
-0.007069040623498498
-0.017282156875601612
-0.007711665879322375
-0.006904911310322953
-0.007235967124344467
-0.009199564588957779
-0.010873273477851532
-0.008798121219196858
0.03417615027419112
-0.007813827378081749
-0.006501749876205314
-0.007422184047533375
-0.006008472735390995
-0.005868481522977828
-0.00519716828650542
-0.005048752617843197
-0.005726386973079441
-0.004755515559435545
-0.005992817591584283
-0.006105698262349578
-0.006598784106365772
-0.006136043778349507
-0.004029794042073342
-0.0064862848536267935
-0.006700017188174537
-0.006735933407308067
-0.006824670313000056
-0.007063970481518132
-0.007216986409570703
-0.007382540344248702
-0.007551797000319956
-0.008828683496854879
-0.011102534608367957
-0.01439727374156404
-0.01602270420071554
-0.009411104975018288
-0.005506334583745118
-0.003666648199936076
0.00318789411063903
0.013004357461550549
0.021696520365950947
0.019137022995475653
0.03558752112454023
0.027901580431503783
0.007101044784865705
0.005528561297126668
0.017968982961788182
0.009976041981919122
0.00036964914058992116
-0.00573861513372881
-0.00891826937102717
-0.010333996712423518
-0.010945285991600598
-0.012252790247941792
-0.010545626278457143
-0.010139789579207423
-0.008812301721678609
-0.01815221355851323
-0.008936552211572633
-0.008612498168910401
-0.007956800853396924
-0.007532129497347124
-0.007149460934467247
-0.006425899658897633
-0.0062304096181907045
-0.00570598375139931
-0.00577363696067954
-0.0056273620186488085
-0.009075180076588977
-0.00475855835796607
-0.004386930019319604
-0.004373541969573748
-0.003806724092726123
-0.0032423128394011066
-0.0032015633972915574
-0.0029470421837825534
-0.002873614985174613
-0.00520471000929907
-0.002060132879601004
-0.002121653761947
-0.0019756747142179783
0.018676058347675405
-0.0004954632800567511
-0.000602346495709303
-0.0017152213212116116
-0.003923920344688756
7.815358633744631e-05
-0.0016418208856722495
0.0029210223289719084
0.004292757986542395
0.00450686818500717
0.0031399946903379033
0.0022767299568283153
0.001711739150091625
-0.0001664225718074085
0.0003834855051434949
0.004529308354541978
0.001486996128591812
0.002144835458745112
0.002648385792320999
0.004656790886484472
0.003706023313965879
0.007210762777435228
0.011595373780605524
0.013626698593398497
-0.001792716606363879
-0.004226018734392743
0.011776150526069088
-0.009694601695406448
0.011121906213389909
0.009705550488131185
0.007895419158071222
0.008042908336166811
0.009799107247021795
0.00536850702087048
0.01044156533479518
0.006989939591690188
0.004991061788259048
-0.0011557870609511867
0.004190969732360216
0.008061272317788302
0.00662894674845048
0.0006224591549371792
-4.606063932016304e-05
0.0018939582360870373
0.029521170462896568
0.009880652302558454
-0.001716694205612319
0.004196454710213216
0.0023153476085089864
0.0008988479432712577
-0.009544607582249993
-0.0022967352406459544
-0.0019882476631722227
-0.011413064863081033
-0.008831718984661351
-0.01078958030317777
0.0031874207190998706
0.0014926119201766482
-0.015445665318028589
-0.009335442022724832
0.00855975164688479
0.042364672476562594
-9.256852566973319e-06
0.08497042647364936
-0.024928987198094613
-0.011557964316406166
0.005440592349431904
0.005314930277681305
-0.0015366304988142425
-0.003156381204387184
0.002611363184569684
0.005114157657234888
0.001659349923299533
-0.0054778863041489365
-0.004026525334992424
-0.011945169631487087
0.0023148213816042472
0.00245600790489776
-0.0005133965735052929
0.02052034885729393
0.00031558742315562007
0.023842193840316106
0.00924882398316996
0.004404483064729133
0.011914050226132573
0.0059394423202405715
0.004293608534503048
0.004021958757488297
0.006373966272618742
0.005630219123435825
0.0045289152654660525
0.004313593460987821
0.004587711135870498
0.004611839716897807
0.004332981701597777
0.0040204893042422515
0.004904060658413473
0.0125590058029512
0.01543994047468438
0.01016145263902045
0.001946106687270897
0.011582132259705714
0.004481111330194466
0.004096073042207371
0.0262989145665683
0.007044618740585889
0.002037306014871331
0.012129362436968757
0.003088222175015355
0.012364713223554603
0.010117721789564259
0.009590864899648574
0.008995780070535878
0.008012752052275769
0.009199457938642025
0.009256335828607368
0.011916061376894929
0.01719589869620055
0.034786831186915
0.06268458975741388
0.05129754653584148
0.02612715256061494
0.05375052123403401
0.018044714253393487
0.007408795200025684
-0.0029417773490484815
0.0009949179231520731
0.001817458164651629
0.0056917888235487124
0.004991421929952388
0.0038343840833252713
0.00477588698162974
0.006091182918677967
0.0020729598216978197
0.005606627538113475
0.010434147894005213
-0.000924604941464258
0.0034605127883868647
0.0026765549368625245
0.00219700764320969
0.003912850533990026
0.0012681915138808954
0.0007506714368548315
0.000136768353637837
-0.0004751084792308469
-0.001413193915200414
-0.0013740712457222918
-0.0021251430177194556
-0.0029555410370431415
-0.004712306774418513
-0.006480915882286647
-0.0016943658258459363
0.004636783782674947
0.012329694513152618
0.022268139377818987
0.026563685141667535
0.04159204736701671
0.012164255793734176
0.022910403622129132
0.008192608879011262
0.0187728307271653
0.010798846108293627
0.0016480889472864435
-0.0032667625914524507
-0.00575573402391898
-0.006676762283893253
-0.006930303774769427
-0.007165552719391615
-0.0076294463044590454
-0.008538875358571545
-0.00975276955291487
-0.012366995212215143
-0.01491740197174965
-0.018635683671053997
-0.02148131548397938
-0.02042117274376736
-0.009442775927198686
-0.003879259063339931
-0.05702864106432405
0.07633187611944535
-0.060490338325782766
-0.015523247951167407
-0.0039967299618358645
-0.0068911101951189355
-0.006178078463392314
-0.0072990899858785385
-0.005236284288761677
-0.0025011972881902418
0.0008623094525636582
0.002264213529676497
0.0008969798516668
0.004173876605679384
0.005728536723638104
0.0074949150300105604
0.008918244688889191
0.010268181391465923
0.010593210445764091
0.011584499029336878
0.015628151932207665
0.012662488852042563
0.011729691977274123
0.0130948163847476
0.013233460197131156
0.014171730942953813
0.013264896706915495
0.014106904634634192
0.014673358591837576
0.016885644863122835
0.018162814793223063
0.017759276181540176
0.014733678730849879
0.014088975786416187
0.01892297240262011
0.013828248433095809
0.00924499818598962
0.010956331473327917
0.029001961581680002
0.007924170734252743
-0.0005485527516157122
0.033138478556749625
0.0057629017284962876
0.006004139280017806
0.006313221754400545
0.0068215279286487854
0.008331193703268843
0.004144970848018826
0.005194778668724784
0.004983096273738224
0.0033185564254216873
0.0021301398879945703
0.006574713898459137
-0.00911402112934232
0.010272849420726303
0.015100800379232842
0.0032785497318540873
0.002201100736931888
-0.08215692714859567
-0.05606472854773939
-0.06091046848967817
-0.15749165050970154
-0.026441488435924258
-0.04889910243532429
-0.07606036657555704
-0.06951243866946259
-0.026875042052499756
-0.060211470137729046
-0.03384219855498142
-0.04909206004583052
-0.006549197893676393
-0.02735368899917009
-0.03621430812028454
-0.026115448222120162
-0.019575417473246173
-0.012741777264023908
0.056620660156044174
-0.004872726859115141
-0.008212677956472828
-0.004558941432669354
-3.19751193280366e-05
-0.0007871993240175893
-0.0031738157512957617
-0.004945338843474933
0.0034900935645385315
-0.012881623848318417
-0.01208141647840891
-0.011524923750324623
-0.014066275450333938
-0.0016833043963432612
0.01796372073352348
-0.0050882133740310425
-0.006646931024719897
-0.01303383235951519
-0.006559003696656973
-0.006732729372338984
0.004946810514341773
-0.004848086482321985
-0.00560831856514832
-0.00533648814125424
-0.00503991186992923
-0.003055096686044921
-0.0042788566219985336
-0.0036561052451382072
-0.0023823681568507517
0.0005374065412869759
-7.88766568720229e-06
-0.0042178626112513145
-0.006135235900071025
-0.004773096963857322
0.06671801644609003
-0.005703067285968087
-0.011423772436644825
-0.006969890460473438
-0.006279380352043587
-0.027966714843959847
-0.002901338335006339
-0.003604355784933079
-0.000755049918991272
-0.001038712949574305
0.0016802747275682741
0.0075088230595293706
0.0013004221740146491
0.07964657910479768
0.0068496070835876825
-0.00029483136506900526
0.001387279948539879
0.000833812777276871
0.001317993809034688
0.004116856710312146
0.007041036912309568
0.0062711549762708985
0.0033205551495981904
0.019901413338371324
0.005379704055768404
-0.015938466931907883
0.001799983583635475
0.004608856601749694
0.005215366384428563
0.014749105923571459
0.01793274344614003
0.019448470017997495
0.015801009417029582
0.01374419153294678
0.03089516358814301
0.01815482627762108
0.01861600748841585
0.009151284539613018
0.006526554576469556
0.0011229227326073775
0.0033474800985577586
0.002272168870481588
-0.006662065790944371
0.00392425208014162
0.005787287803499008
0.008889358710576204
0.006816892010015007
0.00541360830309955
0.003968430139627998
0.004827537018150843
-0.011435148443214438
0.007838202480424982
0.0047594546434855155
0.0068211735368185955
0.006362656117181394
0.008856975035891798
0.00922161085547334
0.009750090283863666
0.010148661162371312
0.01009633750842405
0.01044907053306343
0.010688732519048472
0.01279181559883391
0.009807190685870326
0.009034976433058886
0.010154937181115755
-0.0016227539923930631
0.010191060760495666
0.006955355027261164
0.010107189166487649
0.011681743023221995
0.012393357974387727
0.010634692784583826
0.013311576992241484
0.010322720111335768
0.009985407456716543
0.010004233029332486
0.007984455948800843
0.008057190489433493
0.00799737519785394
0.007775171619873847
0.007369982378419975
0.007513919709991443
0.009030225340071531
0.01254105364414096
0.011062985417728646
-0.00912393877219715
-0.04973564641225673
-0.041751953400797924
-0.006931107864892196
-0.004784098978993753
0.00824904617032158
0.005791105783265405
0.004388229770800083
0.0031162866302574138
0.0020920647583391387
0.0007209504714160468
0.005778343361836601
-0.00031983428988816785
0.0011971610871741388
0.006046635366562435
0.012490486803170853
0.020500322234085586
0.010994224043255235
0.010557937302715816
0.014110002827252761
0.00392291226827974
0.013830199244097723
0.019571185743364188
0.011261307750165027
0.0037680780178779454
-0.002343268833861455
-0.006279017598058373
-0.004341621242186502
-0.0012121617521993883
0.0009109869323640755
0.00013448401112412797
0.0030488072711903837
0.003947713901311027
0.006750648106856261
0.019675331085316373
0.0067192243233961816
0.006590516843769059
0.0066127351494410696
0.006398863493240938
0.007070096158628235
0.0036253875753938913
0.004936835989267821
0.0057175674273937365
0.0061818494484908015
0.006264339471350113
0.02646735789148862
0.005497994287706309
0.00439285429853483
0.0038807003827675897
0.019328859817213464
0.002308973407361671
0.01967232546930979
-0.0003162040331650156
-0.0031989038151002307
-0.005777713228559854
0.03970598768099737
-0.00977651538002588
-0.01748809721144959
-0.019294001302040516
0.012567812631791424
0.009683699362561034
-0.012549584045018202
-0.012034376188340898
0.06203872925068887
-0.002530524547508725
-0.0004571453753184454
0.0015754428671320114
0.00019932572120054642
7.59786156057911e-05
0.0045500348350873505
0.004203629301481883
0.004153389631239948
0.004075689894150229
0.0032548688914779598
-0.024741803372773763
0.0033975150024388575
-0.001600478046937773
0.002284848959609727
0.003500264702821183
0.003450423824029934
0.0036423315686633546
0.013962892909223234
0.0035292723432198097
0.0034724069151622215
0.0033209824060739974
0.0026966872237082665
0.0013922744315570626
-0.00013169147336579903
-0.0021987650167890936
-0.0020831085716637387
0.010528992498581241
0.03807867879206572
-0.02618048762128945
0.04600117380840788
0.004805340926184127
-0.0022088080864496326
-0.0009177041910261521
0.000793097784888403
0.001963277068482406
0.0026440774017781918
0.00636522348524027
-0.006084038582227859
0.004948682461537412
0.004745441694690309
0.005239794151340479
0.005429374172505471
0.005641655457674207
0.005674859116010126
0.005667988389894919
0.005189478190603785
0.005326363568821042
0.0030478257718003646
0.004880487500418306
0.004642358467582745
0.0042697025822851144
0.003730554415525646
0.0018618687158974043
0.0022041390044088443
0.001174762539439161
-0.00010743833829866254
-0.001229554568466108
-0.002373835813678411
-0.003033001303234859
-0.00237446577875158
0.0005765784885714328
0.005470866279156257
0.004060194989069109
-0.013109054554936482
-0.0025277786447049666
-0.012826839428266495
-0.02482862862194269
0.0034692878715640147
0.0038674881712549695
-0.002663070442290549
-0.004922467826730195
-0.005557945839248304
-0.005963841814754199
-0.0067588925555871916
-0.007913185911568976
-0.006863525186846532
-0.001887565154790934
0.010884501845758345
0.028409493089988348
0.021923323039229062
0.040599492724221836
0.007252042930403527
0.012665116615802439
0.022200129127581136
0.002930664183357655
-0.01290084491210606
-0.01905238622710407
0.008586551357178946
0.007289806887192179
0.0006233842885901503
-0.017309886454513257
-0.01610007898948804
-0.012302909858862687
-0.00888354045414895
-0.007390543353285283
-0.0038121454291558956
-0.0017037660237603034
-4.153433710680516e-05
0.0014381538412666477
0.002800862214365116
0.0041030371957027564
0.004624847443526735
0.0011115651928197546
-0.006816882656283919
-0.017680431797037852
-0.0019963677191428024
0.006601848538837561
0.008180914705153768
0.007909678777992368
0.007593924715116844
0.0072097254649113795
0.006633589786955399
0.0037551914490268363
0.006115183244117122
0.005476522917844532
0.003294614599171137
0.003384987455720166
0.011553046633935974
0.013827539332364937
0.010551754390835192
-0.0035970699517281005
0.006029362926350763
0.00027720369127579757
0.0030996015577000463
-0.0035227205394213874
-0.004521599592658049
-0.0031037309936772627
0.0019295570511069409
-0.0036658392064284496
-0.004941914015718454
-0.02036128007937819
-0.0270951994381376
-0.009321291750205121
0.002161517755410872
0.000347163544161615
-0.0013677794678639281
-0.00044579003906364414
0.0019400119690728412
0.00396776717841307
0.00783544713679293
0.009598200682389925
0.008040306173208847
0.00857769633445654
0.007662204329112248
0.005271822535148788
0.0016082479340750013
0.0013957389519509244
-0.06342559406103351
0.005164722102624866
-0.0006016336653892433
0.0030698593109098602
0.007032572185674113
0.009283397869810594
0.010693062352882416
0.011032379476501085
0.009475532958609924
0.0011081306331763702
0.009948915997780876
0.015881901552960077
0.013326654520792736
0.013134901524821921
0.01293348013553954
0.011072168709067735
0.010800546102203823
0.009077909085811565
0.0029653915371174668
-0.017353390919325817
0.0028565795969966654
0.005351712101341577
0.0037890987511420724
-0.000515096884274204
-0.004932444085757335
-0.010832287547629077
-0.027213083880882095
-0.02120017517817227
-0.027844969801205852
-0.053966826868690664
-0.016279542787166753
-0.003640711774832882
-0.004253216587389273
-0.005881412888256956
-0.010079210293972648
0.00243833954907507
0.00376055943071242
0.00443356262403288
0.006067871586779785
0.006391728950191445
0.006041340159728713
0.00573690555719378
0.004901494503827648
0.006679188501759933
0.010076776703231665
0.01708098340040239
0.025090790334152603
0.022086594241367694
0.03781252878963716
0.041968080076004416
0.005871651546006236
0.01736899680870606
0.018652838204787442
0.010335747970087935
0.00445015260461527
0.002346211799883604
0.0017981767133016437
0.0024965739944224664
0.0034830926927709484
0.004436396858777886
0.005420794155980364
0.0061916139097676565
0.006720231795682059
0.007027815464880072
0.007036158776277085
0.006736648048285357
0.006438924448567994
0.007279306406931673
0.007476419078249196
0.0072990073130993665
0.0076617023858637345
0.007356154761088027
0.007292078649224249
0.0025726509090437132
0.00601152885583985
0.006171923790577485
-0.007915388010140512
0.0060920672998722005
0.006174467028908796
0.00683733778267416
0.009606692035169449
0.006964751393261314
0.006700101904943773
0.006149171845718436
0.0058463995958858185
-0.004516536151093566
0.004369916830481852
-0.006169169496287542
0.002768738830365691
0.0009922727783213561
-0.003031882033396452
-0.0031565400451329805
-0.007410461564943235
-0.011398535214217364
-0.015305085026351004
-0.014964747514249118
-0.0059801955300724675
0.0007759224973575522
-0.0037974622491136634
0.023892609255430665
0.01070037376647786
0.018820697792434157
-0.023410317338830897
-0.022615862448247044
-0.013896802668539196
-0.013073612334025514
-0.009198375888603234
-0.008135838955264934
-0.0049811675676724775
-0.003796511085215285
-0.004591259393021674
-0.004365964218856608
-0.006786657578551779
-0.007560243212945786
-0.0068963336009986685
8.91663804869424e-06
0.03345974235938189
0.025185218894749756
-0.013523127752820756
-0.00718952005780629
-0.006021445342420366
-0.006805384348022534
-0.005304458248147857
-0.005283264144637417
-0.006221734587547087
-0.008124168126970095
-0.03884726198251843
-0.0028655344111634105
0.02303615886000402
-0.010048365534931167
-0.009500623518452014
-0.009995255271753673
-0.011414988241826877
-0.012896029856672304
-0.014872479887741005
-0.01674854231317501
-0.017599516706425282
-0.019506570440096266
-0.017025312461429434
-0.014668543141201152
-0.0009781327227609993
-0.004346155291816361
0.010902400515154497
-0.00640786974151921
-0.0175562506822443
-0.013377982425352944
-0.013700401434833231
-0.016265787273313743
-0.017707798627633182
-0.01826912018953683
-0.0197690271052955
-0.02719758007923335
-0.015794947400486797
-0.013408979189920149
-0.011673383539456518
-0.010255801782089726
-0.00886944776870552
-0.007036570265982103
-0.005695135892242899
-0.004766925077685234
-0.0003586005907944589
0.003798989444999253
-0.004138579356191305
-0.005457399122367048
0.003487991666285166
0.0004987952866188328
-0.0060564252030246265
-0.004954727964632199
-0.0039627982304739715
-0.0032350401938283503
-0.002826680040503335
-0.0028281395813869246
-0.0038217087787475144
-0.004744873034345515
-0.005376048058685103
-0.007110198327151861
-0.006602514051180478
-0.008488041336724976
-0.006161636921475162
-0.005273257669427
-0.004666385095308048
-0.003450103299811827
-0.004702428496547742
-0.01050612582691149
-0.004956156269596507
-0.00505251280336569
-0.005171019918325786
-0.005197380146333798
-0.005335600540317366
-0.01726675560092036
-0.006800709125070151
-0.006260377944139797
-0.005374835227060009
-0.0043553818787726226
-0.004222135128332967
-0.00432268710323267
-0.00463889807874078
-0.005719278276930408
-0.0046258629275023845
-0.004732708822380853
-0.004961720277391807
-0.004730427347918135
-0.025518492191724335
-0.001340395987538947
0.0004997106958819406
0.0028780714664885304
0.0007724929985421287
0.0044996962596472794
0.005559864556135397
0.0060062967728866795
0.004795796819285301
-0.004326782863130773
0.006229257966151941
0.00750602590099881
0.011060768422256267
0.005789606001564128
0.010321174926569367
0.004253742875624255
-0.008143508404657171
0.006921217056949009
0.01559647486060093
0.014769462688224932
0.011017693539266448
-0.0027168427763238543
0.0033280409625231497
-0.0035149701496748897
-0.03347650085205208
-0.015900336510889523
-0.006134994393043476
0.0012205056892547344
0.03917591231549528
0.025586139028755717
-0.01262448230953095
-0.007478347950229104
-0.0015207777931991971
0.0025580911961629507
0.00458415017134506
0.01350862926223699
-0.000286493190583873
0.022190210099068578
0.024624967583169673
0.025826556965831374
0.026868300328002335
0.025579107908174907
0.024506469252697536
0.02423460122063374
0.022875660256064547
0.021249451039488554
0.01937096021163984
0.01724710134484817
0.014700158483037514
0.011195775634871284
-0.017397275167494
0.00549322620527466
0.0064437295324520005
0.008112797596963553
0.004027097128222502
0.004155184825944277
0.004348992067281706
-0.003865074717419218
-0.0018164274787955826
0.041208594412945575
-0.006727448932046865
-0.004597078501541719
0.00037672800473038286
-0.010356136786073125
-0.008607599452522983
-0.0072589965634855865
-0.006524036339497506
-0.007645667351056541
-0.007435668800074061
-0.0062220935156983345
-0.007143357342590842
-0.0072187968428642215
-0.0075543357756452725
-0.00826486369241739
-0.007332218096817815
0.03294231711476337
-0.007329422415117456
-0.005679142369734097
-0.0030682812049893375
0.001338501971867406
0.007120195034950831
0.018209021165282065
0.03298969113759493
0.030873282243850952
0.01678238617799148
0.024460488074846725
0.009050339702692863
0.03829678259610697
0.03323515322736948
0.021242215408595694
0.012816314363680944
0.007590145076261893
0.005373056684915748
0.00468547746085781
0.0047974854037175834
0.004570211945774848
0.004212974940153068
0.004103696226779759
0.003056188359321744
0.0031324551816380368
0.001698765961200689
0.003332286440336978
0.0033586798428475208
0.004250961234269365
0.007207668128043339
0.005118939079540469
-0.0011262864773872706
0.0042344594727432745
0.002676229031870929
0.017529918400613312
0.013807248413821553
0.0024150297411967884
0.004648894703927915
-0.0003178934551029943
0.004605817791658848
0.004498087469802771
0.00809548889674015
0.00785126470702438
0.007899476366462448
0.007921789136218601
0.007824847046276232
0.00748095194729397
0.006836888312452201
0.004714417238359445
0.006261683101335036
-0.03393386998807961
0.007656376673369475
0.005717503336958938
0.00655713053618341
0.006904658448638862
0.006866821037291032
-0.001017905789044525
0.005646726069898664
0.005101726658890081
0.007951735060366323
0.004226849813669587
0.0067310931174928024
0.007641544887221293
0.009863028122479084
0.012899983486014902
0.024623016975616484
0.05696564767428312
0.08303659602985551
0.030687804026355306
0.06476087321475878
0.056053095701581734
0.024190052795339135
0.011649361096043132
0.006554682988183843
0.004314494175944887
-0.048304678442093074
0.0013536811346372111
-7.954644782498281e-05
-0.0012537748277640418
-0.003133483685647143
-0.00511659613281053
-0.006773387333602303
-0.006956115525566712
-0.011845092473526582
-0.012970233567353105
0.011827213617126305
-0.014066248701510856
-0.009449983924571945
-0.004557209237468743
-0.003979544686271322
-0.0027953757362884015
-0.00032840502169256635
-0.0032684949454407394
0.0019764006923040003
0.002010453113374907
0.0021957363952075032
0.002261951840293884
0.0020569214767985526
0.0012481691653997591
0.0010266968053822146
0.009063219380512067
-0.000251060512078293
0.0007262551556584669
0.0005982107184046468
0.0008158815908550424
0.0010330130068579276
0.0007638991410628967
0.0028200795462868774
-0.0005945664777874393
-0.0006839175012302964
0.05620756443144905
-0.0011097692789387424
-0.0011554054862122217
-0.0007602912671094766
-0.000521141930792939
-0.0007292295778228272
-0.00037560391334659114
0.012450428922652369
0.005349964574144293
-0.003221153738422953
-0.0025432209282705764
-0.00609772123724186
-0.004303446327920789
-0.007315217446807141
0.0018274124855185798
-0.026754900145279654
-0.00903029485710735
-0.0055469374677914384
-0.003214513036354739
-0.001790274436325934
-0.000915501252932756
-0.00041925501714690705
-0.00024226481108320934
-0.0006960919167369932
-0.0024364143729308715
-0.012634337301900424
-0.0029068590701276224
-0.0019481802617226844
-0.002584045271768985
-0.0035107219654779954
-0.004586239387259988
-0.0032657884984017317
0.0005644058715039247
0.0015995201254058187
-0.013602416230152342
-0.027706626929735082
-0.02225754754190412
-0.014451345414837554
0.0018214172150093232
-0.004522373394989882
-0.005358141186463986
-0.004543955134710344
-0.0030706488489744394
-0.0016432236475557066
-0.00043172717737052416
0.00020342418675737384
0.0010271987688940014
0.0013100072661643202
0.0013824576504447058
0.0012876312961352155
-0.0032249103709458436
0.0011253301014744676
0.00151805257911993
0.001687934397874235
0.00198055954523671
0.0017091483979310073
0.0014515783841148198
-0.001022211050312434
-0.004647087523433918
-0.0019850583763722307
-0.0006290839938502416
0.0009479858452326248
0.001264501741920536
0.0013023418090116422
0.0007541642286247209
-0.003963401974685856
-0.013405102301498396
-0.013211735608708277
-0.004205651850223528
0.00117554848992302
0.0012556132395454267
0.0006842209888746339
0.0003655839413692361
0.0001916299502088776
2.8165384321267805e-05
0.002027340303317593
-0.0027783000024990253
-0.0027771331117019244
-0.0032056851823147234
-0.0029151916349252666
-0.002949026789192222
-0.0031629166342707227
-0.003762212381398416
-0.004046056974031359
-0.004652723651494331
-0.0053285170652564336
-0.006260758499778264
-0.008107092563006279
-0.01038536938572397
-0.012969691183548723
-0.0012999845629010393
0.006445792422270089
5.573695830254065e-05
-0.024850796094665183
-0.07928668363672688
-0.04005996514536833
-0.008434719598421334
0.003822643557908434
0.002147565335247096
0.0075699709470268065
0.019267039919968552
0.0207202771294743
0.024803720194649163
0.016647547139806176
-0.0013777695798352838
0.015386168634009764
0.021139047075357124
0.009640326851652692
5.598150021344926e-06
-0.005204654918459353
-0.007346558277966405
-0.00792335778287016
-0.007721824343159112
-0.007115310082415715
-0.006568432567539835
-0.005691885323159662
-0.0050325009572138825
-0.004458087773539982
-0.0037451041921659095
-0.0033086858529258333
-0.0027890148011128746
-0.0024528526186555688
-0.002092868038339301
-0.001804745224394417
-0.0017009713028658562
-0.0015320178930704703
-0.0019398011721634596
-0.0017219460878959668
-0.0013641333558533906
-0.0014535317509371463
-0.0016000996462356095
-0.0019176227241895773
-0.0022435975028604425
-0.0026422874676602236
-0.004104423410763838
-0.003701539246657324
-0.004367257435159836
-0.005171129625377809
-0.00630474701609946
-0.007219449176992658
-0.008523409827191799
-0.009884608611875123
-0.011162405176008075
-0.011940072126501904
-0.011364748961783725
-0.008200346386130469
-0.00027866054685756717
0.007048178400212167
-0.011594180996365085
-0.03555510133451056
-0.03108592294942858
-0.030172442892956668
0.0038188731506792932
0.00498932391705997
-0.003922543398279024
-0.009268137536963102
-0.011187569410109208
-0.011127443040180353
-0.010178189176739535
-0.007320547171375742
-0.0076697151718578705
-0.006517384209902302
-0.005459707861924558
-0.0022363572107241933
-0.00363138849131013
-0.0029554176655084115
-0.0023224460520389536
-0.00171367605564447
-0.0011755105101764133
-0.000684097406101799
-0.00026506971001313264
-0.00019534874774305007
0.0002345190815175504
0.0004118144161668688
0.000623917271225276
0.0011846162083230204
0.001065757183532918
0.0015366914620468712
0.001307928607231587
0.0033287876140038896
0.0018048819374290588
0.0014880714314267464
0.0013703232115946154
0.0064749047543488595
-0.009505918707837555
0.007923953627272601
-0.0008250031726579479
0.005411432017921722
-0.0007343313459576225
0.0004306224691592313
0.002925263942841882
0.004527479837530951
0.0032156036455146014
-0.00615317250413084
0.0014597211762304389
0.05238196180324754
0.009941663485269349
-0.011187339244413555
-0.0017817672810407038
0.011411254730280864
0.012284234508133431
0.0017674563871748936
0.0011237939960750602
0.0001779909982857431
0.005659787058538471
0.010184142080109865
0.0011459278071632862
-0.0010390662151858272
-0.0023309412049009252
-0.006612248397434912
-0.004584818962746643
-0.0033971214521725675
-0.007222754882556711
-0.0025135376011188393
-0.001855814308229109
-0.0008680772729137606
0.0015460003477260624
0.002326617799818386
0.002211537120101199
0.004091189390916347
0.005956516249237247
0.007226106472036631
0.00703478371668696
0.004725383927723436
-0.000854997025301759
-0.009171913563218061
-0.014514616758252595
0.033813528250448956
0.03726930540962738
0.001823045286249761
0.0021980004290627513
-0.00920043622773823
-0.03862592208571578
-0.013036958683706966
0.0015597626047725954
0.006219027749923541
0.010078061213006926
0.00771503147157069
0.00273897924495726
-0.0036974182221136825
-0.011635553518012242
-0.022678916146771495
-0.02796455630686396
-0.024792368965147145
0.010286407737795551
-0.04678097763209382
-0.01666506511318891
0.016735769283036914
0.01271755989427142
0.018527118028924688
-0.00719027593694896
-0.01573793124535428
-0.015014135831410856
-0.014808686377453861
-0.013614048893316355
-0.012037371177535642
-0.01158574534705961
-0.011387014371116281
-0.011596230295974024
-0.01224410728871149
-0.02159681856942851
-0.011502763664026805
-0.01022868375939795
-0.009444477052789469
-0.009205863325984762
-0.009501326350883885
-0.010231520401325562
-0.01827573331468121
-0.008462875186326463
-0.007265650759700411
-0.006286635991658686
-0.005268001225516679
-0.003477353980324746
0.00104643459288144
-0.0007654414810275975
-0.003983826352060789
-0.0036669049041637126
-0.0016814725515475872
-0.00022825862856753026
0.0009877908620225175
0.0017265195034213885
0.001492734248634193
0.004466298865139862
0.007657912147980976
0.008121436125881837
-0.005612600061936298
0.013408590952969628
0.015860450815479855
0.018411336383411848
0.0202986857631976
0.021188585772516266
0.021706711262422813
0.012152550067825743
0.02095691951168734
0.018184369108939908
0.013171770872029701
0.006231150455765782
-0.0014120207577028806
-0.007679665651960356
-0.010945763834422976
0.031190603171530974
0.029258180244540688
-0.0044107233615736175
-0.06991871914303298
-0.01111721509551006
-0.0010082531149997488
0.007733303915366319
0.01455833804082794
0.01570110909958149
0.019909244830899217
0.004278251775956694
0.021571131715607955
0.021680779071143644
0.022070399020821974
0.019575937017560146
0.016044542979056838
0.0145495699100725
0.013020409835454985
0.046270648094252326
0.011373625854969682
0.00673222685305898
0.005075440864640432
0.004594101899502849
0.0039025555832624534
0.0023733282345704534
-0.005810427118268371
-0.00933269830986004
-0.019402474744234063
-0.01077351080604281
-0.0027622954689279066
0.003104287125470621
0.003374027061036573
0.010405621390503605
0.0040586622334299535
0.004634423673780059
0.0006670181412920914
0.004800677765672972
0.005188809087186249
0.004775160484409629
0.0022589818109641406
0.005049300548961979
0.005710766420751026
0.0023455458020597147
0.005250458220456349
0.004483217595912126
0.0034400807670099164
0.0024101576707016847
0.0022126291631004843
0.004256308060540263
0.00833556007984451
0.00614031215790044
0.003930249804847967
0.04601766006799199
0.04964440725667409
0.01610221957432825
0.01575327333032972
0.007742556535633284
0.0029178990000316442
0.0012647792350535443
0.001737178697472308
0.0007038978198074486
0.0036906562417495787
0.004373453385008819
0.004048748550893746
0.004140555143205503
0.0042230045635304955
0.0035091805094114993
0.0015058267732843565
0.0017768441318318402
0.0015180253328368459
0.0010084199202877462
0.0003616608112352993
-0.0007330698358931066
-0.002303541442061387
-0.003983950962417937
-0.007339962644274057
-0.006500476414602928
-0.005235167376519486
-0.008912131679719729
-0.010156474598856704
-0.008499961308878685
-0.006101980192493037
-0.009218764653560332
-0.014332144837358514
-0.008560747179683892
-0.01247033484239108
-0.006900791018094587
-0.009193611491463081
-0.011055571089963415
-0.004410330197198468
-0.013001313997602742
-0.010769429537883112
-0.007883270384113652
-0.009967071624700917
-0.007371875204853964
-0.006490127999508654
-0.006353975250435245
-0.007104016887263995
0.0015569622455604316
0.005350551170671791
-0.007077761588293964
-0.015556205777746008
0.015971442683315455
-0.027560521053765295
-0.010746091780745379
-0.008567036867640765
-0.006623740866547307
0.005717341990426684
0.009468707860918834
-0.0025374229529393135
-0.009666204215332782
-0.006991902887444527
-0.00754977157153138
-0.007262053304443734
-0.005593981886762505
-0.0005313042262632824
-0.005666700739265382
-0.007767269616797566
-0.0004001172780649712
0.0004952627665437855
-0.0044807655087625185
-0.008243430181277964
-0.007783442257957586
-0.00783073737199274
-0.00796245368113596
-0.008043414763174803
-0.008279456142631262
-0.006116744291628659
-0.006765226142765329
-0.0087469695155106
-0.008885499234220662
-0.00962562316248938
-0.010301492324187245
-0.011431311739606586
