0.00730355282562724
-0.0019902769860435693
0.017248479418131277
0.012008433947717351
0.0019158246526061414
-0.001442814271579016
-0.0027568703732021435
-0.014177682442468087
-0.01324505621971829
0.004865810454173329
0.03405030690008713
0.04142467677879238
0.025879789207249145
0.01408977197870799
0.0005707795289897488
-0.015604987144037779
-0.039347025875788054
-0.06379452017509123
-0.07412212156775093
-0.050473416085845046
0.011896245316389279
0.024217888946967303
-0.02625150629229093
-0.02241181187139067
0.04130183770974148
0.011653857242295944
-0.006749483803657418
0.0017200583050634305
0.020943931656928583
0.04329804718340053
0.06214731909463198
0.05398819021970905
0.04967882870055963
0.0424615858898447
0.032328380372186036
0.020577185869811263
0.01517577369293918
-0.005572402107574224
-0.014992559302836475
-0.033022655231276156
-0.04532825714525672
-0.05526441075140685
-0.06231437979671365
-0.06484614065123402
-0.06690311488354049
-0.06582466372737793
-0.06005502502261147
-0.047525404080884535
-0.027501755484117155
0.0016802171258338081
0.03560118443183866
0.04293355491269634
0.030181487734413794
-0.013926607714382921
-0.031942233449897245
-0.013491222699847514
-0.0036889402992498874
0.053295782591877644
-0.025159626952295303
-0.0619669124820594
-0.056067031075510414
-0.037699467528951286
-0.011495775328567688
0.18585282229126734
0.025965412124996624
-0.03824861267485077
-0.043142676081505626
0.015511665002316067
0.0641239037740547
0.057416141115484556
0.030176831112569396
0.007421067656081795
-0.006832960759297092
-0.013343210294208884
-0.013588401718111652
-0.008952935601358115
0.004544708107105598
0.016335535594030077
0.026432057019474407
0.046918738831410095
0.07771760571483431
0.08147185633667459
0.052444698167705577
0.02959881022575873
0.01665262886272544
0.009311903822813277
0.005430565197054706
0.004901938708038815
0.0038140129887425673
-0.003995628272372844
-0.01202215776533729
-0.015858254769545378
-0.01787785096278274
-0.01382491507594336
0.017013741375622143
-0.011059655896608829
0.015596015996102197
-0.012626299749296617
-0.025806128450555854
-0.028533638886145872
-0.028557107884732418
-0.010126758365667229
0.026696526133385683
-0.019588255247117273
-0.012008176942246996
-0.028483960175515754
-0.028214928460762168
-0.02355477403616583
-0.015230614682643782
0.00103044308084555
0.02367226158521404
0.06520188020276851
0.012326246143094893
-0.006124619494669592
-0.03620538461903497
-0.06245759873489111
-0.06962470866299146
0.03312837483412495
0.11073050524744026
-0.05123954124473381
0.10827674621482615
-0.019494298946740204
-0.05706168898488035
-0.014524107107039039
0.07786552007428305
0.058804873929926595
0.028899360908076755
-0.006597194428102671
-0.018570275806927918
-0.039081350576633575
-0.051119808784507906
-0.05753498649814809
-0.053773321748521404
-0.05186915244669587
-0.04869627577063329
-0.039558232451261686
-0.029130810882901825
-0.018084924319996153
-0.021937975412204748
-0.017187794143791162
-0.008647411230557081
0.017716338772846552
0.08002530988408714
0.031870810848442545
0.008536350775667298
0.01584261595141995
0.01841978081793435
0.014343953741370437
0.018650409435592073
0.023067382909592187
0.00980809473799656
0.0006397926987000379
0.009462350310390335
0.0207533569902004
0.02053621706829121
0.023177807247381745
0.01598257973183894
0.017967952331967137
0.017898274309587348
0.01773375575230074
0.017929424597876994
0.017919026565767205
0.01916494927638744
0.0215707638628961
0.029864622231490192
0.09035433099451082
0.04833037247040384
0.02747188996257718
0.01683687367668341
0.007832504547991285
0.008981346097263917
0.0047449504234959175
0.0022241278606313017
-0.0002709705468521971
-0.0027244456396615566
-0.00928683339443144
-0.010059016107121139
-0.007552914473812933
-0.005227631742656702
0.0001620696787019113
0.013749322621275989
0.018169567596434663
-0.0022826833397518852
0.03751855367067806
0.001558748571881334
0.007718689885052962
0.016279291112735787
0.005774589807567202
-0.0019381627800241195
-0.005399718798761164
-0.006596166568257828
-0.006366684978900834
-0.00524578704636987
-0.005844610355502317
-0.0026160237826810743
0.006313248859140598
0.009892027535205869
0.003213949032991515
0.0029920554122718473
-0.002725806246869246
-0.004578421966413238
-0.013292483560869237
-0.019576148383166545
-0.04935870950319994
-0.042812911086914915
-0.01635054735710786
-0.014512006763638707
-0.00443005231488786
0.007334381215772442
0.012852190625388046
0.001300367502519203
-0.003932921535353931
-0.00682930734458245
-0.009193523096747529
-0.004299406139894758
0.007766621639611768
-0.005158197027749762
-0.013171380184316777
-0.017028518537847263
-0.016591873308408292
-0.0179992966153126
-0.01782122304281227
-0.018281593025779728
-0.019429664263987068
-0.023309003969876976
-0.03914055870534486
-0.06406326133406648
-0.03245121235146285
-0.019140246691619036
-0.010939955019263137
-0.0013723004629354115
0.025721790671234906
0.007724317803095202
-0.016985509439855922
-0.06670284344921958
0.02166112368578512
0.06326658784355488
0.042683812433087664
0.04353935830776702
-0.02739887397866025
0.005901838790999102
-0.01228394527901071
0.02578198387287462
0.06511856129252622
0.04089207732592845
0.009248793962097908
0.0020604999249389916
0.015051098481903231
0.029274833908503998
0.05837008383087339
0.041013344414411755
0.00883361786688065
-0.008756016123465481
-0.014142952671308235
-0.022704576296219612
-0.03793284277954037
-0.022397011559979467
-0.010577634993992427
0.007238052430626654
0.02441610997588172
-0.0014764809901001586
-0.007689802586400759
-0.002158751259069535
0.002837884480802383
0.01171933217802452
0.001214276848456288
-0.023479598118126818
-0.002418561617738929
0.0002573329133873462
-0.01005985063769299
-0.011045924235316149
-0.013284622865532383
-0.0024243877102704896
-0.03390237901105485
0.015234287664105313
0.004042406255413105
-0.010155873138981952
-0.01738929210475133
-0.008037545889145068
-0.005223314837365928
-0.0140709931351367
-0.026505995275982214
-0.008487026111252384
-0.015092234805442363
-0.003783411642204719
0.00976511865109561
-0.020578029732639672
0.024985279148094397
0.016609411977661085
0.012797637817487289
0.0074957293345457535
-0.009688767145540528
0.00014579444103840483
0.0042467527591159605
0.004465981456476795
-0.005123615044555003
-0.0075049112387537
-0.010351276614284428
-0.010444911313512892
-0.008032837215742048
0.0013862697554374176
0.016814327182909164
0.022932128676553032
0.01291424560105834
0.005532939747001958
-0.0063532961714035385
-0.00780314342502387
-0.008978845523582982
-0.009262737747838585
-0.010313714794293896
-0.02141458532227483
-0.015917851617868323
-0.012882924961498813
-0.016814921123911756
-0.015800520620602446
-0.008119118367922737
-0.05118551403440046
-0.0157907016527862
-0.01588429130760114
-0.01830569891614059
-0.025056751128803536
-0.07054027625529039
-0.031158836102651164
-0.023637703207191423
-0.023433215612751756
0.04359409416083476
-0.019663382111715425
-0.10387763586583176
-0.04009804569479496
-0.029137751616297763
-0.026883512236240782
-0.021973762047360453
-0.015809890865402482
-0.025669868724922284
-0.008539251145771747
-0.016313012220417113
-0.011731145011296348
-0.007361879657196266
-0.005636757416384713
-0.005260411201867383
-0.004243721260508586
-0.0035805605066564876
-0.0021703468715545226
-0.011020296306106443
-8.773788655635878e-05
-0.0017332917197686358
-0.0016745807893695228
-0.0007244637038235101
-0.0002933751233418797
-0.00011730806438724824
0.001807037610311176
0.0062800597768955455
0.007702815569246578
-0.008976341943994551
0.00962998861418745
0.12475009587283518
0.007302042742085998
0.011561149578065068
-0.004401525534246384
-0.02475619675015616
0.005094657865285981
0.009047602767819874
0.006696800263373937
0.008219522936572082
0.009169370340876112
0.012505661953331167
0.007432752272389605
-0.004623319849979386
0.013434443134742435
0.011795457259215695
-0.004959292752708893
0.024533269832000926
0.006056548831623885
0.010651818200005688
0.015204741500181803
0.009623036197545043
0.029417193489331014
0.04289666548654835
0.04799795185991768
0.00924441160466302
0.020019155643477327
0.004992595098917041
0.04690078404491979
0.04937465269878652
0.035210901873587566
0.023536575956073804
0.01588552145727255
0.003177324139618821
0.009238303924372202
0.006591781067101911
-0.006512179651882284
-0.010550894957198426
-0.00024494835929559185
-0.004206910828229565
0.004896117926364558
0.0015483801781232475
0.004083827080205674
-0.004040303060257773
0.006218379579623473
0.007245184371223392
0.01324972055031942
-0.0056443352130709215
0.008663278655048859
0.01501274027032358
0.005915187075169848
0.01022232053734288
0.010215643504551841
0.012443971897465793
0.0038710224753157624
0.01610220203766202
0.014162833470530507
0.014693656825483377
0.015221071543928362
0.0354068080276892
0.01817040314270842
0.028879220446096674
0.025810369144750777
0.027471250278699153
0.030076967419962564
0.035393340084746046
0.03981643602978305
0.04715597978886972
0.040712980367639075
-0.029757029451682328
-0.11819636630383695
0.06264041867444847
-0.0999579276694523
0.020223810571954052
0.046417940906184785
0.04591613215008349
0.03818262535042144
0.025797361846021466
0.01681916509857265
0.008426758839121532
0.0025577579794099537
-0.005053500752015068
-0.018694588862475284
-0.059656117357344086
-0.0687005248000171
-0.020565471230190445
-0.04491193474732607
-0.031226157187517246
-0.028478971978205713
-0.032635091017533514
-0.0024265142618272333
0.006644866206444057
0.009365490876539437
-0.003947848663222567
-0.11344516531815803
-0.006634612536873198
0.018781079080457695
0.010885329276540507
0.001327558447289283
0.001507903440963681
0.00039958135906831445
0.00021129650669696065
0.0018731467938234148
-0.0034183902523075263
0.0012880285990867614
0.00348965862211674
0.003630064477158314
0.004157348412111708
0.0014985830443321358
-0.019431929634099857
-0.004011987077811817
0.00021774406925563128
0.005159161045904553
0.00014784317580577907
0.026836545309535144
-0.01630758270919951
-0.014190041925113087
0.0744962352141665
-0.023043140242280317
-0.055339554721387636
0.011005131685171185
0.06263442627919269
0.04970129211221183
-0.004702219604001303
0.0030017832601955006
0.005668803879934538
0.02226541964547289
-0.006910351646780704
0.007541959601566287
0.012725855163299882
0.01271580162491518
0.01032150746992597
0.00721859927175541
0.16303800687251294
0.05468350520272315
-0.07609434689729067
-0.01994766127164674
-0.003626241571649195
-0.00010111593259508849
0.009642838299569896
0.008533605861777593
0.007586232814045252
-0.0017579164098417074
-0.005170827616969201
0.019856136678803742
-0.0014401761802822672
0.0035123608378890355
0.004547357873983541
0.008041277525422844
0.008744784376386263
0.0047544242813710455
0.006794310020248211
0.0033300337472458356
-0.00028596152768689727
-0.021748054758767534
-0.016060070141028743
-0.012162387982545923
-0.006762117165763481
-0.006604300982604442
-0.007456447179055672
-0.007897994810644767
0.04798805145006797
-0.008738823312172812
-0.010427272616490083
-0.009723713791213374
-0.009671021954169768
-0.023194453653269567
-0.010485614264117636
0.004550641093696691
-0.014721883933950094
-0.01238859341230804
-0.013540555748275295
-0.014156888011059517
-0.014047307592630625
-0.014806775047723562
-0.01589538771257629
-0.016714959358298174
-0.01697072737415466
-0.017581979088442508
-0.017997852120846012
-0.018901337208577704
-0.018837103209154365
-0.019085934039353446
-0.01984535526489639
-0.020209939085245245
-0.020630678799642067
-0.020941013617586674
-0.02118184951310266
-0.021498487877532016
-0.02160861166549332
-0.021435877142478722
-0.021310419240390094
-0.02018734625198006
-0.021279246245759095
-0.021474923778485984
-0.020261811098170313
-0.01947753002794997
-0.011112155836191767
-0.014237156325253707
-0.008866758092918309
-0.004533151408438804
-0.01691742616947442
-0.050592506283069286
-0.04403655386517643
-0.06485568938352183
-0.01721086450293666
-0.004117911153948176
-0.009392053719095518
-0.015054504707632822
-0.018461561433383757
-0.0202378597678961
-0.021066124705890754
-0.021611717488088364
-0.021352795539191363
-0.021368737348182832
-0.021200053338634305
-0.020447965119070644
0.0840051270818077
-0.02028804477000202
-0.020419532420538265
-0.019775700322902583
-0.019405342619742038
-0.018891009246371604
-0.018293110438202354
-0.017793200217464843
-0.017817244604919444
-0.017223621820859156
-0.016958404284247868
-0.0188224784965327
-0.01601967529971168
-0.016016584306333202
-0.015725340664778646
-0.015425582504520589
-0.015002414997971794
-0.014542434791803083
-0.014229911706466751
-0.013620728655629901
0.02352756290912132
-0.012153354241807798
-0.012066708278522454
-0.01083198144365947
-0.00496764721401686
-0.00993077791967728
-0.009729641284401753
-0.009473954768106066
-0.012639717788008622
0.001489084395357869
-0.01056943933556926
-0.006939634929681123
-0.005808404640306886
-0.006560036159604113
-0.006336855654479237
-0.005447293628883064
-0.005252705695829526
-0.0052126044606438425
-0.002415461194774197
-0.010778984379459868
-0.006073603717545538
0.0003879898534175413
0.000987083121981328
0.0023136720570247392
0.0011651695826025844
0.004771138986082651
0.007502737386226279
0.01374876723195207
0.02732688230083922
0.0715161226815547
0.09266444211506185
0.03216761949247066
0.01224418233915
0.00012517290248376863
0.0024984743737992703
0.0027960737733599026
0.00333345557107196
0.0025525689246992675
0.0025933030528073222
0.0023985667750039217
0.001878549733396659
-0.009931472546274306
0.0014410259095212698
-7.597631550780112e-05
0.00109725116582845
0.0018767513342470927
0.002242068208545468
0.0027616697509531955
-0.021053227278641416
-0.005970474468333616
0.003956922254604188
-0.0014410781647001575
0.005719718523691276
0.007703008931073547
-0.006531572656752627
0.010180808819850905
0.013325903970644811
-0.016378072147658115
0.012264704316004345
0.014793887855265048
0.012762634972717499
0.01978162801851952
0.030955284939258185
0.02719523746738775
-0.14530572167282196
-0.08730375997162133
0.033500112430535856
-0.008900826450819145
0.021523930108279177
0.057348157845785105
0.048440768175282395
0.0365363708519002
0.027130285671236078
0.02117726470925788
0.01650550389329192
0.0014395747952656666
0.006018680486893242
0.007953410850197865
0.009013578505908552
-0.03555556106135658
0.00742050309448119
-0.007634815329963215
-2.0784665463022167e-05
-0.013609294667869273
0.003910746765308918
0.005925418777620856
-0.0009054873959825912
0.0025268818040149075
0.0028220222735203483
0.0021880681361761876
0.001790801633250023
0.00147356887667926
0.0008585762512277626
-0.002937382272986152
0.0011553553678961578
0.0005753491872909413
0.0007457806640895144
0.0007977979799456077
0.0009261157294726766
0.001073084447194858
-0.0012485278119341815
-0.005605483870658188
-0.0035053492943140255
0.0007186493241521659
-0.006814589381543704
-0.008122518762914137
-0.00024224117249618018
0.000665147979318228
0.016546239107673104
0.0016890974703242475
-0.031636468732066984
0.001654317149313265
-0.0001271953678992357
0.0013307182198145128
0.0006692609139051899
0.0004707214798164583
0.0004706839198662885
-0.002854450480212633
0.0011121870481646471
0.0011053707084349277
0.0016272521887923008
0.0021872727298312567
0.00046481634043792406
-0.009465192862276577
-0.013424264751847327
-0.015745250823876178
-0.006816245242217
-0.0049108835280749965
0.0012123019409355279
-0.0081504744316724
-0.0010024229991739545
-0.0020317266037689265
-0.0015762485517103618
-0.003874402471281782
-0.0043266574360655684
-0.00493464479140136
-0.005875452649577524
-0.004770953921043018
-0.006195855046698156
0.002332886334744234
-0.007269892028416261
-0.008196483067293177
-0.008792407958247393
-0.009582314593529455
0.016752577807531758
-0.010508723447819616
-0.011085044860584285
-0.011583157390852108
-0.012069170235570869
-0.012997070386595993
-0.012993480165833977
-0.013226023000989648
-0.013189350795983002
-0.012952402883896263
-0.013231491461476537
-0.0127206675020474
-0.01124079842616531
-0.006848925734692332
-0.0026703889712111667
-0.007921538524201955
-0.03299174633197126
-0.043672730118943355
-0.05180078578432708
-0.016034644916686432
-0.0033263445130838477
-0.00752615877552766
-0.011747513569731277
-0.012923014667525807
-0.013154779826362647
-0.012789629595919923
-0.012038437211672661
-0.011178539184551861
-0.010118997671789344
-0.008939082980124661
-0.007879452855367104
-0.006627657279019609
-0.004000820221932345
-0.0018023190152267467
0.0007487655177677202
0.00300655892814767
0.0015376995495017126
-0.00871162454584287
-0.033820065029464864
0.021972986132362964
-0.030092968256441664
-0.006584986277387267
0.0028880809038185386
0.006296546669965612
0.006611666048537502
0.003133852968607941
0.005543000268987789
0.0028452540629035966
0.003342231636558068
0.003203976013327797
-0.0014800858144655555
0.002269370340265094
0.002696637417894151
0.0023872090404043244
0.0019381537678493793
0.0021663656729235233
0.0019058754643395597
0.0015420862763013275
-0.008892254547681713
0.0023440695223643972
0.0020414610043506033
0.00220350727063521
0.0012299078827699057
0.0011976404193321697
-0.0015751222270333363
0.0022347559563653634
0.00242227219320828
0.0021028477587495243
0.003266624669739574
0.00339021643177846
0.0028271996652981623
0.0031071525973305155
0.0024301727130119663
-0.0034910703978514677
0.003309204553453699
0.0020901793024911924
0.0024005755675687765
0.0026944410489827273
-0.018700472106587176
-0.021923189088130436
0.0033781359235468315
0.002875043893261348
0.002895270676747328
0.0024074570899229567
0.0022936763270502442
-0.0045136704004193505
0.003499712004293176
0.0033240690307008197
0.004281126332996045
0.004741669286562233
0.0036976042451309517
-0.02289544694239412
-0.017838798802530153
-0.021041407186829234
0.004526311411173674
0.008278074299868914
-0.10387974511342697
-0.00847223571597806
-0.03280913375733951
0.0035763063009576564
-0.048135571451430194
-0.0011244610384549291
-0.01689536782055942
-0.005137709917291204
0.017341483070401027
-0.0005174309256875053
-0.033929245044374355
-0.027651378371257605
-0.06977412206396381
0.020330727290238777
0.012429706580120449
0.007412921676880816
0.004813033954286491
-0.004545777194980488
-0.05275581177275303
-0.009366021804918155
0.004638057870858639
0.007817125113648385
0.006906733365875079
0.011018572702600501
0.016077810705126174
0.01970287745326941
0.023883863167925404
0.11222336336363006
0.014671765343059391
-0.02098553442022057
0.011158506946797994
0.03523642823772373
0.002183845003823562
0.02464499830670928
0.017881989780765644
-0.007858007172548072
0.009789819235501646
0.007561560079570724
0.0018673022593462922
0.004197572150124081
0.004139810019820303
0.0035719884570376685
0.0031322474536635224
0.0008696840596831792
0.0025727816661116226
0.0024127211548064225
0.002822934059066695
0.00324129042325794
0.0032020408487963693
0.0026523972067596124
0.001359121113365216
0.003583672895190222
0.013760209991634421
0.0036669332605603986
0.002455556999926416
0.0004803574613512577
-0.006288563289633849
-0.027903319736527123
0.0019495695729064208
-0.0008976194172290203
-0.004658136868811339
-0.015584859766195091
-0.04513973611123134
-0.053288917273679445
-0.029183732190733516
-0.02597119962781282
0.00861263489465094
0.010959296310719136
-0.0013441908017529985
0.00724946869215252
0.013688400948434752
0.010995469321768064
0.007948515587389468
0.015049912458228135
-0.0005759274589433899
-0.05017686052413991
-0.018561313489675726
-0.016205323462747005
-0.005071815170171468
-0.0005457077043631369
-0.004387632935372879
-0.0018907775133269185
-0.0022989333391357225
0.0037080211795866647
0.0019308831532471558
0.06410603839239008
0.016529385993412055
0.006298270961188392
-0.003816989760124996
-0.0053442380700996234
-0.004274342751122498
-0.0028696654554953888
-0.0013325643742563406
0.001234563609321574
-0.009915692098432363
-8.13027101842799e-05
0.0022025844323987184
0.0018012066393109333
0.0031040382541153368
0.002538405503672651
0.002476022663894431
0.0024675662723962254
-0.03615323620475703
0.0022014878409403874
0.0020950606989841884
0.0006766709524683201
-8.176956931429408e-05
0.0008888521654163678
0.0008208412191571361
0.0004836353725640756
0.0012234689137585715
0.0009668669280559194
0.0008519179219349487
-5.9055361020968406e-05
-0.0033634402304174847
0.0004917953248375436
0.000996838761913533
0.0012378012096319118
-0.01652320022147584
0.0012995177551301306
-0.005215357109850079
0.0009306883033722781
0.00123565810047438
0.000905492708937778
0.0005887026802474648
-0.007912675289811278
0.0004980208106788343
-0.001495756317001653
-0.0011966884867232435
0.00031459522889878863
0.0009370155216632954
0.0013194900917201443
0.002361643389225849
0.003915149712233497
0.00639988266614044
0.011064555286951858
0.019855350669989946
0.03663174547489275
0.042190432407228376
0.1495677176429857
0.10607016592706182
0.05495883802965395
0.07868555246870672
0.010332790462079341
0.00015363120556665107
-0.006130631973960986
-0.010113958464258095
-0.012403325492970985
-0.013892197515810936
-0.012761301315118725
-0.014296051334796847
-0.01262865576413687
-0.010511358740972341
-0.0026122190360398988
0.004424440869295573
-0.005594259221926221
-0.0466094930246036
-0.029433810392555933
-0.04309477409994293
-0.001304364931791498
0.0038781834813164835
-0.003551339307941549
-0.00940222930877191
-0.01397398176540136
-0.015527452538288942
-0.014885508222601216
-0.014043319627641002
-0.014184952051425042
-0.013753752092570919
-0.013263065074567013
-0.012281997118124595
-0.010717657832019029
-0.0073831533278848884
-0.010011425140988425
-0.008633604123469864
-0.008373163626879579
-0.006922155403197196
-0.006416321570422448
-0.010523078686792283
-0.007195805428144838
-0.004883496377308798
-0.004355384639591455
-0.0038862280572820864
0.023500328988501098
-0.002801090505033641
-0.001900722824435774
-0.001401800879165016
-0.0020046749941877635
-0.002199513449044964
0.0016279176401997237
-0.0002601872553187692
-0.0013916715679277763
-0.0019864263487698835
0.014338053915383925
-0.0002530314781013595
-0.00656082297536382
-0.02428663702146857
-0.029471508732191846
-0.03737829672185228
0.004948736913857549
0.0035845071720275465
0.03933918572851615
0.001991802453535075
0.0021955681426325743
0.0020604407031450532
-0.0005521895692165089
0.002372085888892753
0.0022943613825498763
0.0021702804418226983
0.002014051120817268
0.002281100850919966
0.0020630718583846625
0.08842205718198645
0.0021165037904779644
-0.001661492793782367
0.0018230912796042562
0.002012456796520738
0.0026690481590748937
0.002694200967532418
0.003004499065724166
0.002929979741007748
0.0030359938072974835
0.003301488511287121
0.003612661678995164
0.0038622510528625044
0.004278700286753626
0.003802109462704553
0.00567340390777257
0.0009962285205323885
0.0019344465045161754
0.010036348103934797
0.0004294687490369059
0.006209834492239659
0.0054597348895407145
0.004285445648543707
0.0034417161517107716
0.00301151966799686
0.002595985904248313
0.002879691787492301
-0.0026043448733350746
0.002773134639929875
0.0018021514917021943
0.0016456229073367596
0.001437080751768917
0.0014741766952573057
0.001424199504532958
0.001396846837910843
0.0011557078820761558
0.0013678851036643047
0.00037233393457826203
0.0012138181702727522
0.001165025760295646
0.001146995451017606
0.0012124431174604254
0.0007907066541664002
0.0014539697026869757
0.0017030181249406292
0.002120388650790628
0.002809802266519924
0.003983273740270752
0.006009743665770572
0.00945220151482148
0.015249226918120076
0.023468881758746552
0.029975344093338078
0.004585378801065537
0.018301183501244128
-0.00698879825492558
0.007417502125445982
0.028382268576401314
0.021949922552011586
0.013675085547846789
0.008213746039774568
0.00400099833528565
0.000511376823056289
-0.0028638033597664543
-0.006202277871860694
-0.008245446928046732
-0.0072506854808139344
1.6707493533066443e-05
0.01168558010076851
-0.002323536383283685
0.00020352914554398215
-0.035344857441294765
0.005593147074382787
0.013011644264325514
4.8178456609464525e-05
-0.007777900974235352
-0.009680662360342073
-0.013760860809421844
-0.012252274862791051
-0.006645842899506958
-0.0051371881866013125
-0.00567300073244232
-0.005775822535486474
-0.005395485272420761
-0.005732289852024922
-0.004029083132460598
-0.003159676167198756
-0.002304218821090321
-0.0013573967762053117
-0.00025869598423963833
0.0011972671855744418
0.0033783406279655065
0.005790901549002984
0.002749786595489383
0.0034422638277476344
0.006407652205369867
0.007131488249954931
0.0055940737862801475
0.005137727747339129
0.005285646793834065
0.005724746091608023
0.00646776922504475
0.006539099587716429
0.00473702886470357
0.00494953689238009
0.009995583623960325
0.014127013941204511
0.02314706290962576
0.035660804180334946
0.04256627205159311
0.10817293525970081
0.05251315591580452
0.033382993052844624
0.02145673650164297
0.0165379678675303
0.010046639935809605
0.01779668142375496
0.025956477064025537
0.02494891877096092
-0.0004917305217781114
0.009087301155613327
-0.010431207074330786
0.02426132443065347
0.024009173260455974
0.01693802292741889
0.012124642663562576
0.011066676398807847
0.010605808409729035
0.01092932672935113
0.009248987527334579
0.007862581790863651
0.0120047221638077
0.011554229077324795
0.01148501799436384
0.011910732194907243
0.01264011266551371
0.010475791830937014
0.0015407291052038322
0.006782871247187257
0.01086791955458833
0.012985119473738977
0.01274566573591899
0.012557431155879104
0.01292164686210746
0.013614593290892759
0.01186217130752964
0.009593036508940393
0.013968719825440956
0.01049283999587587
0.015674359879313125
0.014702949389537442
0.01442781450669753
0.013777744189134165
0.01472152773206786
0.015319687615965987
0.015955762842790804
0.018133235158398518
0.017381420465219996
0.0179798210667866
0.019348058893646467
0.02224926065530949
0.02805697050139162
0.03772625164525087
0.03961468942087498
0.028013292253386668
0.0416711306595339
0.021679437058523834
0.03882837054844173
0.030407645973278153
0.022975607751427915
0.019983940886660233
0.017696768591738292
0.01608432167185362
0.016608819197645782
0.01387296804012044
0.010400685435441426
0.007108540183227375
0.001977668270840386
0.00014927602166201243
-0.0024680176376636236
-0.003402836992506117
-0.0017460564982377134
0.0032650425059497206
0.009840867045177832
0.002488362711508908
-0.015390573756511983
0.016046400344744208
-0.024013112588328556
0.007789956502198477
0.008495032970427665
0.0018941639745500755
-0.0022185256068138776
-0.003887422153727539
-0.004130174459678824
-0.003794774874742803
-0.0031141136475900145
-0.002455061816900124
-0.0015584898951682266
-0.0007947907078124844
-5.740750228802501e-05
0.0006393695745904988
0.001321689133582847
0.0015852019468240131
0.0018343449844163537
0.0028757446626315876
0.00321598180344434
0.0032660230018070214
0.003919056303192456
0.0042914196881804235
0.004494950899541937
0.0018729564405607921
0.005031690418157737
0.005312721252587644
-0.007406687088704166
0.00564707208390234
0.005432155360385089
0.005622388280395281
0.006013768897661224
0.005665490093795562
0.0059404964822386665
0.0062310682422952535
0.006304427308212588
-0.0017860038159740411
0.0056304995770527395
0.003333871055357737
0.006166860670277515
0.008129035820420507
0.004371214733793773
0.009788984370120843
0.013154718410246157
0.016299152186915515
0.02098699166752331
0.02702651202579198
0.028177797206202507
0.0062219524168189745
-0.004765004686310522
-0.03247548483988941
0.009190507674390945
0.04522360263845317
0.08415867939176858
0.01685916425743302
0.01355950874479165
0.008795749698676015
0.008300596282585618
0.004249782800982343
0.004913030182124032
0.004610607834908737
0.0020533560708241904
-0.0045770615973496935
-0.005959633352865927
-0.005187017790300089
-0.01514141018259897
-0.04232265252034244
-0.009156370924330078
-0.01162824296438453
-0.02278559705852533
-0.015012426087935925
-0.006248783534145959
0.0009837935431598365
0.0003754786282623738
0.001431353549624439
0.0019861652050228696
0.0015834338764134145
-0.020729873130495315
-0.008230831836207422
-0.0504746722371869
-0.008511312505001091
0.0026242961706905692
0.0011981108774329126
-0.0002192864585110116
-0.0014130328013685195
-0.0028107439253870978
-0.004581124845682855
-0.006398139226992964
-0.010783869636323098
-0.01234909327763852
-0.013847971929956106
-0.009516589348849806
-0.009484660115322747
-0.0025021140860895753
-0.01799597561384557
-0.01583981731438614
-0.01547080108257758
-0.012008777627696159
-0.008203595936956918
-0.005310761372282806
-0.003249099896608703
-0.002807874967756848
-0.010070753138334467
-0.004943420215072791
-0.0006039808310360931
0.00180648693725218
0.0012107690475322195
0.002035932397720331
0.0021809191033476194
0.0008665166660197626
-0.00047874301929825126
-0.008083575035318195
-0.013665131868169044
-0.0032333449337730476
-0.0030367740799762196
-0.01944330117916728
-0.07452274367165423
-0.002934611103918335
0.0012245243633849973
-1.8850839535913584e-05
5.2201093657376854e-05
-0.00021497068578065935
-0.0005759251712095236
-0.0015286162704802168
-0.005549622806068381
-0.008925965318375135
-0.0029029602540278383
-0.00407310545529939
-0.005161456339249576
0.0003705518118397153
0.000775597415649078
0.0009376491596269539
0.0010837356083858176
0.0013926627056928568
-0.003034981176593882
0.0016916754134230756
0.001341303390640037
0.002367141334766679
0.0014978347903196495
0.0003350595412089389
-0.005635443230637968
0.0026167107247264754
0.0038159646208711646
0.004097291436464453
0.0041503161616219045
0.004719714355114923
0.005007067050913641
0.005616639781404507
0.004878851667434732
0.005909545488934041
0.0068608172108906695
0.0071256769509468335
0.006735133335706732
0.0007007071649221511
0.00914833762329751
0.008734863778289885
0.008741414327482985
0.008428263712857743
0.011187174412998614
0.011857028631770064
0.012221221844472453
0.011776559726746188
0.007639763625897797
0.012282066252429242
0.013354010058974021
0.014492732884031058
0.011427354876046762
0.014696158771955936
0.011152530856018026
0.0035736132995957967
0.010293104251944213
0.013368480808571058
0.01294755651354755
0.011448302270289893
0.00842247782242441
0.0062525665371791946
0.002243850526431639
-0.00976744474922189
-0.007850947938495605
-0.0019732935209423527
-0.006001811166256279
0.004276199150032365
0.01185882464717181
-0.0269275443775268
-0.008965419513069492
-0.004644573590547521
-0.00066611819203088
0.002531048343992467
0.00810061370550108
0.03499277666922469
0.014194923718447966
0.01622032626376628
0.01721020522647642
0.01679779037194621
0.018893007960871733
0.019546188503452
0.019382122750313237
0.01896912578040381
0.018499616795839727
0.017973140212419796
0.017395883140921078
0.018071211838249727
0.015930654765665207
0.004437230947663684
0.014474879234101378
0.0138589873873766
0.009989149999694977
0.011707289806203098
0.011706059524823747
0.01085381405860765
0.004422050798699784
0.015119671673838852
0.004155349208308286
0.00566606079755403
0.005516561235415699
0.02954525771611705
0.002813559163173103
0.004542838308910779
0.004953162414110745
0.004840627297612637
0.004585580637163279
0.004346233919487915
0.004056771621262092
0.004202642104707517
0.004005979436866135
0.0038390633038821753
0.0037590935779945244
0.0033424015274315677
0.016774947361801497
0.003923033398697963
0.004444518806645708
0.005444004151858046
0.0049447233038252625
0.006892074738623254
0.008250917590586307
0.009454750150042882
0.008347864701863961
-0.03164950136889723
-0.007133940710871612
-0.0025982218926375064
0.00970801850528818
0.011255812792663895
0.010560772298430839
0.010245067280968733
0.007041120576829446
0.006084634696019621
0.006780674992017018
0.004909281326396474
0.0031584847614160483
0.0017251012441959759
0.0006121825918602398
0.0004431481124745137
0.00024131767775169825
-0.021833650140210666
-0.00030902354105176455
-0.0005048549522449379
-0.0006014040808598597
-0.00021754052688010187
-0.0007797776314891789
-0.0011172248390285194
-0.0011073536931244337
-0.0035507720198578005
-0.02510532840634718
-0.03277519682680738
-0.01912859763919776
-0.011903392445716558
0.0015118595363535412
0.007722296303976112
0.005624938422449529
0.0025596057015851454
0.0009725651346262239
-0.00019005813270712494
-0.0009243498713267015
-0.001489448429995032
-0.0019148085809907744
-0.002310186262003276
-0.006629700364628885
-0.00569704708149582
0.07730111463363123
-0.009281487771217825
-0.004293381082874973
-0.0028270191121243776
-0.0033061285076285843
-0.0024058905205800655
-0.01709423933232916
-0.001986632570168012
-0.0016502050678976813
-0.0033904679523863684
-0.008298256637787953
-0.0009168070276999864
-0.000875416760466806
-0.00030643676941070886
-0.0016325525675431856
-0.011390838762714949
-0.029121992853324237
-0.02044111323966424
-0.02189559472042097
-0.002192867512888391
0.004174236472343504
0.005060719168958392
0.003942225346657556
0.0027444882474787547
0.0014478329510375957
0.10305998679547257
0.0004065666225155717
0.00022640259427376733
4.090499179878768e-05
-0.0004037739908882473
-0.00047362916983212687
-0.001448617127752966
-0.002383839744308919
-0.0006703043767118675
0.017928920776853402
0.03447113864140537
0.015307784575209794
0.0016756345411468219
0.0005641100997420066
0.0010064084823820357
0.0014576377999510665
0.001314135066860108
0.0011644639616664684
0.0006669434051410812
0.00027474074146351194
-3.696454676710961e-05
-0.00027718075345115636
-0.0005923443356297595
-0.00048454756042560967
-0.00038352409299035424
-0.013414615913225791
-0.0020325584864697055
-0.0006157597523985503
-0.0002405783826452027
-0.0006641731525752741
-0.0003476702280124829
-0.0003319406530173092
-0.0007247791784549095
0.0002717357585015091
0.0005819688556841765
0.019498676223079017
0.001269556115443657
0.0018005916866571485
0.0028335954951720366
0.00459958201667205
0.007326328987677842
0.003825910662506561
-0.012796093555089674
-0.008801690425424901
0.010028397674638777
0.007365894945409275
0.0041941985131874315
0.014167945920658669
0.0027738038540548564
0.0015365238565620454
-0.015087759223202438
0.005944630071954754
0.005847164786842433
0.006367634973102116
0.007104699470517829
0.00815934271891325
0.00951223899461225
0.011342761688035463
0.013649914988946132
0.01484945846139216
0.034246399286922025
0.014615650789055915
0.014379795497914518
0.013382139410079444
0.012965989601152049
0.015524620011591531
0.020207975166961222
0.027755649579687826
0.03213334886196818
0.01581346369489594
0.039793592836492045
0.0024116858602409785
0.025581923690920227
0.03144196858451251
0.023635896570348994
0.01758371962515737
0.01482037956632756
0.012631818901101198
0.010934099495483076
0.009488486023695033
0.008204120334908159
0.00678380447769687
0.00545980779736293
0.004161501895866867
0.002988622861282473
-0.0002292798689257268
0.0016504938245321653
-0.0003551978011637
-0.0015681013015544528
-0.0027433945379545387
-0.0032373946929291574
-0.0037079246353863876
-0.004506611621567529
-0.00931370064515414
-0.0077128689763494625
-0.006187026712504431
-0.006741365719952216
-0.007098526675917781
-0.006793539937982792
-0.005775969486510491
-0.0055444669665881555
-0.011283474426776506
-0.012844860486519494
-0.006488686206165091
-0.006644062343272469
-0.008486206459015634
-0.009258695046878861
-0.009291813384321097
-0.008714641813645807
-0.00740538056944667
-0.0022159451271996766
-0.005900582198922989
-0.009017443243178236
-0.0061059658304435886
-0.008918419219969347
-0.010655895113308647
-0.010910988518763586
-0.011511042531924205
-0.011320934065738588
-0.010894924274835781
-0.009968529219148928
-0.008304292974352968
-0.005738011733931499
-0.002918992793482162
0.0028575608552466243
0.012667808907875036
0.02718943897431082
0.038300098206358116
0.030780916182060972
0.01154383863093272
0.03254111611120334
0.03577213837629947
0.016033363952939004
-5.1011595494486014e-05
-0.00238489238359018
0.0038212384791010555
0.000437932380653217
-0.025395713180892694
-0.006589196457998471
-0.04000536504831253
-0.000157129737500737
0.0033327746825230244
-0.005127420415863361
-0.011564828538865566
-0.015263576652015762
-0.017066907182802443
-0.018013218209457914
-0.01840887889704996
-0.018425093689725582
-0.018451233912913628
-0.01807118151499751
-0.01774369308019709
-0.01698196282007068
-0.017238621652772162
-0.016565293546667817
-0.016157581766089283
-0.01577480878010488
-0.015271740340009983
-0.01473267608374497
-0.014162491894947163
-0.013435482187153482
-0.013018199283883303
-0.012308943105225824
-0.011849973244781084
-0.011620069080911191
-0.011228458169365107
-0.01076787984812733
-0.010294838832131071
-0.009787102286373377
-0.009756007653388066
-0.008861235651323157
-0.008396466088553687
-0.00786094178537857
-0.007359318194209559
-0.0065401164551506154
-0.005650864198585558
-0.0044478730767364425
-0.002735005188173792
-0.00015834398363603403
0.003898753990694235
0.01036610726405683
0.01990771104511728
0.030645091124160292
0.0191183589841306
-0.024700885425748432
0.004256569380734713
-0.007264670303826314
0.03010713983453301
0.025423081610042204
0.014598453242548583
0.006610491018361526
0.0014911890716891787
-0.0016627209292595442
-0.003620988455164816
-0.004013590807210867
-0.005631906880061157
-0.006151556994816678
-0.006423903259879237
-0.003930097434632937
-0.0066841471076731305
-0.0065281855629473
-0.006257630044956703
-0.005978057354455427
-0.005535249083053984
-0.004874210330302619
-0.0037885211061739798
-0.002747503670153333
-0.0030806116310906793
-0.0021809402451121846
-0.00044663635237964384
-0.0003738103447166988
-0.0007748129786257197
0.0002287894298671237
0.0006907668349608534
0.003295341444502714
0.0035567113608332033
0.005583714390289708
0.008549714575863747
0.013339159135846278
0.013844927348598853
0.017975763641078245
0.010380561714939888
0.0006608953566988524
0.0061469117110594705
0.00666424118061333
0.0017952402486899146
-0.003834159691385916
-0.009009197187705235
-0.011551578173091177
-0.010284518866647071
-0.0342564384897185
-0.02405638584186416
-0.028862211720719132
-0.022718098560498938
-0.02290134332753467
-0.01744671861427734
-0.006940377448534206
-0.0022012149158007165
-0.0006754268637024408
-0.004057184918560435
-0.008146246016798421
-0.00023274930252168007
0.001822725272125038
0.001908788115539019
-0.00024213693761755359
0.0005079994800556054
0.0006523661468839184
-0.001704734100196496
-0.0005661715336431986
-0.0014067646716478756
-0.0026635104209531313
-0.005180287111293323
-0.006404383879668476
-0.007060261432717401
-0.008931416530610737
-0.011453253118325095
-0.014735834598751479
-0.01908820920358214
-0.024650848825164613
-0.03133695308522463
-0.038383834511357885
-0.045503996406182586
-0.042723644767865755
-0.03354743442775157
-0.09202844769202052
-0.05655155064889198
-0.06935639248768928
-0.08573706308166817
-0.07518847901176973
-0.061370272679829085
-0.04914258467070212
-0.03735055363742408
-0.029386655292104595
-0.023612591942133193
-0.01929615190103694
-0.01492079705627377
-0.015105081875544948
-0.012592789726070214
-0.0106494734893891
-0.014526237596690566
0.021465835863424987
0.004779877984869305
-0.01852011883381247
-0.031467343326048294
-0.037156282123817004
-0.015795159202012746
-0.00832506421339671
-0.005491401650963665
-0.0022145292879107432
-0.0019820291658345698
-0.0012041135577464104
-0.0011154804874835902
-0.0009563839309015978
-0.0008185172218796464
-0.0011657203489054448
-0.0069813685521961195
-0.0009343060479750587
-0.00038177910682500355
-0.0002667033839086
-0.00011019346057426888
1.4593131075704436e-05
-0.0006490378325798896
-0.005401428122284935
0.0006037506744592976
0.0007972624737734455
0.0012902066582046443
0.00150251444652163
-0.00026599161605375996
-0.006848594040642681
-0.001475661405430033
0.0025876936103584134
0.0030959029122605503
0.00409925501832833
0.005109519895722605
0.005844441951415812
0.006597707505102264
0.006734293448806904
0.006246968185554833
0.010612462613237629
0.008793971617709848
0.00338173120685599
0.009541720567229468
0.009453110065958916
0.010431349786574859
0.010642732720606373
0.010298463095315824
0.009765496987207306
0.005693162182536188
0.007240331330238515
0.00473138188229795
0.0011260709672673837
-0.0035592124608117746
-0.008720656643951052
-0.012943048105949805
-0.019269844454578636
-0.021073930046684047
0.006970714989638139
-0.030935081800199958
-0.053110129520655004
-0.014399563250564774
-0.006822180895386564
-0.001016221232534165
0.003446687414519719
0.006474328219415998
0.008407662743751213
0.03361595201152794
0.011467160918473522
0.011828049600497515
0.006280655924154804
-4.68906846055948e-05
0.012452246547053973
0.013887433098286054
-0.002491507178028907
-0.02963228920466028
0.0032192393981824927
0.013660632802192298
0.012425978392678694
0.010795692672635129
0.00963444215056158
0.009011372310610194
0.006550044720310708
0.006040924040149311
0.006342093829904416
0.005866141801805301
0.009733880735805054
0.008938613666901697
0.010510697205107406
-0.003852207992462493
0.011677867802381418
0.009790659734834289
0.005957962659863361
0.00801599546605187
0.007406554573538663
0.007301761994923453
0.005838679327660262
0.005899191857093569
0.005799492938702157
0.0035326324407775403
0.004576045761656396
0.004121822728023945
0.003661456933868071
0.003480092392486629
0.0040948246710079015
0.00666205069577348
0.012354378199200738
0.015501475710236868
0.007124824789675124
0.014237461169038599
-0.0050483977941077115
-0.0010450764078278729
0.008422493226186847
0.004832029150566703
0.0026596615770621535
0.002592581675800174
0.0032316043227330255
0.003197586150397517
0.005159769808485269
0.00673504918016205
0.006407359801273119
0.00907505858949595
0.008006147635369698
0.007300990948695472
0.0061281839728147
0.006300874683167313
0.006263901729267955
0.00587203885762662
0.005577167833672888
0.00531044366467097
0.005156416313455455
0.004307526226090542
0.0018831855481280919
0.01000254565021114
-0.008354096600523797
0.0053659140454716545
0.009692991375653624
0.007723959090078829
0.005534245400743374
0.0011704306658065452
-0.008614698428516818
-0.004814655435268657
-0.0007530691396759507
0.008670512112685129
0.012162363892591819
0.0067748968358979
-0.010211483972093625
0.00684042594614486
0.013565963749477208
0.008535142488572303
0.0018094847662264713
0.002132189159061448
-0.0003160187663886516
-0.0001294640451843734
-0.003085360160453632
-0.01714956902152439
-0.017287765895704448
0.005676378601973959
0.01444968043597247
-0.06195883298585069
0.006554741025473669
0.01815240873498302
0.004755422851986641
-0.0007575647117384163
-0.01932088953160239
-0.027817050335506587
-0.014274375738910043
-0.012374018466741635
-0.007692396513672561
-0.00770573916024006
-0.008411212587562535
-0.012496618858067646
-0.021596943533848986
-0.013923531417201216
-0.012128098512687346
-0.04350138686810898
-0.040051221277349655
-0.025222704844659216
-0.010502332245429976
-0.009507735543774256
-0.009342510345722132
0.04261973029596105
-0.009237331643911561
-0.010587852662473366
-0.015600127900654867
-0.013042745651033931
-0.00889151371381026
-0.008025641843720663
-0.007089705832379295
-0.0072833068902259926
-0.006968350544783523
