0.004945326470489063
0.03729226448025613
-0.014434220704629474
-0.011640059901793042
0.0005828921726715023
-0.002937399852600495
-0.007487652766052134
0.01607380834913747
0.018119424991939095
0.0001630515196996477
-0.03165261807908272
-0.012976923923163628
-0.022438379319371454
-0.012729410325946398
-0.0057893857049782765
0.006865131337423302
0.015005633053545036
0.027213586117262475
0.03903514726965361
0.03963215619376687
0.021199992635867256
-0.012045014100749924
0.01352526261559807
-0.034982525387288015
-0.028640003262168735
-0.014876713657842818
-0.009376530628282037
-0.011005550639737512
-0.015374404047395483
-0.0074711225784564045
0.013147190999197046
-0.018788270199177743
-0.014887150819609469
-0.01135397284236912
-0.00753843802382377
-0.0037889522477825696
0.019041805135831782
0.0021546096581633823
0.015708114366386628
0.0074527208775935
0.009400858557333268
0.011205635636951353
0.012865826239297237
0.019889708126353038
0.017732865883168872
0.020718081188125115
0.018792690980658174
0.017359287093289887
0.011109654042247872
-0.004938939670550852
-0.025854247097478942
-0.024558476817537717
-0.02547409920622765
-0.05087544372040891
-0.036008052975318165
0.008742710384733891
0.001882751383912948
-0.019749918165450738
0.03635744035373718
-0.03916001460362303
0.04156816547648045
-0.04272890988023577
0.013855152564763369
0.05791957369577906
-0.02380887399965585
0.023413970654930043
0.021345864195918454
-5.218508847493103e-05
0.0027567153324120556
0.029932376920092027
0.045389959674610875
0.04587432441788057
0.036843136180213246
0.022886024852019186
0.007588684867851916
-0.008250386575569528
-0.02248687507188897
-0.032764966992726643
-0.03548197515350591
-0.024460940344620343
-0.0012778632042325811
0.01419559620321993
-0.00848336689346008
-0.01811320344663882
-0.019470338536716415
-0.018167312014638275
-0.01578988858878915
-0.010728696406165977
-0.0032492022814694507
-0.00803729461248738
-0.01041030073974685
-0.011614489687308856
-0.012123895107362103
-0.01832259959694896
0.06175224491011329
-0.022568826220056456
-0.006903874389164781
-0.023182505717049415
-0.010947648584139302
-0.009234912402580741
-0.008742023482992859
-0.025933819934779098
-0.002691376356169953
-0.0004592444924290423
0.040383809932942626
0.01571426819862068
0.01928386533071671
0.01791524679516459
0.012302744999998231
-0.006871980413521801
-0.03576222096446243
0.06317669524357887
-0.05632089515550227
-0.06159274754287476
-0.05097340845044069
0.022868610492511838
0.006446299301455716
-0.0344894773167825
0.04533749243569818
-0.027640181420577725
-0.07010811555790133
-0.033998816912284034
-0.024980640509433005
-0.060879817826662554
0.18800692094100527
-0.07204073168177856
-0.03491775470655466
0.021535814106461618
0.043139340656808425
0.05716499038786729
0.06484023003197896
0.05645212810113348
0.04877249560018548
0.037511238859225186
0.02770619190741707
0.01553216166714819
0.0003133557240208708
0.004324432347781805
0.0007107186172112493
-0.004342080181474418
-0.02265821907204604
-0.034126852451002596
0.047438239242357995
-0.02970598254650616
-0.005738289198646319
0.08105277611685088
-0.042402082370106314
-0.04470418931564077
-0.05126021779073455
-0.052397507239342674
-0.044118882047992886
-0.03935990217691592
-0.030279835008560053
-0.03416109547591983
0.004208745675690904
-0.027069176966793427
-0.02298472708969758
-0.017354738727468847
-0.012377244220064667
-0.007123863623623662
-0.00042237189372878634
0.006369326069475416
0.014331863988857428
0.0237995783387455
0.0316424431373899
0.062339951171635356
0.032715376348322674
0.034372854917004404
0.025111145957200237
0.012716085697293449
0.0071756713979498985
-0.004908415888844756
-0.016158557635215114
-0.030191204388075623
-0.0432399519220138
-0.06485393128131832
-0.08102084769243315
-0.07205031777012084
-0.06886290687797907
-0.05967425148495619
-0.041557310150458326
-0.014461390297416993
0.03840899559779164
0.10114469272282012
0.056998185101755916
0.01835368779508478
-0.018319105604779763
-0.04061276764808364
-0.05271343911930563
-0.05772501310998648
-0.055783053283030626
-0.048147669106003405
-0.035560947289402595
-0.02602833815656011
-0.003480188005506427
-0.023179867682223868
-0.00789299934040016
0.02536750450328515
0.02555179591496459
0.017236592966781542
0.01922657408513478
-2.7101942933679617e-05
0.0310065529984367
0.06142249170445893
0.05828927407819549
0.03417925664837441
0.028302680197034618
0.030245478394428926
0.013697847961556148
0.00024220913112261787
0.01723272023361687
0.026038548977378305
0.018196353555042205
0.016137121370204514
0.01121243784748295
0.01655022602842807
0.009601586133025086
0.004828854965920642
-0.0018532749091858649
-0.002877912841577856
-0.004996499014328968
-0.005130750859714338
-0.0045810124016606975
-0.003238846885500185
0.0008086946006860065
0.011341971692439381
0.04484385657986737
0.010339926067540552
0.00803316837227898
0.004657749511747504
0.0018436608067569954
-0.06904753768781183
-0.0078058410917157695
0.009636770651987982
-0.046485747824504806
-0.012503424456654682
-0.10111847437039106
0.062274024660226544
0.025135533973117505
0.10461927312422607
0.012980356332019646
0.062479312260449484
-0.03238219605628275
-0.06670219693745674
-0.005284651347201838
0.04076487511182392
0.040432990002749546
0.034591255328250296
-0.076030278085243
-0.008650799184564793
-0.0578921438572212
-0.005048010617225183
0.012503373080813934
0.006724008184257939
0.007946439782695257
0.017743537107944785
0.011075257773076158
0.0074492452989483975
-0.02936928365596529
-0.04731514999054381
0.009372928694860167
0.011623779082032576
0.013308747384335778
-0.027829019963366067
-0.1063811958645166
0.047618197532261104
0.027340202928942646
-0.013480400903886976
-0.010047923297326341
0.0017322306877649253
0.00178023287259946
-0.0005250529247298405
0.002099558548727925
-0.008013065070855826
-0.023680888192468375
-0.018885398612553072
-0.017707006658979358
0.014445039575693494
-0.004157347703314146
-0.014906221990426512
-0.01930182141439421
0.0043064693821604615
-0.00427512212108356
-0.002950071818195374
0.014467433400358077
0.018892089822350883
-0.038665046412727076
0.006184634454639332
0.021750648017548772
-0.015349778007042417
0.011336645794803443
-0.02900377767046242
0.006874680575151019
0.03229164112168259
-0.010581013192405519
0.0018469169233676637
-0.0006723015350237968
-0.006710093644907015
-0.01639370034960448
-0.01031773044580145
0.005823316964867566
-0.02769334596022393
-0.02079230123190839
0.052193933476188975
0.007925403806631738
-0.0027374768754579817
0.003227594031390247
0.0002765508137734771
-0.0006091252291456693
-0.00046815887394591486
0.001824089981588012
0.0028940492782541846
0.0032899929612095636
0.007967973808305174
0.016645227350768805
0.015780136411959127
-0.025624817110767167
0.0019834097438904013
0.009399961196701782
-0.002176753542880922
0.13485539360362148
-0.003381400587023807
-0.009897097164584699
-0.00016983166072573235
0.07998097931409406
0.13574086265544616
0.09489912984325882
-0.024464220632669776
-0.01779113108022931
-0.00369057502892287
0.003001496872927229
0.010409677473365584
0.00403505455010089
0.025081537408704658
0.013793335765386513
0.0007105462145510461
0.0020281825986762114
-0.0005622874663339661
-0.002778794661100828
-0.0039532101287918335
-0.003079945706128872
-0.0023395519158072647
-0.0005771502032340433
-0.02324869626073814
-0.005869990158014215
-0.020425900989065396
-0.007865485525380493
-0.0035727343635508623
-0.0020600337513311086
0.002481182762635481
0.003628955166828398
0.00798847513838914
-0.032950122955196934
-0.02919365654011545
0.021411223912535464
-0.04095634099183559
0.018457567328849393
0.021110211402921276
-0.02300836572907512
0.05732748332718155
-0.000900930197556869
0.014828167587487779
0.0034669810384610677
-0.0015181970052928573
-0.0326342126723511
-0.017962449196717554
-0.0021969755277446617
-0.014191935566855246
-0.07224605595750654
-0.052619165578458
0.006524309365141989
-0.050156515801992936
-0.017218508075006394
-0.01087908247855939
-0.003935495148374001
-0.005679524714305711
-0.006380406515112818
-0.013312139555353967
-0.0305271791851428
-0.0542091328559236
-0.1084784502726748
-0.0733407986446773
-0.017706034223819826
-0.003971042449839593
0.004529625121116663
0.006333704332112644
0.004450586332859096
-0.00388975781700372
-0.003756353315102059
-0.005260787503961589
-0.003811529844441856
-0.002782863468347167
-0.009212293575615964
-0.02087115746841361
0.001171568587391292
-0.00025178183573938977
-0.0019826964439063374
-0.04182638022884803
0.007789092015328531
0.009974360655760744
0.059771230324574064
0.002381619415867672
-0.039883807796193146
0.0002886353393690508
0.02062204295637514
0.008491596954914908
0.006321801369884161
0.007206549566878508
-0.02887870394537792
-0.004335824718564367
0.0026075951086919538
-7.655380714074463e-05
-0.004898336105112784
-0.021665291785745458
-0.045698252292207864
-0.014703982046499982
-0.005510545913367317
-0.008838289831573311
-0.01061584026942101
-0.009442304995745455
-0.010359144631589426
-0.012746502307566158
-0.0055880936749407506
0.007736292945535621
0.060419930769554056
-0.032981123242666985
0.03044151539908569
-0.016712685077045396
-0.010428271123204514
-0.018879296209948083
-0.018347171069652533
-0.004747930125628665
0.00027694648449206883
-0.0008030596105680712
-0.0014452101285265763
0.0007605442764145705
-0.0009884090041982064
-0.020234668340639292
-0.03057649686001457
0.041167857954738284
0.012453747598775435
-0.018488458763961
0.006895941943479142
0.01367386073913314
0.010317872109797089
0.000865311625876227
-0.005816475258782909
0.016376457819574846
-0.19703542595973614
0.01568367382154402
0.007800388016665888
0.005774952265041017
-0.0028075691154884675
0.010149525482503533
0.012048225590589056
0.013401355340616327
0.017211444172498626
0.007169808438633231
0.013578012518034177
0.0204846265509306
0.020000370019590093
0.016739106775647508
0.01746651173624545
0.027700512567349296
0.023630802617083165
0.031189041403049657
0.034198753519102995
0.0348900010917862
-0.031603339668118534
0.03552647784662442
-0.0007422982482707738
0.02937426297008726
0.015157022609139866
-0.020615771167521335
0.051453968800719625
0.06859157484348428
-0.12705773796724318
-0.015295362727935448
0.013791867900899956
0.021918597402474812
0.01234308599430085
0.012563695438734581
-0.0021370038595908774
0.012505615998376123
0.012548913969210032
0.02847053069890002
0.018203885676073683
0.08486124281966836
0.11228329810344877
0.05066052823718017
-0.026426211117060734
-0.021224594156241665
-0.01716444873398919
-0.004346053143400731
0.002171619440915392
0.008284980839994698
0.010664346708663832
0.024712317286856897
0.004003623034337523
0.0072481823164692065
0.010995099982505054
0.007424766298375987
-0.0015118138251005169
-0.003887315921636902
-0.0051686184776361084
-0.00012452769897177115
0.006632461322887565
0.006962303450895726
-0.0025937283460161628
-0.009494840982297038
0.003312481691367759
0.002164604975478082
0.00278801308718596
0.0042337547736613105
0.004661025061593742
0.015124343088099576
0.005753740636108272
0.002424391031519371
0.004648015644053396
0.00784351665194649
0.013145404173544607
0.007403746806471292
-0.00200457966396526
-0.0021893105834379367
0.0012581429844707053
-0.0002178573925650741
-0.00273165022176785
-0.006154196728961352
-0.005893319171406897
-0.005483861900858816
-0.006667648301906344
-0.006395125738745407
-0.006691305802791099
-0.0068672480673842165
-0.008171787818898277
-0.007403000992654899
-0.007618335570361448
-0.007742254790391252
-0.00775987343877991
-0.008415097718650918
-0.007905921794695405
-0.0073745432104924185
-0.007043034946321769
-0.006639544759719147
-0.00642883013468067
-0.006462661714885759
-0.006452834797765225
-0.004480409037872636
-0.0032120490475412724
0.0026729927076094596
0.006438492397363129
0.009384297225010252
0.012915421910949404
0.015703278278111077
0.01825742355159271
0.02616128482016186
0.02358004778502043
0.10807410813551603
0.005023434733729999
0.010297187992684594
0.007177261108013312
0.010666866563617238
0.011663702950715527
0.009854382477485563
0.006883878776344901
0.003806314496379627
0.00013315488147328365
-0.003694586489732185
-0.003356634563584746
-0.004796523344075497
-0.005590816331852305
-0.011559671752693772
-0.007138907069616553
-0.008020638537512304
-0.008717049026175415
-0.008809654886984283
-0.009833332487566685
-0.010221396454716192
-0.009945790704031001
-0.008974051250645222
-0.008330699361038854
-0.007675810300912516
-0.006650513378602133
-0.007549949471269384
-0.006614278230860461
-0.006144943451642438
-0.006088728390494005
-0.005659089020650757
-0.005031013601066457
-0.004086421343791941
-0.003622100651695587
0.009499215373683688
-0.0012938047501867562
-0.0022088576538628626
-5.8359045459795665e-05
0.004180084710480382
-0.000584921336920378
-0.0011241620182551007
-0.0034194664229487974
-0.004047271188661588
-0.01756896019082357
-0.0035690453560736344
-0.002998274805613534
-0.0018130198334500012
0.003554438424179656
0.005481343495267489
0.0071687860322447155
0.00942863579499427
0.013310447357121355
0.019112871937280985
0.0036567247295720444
0.014937359764911047
0.021617459620177464
0.021213921259370386
0.02125940662684602
0.019577036928812495
0.02369282097381617
0.020956052610175684
0.011236900091485891
0.012055786198665026
0.0634790775598726
0.03489681706361279
0.03393625464019197
0.006153429470904896
0.011103627459371629
0.024709150310610672
0.024444867677478044
0.01947138679827882
0.007758227376564887
0.017775596530915986
0.0182627140812754
0.020024928499327313
0.014834460701401202
0.022075633217207208
0.015675251790680553
0.017734633693747736
0.022969407976958928
0.022966583595319685
0.024257297383771557
0.05777898568061247
0.026203190531799658
0.02879928241074896
0.013981759542768899
0.02430563783622615
0.02627471784098602
0.032233848849148865
0.01890964234276335
0.026360146593906737
0.038248869128694456
0.036053294274629014
0.04059914646891995
0.028700161416543198
0.0400757901044018
0.06455284129931718
0.07119972372560959
-0.003850553182220016
-0.06232129877327693
0.024636477091592345
-0.030594598924311017
0.005299867857637709
-0.0025855928914149187
-0.006393172266492091
0.0020764693323174275
0.011389512713914685
0.01646202498724683
0.016454614799572755
0.0016815986684274285
0.014586657655166932
0.025805758638866545
0.028622368193592918
0.02634616642728404
0.026548484983417827
0.010984941596676331
0.01763079345585066
0.02068498849425369
0.018198689540930776
0.015738092965918247
0.010049116527406374
0.001609107031931287
0.009545562465814892
0.010233661848255953
0.010152955524310432
0.01077771705676315
0.010649076014390736
0.003873737878849829
0.011484326230744487
0.010533326353762562
0.010320550102436954
0.010862645748198872
0.012220456181414681
0.01468797801324283
0.015861302074739955
0.006119793648802136
0.01251565351756425
0.017314032663165134
0.011869130022405576
0.018031957284222567
0.016292917599122787
0.0157783915284604
0.0025467380233070006
0.018942064325444943
0.011101717290675796
0.014911197272291106
-0.004364406784383021
0.008967446472056226
0.0070797512365925845
0.005959461739726683
0.005005685989847357
0.002182545728617129
0.0020427623201835885
-0.0008058609825572017
-0.0027207317430609605
-0.006059723726749556
-0.004386622017036719
0.01419979816665595
0.02586440363349121
0.02991811319607136
0.005984170960164168
-0.012319476264425512
-0.0007495409478703427
-0.0020357329705837407
0.0035625827878860224
0.003730907134765655
0.0023225168493708334
0.0010539614767976692
0.002479157995690257
0.0011482431925176314
-0.00026561395883947987
-0.0045858884830688885
-0.0004961946228787035
0.0006077962658424776
-0.010654482879053094
-0.0026945421923011714
-0.001137456116039578
-0.0022455782311151255
0.01019513775411829
-0.0009905828503735657
-0.0009070046691888884
-0.0004583008584778129
0.00026772415152450263
-0.0004826809184694065
0.0013453949293478504
0.0025989545429759317
0.003407336717232742
0.005701442465544518
0.007843856161232947
0.01282248129878837
0.015104549430867998
0.018791053581433792
0.022561608343571557
0.034410140387645505
0.04093472301844149
0.08416380583190557
0.01853612981915032
0.01881304095002825
0.010458804084132405
0.013392079077518965
0.014157592533751507
0.012950245168470228
0.010128181658645256
0.006774510413825811
0.0038442618230261987
0.0012030731028367008
-0.0010860637680048908
-0.00308944969727797
-0.004992146453299513
-0.008864075086765656
-0.010203684228607438
-0.014059555875996794
-0.018644124053665535
-0.023034538609440255
-0.02114952459466352
0.00817063978559192
0.017488001184289066
0.008455580135512335
0.03188112448195192
0.009617013850004645
-0.012654054192007031
-0.01730443523316667
-0.016215978711695493
-0.016872138461498525
-0.008747649810014512
-0.009854008975147153
-0.0060901867434755425
-0.003338060096264651
-0.005100907557728632
-0.0013525331313005034
-0.0005122212983441487
-0.0010538115177045886
-0.001124169542417681
-0.00030894891603534607
-0.0027279865260409534
0.001658547125514562
-0.007276903408260781
0.0045106358304096905
0.0030817386591517498
0.0026513965246893604
0.0019250701474950685
0.0019296593453331221
-0.00268431805810621
0.002406940925164098
0.002368786276078237
0.0008416939613852925
0.0012256666592994903
0.0036389119151184444
0.003830181219560385
0.005642487911370887
-0.000479305900271688
-0.0018458522178077905
0.010749769194394684
0.009282471764664178
-0.0033094321329633913
0.010832298631652084
0.009088723647443807
-0.017306575943321363
0.008656326846494781
0.004020035360470817
0.0018940058955583601
-0.00016411797756843538
-0.0012902885621935767
-0.009889041143044638
0.00043381970931505017
-0.0003069108381772145
0.000547013907547412
0.003778768007510201
0.000343616905683019
-0.0048271296839339055
-0.004455636078779043
0.01853916150531933
0.0033453674135270465
0.0021827179045718352
0.009505276183921245
-0.014236942573293552
-0.03469263884573694
0.03557851803140938
-0.09110137989556134
0.002418888142954505
0.018350935493284606
-0.0050741684895602174
0.021495142987790913
-0.021299558265937685
0.03592001148076919
-0.03769759054182048
0.007611945928128002
0.061308847515576075
0.04803993295291456
0.02271096476577292
0.008405669128142857
0.00047604200393483714
-0.0263105996336052
-0.012953581333577487
-0.01224059927889313
-0.01422042180644641
-0.018338631509545542
-0.01928477279287911
-0.021045020946860837
-0.0217495585326929
-0.03092843658357701
-0.08653456230034058
-0.03807385250634616
-0.03989250464464569
-0.05156120040989675
-0.043700503269966356
0.02249901476223245
-0.024569393163835645
-0.021229805576177214
-0.030380551657301313
-0.02060945669354985
-0.021102787698814063
-0.023339724092411508
-0.02295396580358147
-0.022061759199627502
-0.022170221053563137
-0.022162002424036528
-0.02298855388749544
-0.02198054269220069
-0.021755781300851575
-0.020032633339120934
-0.018720223613154768
-0.017185348625053075
-0.015497199112343324
-0.012928213361041453
-0.00920383505674009
0.04688178445085453
-0.0058087729317673215
-0.0031455272776465173
-0.008534819216204931
-0.018542461585547416
0.013266539185056866
-0.007248971979967902
-0.01211132555393845
-0.02138743977913072
-0.029751559892707818
-0.024641812353034535
-0.026338521266133452
-0.05608516719286856
-0.0020749815657081965
-0.023350209526953034
-0.02577320413900692
-0.028792424764743148
-0.027938855451197314
-0.031291977597345685
-0.02512765179533464
-0.020735503626248798
-0.016399405773522946
-0.008446873548406222
0.006629556428037197
0.0073970759313107615
-0.00738927702136696
-0.0013200339603110238
0.011339760056984992
0.009019001313193798
-0.0005598544981677474
-0.0015028467905291224
0.00029446837291858017
0.03997449873804539
0.04358271651075596
0.04819233881286196
0.012056726735568844
-0.008477932323796915
-0.0014852128880639302
0.0029479381539734045
-0.00026470337348098673
0.002560895649076863
0.003851785898350624
-0.004909951944493101
-0.0003134128504308087
0.001395778323312056
-0.0004408020500338548
0.000975340543067781
-0.00029125679551884523
0.0013518263954600753
0.003480352915454844
0.02621067795978588
0.0019224188994100655
0.0008909193743574103
-0.0031022925074026047
-0.0046791603588453926
-0.0055586897626797695
-0.006001253999770359
-0.006985184421749318
-0.006372036513286608
-0.006041674401946679
-0.006139011375090231
-0.005155614737527504
-0.0037756742179044346
-0.002997736203706371
-0.0009550971995640937
0.0006442952579795058
0.00934998197324228
0.003146705275759834
-0.005539224489637485
0.0016450318557010598
0.0008172383954007876
-0.00063479965168154
-0.0009865094859697033
-0.00042911029452055005
0.004014057851350767
-0.0013707997072263925
-0.0007519752938891235
0.004278860249351789
0.0038891602416117007
0.004043406365589467
0.005641541946655304
0.007849845876909893
0.010049847927988333
0.010846657318890418
0.005293100149439518
-0.011113703590307143
-0.016565444028679155
0.00374397489382007
0.0180275920306749
-0.0112725220754709
-0.0065757979544304535
0.00728198630725049
0.008005802087265285
0.006107113657940016
0.004683757044532832
0.004701968042465452
0.005216185630893924
0.004512315685515089
0.008992234381996941
0.01087438101461927
0.011697454702646416
0.011250886847184132
0.007845634647652188
0.007749790867887177
-0.005414395433546025
0.06872337566915816
-0.0005485385292899879
0.007955864722568989
0.008656259962060773
0.01174483827375024
0.011306510508793244
0.008512473238721856
0.004768492420018799
0.00313434137067587
0.0010125645651090768
0.0003638710251910254
-0.0021637527940069033
-0.000895648943744835
-0.0013259618174547908
-0.002033589190107088
-0.007074912778758424
-0.0014357450811735672
-0.001669699444455486
-0.0017611452341436296
-0.00011111051904257644
-0.0006240129542219265
-0.005541384516354394
-0.0013983240211031763
0.001393050127881072
0.0014116622828576687
0.001775964243253205
0.03543654263204607
0.002240655647257054
0.004446222729410012
0.005323496873063284
0.0007062564830616995
0.004612526749793192
-0.004815383794944507
0.010996958287578278
0.010429328265155653
0.01248248448162143
-0.0020862787080213564
0.022236650362673655
0.02944114793934328
0.030954132852197613
0.0427651939260746
0.06390423650402641
0.04035006338310965
0.027677949285594167
-0.0053466628625432385
0.009207140387807794
0.00531680039509797
0.002194965685731201
-0.0004937268347628134
-0.005776043672379037
-0.0025002725687844466
-0.0028536404157125774
-0.0032064848780687227
-0.0024588968978981095
-0.002057791026255828
-0.03304947834921348
-0.002707395690880665
-0.005844143198690333
-0.0020279732603116045
-0.003658993523484793
-0.004117308090834072
-0.0047376855612531075
-0.009034801630514584
-0.005685590386503364
-0.006387804350807296
-0.006766500398756566
-0.006886278251586228
-0.0073592955053093535
-0.0077240770509885365
-0.008982764831424236
-0.010700863129040929
-0.006160104059526957
-0.014736993533791966
0.07501493113901951
-0.01585211923672948
-0.014854717721642215
-0.01142924073201498
-0.009207557143638898
-0.007729838235854069
-0.0065334758110081265
-0.00544148121476165
-0.0063449208723456154
-0.004578150054837992
-0.004974253388120996
-0.004527610940961637
-0.004634960896993145
-0.004821848412629632
-0.004338633554493762
-0.0040512427237530835
-0.003670783758514632
-0.0035324720524486384
-0.0024231437578019
-0.0033938036034010916
-0.0015855374698846279
-0.00076367015910243
-4.2660296295831527e-05
0.0010243978766003544
0.0019048511575983028
0.0036693883839184482
0.005370124018465561
0.007314219477907507
0.009839774749087612
0.01251403956990373
0.015162954593957726
0.017148602246701353
0.017257420448023125
0.014378368783999894
0.010067854422132042
0.003177651529568443
-0.024959497699280672
-0.048994351336291146
-0.0068858543823492584
-0.0014351628020670554
0.008829086597065779
0.014371663649829515
0.015046422494947156
0.013239217162048858
0.010461297292159675
0.007259011040037922
0.003556308546005522
-0.0003415512079454514
-0.0067315814597785255
-0.01645789167308144
-0.030461007508647706
-0.03977731004393844
-0.024436449468663583
-0.07378344762471695
-0.04885932809719864
-0.029091264069668686
-0.013659214693981825
-0.010608016950568561
-0.017322203796523532
-0.0387749333889638
-0.010630986647645538
-0.02560170093719088
-0.0177362992214008
-0.014062704428007791
-0.011867390657066176
-0.010335719821535562
-0.009081078892142425
-0.008660584908676392
-0.008043879300437753
-0.00771851587952195
-0.007421018434119734
-0.007384083299756028
-0.008256039529250614
-0.011560001711928562
-0.016831413530642107
-0.01623081165980431
-0.020975203426845074
-0.015689899575096
-0.01155160612964836
-0.005797381173959926
-0.003269240909099527
-0.0020351685056642327
-0.00111766075609931
-0.0005452380622452865
-0.00160783371853322
0.0010638259190690477
0.0005097375473550581
-0.0021493115288171052
-0.010168908674205224
-0.0224368241437572
-0.040189124887813135
-0.03539147942191243
-0.015673494948141905
-0.026889097316049715
-0.03090212700867982
-0.004539533198555645
0.014949401384443641
0.02843684769853653
0.025396494678285236
0.016809823714678707
0.016798892925510723
-0.0016256933212506373
-0.01876202281495188
-0.004685483447599361
0.006396520181105949
0.011866403417784006
0.01827317808213332
0.019384088969619653
0.017300194935422876
0.014314202040780983
0.011454005865852789
0.008070096802173667
0.00717191623793206
0.004167495419617291
0.002920033916357259
0.0011044857198261263
-0.0012095504490410014
-0.005254789457434933
-0.020962445843173715
0.005812162643327666
-0.01965262006456971
-0.010226656420466981
-0.0075543649532002636
-0.005537718076899534
-0.004377424436870481
-0.004531334606279777
-0.006435950903017607
-0.00703657213755269
-0.013118163206855916
-0.007852221314258884
-0.0072304917347041425
-0.0027714200697534085
-0.00043784440708225403
0.0008955959121261707
-0.0005089310341782141
-0.0002604024923234242
0.0004662935787731118
0.0009590609305835205
-0.010649514295979117
0.007036388535335713
0.01016343095371904
0.013742696671166135
0.016459986811369603
0.016246582895886024
0.013003853392743724
0.014928760153959037
-0.02645521097013041
-0.06112008874431957
-0.0004248309811888242
0.0011748176820155158
0.012592680537811485
0.017816350288439475
0.01605323317837726
-5.680896730946573e-05
0.010681060076405369
0.008767771622814443
0.00629891523590412
0.005779590922423497
0.004504492998986687
0.0026328658921474
0.003975497673195088
0.004651352950587861
0.006369422387605403
0.0067364426569648216
0.0053409216838999135
0.003690051161060124
0.010105411477857183
-0.00020832006052887744
0.03449339938624498
0.0012326807417403437
0.00010790022999645132
0.003506036372226708
0.009337325392734542
0.011179869219130117
0.010114480163678207
0.008359549040078998
0.006188686144033718
0.004338413469155137
0.002643148191049754
0.001497235315304756
0.000536835909134886
-0.00014664021049139517
-0.00044057522806256494
-0.00030875167946348224
-0.0019280273743107121
-0.002581295040218169
-0.0004864788889289143
-0.0010150957011994695
-0.0022270444035792075
-0.0015086133082943438
-0.000926450484392735
-0.0007804826859716215
-0.0034814859066303653
0.0006080756198396869
1.756384652896982e-05
0.0052268811475426205
0.00037716054145119294
-0.0007331896583998417
-0.0015218712239640569
-0.0012217392011061898
-0.002352269942663878
-0.0021129803540625458
-0.0016904185664164935
-0.0019098089444064166
-0.006011107991315368
-0.003133178642368845
-0.01383411210854994
-0.003497367203836783
-0.0011721301326509442
-0.007481450993443791
-0.001972305729675867
0.0007196720404027698
-0.0005177784073383986
-0.002628227634567896
-0.009892552475482382
-0.02626861304751294
-0.019013979015101354
0.025933969056429102
0.023441168872719624
-0.030374715182711887
-0.0524643477939278
0.019480289839422505
0.0036550531098151705
0.003552028116313757
0.0008335666863554192
0.0017057745516604141
-0.0034560904060784705
-0.0002404998053516539
-0.0012977072217345306
-0.004912322716660379
-0.006616656162663549
-0.0069493287604746245
-0.0032969161154577774
-0.008828905745335581
-0.005518783613344381
0.06152620002851878
0.06019886570988492
-0.008027088330643915
-0.011910101147694592
-0.0013670897620183873
0.004286709530203026
0.004555645847855271
0.004661549069846033
0.005441649143629208
0.0063778043864572455
-0.004780388549528445
0.0010456596279509445
0.0022422928313314185
-0.0021647864836899762
0.0005720716068326659
0.00323596538860631
0.0037153365542608066
0.004235265090458783
0.004581497500688377
0.004656677557074432
0.004913563727788302
-0.00032775340385620663
-0.004234335380800109
-0.014836495408372159
-0.06846414520911086
0.023633105888988228
-0.07942310426084839
0.023394612685406695
-0.023230187934951834
-0.02150952750419189
-0.0056138108430190395
0.0022745707422907185
0.005703456920782812
0.007579515530474863
0.008664637651574101
-0.002232470278423243
0.0030812267272367954
0.006079451961146732
0.002318734977209984
-0.002981501951549398
-0.0036617785037438115
-0.001125418777360034
-0.0007968986291482643
-0.002088251286695039
-0.0023073885740182726
-0.0016438183956994064
-0.0018138259619088501
-0.003201253687940691
0.002205463981539281
-0.0024570569975818427
-0.002418089598084192
0.0024143540807152366
0.0014517666745750874
0.0005874859090294229
-0.0003949411104441666
-0.0018286188458268588
-0.0042425828044226135
-0.005833689343533494
-0.007486513461532502
-0.0011393600466019932
-0.004724163149288041
-0.004936140113344012
0.004509752238485375
0.0027424888931490204
0.0015207149430217027
-0.00011086339955066144
0.0015539545412177273
-0.0020451217281336367
0.001421112233491152
0.0008379596751475609
0.0013190177135912876
0.002069635461600818
0.00367537310080966
-0.005889824917193155
0.0022302777108697525
0.002708401637191063
0.0014550692652927216
0.0005485909814426422
0.0006303691335144672
0.0008037454721994919
0.0015902961745698442
-0.00017917343883012968
0.0014010685414560576
0.002174553560129758
0.0029350247727689418
0.0011922580574321834
-0.011946385111454896
0.0013368183904258343
-0.0011097248447278503
-0.002431238354145738
-0.004178435993791207
-0.0014218157180587445
-0.0001311559275290685
0.0009701871529162598
9.941313207817276e-05
-0.004917678812820742
0.0007115103974245957
0.0007963632737249778
4.372875664865008e-05
-0.0001387549522320991
0.0015654126191665886
0.001731931616077021
-0.012515962150524
-0.0015626349066091307
0.0016742011377628527
-0.0006510007879290078
0.00023950523920497445
-0.0036499576763830187
0.003292932427004572
0.0009800572491794949
-0.02047493399578127
-0.006329593319756636
0.007645727102675906
0.031068316225321028
0.015819877771629732
-0.022458611177886483
0.024778875230539007
-0.004348336684417947
-0.0009276154819429099
0.005729509561029556
0.006248461728145336
0.007179416846480782
0.00467436122996676
0.003561272941806796
0.0014848834892737643
-0.0006711175220777762
-0.0028574760924558926
-0.003654137699442834
-0.0036779613587548258
-0.0032411914595206945
-0.0032094715283078634
-0.0031447941656540953
-0.002961445171756212
-0.002565458997263868
-0.001510613559719784
-0.0014702120976602107
-0.00509025296294964
-0.0015607499317477247
-0.0012898759416322386
-0.001479836074122134
-0.0017810782043285415
-0.00354318001221282
-0.014353962036100877
-0.03945529597011535
-0.008840896352853532
-0.038802086786659945
-0.030621827538755576
-0.02765103502438296
-0.04852370064471174
-0.0029132716222855224
0.0007204684470778997
0.00174733417821691
0.0020249341389513382
0.0021197511892192497
0.00199917654185317
0.0022718157508557985
0.00204820776655903
0.002003233750381478
0.0023742157521354328
0.003511161379180966
0.0040172986697154306
-0.0176186362684218
0.0038536265175924166
0.0018269380064891824
-0.00045343797147773057
-0.0013567263007968607
-9.795515078863069e-05
0.004673464517999361
0.019616450857130565
0.04615622306596791
-0.06096803254097175
-0.10119178870151325
0.02732501475597534
0.03306367966329314
0.008042434422041028
-0.002932615664140239
-0.0077036714751795715
-0.011620368335428663
-0.011503176476676893
-0.007855920955907
-0.004878014672602759
-0.003050527129796592
-0.0018957046463489303
-0.00024805788484396187
0.0019578175142489977
0.004036503829637146
-0.044160685515884666
0.004613533479529094
0.0030190602356113027
0.001525375986455706
5.3798714376152053e-05
-0.00018434385406764883
-0.006129395016738906
-0.0045934676394465855
-0.013061654716716895
-0.0366963390674268
-0.04193252527171735
-0.03947555942075879
-0.02972518376214695
-0.01702629030202442
-0.010097076695583464
-0.00786071340743619
-0.003153737058004797
-0.0018549641654307032
-0.0012093948791383864
-0.0006465948088716978
-7.496907430204173e-05
0.0007048528195482207
0.001634119934666586
-0.0025628435744137826
0.0007702137218207871
0.04518387803656533
-0.00040878548288688206
0.00018132533119830167
0.0013635187474829737
0.002445210201549281
0.0037578584155504415
0.003926708023789514
0.005400383074925798
0.006307161099634212
0.0008549332089223513
-0.007223673672705901
0.0035124667178772525
-0.000806381408543912
-0.005271108585279203
-0.01262121563983652
-0.01968633205602792
-0.02101427235872722
0.006949695812399154
-0.05299393367570378
0.028419123991216922
0.002133159487800301
-0.004836526896331822
-0.004600760676040859
-0.0008912566464579851
0.0026099763633021127
-0.008040392230139717
0.006117455238780235
0.006490004001191517
0.0072106988953699715
0.00859672421546646
0.010064996621501785
0.007833465566963037
-0.0037166935329956156
-0.019588907089463516
0.021596919182273237
-0.03848198900386402
0.016634515215749164
-0.018260275164896873
-0.0011316627559259877
0.008790486267504527
0.00993163609560453
0.007424319937750384
0.0002438439601661506
0.004092005344746857
0.0030632326318887496
0.002333045309205531
0.0020295011648971445
0.0020997618162196226
0.0031456733246551264
0.0041603577550800835
0.009070150581259984
0.0013638852770687185
0.0027550155639967174
0.002159593042187424
0.000812542131316827
0.0009597193353178133
0.0009534654714234334
0.000635553028409027
0.0026078939742145532
0.003276356473695977
-0.01391637618828869
0.0036040105181953668
0.002717277419658024
0.0019455641978971606
0.0010251694241911204
-0.002083774849333728
-0.0036434723654714517
0.005521777519227081
0.005987839419738336
-0.0031852431686020984
0.003417082052307223
0.006176056136528638
0.011775324924677822
0.012276779282143203
-0.005341305448403209
-0.006434074744778996
0.012913596498686902
0.006345358374580983
0.002696191711806151
0.0009552818667429164
0.000165663929384904
-0.0004025331007382637
-0.0009932522274713055
-0.0020906240465754164
-0.004495298863663647
-0.003956836599566317
-0.0013520971094390215
0.004410366687628068
0.008252994144114557
0.01113384600340413
0.012972236042875807
0.012516676878269075
0.00819729504637004
0.002072743413726952
-0.00015619315179286032
-0.05224538203985465
-0.04038024347695555
-0.008466775903514636
-0.00272704778075726
0.006339832186634982
0.012201996935407449
0.012120503950289411
0.01067991288590517
0.00860389596139311
0.0064307711943900284
0.004369202550734328
0.002935819017042704
0.0016421308141589355
0.0006912639140439659
7.107092610792195e-05
-0.0032783435492762577
-0.001755893793780053
-0.002448852287334664
-0.003484456366284752
-0.004342072525608604
-0.005233497481236019
-0.006633241633890828
-0.007870180559726513
-0.01286983139619242
-0.010231660910482209
-0.008981303060121957
-0.008505583006442417
-0.00866560988592567
-0.010188289072086527
-0.015083717105419116
-0.01988913552359662
-0.02113560379806551
-0.019876751517556093
-0.019734747673004916
-0.01518756032297188
-0.011410256794800623
-0.010313692333572941
-0.010218804973552004
-0.01045268138669798
-0.011067679851814205
-0.015677787355825996
-0.016379963671312284
-0.01813601152483273
-0.01468602821773339
-0.012189995908599583
-0.00985560822528795
-0.008401784180403942
-0.007203980931040391
-0.005799896306545021
-0.004560500615001736
-0.0029726131000873475
-0.0021183488554667195
-0.0013061567394752611
0.0008877081508618916
-0.0019114092078562502
-0.002154411308357704
-0.012823115872745393
-0.0244232455016495
-0.033336062675435985
-0.03875257806382571
-0.034796575962216594
-0.02512401598393798
-0.003464419949936189
0.010225448365086601
0.008743909956965614
0.001859592423839637
0.0022962716659370914
-0.0019759859352552265
0.055560767319911046
-0.015330150300109882
-0.009263679182108861
-0.004077454250099485
0.0035000916719506486
0.005970544595256149
0.0048371110016795895
0.0026261366736462805
1.7360568968402364e-05
-0.0023639382569570545
-0.004374204657784335
-0.0060208647624839925
-0.007251981480177362
-0.008369982574528251
-0.00920562691303121
-0.009875529347663054
-0.010302032622760872
-0.010546076430372362
-0.010725872723802609
-0.010790260764100348
-0.010804048354719523
-0.0106557636083153
-0.010815677437721502
-0.011293300389224008
-0.010693041170459515
-0.010293096030940918
-0.00994128417229837
-0.009581611741296315
-0.009170446685537995
-0.008561076686973229
-0.007973882567817399
-0.007335661623474836
-0.0065303457005578625
-0.005678574659952243
-0.004585240298282061
-0.003507853819740229
-0.001667719822615318
0.00031065625269999605
0.002634601901445272
0.005323423680689503
0.008165564899488194
0.01053230813258602
0.010804601656118844
0.00722890469279304
-0.005392742297091676
-0.021517513820949446
-0.07205788880464474
-0.0492627518194566
-0.03502263440805335
-0.010020915685866485
0.003850452435633876
0.010671881668100708
0.011866400836744563
0.010318803968618211
0.007768328875090535
0.005134065725081232
0.0018469289853210494
0.0007221618841167016
-0.0009418984465863598
-0.0023213900024600196
-0.0052165608194873255
-0.004330432157074536
-0.005083260459378645
-0.005692242379969811
-0.006159939548737033
-0.006527730291068598
-0.006901368400219298
-0.007447281574786863
-0.008340175837418558
-0.009521756487296579
-0.009319048315983283
-0.007660805716790625
-0.006279924994978423
-0.006509968286715295
-0.0040932061245879114
-0.00393618192316915
-0.0037787095824572082
-0.002228723427979335
-0.0014903148260140646
-0.0008956151271450605
-0.0019814877000646925
-0.019097546575682453
-0.008254582248855218
0.0014947026849294427
0.0007262855896079068
0.010259336052284938
0.014440221566323472
0.01449777286842983
0.007719624049318766
-0.006739258809158804
-0.01351225051566259
0.032775690625285465
-0.10084069106915793
0.028331760239340878
-0.026145800932085163
-0.01319927061786266
0.01916036046680103
0.010288165564232586
0.004089967234608155
0.013383278369943604
0.013990308658847345
0.01477495527738728
0.013973349498202847
0.011949405671815157
0.012049432666261151
0.013099138529100522
0.010424782785818733
0.012316033108849888
0.013565016355450845
0.010552147990101705
0.012414844135758376
0.011628165452605116
0.010782229402785344
0.010112560631628688
0.0089535643780907
0.006691302223073591
0.004613176291864281
0.001683149490640209
-0.002150914573489437
-0.00696848139230626
-0.013091104449952177
-0.022042269428363466
-0.03429751741473613
-0.032100096941817445
0.01972262653665413
-0.010994797368135599
0.03473530847967413
0.013830432598442138
0.06086608092402508
-0.027194710951024593
-0.047475084846515005
-0.03564081558211047
-0.0258638541654121
-0.015566333246245736
-0.009160210916363574
-0.004373539220819755
-0.00038013361372824536
0.00358645240334347
0.0035410782884930823
0.006430930306003159
0.012715242455395546
0.03760452945851593
0.09278611363107914
0.08332654835906582
-4.6436653316296455e-05
-0.029020025791995353
-0.0356492877815598
-0.025703010976906797
-0.01747138561045492
-0.003610510941364413
0.003629614445461982
0.007852584179559833
0.010467764765973116
0.011336222785146047
0.012135035102497967
0.013324587203469488
0.013340852545732779
0.006731776339321703
0.013586334924610676
0.0133168205082696
0.012549987843927617
0.012529962695700201
0.013170940808215072
0.011535457212183924
0.005773945571787944
0.012642875116967477
0.011020356002566251
0.009278598377269612
0.006780414708708437
0.00431613162394866
0.0010784728164447716
0.004818117280351818
0.004332548846862712
0.00608761910697313
0.007420085624805795
0.00697634962223628
0.005729274257527752
0.004302481816230191
0.002484352016602445
0.0023958720099220756
-0.002025947461142974
0.0033394214038934547
-0.0011936732831838506
0.0023222557715508138
0.0009596865236184306
0.0007419888886954064
0.0005388017886110189
0.00025680778751928737
0.0003463822861026637
-0.0022548290765694113
0.0009709802835978393
0.0014847223976669041
0.0019869746023979734
0.001678299162840687
-0.0008900154948965613
-0.004619457769366632
0.010728402484125267
0.029744786598006268
-0.026069565828531864
0.027948242985886655
-0.07119930945782603
-0.009697157046135295
-0.0012023684510078765
0.001184006561404837
0.0013498572089353585
-0.0005447708511541226
0.0001418161271478323
-0.01370715336457511
-0.0008839139289859923
-0.004803890504190512
-0.005373552411309414
-0.005272295024743706
-0.009783394951935231
-0.006074582980182441
-0.030020248309916092
0.017981493091824487
-0.011792876854051466
0.0018365838840977472
0.005036697741240391
0.004569135887223378
0.0026661152923337984
-0.002371122691818682
-0.016049198954788145
-0.02215978603750212
-0.030840973707753187
-0.023275459635672003
-0.015534427909239328
-0.005438317624396648
-0.0015203788498535935
-0.00024751363700326664
0.0018337672881444276
0.004512889825248208
0.0013131684856316907
0.0030438484070360416
0.0023426779327368487
0.0028076941270152797
0.0013748165966044677
0.004780837972302141
0.006066159667703366
0.005414689620781862
0.008846408230239392
0.010789375970221752
0.012861187073714541
0.015285736818131506
0.017430218963826374
0.017940311553788193
0.016253556072948264
0.022670891307796457
0.023877184400480426
-0.0007654949311609058
0.0042427150137082275
0.011721809639123419
0.0061119208001039855
0.01312266070946363
0.016130210644913084
0.015941271868801416
0.01402673809629102
0.010631403611092678
0.009731386456610503
0.007383990877477314
0.003444390337556929
0.0032859219006620044
0.004612765756099281
0.005059843938384991
0.0032005089728012015
0.004546831125390016
0.0060442235289243215
0.0059401043956979985
0.00617047683878498
0.006542272014061865
0.007186199186815558
0.008263491462945735
0.006919514071856434
0.017235669325228596
-0.0154603862317419
0.00511030517514809
0.0031507477256163268
-0.002208108885014631
-0.006460739043002344
-0.01147637958259608
-0.021106359747170227
-0.012284074814092397
-0.013883065487644146
-0.0015499267204248687
-0.0025432903186008897
-0.009157927570442856
-0.017200711357644054
-0.009403456921912048
-0.00031263162804844377
0.004033450538146977
0.0028465773890045164
0.010810217143261363
0.008262989335041254
0.003223688968791783
-0.007463434577724741
-0.015197746125939082
-0.020619029301300763
-0.014464305560882995
-0.012507343611804266
0.004692413184652666
-0.005117613755839988
7.824104041236197e-05
0.002545751006208888
0.001229640620159998
0.0009500887818934955
0.0005105918272359793
0.002692293121853683
0.0028045379024310866
0.014094323256805605
0.01609155387797428
0.013741620894697286
0.01057948046036972
0.0047337366207894135
0.005404521979487079
-0.005659088849022899
-0.023705516713124385
-0.020943961112039736
-0.012769111274432622
-0.0014222140649200166
0.01078122745544463
0.015910581440195325
0.02532938667191725
0.015433919777088015
0.012140213023235268
0.008090661599792956
0.010343381350745124
0.013097224713329081
0.015912961261460898
0.017469442866453445
0.018311483737976204
0.0193885036690741
