-0.009251350409858312
0.07627898490287534
0.048817247073766445
0.04533548633143395
0.04275801933796685
0.03174572393223567
0.020504641020931295
0.01935840440867845
0.011625300211969836
-0.004227148798188165
-0.02104859426954063
-0.034566245107005504
-0.01570290434125581
-0.017570898197756268
-0.0218058602550932
-0.03417999091344374
-0.032383421185124356
-0.026391665968495855
-0.023343096884241993
-0.021616333382368406
-0.029582017791552773
-0.04106936591994373
0.07569317788540673
-0.007139205177356656
-0.039591873145945776
0.0006766600675987393
0.031921524712875606
0.05632506045970651
0.06616329046904029
0.04766523543043025
0.01384311608164123
0.05366013388790796
0.04864580497349425
0.03919446780691668
0.029073501582221172
0.018319328076292343
-0.015747515816779616
0.00020281584082075538
-0.023210860476495117
-0.008902463774455277
-0.010632066381722536
-0.012747211119172722
-0.015491760885902907
-0.02419323688979233
-0.022444566150496562
-0.019896670660634497
-0.016099079954295794
-0.016244475400436918
-0.016987722429825023
-0.019415954719276002
-0.028361089143214942
-0.029099978161987346
-0.06679300048125231
-0.09925310630002512
-0.04716017559466796
0.025370678161509043
0.03471922509521321
-0.02419989844189276
-0.04398097879541941
-0.0580509668978043
-0.09102159550477461
-0.023740287903323998
-0.00481507736513136
0.048042029690738716
0.03581104740265093
-0.0058822733879096804
-0.02558594322713706
-0.014461368609371642
-0.000523902831300595
0.010405644926779421
0.01666497496076279
0.019812865046885828
0.022067307116737312
0.023581834941691884
0.023619895446958136
0.02228569544599481
0.005157774015750808
0.004663546027088913
0.024414515449628738
0.048123791498904
0.07711186115494835
0.08121091859630825
0.054667805035021305
0.03393740401483417
0.021843895537574723
0.015475238138816357
0.012976161173860353
0.013710254955266246
0.0156518037945729
0.00984744262056049
0.0057175305324176
0.0014559167738491042
-0.0006627623508340483
-0.010338800882558457
-0.13591817796865321
-0.015382362631534375
-0.08722583938213743
-0.0164262670837915
-0.004028084442006911
-0.004674912766470491
-0.010339371898068314
-0.038883126510348684
-0.1280011428110148
-0.013378902308079133
-0.05622926096704236
0.008496859359786372
0.017208448764597647
0.023352830614783163
0.027590593450244175
0.021444555364844426
0.00011216811597465344
-0.16460224118323635
0.0390003398130276
0.03647304689928726
0.011936243414680981
-0.045285525737763864
-0.017981302009095396
0.0663830662314199
0.049426545414121496
-0.001539137106828784
0.10062603349847021
0.0023707026862231986
-0.01723508526319397
0.006302385505703944
-0.2497345748020606
-0.012503660244738389
0.03429725867478257
0.0598827223323873
0.019269384470395532
0.026518412498148968
0.017712904810000624
0.0030378409033762132
-0.0005227595456522682
-0.0033084857385074647
-0.0011062653163549402
-0.0036899728655091744
-0.0052489695719243855
-0.01727918085333096
0.003482666964667226
0.006575473209138222
0.009878526970326066
5.657589185762604e-05
-0.08442505753677919
0.001166511314478784
0.01550272957920143
0.0037533224981192706
0.01532624930639959
0.018192052392123393
0.018000272670224658
0.022530201233331822
0.016718807621099643
0.011008599406739629
0.019677682897073473
0.015413258713325202
0.05342786641572049
0.013689874730692993
0.014489293992600731
0.011638593613570305
0.009057909415809019
0.006650648985757848
0.003924929614553985
0.0010874254543239738
-0.002422842958919719
-0.005957352978093683
-0.008636481796410416
0.03446815265228661
0.037126425231553344
-0.019413230253697407
-0.021471484646510226
-0.02641411147540318
-0.03238637426985979
-0.034627529872807504
-0.03702295741545586
-0.037088010551125254
-0.03808372481823041
-0.03645003254730071
-0.043344840254622846
-0.03108163246265299
-0.023384150488827457
-0.01223888467789163
-0.001558966199467668
0.015851267858524542
0.022858096516778198
0.07748468279225006
0.0567189602974246
0.016838170169515866
0.013776747708709713
0.00337580213461484
-0.0061840472200431805
-0.01305945598752389
-0.01724819361969332
-0.019857737506161956
-0.021248390348225496
-0.018310725732859082
-0.01914150935564795
-0.0029826622733903456
-0.001833533656513148
-0.018446352976618063
-0.01959831238458265
-0.015064028281986911
-0.014336669873896571
-0.0405815483290874
-0.014597430999122507
0.00842549261509562
0.00019911722707465784
-0.013206552554009272
-0.0006823506729984851
-0.008503143079639825
0.0008423951067431247
0.025292626042754292
-0.004878740247407838
0.021064029633200664
-0.005044633459500712
-0.004736624265164673
-0.0038329981646017053
0.09008003672013441
-0.004643265346918089
-0.003407853376478924
-0.0029118866299575412
-0.0029901102513305226
-0.002463081857777971
-0.0028508592955674436
-0.0030499269703425846
-0.0035426471614319038
-0.005053475154352569
-0.0023140579474919694
0.03457703348137433
-0.005749031836977631
-0.005273422021830986
-0.004530084801424661
-0.003998372986911426
0.03182800301930561
-7.590857436374205e-05
-0.001320065626296594
-0.08527343387540866
-0.0073574544386300535
0.015879877431647992
0.00531530374365087
-0.00886012896452649
-0.007997388822622659
-0.019765637226678373
-0.0020355785579830865
0.03649465349512711
0.009509144041719948
0.023759251134982198
-0.004111703939082376
-0.004976866552303902
-0.006209611916924758
0.028885745160312806
-0.004217986570318227
-0.07783227935502218
-0.011354258183576599
-0.004686065023991487
-0.004622863693479268
-0.005350777562766165
0.003158061839878474
-0.005093082127443773
-0.004832425223667276
0.01102608137966666
0.04777800875195198
-0.002654391630488559
-0.003431807341353908
-0.005275996924767696
0.01435825522482489
0.022021198289376834
0.02652686957605496
0.006394924342829453
0.04591882815807377
0.0016627779453844398
-0.0028359717511357457
-0.002471929478002617
-0.0020457083058463593
-0.003153902744564423
0.09122076041431888
0.008965127197242706
0.008157092648754687
-0.0055664765169590145
0.03459757464103193
-0.0018380219136563249
0.002240955548603955
0.0063673884657504745
0.013909871381114438
-0.0037809143826408984
0.009574316144959004
-0.005472019704035334
-0.007580002188866147
0.023843392439149222
-0.0064324300213707475
-0.004294766661641355
0.10665048652153579
-0.0035766237453838884
0.011740297685507302
-0.00534073710616915
0.05262014233848204
0.0007193081349434256
-0.005537685534058659
-0.005452504608781743
-0.005451981938710382
-0.0044903246441698255
-0.005398642624106973
-0.007674310611208434
-0.004294702137237508
0.03210834533408671
0.04419785619115518
-0.01091638560117138
-0.022112102207592754
-0.015408945024814191
-0.01716624469571776
-0.019464820713300756
-0.022084475938332977
-0.0058161172609901765
-0.02585369787756784
-0.030928897548406276
-0.03358850219646894
-0.03874254550876163
-0.04642265090034993
0.004470759037910199
-0.04059252059780022
-0.055538226557998574
-0.05359909194689118
0.017381015076237898
-0.03226172129150128
-0.027238553822355537
-0.010772903118242909
-0.013572886133809223
0.04919382770997291
-0.001480308742151246
-0.008328199619229286
-0.011012397720163694
-0.021851417657541294
-0.02762229178564666
-0.02996353516462821
-0.02732871424556222
0.029579704257499128
-0.02645583024295669
-0.01725971824286514
-0.020116375897878798
-0.018255874986945975
-0.01477333022215711
-0.012041927617803478
-0.009580463507140969
-0.0077583884741965975
-0.006938750415318116
0.0015903920284622076
-0.0035265182859440195
-0.015736425516024714
-0.0019751704585029414
0.0005757699334605901
0.0010444075967835714
0.002415167804762694
0.0012075657312953182
-0.001299100527840286
0.012198220378289073
0.009132852222444868
-0.00023428594102596045
-0.0030452172304114566
-0.0003462491657650108
-0.0019753301812269527
0.0015303428795680899
0.0438969907313782
-0.0030134856671617596
0.0036678208368681503
0.007707599399702549
0.0036022009516788367
0.008286321992591881
0.007821732816108594
0.006809174411655134
-0.0012134945312644893
0.026248391262918228
0.02436997338127061
0.020780903402020105
0.0037935295680755856
0.019553964788071216
0.010349515986140192
0.002297424492985468
-0.000506599151300598
-0.01585214755359215
-0.016319332202055836
-0.014915272286931583
-0.012316637244333612
0.04696359463065221
0.008701682764775252
-0.019010262342567773
-0.01307866413739628
-0.009628888195262404
-0.005056654764269991
0.0007980398827131016
0.007275824730456104
0.006572766260131217
0.007863584015382043
0.017509134166461056
0.024030211968518456
0.007054297682006045
0.013124911408472672
0.012385348751259408
0.008162505504499182
0.010176700947652826
-0.009164311349292733
0.01343405986810709
0.014346548245911042
0.03713008788596226
0.025781512445685183
0.0008460655944128105
0.010847281850680783
0.01992539658792012
0.014577153348601006
0.014934869529943225
0.013010383848872596
0.016610076006217365
0.007820595271643194
0.012533445459905647
0.012077579387539084
0.006557211694155472
-0.0014869112655588313
-0.0016483904269223098
-0.0067432363583536555
-0.0012594119386507227
-0.002282709468733177
-0.002884586832524435
0.0007862870506437466
0.016488585437725085
0.04989117346981499
0.10471305086847756
0.051637379352137795
-0.15908085153431356
0.035930455017273
-0.043468510380047454
0.09401488349682519
0.040734928512402895
-0.03012764860644012
-0.037509412401271716
-0.02966951502320385
-0.019835622819857835
-0.013037533318360921
-0.009207597928402035
-0.0038686150666835018
0.0019955576746360794
0.010943157562924204
-0.00347445347883045
0.016839619648316734
-0.013546112431906924
0.018849061072985132
0.011854287170790578
0.003090550677923008
0.004111002594124238
0.006567036079423292
0.0043977147227874155
-0.014727711827433916
-0.10772056666253538
-0.014753338349618233
0.004482644507032324
0.008864307410751534
-0.004247132528382906
0.0003564179073955747
-0.0004709929005496773
0.0002328111980173837
-0.0009741617267294481
0.004553685457772228
0.001969920429276898
0.0028185941013306247
0.004025468974844882
-0.0010261017980081508
0.005659067471535342
0.026243223853919983
0.0034394193220504544
0.010256924893769703
0.0029326556614821483
0.009104390863954336
0.02778520806369246
0.016954921954891376
-0.018323651308279305
-0.10455365412714257
0.005645738065682017
0.01052470445321932
-0.0156824006906322
0.023915492178652183
-0.08566580603015793
0.004057862842765129
0.015685755002541837
0.016284130545759664
-0.0008024364821786058
0.028929013876618264
0.020827529790592218
0.022579114982959312
0.015691200647879405
0.0015896597205913394
0.016007387651753305
0.0949541373875993
0.07715538248906448
0.021703717172338065
0.012043736260476673
0.039996208927062064
0.03175504172739635
0.04254339809335868
0.04270193237787213
0.040011327580800934
0.03771742268290699
0.03060261194152077
0.017293819261830778
0.03348156318463871
0.03146718870526231
0.03129283433991935
0.025508130899195434
0.024665065268144413
0.02208476297195974
0.025417337625437606
0.02529359356352194
0.021092476500413054
0.024840519413285068
0.035123773450539755
0.031649138006999415
0.020864114249524484
0.020062863867705814
0.021122541913024394
0.020445778799879143
-0.028734838942264716
0.018095847047499624
0.018163048568084917
0.016081674396841914
0.013905185721233499
0.017414152891678917
0.010548021269315417
-0.005963925916097666
0.011452855055440383
0.008891809693889495
0.009805748417443748
0.009527530952154261
0.007398193766068448
0.0071948740777810355
0.006079487319818748
0.0049535243021584865
0.003720552696017324
0.003979613007801229
0.0031403887728477593
0.002362154637617357
0.0014866004496625492
-0.0006807976524334811
0.0006370389217240234
-1.3783047516467057e-05
-0.0006501706959859949
-0.0008443704736490206
-0.0010388040629035465
-0.001179542988489349
-0.0013316115550834572
-0.001456531838729475
-0.0010813873241317825
-0.0021044777352535416
0.009532966836477454
0.020104053529053856
0.0026706238196639687
0.005203563390676531
0.004196534574378647
0.015769356610425795
0.020994584127209
0.02502873135449364
0.019538228674491568
0.024053896751483072
-0.04353392396922611
0.021214322275544813
0.02371698667428544
0.02542306401414935
0.014474173289638903
0.003921932352970399
-0.003147460107305535
-0.007359630960690945
-0.009760237615409029
-0.01091773877424416
-0.012282430318448419
-0.011670767439872536
-0.01162317379994421
-0.010947120042096716
-0.08761467534386728
-0.010746196906815728
-0.010898297519905181
-0.009382749369340736
-0.008387783121383854
-0.007459934911576698
-0.0066974785292038055
-0.006553914836252887
-0.005177936083134696
-0.004672616621768723
-0.0038902136320397174
-0.0006228244982984913
-0.0031478485957704048
-0.0022056004490054425
-0.0005928601179383843
0.00027686478619254296
0.0010935804663590528
0.0019429312712220409
0.002041318493402194
0.0025910373896834336
-0.029645063830075997
0.003369586255230466
0.003997421805727589
0.005588464666305186
0.008752902480362024
0.007284747733696139
0.007810094448419143
0.007117755945099948
0.01234175829049724
0.019853676819328963
0.010712478383617045
0.008431525324142708
0.007041377283060474
0.011166798599019775
0.011742861393767196
0.011047624283036907
0.01007116879904341
0.008510010990031947
0.0055479350957396215
0.0008969078324198461
0.006212406437418112
0.0033526033293153333
0.0037620995438439565
0.002498648217053765
0.0013705752387505672
0.004474498614313735
0.008930755173239562
0.01765831589292288
0.010651493778277444
-0.0017997921008411433
0.030505104264596045
-0.0030798589647319887
0.01741304470813346
0.011645292480173638
0.00515301321989333
0.0022102232062590835
0.0009127503571555928
-0.00741719923891853
0.003912756537504448
0.0051310402603976756
0.005652212781432392
0.0043566250274049935
0.005119090051209895
0.005285871970245633
0.006995627418093588
0.01132719119635129
0.012241729743089125
0.010951508083267109
0.020337461359076492
0.0004016137322811265
0.01114745258096808
0.013220633941956488
0.009522094096948784
0.01198302367157199
0.03010187733793
0.0022896987588324224
0.00808039620681483
0.02278867060966179
0.009266873917309095
0.007671260971235297
0.007651257487693089
0.0017249409973920298
-0.017522627079943672
-0.00337889111046035
0.08570243007966852
0.10221027159381563
-0.02867620695489751
-0.03963139373262688
-0.020888491305695988
-0.0037456018303767564
-0.0021550897261335715
-0.0007162101843349089
0.003807210793272125
0.0049944592031707325
0.0012813163164532636
0.002559655195253073
0.00039288614230685223
0.005558445196726281
0.005855297945253375
0.006496111356784254
0.008305027836974767
0.01738053464637568
0.005744503729260118
-0.0022489695892751425
0.013798311699993243
0.010579529403089205
0.009564352631674518
-0.0044121924497441
0.014469863594892978
0.017150428311944646
0.01739873435658119
0.016631343523817805
0.01434575705668422
0.012460213570690847
0.015928319270761254
0.016685663388921006
0.017316963021057594
0.017407379755321025
0.017185049104819106
0.016207659200083106
0.011343512442182162
0.009486343554611344
0.012948069090248506
0.012818138539845245
0.00903966318913628
0.0027910213454226413
0.0133803644890086
0.015435795293657639
-0.010094686499656379
0.011174414775614263
0.007279455424936143
0.012298275967901845
-0.011099422208716977
0.017586584596900483
0.01880161971614958
0.019257544681630927
0.019496595272123312
0.016606870826405204
0.021045483721735984
0.02331004466219403
0.025470347747321438
0.029176230456403624
0.03247039081533708
0.025472787627365392
-0.004370125883034354
0.008100569423779638
0.03000423966426558
0.025054301952643614
0.021177870501403583
0.01923465061794961
0.01664270169255384
0.014199703119585945
0.010140059012967445
0.010575994853912961
0.009094048085219283
0.007938761568338996
0.005992192063684876
-0.0015568112213512333
0.0046479206828297275
-0.007934417930689342
-2.7711507286782696e-05
0.002402160576410364
0.0008290168935708218
-9.605845981936417e-05
-0.027066226707698933
-0.002119688816874691
-0.0025966595148086452
-0.0029989470806968815
-0.0033650487180165727
-0.0029347415318917492
-0.003306340811580189
-0.003047935534607823
-0.002785080500034232
-0.0007561352188882785
0.012389093950920124
0.009613262722786448
0.009769472846779894
0.017598440350030678
0.022122500057633974
0.01686436941583639
0.014822581957160132
-0.0610454883528082
0.01790836084500128
0.02063771721420632
0.024029676197024563
0.011446385731965592
-0.00032898427686008986
-0.008466087332903072
-0.012764209691277024
-0.014777776440777681
-0.015310626188251237
-0.014805421925168573
-0.013371761289090924
-0.011294006286222636
-0.009495503421763507
-0.005740491498840951
2.1091249213341053e-05
0.007614797399781993
0.016738585830189306
0.025950019273876312
0.029800955395600716
0.01087394359503092
-0.024035921244817984
0.01888613774197172
-0.02496757231328064
-0.00010077271933484331
0.020107606487216156
0.024731303170286236
0.02555373670734732
0.022097320827138223
0.02211421068940725
0.021875785916398886
0.017862522525324172
0.014591367846310854
0.01913363132938944
0.01444639301085881
0.015499268929665105
0.015519880166980915
0.014911731415498283
0.015212863509945758
0.012857520771065613
0.011809911177598997
0.0012782171070877453
0.010037066503009817
0.012907535864497305
0.0133916375962177
0.014559769190232493
0.013406485353254548
0.009468792894192276
0.013345730229254851
0.013820934430381125
0.012951868822089888
0.006802302049438982
0.011872687624181618
0.01178846896102738
0.012084448287477916
0.010708011587964104
0.01955436203160946
0.01012055072935263
0.006445945213575889
-0.005668514312408429
0.0030572890580815026
-0.0034593645921949514
-0.01680850075536406
0.007277075657014889
0.010068569274176735
0.010521861632120438
0.008894018878453626
0.005822400736081572
0.0035087018656865254
0.008879261906094012
0.009715478174094551
0.009135965532434632
0.006633786751132407
0.0008530566738983646
0.007871014327134607
0.0051265797482094805
-0.013717373807741625
-0.007000928332667716
-0.01943735836701511
0.002189360802620815
-0.0838961643427901
-0.10486767567254864
-0.00046628023160868434
-0.09983526697340202
-0.07355557436799862
-0.0693263144124814
-0.054218074444805205
-0.046915857375356494
-0.058133481585570156
-0.05299575580067845
-0.04581414427263569
-0.14866369248467398
-0.030999568720908664
-0.013286533280924086
-0.007622459573438869
-0.005448255387931031
-0.005890296788786548
-0.01956485940759523
-0.01241334436172162
-0.006413704366876102
-0.005822826628782127
-0.012554777360518644
-0.009748725847864619
-0.008655005826218563
-0.010703165844602328
-0.016815061625036185
-0.0043675752919762395
-0.024392226473216358
-0.025998637713567346
-0.03429926196007349
-0.024238868657724188
0.0032530631972320923
-0.013744938582685304
-0.010691690724530158
-0.022006747250167272
-0.008992467865649572
-0.0066389369131368585
-0.01192336562977907
-0.006000756067933518
-0.00393383266284178
-0.002983513097799268
-0.0028377079048546618
-0.004586245027664094
-0.0030774108998512816
-0.0030706128209668487
-0.0025621295117380454
-0.006765218261699722
-0.005218462815211989
-0.00327008362421481
-0.00519208806046509
-0.0058588919088886394
0.017612269346029844
-0.006881643208202135
-0.007658519744660561
-0.014844016933374213
-0.019167553854945344
0.009390765862182744
-0.007743184719525995
-0.005043076654251109
-0.0071222701218816705
-0.01191101418995979
0.01122750812598347
0.027792411514524475
-0.042425174328481925
-0.008853457945357706
-0.010895038334449615
-0.011268597973074055
-0.012539016992204327
-0.0135302685431685
-0.016196519534527155
-0.01370404801196269
-0.013919357410990457
-0.009199797738318024
-0.009975980753030798
-4.5648605472996454e-05
-0.011735233094016988
0.00686605129273703
-0.012005303131764126
-0.009789556875808302
-0.0030593776350389674
-0.003548708850979311
0.006492983845166594
0.0018698067026450727
-0.024059475820636497
0.010453333166006907
-0.01814398111336546
-0.008417648587110244
0.00522385185672482
0.004566328205555728
0.0005513511338917236
-0.00431350866194664
-0.002619230069305244
-0.0034267970854891276
0.0008940014356796907
-0.004509639904436173
-0.0047320345480677435
-0.00572362284545587
-0.0010389416508994596
0.0019228775715229587
0.002366740699642457
0.0002881089130645111
0.020607684485808214
0.0006212992494376464
0.005030778868547016
0.006420350923748056
0.008106505438993496
0.008440553802910184
0.008905659298817403
0.008226831197548762
0.009704907666843577
0.01022109765535141
0.009953659782117683
0.01010902106088573
0.009612179534179796
0.010543346934015834
0.010547219279063151
0.009126137484347789
0.0172739931813377
0.007472292307175387
0.009473668410220544
0.0092718971671711
0.009459001173163404
0.008816907920230849
0.008207927874509538
-0.004017187108161133
0.005666126514512982
0.008239441953645664
0.007137495554805308
0.004998414099798055
0.005399398582796901
0.004601301676267666
0.0036411673471058673
0.0029521343485059753
0.002809028521065779
0.004453359189116283
0.00794301090939212
0.007902163265091444
-0.01779786573793246
0.02712928708588797
-0.009311146473399456
-0.007524055990675148
-0.0487567373922836
0.003582765782208663
0.0014474755771808469
-0.0002494655976383457
-0.0013335613239102739
-0.0020298320701455774
-0.0027556253062997475
-0.007216508491625466
-0.002077887416603303
-0.0004907883535726518
0.003513598158645648
0.010736940945081272
0.015150795543205408
0.010726604655716622
0.015851393101947813
-0.028849457245170112
0.010884387543949844
0.01243631900400061
0.015074937123391662
0.009259144443406506
0.0026058221259650455
0.004568846363443678
0.012502787592001532
-0.00045259201309276334
-0.002451078759046821
-0.0009137780293254263
-0.0007190086959161176
0.0013494628396676712
0.002343723191663447
0.0014524765769647378
-0.006695697926345283
0.004563993710874922
0.006002950392106635
0.00598614942387461
0.006838522373647375
0.006468059646807017
0.009136305767784495
0.009702249209950584
0.007416738016179123
0.006754122175312475
0.00610230818052519
-0.033227572624574306
0.006857216590947414
0.0090206730668524
0.008249302150417626
-0.005869411267862075
0.00914236671201492
-0.009855793738913932
0.0042040716656012314
0.0039759868544327935
0.0026467343454130115
-0.0264003782322664
-0.0013815509755389884
-0.00573599749730233
-0.012692005116707167
-0.006196959983886271
0.02084997784987906
-0.0022219370631175643
0.004537877003254392
-0.015063313955095532
0.007262575695286365
0.009317413260387772
0.009575635958445582
0.010333111713631703
0.005184351434669879
0.009479668015527474
0.010048790117090972
0.009494515163061244
0.009333332928826711
0.008082357825884196
-0.06056754409286847
0.0073679889575677445
0.011375834088465724
0.006382294931175062
0.006628225647735477
0.008606591797606028
0.008510539793871369
-0.0012810945505835726
0.008728643989280506
0.008889550652661725
0.009014792763686308
0.009327099029285862
0.01062189879412279
0.011637784959338687
0.01186254364530055
0.01717642442118667
0.022151201833698283
0.036147225119549826
0.017175446657039874
0.03783836108543851
0.026789795841277445
0.016337817875538667
0.010581405956346
0.007317385780611513
0.005111054921966151
0.003524657015677344
-0.0012524301208596096
0.005500195452841351
-0.00011291956248909173
0.00035147292916588776
-0.00031559822061094986
-0.0010791418752103211
-0.0012218139059234428
-0.0016784898151908784
-0.0023120744094345357
-0.0030559521988655475
-0.0032895370660156248
-0.00289545285755644
-0.00403005066241991
-0.0042597866627423035
-0.004650081265668801
-0.005000875760100137
-0.005264419021677702
-0.0055419680811560615
-0.0056918030468113045
-0.005841417824791359
-0.005706480777143135
-0.005343370487646833
-0.004445653850992084
-0.0026657544984229624
0.00025870376117599153
0.0035997670715563674
6.349182270802611e-05
-0.004699190035518681
0.03395935012480913
0.028023742185535886
-0.002363718995444558
0.005611389692874965
0.00021212950214732738
-0.005078139113499913
-0.011320524543688443
-0.012282039356625932
-0.012027413668631437
-0.011423281951136862
-0.010020600392839694
-0.011888954214116069
-0.014581936019180208
-0.019116218385213483
-0.027518646173780775
-0.03983480263640437
0.0013626445379605122
-0.005381621739887044
-0.026606509020028007
-0.01652743439809857
-0.013430601174858607
-0.006816729582986648
0.007891361210232695
0.02828756240127715
0.027175350163510522
0.03307651433098707
0.02064815143597308
0.012949942639960162
0.00863991980450242
0.005927635709686144
0.003850306826158383
0.0027467246722922625
0.0018387410485873295
0.0010983670619161745
0.000289293317336489
-0.0005484839889923365
-0.0017251107565971011
-0.004387495653917967
-0.010231422547730544
0.00433715369656863
0.03467697578100177
-0.013570229572472548
-0.00888639267365165
-0.006419320503877343
-0.0064412772275939745
-0.0069759926582389315
-0.007627219638289374
-0.00844108631465796
-0.008887799933585475
-0.010288096752345433
-0.010514642924490518
-0.014104574568901964
-0.014297194712028442
-0.024346485485674148
-0.04415757372037551
-0.06969093894581961
-0.028718433469189772
-0.05993845009944971
-0.04563629989532187
-0.015547458168099824
-0.006242366128215974
0.014437611351663096
0.007336449423157049
0.009561278648625597
0.0018930006520642454
0.00030724311341628267
-0.003760933174354146
-0.0017041770621785955
0.010598569634164104
0.010122040135718966
0.0001183979547769008
-0.007393711188373252
-0.012122948109624722
-0.013965779883195242
-0.014950094969382474
-0.017350467270587908
-0.015385724871305788
-0.014082416031959324
-0.013064889528968452
-0.011747407686437951
-0.008759028968987252
-0.00202976182838725
0.009398322788762025
-0.003975133108729316
0.016438831555978712
0.00455132030626914
-0.005430917282978748
-0.00679267257256977
-0.007568784997767102
-0.008155656787111828
-0.01006876227074024
-0.009761824615383568
0.010833150860919767
-0.012613679358833726
-0.009500154388734796
-0.007232888478195422
-0.007219012101208584
-0.007065829745314475
-0.007788430784231988
-0.007774510338530981
-0.0073953899820003565
-0.004848514836146221
0.0004585543232572578
-0.0036673503229374097
-0.0030509475090866166
-7.96426292556108e-05
0.004436671085924357
0.009449954519249334
0.012625766927090028
-0.0006681574451961923
0.00487383696253613
0.030596493425308832
-0.0022484628118799644
0.01802484250803062
0.008230399735717627
-0.0023037406782364304
-0.009066033730905088
-0.021138184376342718
-0.01470203017719896
-0.013709224550291981
-0.009424699019827239
-0.011863462024919008
-0.012976318597512786
-0.013076698508566444
-0.012159116784340424
-0.011410423683581373
-0.009207197008761983
-0.006127891701373402
-0.0018912663653271658
6.64136817616092e-05
-0.009454557602811373
0.00220632855823015
0.007530683249606187
-0.008747105733877379
0.0029827091102910953
0.004337666420415517
-0.0027890004261030355
-0.0085577094467526
-0.012004719233905928
-0.012895298414141936
-0.013184101272011027
-0.01276971618651998
-0.012333980936585437
-0.011273147359335451
-0.010352271590389539
-0.00941762214807108
-0.008508532569967385
-0.007788280351498828
-0.00720223796932649
-0.006321876319507428
-0.005528335049108183
-0.00460025992077611
-0.004093702739866873
-0.003371545614916281
-0.0024578847004436935
-0.0025022361111901713
-0.0019170878477268558
-0.0012824847264105818
-0.001145114849607608
0.0058777375353619475
4.456245784160594e-05
0.000999471139085756
0.0014286447052634227
-0.0015617377874189162
0.001924792284927048
0.0026273175711457857
0.0027691626051070833
0.001737030863783886
0.0018345157463249633
0.0024413049211896402
0.0011510002127505742
0.0036045245724306823
0.0026222752613060934
0.004385247544537643
0.002414523609048878
0.0037842207214449676
0.004143387553776656
0.004146730967786488
0.0045130316290169946
0.0027939408269816723
0.0004016693270647419
0.047227491005200704
0.008097848429888957
0.005161099234996795
-0.01899702549634173
-0.06575605098214649
0.002510785147165203
-0.0007316850990067785
0.0006356634188713256
0.002162538414126415
0.0006913374152257814
0.0007375675093033323
0.0015223399338110362
0.0005047362510398166
0.011300739359465373
0.025386118708876342
0.020733648424211458
0.033061917409626246
0.017893165606343235
0.02059923506819289
0.00832764788821343
0.026608869792841883
0.02600859785612107
0.019429621454690106
0.008714372664814842
0.006328112981782732
0.003089802070682687
0.0013240053549173013
-0.000521265131872385
0.013840418451503361
-0.007200926848974261
-0.00016327892847874727
-0.0014618759390458542
0.0032586173787157585
0.00047199808775175693
-0.0002617932700252236
6.445893868524454e-05
0.0007797493126246855
0.0020026211783254256
0.00437761444867568
0.0068191765896373074
0.011890060681646122
0.01730640370199174
-0.018456370647080195
-0.024299224584908997
-0.021831712809646867
-0.024137151615475857
0.017118866248721155
0.020109367456886545
0.011361312035814277
0.004123150729873476
-0.00018816448388004115
-0.0028208985325883294
-0.0049896461678338964
-0.0028259446999604385
-0.005995175918594478
-0.006543727207373066
-0.005501543608780502
-0.00677792228680964
-0.006413758599077521
-0.0050822805591660795
-0.00503253437578516
-0.006095923635310036
-0.007340406666143282
0.00017782842723446928
-0.007992131034709141
-0.008640190864057056
-0.011831717931691027
0.0007746691671646144
-0.01049665705381929
-0.003362339612968097
-0.00515636754237402
-0.004841361389150598
-0.00503466007632164
-0.0055774565531753134
-0.007110204330913564
-0.004474742800891216
0.0025433599562640972
-0.008568871683108648
-0.008157011600056899
-0.006169010530276188
-0.006767349219565909
-0.005636055096595875
-0.005592007399279272
-0.007616836204465439
-0.005830247602296825
-0.009156509986810245
-0.006225105273055112
-0.007042453502853577
-0.0057616972197271675
-0.006342904733775627
-0.006463230954591198
-0.0058841816945789435
-0.008351712719979058
-0.00638811317893236
-0.005927651521104782
-0.0069919178732881625
-0.006443659126115767
-0.006537472120143574
-0.0064769959597964855
-0.008012649025356047
-0.008398856945649806
-0.008238791348623063
-0.007582596057450478
-0.00866828169794012
-0.013725074497738222
-0.007300916524396419
-0.008131433302531434
-0.008643870449956454
-0.008674428846123891
-0.00738714247759526
-0.007263803434846969
-0.0077723955233534245
-0.00883124407976682
-0.006618508034377908
-0.011356334743252245
-0.008474713471833371
-0.014372766695942712
-0.01249345037020758
-0.016539855046095363
-0.016962555580411015
-0.02221245526784918
-0.009939586512354628
-0.007300481911421492
-0.007119018021638419
-0.007006406972621245
0.0008902472720868115
-0.0008850021763568047
0.0036351433648495273
0.0003068335832214193
0.01050747836424403
0.011051021167130314
-0.007998048131103634
-0.003374503684853783
0.018161084442731942
-0.00785476829589394
0.017287661391357238
0.009833520974944783
-0.002658727609883075
-0.01098598089431518
-0.015165019203415642
-0.043299220955780864
-0.017867781908956624
-0.01797232248471786
-0.01802238196227508
-0.018547298999942428
-0.017778945150354813
-0.01619395806055167
-0.01536650486384062
-0.014886499062753902
-0.014381389551987221
-0.013888618809108631
-0.013371146395560864
-0.01560366182116255
-0.013122388720591936
-0.012963251955988415
-0.009651975355674509
-0.010094907614527224
-0.009014125368032078
-0.0064539373942952985
-0.002586972733811257
-6.134986392795187e-05
-0.015045701736698256
-0.04106322874016939
-0.025084042039345004
-0.03195498460954982
-0.001963916973431689
-0.044802586248096014
0.003521689310454866
-0.0040115043299525305
-0.00463701779885846
-0.005839874923829955
-0.004841461416913291
-0.004812213746189463
-0.005118096156923689
-0.0035077998784653346
-0.00319378897847508
-0.0028038565034993143
-0.0025863427402890325
-0.004477607792319732
-0.030926330404218973
-0.0015555124510734895
0.0007327218529803952
0.0011376363869133616
0.0013391305104468547
0.001271351284372302
-0.004320178797677646
-0.021155648310532467
-0.05358147475253862
-0.06452273984428727
0.05005458225577004
-0.056915957885299524
-0.04204342070472403
-0.015919315424395234
-0.00376637841946135
0.00045269850759720957
-0.00045637704327538653
0.00030431513153235753
0.0018575668666781084
0.002258774446941327
0.0019736213779949843
0.0013464319814341208
0.0014959304073604296
0.0007096100124283405
-0.0011985787495087876
0.09013979818992697
-0.0012428977187185699
0.0005400331283049588
0.0011139132160848737
-0.0016643838233437267
0.0014688851575814033
-0.004631549730049122
-0.0006435567165202855
-0.007272061990135239
-0.011706589550377972
0.027114987270639112
-0.01792401850822698
-0.014510752944503987
-0.004460401140052115
0.0015903328208462012
-0.003046219311108682
0.0029595476236800684
0.0036735752097736287
0.003941233656118266
0.004088292993686432
0.004184098178997733
0.004152875737181323
0.003568998641584155
-0.0005824997631343153
-0.0009605627814406068
-0.10404982945678073
0.003816719692584693
0.002692722133199042
0.004651856125073875
0.004282922969782482
0.004171231907935924
-0.002162467598575687
0.005154763371616164
0.005553595891890297
0.003234035809265769
0.006623240000102324
0.006741887027851544
0.008365826309198358
0.00920117837503091
0.007531585040114831
0.009013904649009906
0.023122085104242275
-0.014585587497822572
-0.028554723384529718
-0.013845403978339315
0.00844602936858622
0.013253152138461614
0.012126031241294521
0.010756096874669694
0.00804047789260522
-0.10259968812644134
0.006958023637825848
0.008291855630507328
0.008899357413103394
0.00990787700642895
0.013401488219646712
0.019075882959989614
0.02640780689323062
0.022284103061806726
-0.010622493665306813
-0.011716360793909465
-0.00965049774451496
0.023574917248297717
0.02565210293660354
0.017759118866244632
0.012936879924539506
0.01024846445709398
0.004537052880099272
0.009006155243742119
0.008846919980045704
0.008872051341151573
0.008916499003501914
0.00861886612723852
0.008756787850789665
0.0073621357098638904
-0.0017704387102053857
0.005642287785217489
0.007570204402694782
0.008855299299941
0.009268651999286717
0.009622252591314343
0.009353015208697753
0.005751970757940365
0.008906303965130284
0.007593223436339128
-0.018394987597851756
0.007674370740049854
0.008966760703475738
0.009604762893910008
0.010458017278293909
0.009881513817009866
0.002057789384641739
0.019723696795533974
0.001650843784983605
0.005051461364034141
0.007752503810672601
0.002576238760593971
-0.013337707963771683
-0.010869779611500761
-0.030122891265085147
-0.00620410289326998
-0.0012935899802824227
0.0015495931239448881
0.0017559978485504944
0.0013826820984496591
0.0009590133531871591
0.0003502852585211885
-0.0004036917099847127
-0.001559933777244148
-0.004597619342582327
-0.035885557338652674
-0.006396996965835496
-0.005102640757221557
-0.005783952086628071
-0.006302410885890123
-0.006420664775627757
-0.005252212970528806
-0.0037257944420869397
-0.007682648009640424
-0.01858756504730144
0.025799855016772854
0.0013657969329681748
-0.009297759416290392
-0.0027207046212587207
-0.005622509166402291
-0.012955988496481555
-0.01444027102666641
-0.013278037747360125
-0.011744014953848933
-0.010114393024928775
-0.008739665194983384
-0.0068307904331431635
-0.005407035114474853
-0.004136210429425336
-0.0031952481381091096
-0.0017463105043221616
-0.0023928913139634853
-0.00039567252569630725
0.00029970121935373183
0.001250606574631431
0.0011119636284491333
0.0007463810294028214
0.0005441722854556118
0.011960444849084064
0.0076432690049186855
0.001308491443681607
0.002295648737390699
0.0024674648594698056
0.0016823257926769782
-0.0011132098350437247
-0.00467229148246874
0.027574451011678828
0.02875963746533052
-0.004490549633601321
-0.0004505584052014169
0.0015334607173816779
0.0018272910582892846
0.0017394826594966612
0.001512108947301487
0.0010524450588684623
-0.004146416323199483
-0.0024336361173393837
-0.0029527209517161437
-0.0024497773760039265
0.003404474940153415
0.0018926732883379508
-0.0007518125765478583
0.0004585549577082566
-0.0016330394321083736
-0.0022070359186925573
-0.00283204083527494
-0.003991095754587161
-0.005687425494594796
-0.0024848726135774687
0.007934927242275614
-0.007462476363151705
-0.01066565395441577
-0.020758641717546877
-0.019229843139586453
-0.11248772208813608
-0.017543512142424948
-0.018459326466723564
-0.005841249496254062
-0.0018957498779990103
-7.681374769834569e-05
-3.788071375545669e-05
-0.007119875537580715
0.0025179283687718434
-0.023064083174024582
0.00014054261651346271
0.0029286085962880117
0.00444433324077784
-0.0023350217572907085
-0.007556199954220614
-0.010065339968798541
-0.010907349933749021
-0.01071586440570085
-0.010129124314278733
-0.00970820545310817
-0.009117782583418551
-0.00809454660984614
-0.00734048641125229
-0.006800985920222914
-0.005333495835481303
-0.005244146815314393
-0.004519633403103092
-0.0039740064068907646
-0.003349278669963941
-0.0028880767100738745
-0.0024054466664533234
-0.0022123277870120753
-0.0022825083760725723
-0.001550690225683265
-0.0009931609384800926
-0.0007768536248346092
-0.0006763299328649195
-0.0006224788629466702
-0.0006673512136724554
-0.0009366993632170088
-0.0015273588316146974
-0.0015210042890578246
-0.0019686274638183532
-0.002650666448889734
-0.0035928274625952115
-0.004596388865480722
-0.0057427097749318656
-0.007201353608150402
-0.008861256009758617
-0.010597823658988356
-0.012103011237712314
-0.012877125135293446
-0.010863903746026488
-0.006178634473918754
-0.010547395625927571
0.016058241210126094
0.030046901709506465
-0.008131836323636073
-0.006924040566892862
-0.0074966715173548385
-0.010606443469002483
-0.010556943767493068
-0.00935210225603588
-0.007788575689475621
-0.0062446597282291225
-0.006059453780814711
-0.0035954086477329394
-0.002439966733323284
-0.001537097243690279
-0.0038701974747088553
-1.6312619984006488e-05
0.0005473448984228217
0.001088550459149474
0.0015424438372198613
0.0019301785414490439
0.0022483718988203227
0.0024407781770277837
0.002351238684514847
0.0020113635871754714
0.00225706974591694
0.0028954733846708568
0.0031001330326085263
0.0022715507673605156
0.003757413767139765
0.003646911790535496
0.0025396477422066606
0.005521297892178216
0.0071111226410238764
0.010241550093940658
0.01676420587741746
-0.004997283671073984
0.018223257242053755
0.013996327679013015
0.005797926629279742
0.014722265272388974
0.020120972702435493
0.02468980126386935
0.03103029061029995
0.03800417196586996
0.032703974331660585
-0.010230986508870618
-0.03201865296698913
-0.014886174404920134
0.03492294372738377
0.03932488255826516
0.03504585100934514
0.006902051248078188
0.020020825594020415
0.018829166074435317
0.014660520926925855
0.011874223559124963
0.01295196211549598
0.009094027163465655
0.010571657992505572
0.01017300166899599
0.009928908300288258
0.009823485207973253
0.010796604354609869
0.0066426745155395185
0.012799948548065711
0.014141673412308866
0.015169779570129474
0.01687408160631348
0.018215215515853565
0.019738887244140402
0.021786289179319056
0.023793304113280414
0.0256666680457373
0.02767280834138638
0.02985216640643539
0.03173365714300902
0.029389560401816405
0.004934211844434763
-0.03946431395475958
0.005153252968240409
0.00659524223800723
0.028313676488635635
0.011189256727228493
0.062102665302274235
0.0783715932921993
0.0663991085589988
0.05243979005383168
0.04383618028984516
0.03781845244411311
0.03352375641726492
0.030646991620532606
0.027031110586883542
0.028257006578424698
0.029910714814126875
0.03408633569062365
0.030593264895976895
0.00231195638418711
0.0014818524296049027
0.012715626110754703
-0.00028812730346558995
0.01797848516625566
-0.012352181825449737
0.005375544396716055
0.011740917586052259
0.005505933244639276
0.005980722749034461
0.00626226528810844
0.005365324180174616
0.004661300000388429
0.0037446905240674567
0.0014952301393539968
0.0007526571857645356
0.00037994683616909873
0.001484184288076481
0.001309516558849848
0.0009055819989892023
0.0001296530776531178
-0.001600198978515362
-0.0009303925602192917
-0.0012579605120860062
-0.00111405276382309
-0.00134719039678148
-0.002556247005903748
-0.00571691278172953
0.003502001699642899
-0.0063080009314902515
-0.006130652644961734
-0.004766185824870617
-0.005100343747484796
-0.0036334219506726027
-0.00402211598667165
-0.004566701206867315
-0.0033815802479742244
-0.005677186833684687
-0.01613224559537798
-0.006603709766231818
-0.008560462896629635
-0.007087595751229914
-0.005811069642179721
-0.007240647776019538
-0.007055428684964567
-0.008016041570272428
-0.007453621949121597
-0.008195671996628785
-0.006060905099990134
-0.004479071573360672
-0.0017900960536549621
0.0028911314009545668
0.010416803978849986
0.018311636646744265
0.007569837169286582
-0.014651644375038143
0.011672011360595565
-0.01045506723474172
-0.018108979719283425
0.01591290435300027
0.00677792004289084
0.0001539402921446646
-0.003658097160766206
-0.00712536819097297
-0.00730602480033085
-0.03543386270967841
-0.006834569019798558
-0.008799779384412319
-0.015561455580443216
0.002321160682072856
-0.008275123036503134
0.009002552449068604
-0.01505141629087652
0.004906995363158647
0.01213961236610956
0.01087668787457991
0.0018879031010210032
-0.002746355659979182
-0.005846551930700261
-0.009769605471115486
-0.019453032852062065
-0.019005122662376576
0.015363428105732053
-0.016808757616710728
-0.018895626687730063
-0.013824659808019725
-0.00903099532934984
-0.008573228306890097
-0.007207865306347841
-0.008452076714606134
-0.015548017051264065
-0.010446911007783558
-0.01081184965009709
-0.010586319764050455
-0.006548726564363406
-0.011082147337814005
-0.01211592745318943
-0.012229372943042622
-0.012434149555517061
-0.011939848420066712
-0.011246972177693859
-0.009682820888214531
-0.006487005221054945
-0.0007934062223378273
0.0062643654307394025
0.0035788443732899453
0.018380259801108984
0.018347584452492682
0.0056999516611878
-0.012252413486697769
0.00029856793078082147
-0.00492104610017213
-0.011656694044235649
-0.01485945400809607
-0.016497767631210396
-0.017436026486659328
-0.016788086042065335
-0.015996848845121626
-0.01629587665710639
-0.014614562171078984
-0.013568033856304375
-0.013071375885532706
-0.013021340776842156
-0.012340875594648772
-0.010705008265092289
-0.009862101746103757
-0.00932301684496543
-0.008992208954427431
-0.009244042385833444
-0.010057656870059438
-0.01032840517910279
-0.02466941273347166
-0.041157148834513116
-0.019031903612404134
-0.011702387521253034
-0.011307329614393883
-0.009218782689328698
-0.0144621966880793
0.020603892445739253
-0.00785999900196963
-0.015717541223601802
-0.008100560960247817
-0.005216980039242618
-0.009606225649813643
-0.01621461863501663
-0.009703595347925588
-0.00410841231917679
-0.006189358516143659
-0.007224722471164057
-0.006044407657360625
-0.0062893263562253075
-0.007923510047952017
-0.014917819555541159
-0.001590046369674417
0.0035918120358038957
-0.013549513078726726
0.0011431006967231349
0.0036590362762213393
-0.010284468185551681
0.0039338316251355246
-0.00903427932890818
-0.010762877722530732
-0.006583480400939235
0.0009842115025772663
-0.014914937934680237
-0.013454960842325983
-0.009899158636820612
-0.007546328732606557
-0.008085458454643943
-0.010747253817230308
-0.0014195248638043158
-0.013159619692381977
-0.02085178072688846
-0.028276962444706736
0.009927158519396817
-0.028093610303642158
-0.015497222932054326
-0.009523847378868473
-0.009001742059067255
-0.08588572842870403
-0.009674330203566232
-0.010498556088705164
-0.0008724575126846495
-0.007365658069025239
-0.009313872252086733
-0.007705457973308288
-0.007578777923229056
-0.0064645521153851426
-0.0059396618340663825
