-0.000914277214593353
-0.06107412543774614
-0.06775113491883915
-0.05742198863124536
-0.034997359531690676
0.0023116158322976288
0.033249162175990755
0.0324603124903426
0.02972329447846984
0.024251807700441153
0.02054458442978093
-0.018798874060454548
-0.03430155784564121
-0.05174663751850095
-0.05538757025024772
-0.04709124708865753
-0.011855099466628629
0.03965923340480341
0.09133086529292403
0.11637374154861399
0.07594512230368024
-0.014078739023602462
-0.013192735425387877
-0.047118613812922365
-0.0200709432511107
-0.0013340350280778492
-0.02993860906076407
-0.06294725693413546
-0.07779158025463644
-0.07782304679981036
-0.06968099259415717
-0.02124415416613783
0.010027141278396344
0.03795944751670025
0.06057236060883151
0.07606294462224382
0.07374107133830893
0.08548746783774346
0.06824498475778203
0.067709662759112
0.05097008233585899
0.02922909816430955
0.004006111062593989
-0.026795786253439036
-0.049760271726563096
-0.06919958555864715
-0.08046024516456693
-0.08504918953528483
-0.07634569990065744
-0.04874214457624892
-0.003990416434366191
0.03279325741093734
-0.003218975232526793
-0.055674460828844786
-0.0564972399907192
-0.030273972245402694
-0.002523372584494432
0.02337809305187308
0.02943457956233557
0.04356650331581131
0.026983658623568357
0.05434684607160605
0.03252919633194716
-0.045845763122338214
-0.02663756983316211
0.002604222850240815
0.08313686252757876
0.15795692573774703
0.15413206226371057
0.0905975171852752
0.031033845489886545
-0.01129681222476199
-0.034597162675351935
-0.0418412962790358
-0.03792081091364075
-0.02723154990368488
-0.02148052960826857
-0.008235460763774271
0.004464581671310879
0.014519467324512907
-0.011762620929384758
-0.01961705470546909
-0.004217356404021112
0.013700126065679767
0.020747408424086976
0.019422774689736723
0.011957927232597506
-0.0014952583129786657
-0.015438996573518014
-0.0186800606854701
-0.017818630789293577
-0.025405681745861507
-0.02965460320471182
-0.03267836373863483
-0.02950650684490224
-0.0363943785933273
-0.03927918937889816
-0.037600023527711
-0.0356088956715309
-0.031706715224168576
-0.02142292797467915
-0.014044127832459716
-0.013943408074745083
-0.00038155026507986814
0.0008835804324420902
0.01718426528176084
0.029159593174240064
0.04242267441553236
0.05710120457879298
0.06797490156721483
0.072262416038717
0.002831718366107346
0.07796509508789297
0.058244127470895767
0.025139538143843596
-0.027140227202547745
-0.024068057463597404
0.002769470008797018
0.0023963340000669447
-0.10202557985937552
0.013054834485499456
-0.004822228251584951
-0.016078894837789293
0.0062513293945979185
-0.12592031285041844
0.014702441420262738
0.023695819209421952
0.017163428714663913
-0.009647483163360967
-0.013103487447619062
-0.020381296192523633
-0.024760234459382937
-0.025177163264431
-0.022576669969245924
-0.01245922252772225
-0.015443899956189501
-0.012156942046988264
-0.007863270634770216
-0.01914438151113194
-0.015069015854866391
0.012647565765540252
0.017017593781348515
0.11876406786761258
0.0004462749063562038
-0.014910941727059064
0.054740900140218686
0.02149474215383117
0.024281839647264204
0.025471325207921856
0.03651938734646118
0.03159415593377399
0.03563739053205618
0.020975097106898544
0.013240868416101717
0.019252766280096867
0.00605124939124042
-0.004390112922922197
-0.003049083690183116
-0.008794883565161527
-0.014372288610280478
-0.01964141994279391
-0.024146847227467377
-0.02880816951313541
-0.032697861599134466
-0.034950878656975055
-0.032297632045396076
0.0004646689807908335
-0.0480385780314497
-0.049296097257780766
-0.05277097968936573
-0.049140123895959745
-0.043452830515355936
-0.03383859480573045
-0.021144626041195175
-0.006678503619021972
0.006954016561200409
0.036204104567559965
0.036518205386006475
0.04039959973161797
0.03751638075102617
0.02780770197475319
0.016412974213554903
0.01125224247205452
-0.010392795240596027
-0.012163281064081339
0.0122846089394459
0.018654703832769993
0.029467635824093407
0.036871276700924195
0.036689141514764594
0.031012578130200988
0.021893603035147025
0.01191725538290971
-0.0019828961430622943
-0.013226059820252016
-0.028615718043064883
-0.024714183790272567
-0.016076307085807748
-0.022419329453045953
-0.02251342311342593
-0.012388903856433545
-0.004897498087075276
-0.029821796551259598
-0.08228364902339455
-0.07345156137594552
-0.024210591400678987
-0.009857063059812165
0.0032522469658427793
0.007987659738529978
0.02518661066472025
0.011502256194918488
0.037274677833943226
0.02417097082524921
0.026164022662120194
0.02572056668490953
0.0033135967256774247
0.022054434690133125
0.030730421835175634
0.02682582421578321
0.0302903062527913
0.029840641113459392
0.030510975089588426
0.030266573420794498
0.028169081024999834
0.021159737068610285
-0.0001229789108445008
-0.014490159626757308
0.010343164578881252
0.02553432853897483
0.02607248443760687
0.025542800914288816
0.022268150204753045
0.033507557333969706
0.06446374585807729
0.057079975396324
0.04264461464006588
0.013077150320614512
0.07667465910590841
0.021970374715897027
0.01609909784803287
0.020892115535262785
-0.008256341104203688
-0.01734767262519227
-0.017208620687966292
0.021715835356788397
0.025649218811183306
0.025188457985605307
0.018002200068675464
-0.002698794706176393
0.006347826850349722
0.043598985398735336
0.03407540139973062
0.023802700347583118
0.0071356497664545335
-0.007543238288845638
-0.027896404066650535
-0.009129773483605615
-0.00018149085482275037
-0.01590796501916506
0.012339920912101631
0.0030694623912013684
0.003015347184885225
-0.0022934248448245537
-0.03714652567431792
-0.07154619683161575
-0.014598597605623653
-0.03638432755455732
-0.006561239193982861
-0.01757325250925462
-0.009623268272897889
-0.007373732664756607
-0.015484302550428819
-0.016322209331742485
-0.07199716790496967
-0.01894019079695111
-0.010004448191664468
0.0032035937657320726
-0.01863948142022536
-0.01295962579394726
-0.019376636288328333
-0.03425932850232086
0.008149600808014227
-0.021669623937518822
-0.024471247745059654
-0.016233195621989372
-0.020807527372442635
-0.087079713528783
-0.03151282102583281
-0.016631739853921773
0.015452573988157466
-0.01916009988101228
-0.02936227428405302
-0.01967300571907822
0.01654258707772574
-0.023065187410603278
-0.018211884956087384
-0.01832614242782604
-0.02047493406762037
-0.0016815382089400489
-0.0027263891614455684
-0.014544377253179787
-0.02260740892592107
-0.017402501347482165
0.017163884360333156
-0.015348728521655648
-0.010960540269572504
-0.01223584102889006
-0.01237681569368977
-0.011496767589585935
-0.012555495899094039
-0.03494440287646917
-0.012832913219530334
-0.0028301155689820553
-0.00190978424524982
-0.005293518081408215
0.005777075765216286
-0.03345883884386066
0.020690910462530507
0.03988190433488394
0.04341070465753272
-0.1795540761969276
0.021580897424208753
0.0272809078026806
0.008170063417459019
-0.002494563235028753
-0.006338550932030661
-0.009058587801389689
0.048179641087580716
0.02806387809650803
0.03355826809206989
0.039374910012842206
0.03936707137270725
0.02743467258022941
0.04064574043381779
0.02105884974857865
0.00809081347739455
0.006007214718990709
0.008923453201130797
0.007760242305806874
0.005593121356285566
0.005327632140048841
0.003915849367520421
0.0015421055591135371
-0.019337146127892602
-0.002072147616253002
0.010988116814466955
0.008212067565684789
0.0035716826395085183
0.003573793608370329
0.008056694634272917
0.004895314598705135
0.01419441928837711
-0.010739582827346047
-0.03846658450868727
0.008972821679609163
-0.03607132675140982
0.012978245589994287
0.005569259411274222
-0.03914549413079648
0.0004467703317755417
-0.0103626871213317
0.016789125375123646
0.014827208622790734
0.006956217263568551
-0.008951671841885934
0.011117557320412405
0.04132886002567312
0.05403453274102235
-0.09463100273928313
-0.06873825369555868
0.06750016852240835
0.016107753627857286
0.014499678889234969
0.01819999855636241
0.015160764978303787
0.026794113134188877
0.0009111013417153639
-0.010216374581612817
-0.01757036728930325
0.01059734728354209
0.03171020493612179
0.010594793687547139
-0.007648251286519369
-0.012251858492797512
0.0001556733927196655
0.012644873222110125
0.022055683002743975
0.04340152860328297
0.03178401442338199
0.030330020356461904
0.023114871029564377
0.020497953342799812
0.020278972671691126
0.019336654105016744
0.030729843207125577
0.026867533110715252
0.0189708253357793
0.008051808762441152
0.022542592703778265
0.02109387855721443
0.031458908933261504
0.013684272329528164
-0.009605439557183718
0.0018548571387547654
0.01826189156326877
0.007852044886976176
0.005844391939766167
0.002409047047681888
-0.02590338306201988
-0.011813549673818103
-0.0018689201073390036
-0.0025734821500401563
-0.0016600602012837465
0.004308293431220171
-0.04042781989227828
-0.013258014167926139
0.003236451832194984
0.009672917305042427
0.017672889525590683
0.023821916679307557
0.020690246147784537
-0.004962568508402871
-0.0346444776154963
-0.019877240020817605
0.012815365629649649
-0.022246240433616688
0.015232926055695843
-0.043773928060409466
0.020401986411449805
0.03655513515163941
0.0470615520919038
0.04246141227265383
0.03255639468290054
0.02264433609745391
0.012169323046407604
0.008554084994742877
0.0047582739988965
-0.00528819270921551
-0.005234772554036481
0.0058669760047062175
0.002185501374523967
0.010110415711855447
0.03629026884472078
0.008566898684478292
0.0014060571822250374
-0.0034206335929225823
-0.0015786501722911332
0.010191092012336062
0.02898025721330112
0.01369313876320663
0.00160279207719607
0.0009998183677534702
0.018112172109915455
0.013795970551065323
0.015309901433607075
0.019216440367539677
0.019035001717557135
0.020047762652106102
0.01733493806898509
0.018433037916165875
0.01733144896136143
0.02440605986875788
0.010517428013938686
0.030880667996787507
0.025441319778600594
0.00910832222542323
0.007672374229317361
0.012877220120307573
-0.052589336839905396
0.022328244589126647
0.011560352537801837
-0.00999684549936808
-0.0022500739712251337
0.03081121722087087
-0.0011418846812561538
0.02106936771811829
0.005749438697782034
-0.004552261354849483
-0.00851124262104106
-0.015160459305530184
-0.030731454732890254
-0.02476384940099155
-0.03713969012765939
-0.0169455198513534
0.003658389742368797
0.04476018199513209
0.003655598952070446
-0.026751494611906176
0.03135396255760868
0.13845997101721033
-0.00541157302238319
-0.03490971000554129
-0.043322052706388184
-0.030930406732268302
-0.024068934427850415
-0.019042036231338128
-0.008044113349197296
-0.0031828618540570134
-0.007976275631594136
-0.0064763718425230815
-0.005269348215177197
-0.004206789353348093
0.00473176009450408
-0.0009649549396683017
-0.0046890020942544
-0.0009929860245186464
0.00045529231474797984
-0.0017536064521311893
0.013193585664993924
0.009527059648560167
0.00041533736024221035
-1.3809648590441077e-05
0.002207788148712843
0.003654899347235487
0.004558855118911175
-0.00794195207137901
0.005741406950605478
0.008292725746337389
0.007264225664600016
0.006712187039709151
0.03338484107229762
0.006205911328187996
0.01892147866753207
0.01006992604788806
0.006015218564677486
0.006196978205642881
0.005728428958531566
0.00807546719884869
0.006678720190123149
0.004787868379736694
0.004602837309545902
0.006127092807461909
0.005440937636626657
0.005541169840209939
0.006253808205421634
0.005418957126247968
0.008427032081101009
0.005650675634211854
0.0055014918849078985
0.005566129825057428
0.005572488308394862
0.005377399249820356
0.005213812394865174
0.005013953065203122
0.004808984548652201
0.007880818809326019
0.005004364176719536
0.011864402248136677
0.01709330182106921
0.005128385665532556
0.002484310568632803
0.001768988738685193
0.0012107893543412485
-0.0008259009983530524
0.0006902964971723283
0.006581699881879132
-0.012017971013327418
-0.019477139865739873
-0.00895697564808647
0.0011219314157853322
-0.010334517343784391
-0.011843398588653867
-0.00930461409397946
-0.006496836148214013
-0.004232019059620875
-0.0025219294244653674
-0.0005904460883817601
0.0023643554254248575
0.0005555756626034808
0.0011465841309652165
0.007021933789991047
-0.013423995726566355
0.002348528752289945
0.003701672735790635
0.0027482456889953975
0.003075324879285826
0.004255266342404074
0.00469089881751238
0.00451266206482927
0.003545127351140275
0.0036785237222629686
0.004085326632307021
0.019432843419388918
0.004554123821479357
0.003868473161072889
0.004253984162520794
0.004309552891339725
0.0045889718581496545
0.004428011083561085
0.004666685252586506
0.0041637747714596985
-0.012487168729785763
0.004089560084121397
0.004131928697800985
0.005408613003848826
0.03512187835749862
0.0051031847373417556
0.003839972018329445
0.0020391226948030276
0.0023128263624118102
0.019661955858210702
0.0006557081067116735
0.001522196129505918
0.00502396356783895
0.0022961939518034193
0.0026593109892722577
0.0030344896320198132
0.002616704552237131
0.004563478030099494
0.002196108500914154
-0.005931432715823611
0.0061004660440934395
0.0017413665014573917
0.0010268374491379925
-0.0013644689154133157
-0.0020096318517775665
-0.002796465233213274
-0.006131499749440923
-0.00563206724442275
0.0043805509235142065
0.01947703484786111
0.02907786064662583
0.013778201798607316
-0.0027455014063393303
-0.0032740236370597657
-0.001750616419814705
-0.0010929710817298057
0.003133501120942853
0.014653557682114203
0.0020257353419896604
0.002454083082276767
0.0032139387531843664
0.005933558801433266
0.002733965160987662
-0.00014076452123671298
0.0014640282693161905
0.007865946799095639
0.008465963895274622
0.007577360673362109
0.03279106143948815
0.0040639189750377325
0.00952869684326092
0.005421213554951167
0.010283125845493407
0.013990186413550933
0.04477051025268818
0.010066255593849875
0.014284361500818472
0.03392720903359078
0.018598397579247573
0.020625214455608564
0.014783060607688305
0.016807219512614397
0.0295751749818517
0.020373731927161597
0.09981148964644038
0.15545251223139928
-0.02443295115348859
-0.008429531805747292
-0.01822404561927974
0.008510086639288593
0.014424271297434668
0.01854040042624546
0.023441336640507904
0.02165816810699614
0.013006945841542565
-0.000517847725901421
0.003464838941413144
0.012347611092286465
0.010583375793691795
-0.0018758863185191473
0.009423227503787112
0.01188561608882883
0.004512896417671062
-0.00021989969343926596
0.008516695785079935
0.013686488187442194
0.0013743447346417652
0.010265041746781655
0.006412411692116465
0.006482443824587415
0.007057826543111066
0.006942058615921614
0.005229305038872653
-0.0008258881441131762
0.00594839675103513
0.006326585184466359
0.00670394550491711
0.006718015771677163
0.006609295653704137
0.006319465899640527
0.005126421578628662
-0.004306729770112554
0.0006290348826928604
0.0026594584441211153
-0.003629117014599903
-0.0021706829718753044
0.0022229177211993785
0.003313722052822018
0.011722581285523455
-0.0012977924779316394
-0.009735908518928655
-0.0029557958148008216
0.005074686629094478
-0.0015983338321842718
-0.0027430434268662656
-0.003127575532275892
-0.0057697325796047345
-0.010386797027745299
-0.01108825345920673
-0.014589615770632839
-0.01868013437296633
-0.024893525027062734
-0.022258305095549637
0.004703602149069728
-0.0475812384532572
-0.00948241056565137
-0.010343322455022272
-0.036768870560997986
-0.025607075601773624
-0.012786621173735996
-0.01034751958251913
-0.006967787315371024
0.0027114151445005734
-0.003176575022261716
-0.0030168836464265804
-0.0029168121877771996
-0.0025080822445830153
0.0010317406832704033
-0.0023609126021401023
0.007933355070716642
0.010325772817897684
0.00017270260930863908
-0.0010285816221399225
0.00037475566107289255
-0.010350918938079419
-0.0008040290381683349
-0.0007180421870734196
-0.0005660789742569628
-0.00044727450225411227
0.001523211328179555
-0.0003178661243571941
-0.0008526343951915783
-0.001209504413996297
-0.00029077787336291284
0.0055999410815899524
0.0014785537230738088
-0.0014823133031657439
-0.0022902695565187514
-0.0005659646340886041
0.004600272670793607
-0.011584083667157142
-0.043515428298100886
-0.01875545917965472
-9.820628548924169e-05
-0.013004025232876809
-0.015899446036175463
-0.013356822258386889
-0.012139518149482992
-0.010598846452717237
-0.009592923812238195
-0.009177897694744057
-0.009211684397503183
-0.009704248650580104
-0.010831446286252938
-0.012917311525942983
-0.01647703605012085
-0.020354310748402757
-0.026145555974412146
-0.03446881944869216
-0.04405119880236243
-0.04401621837715903
-0.0034433030103344594
-0.00999678527560198
0.04156799050098013
0.027291644818073838
-0.00042798011535673697
-0.03737105116106068
-0.04527184633243594
-0.04438568793114336
-0.04188665103175171
-0.032695062016929725
-0.02596063011054009
-0.02416218681187896
-0.023404868035420037
-0.01337218558919
-0.017654552519244405
-0.014801623008522764
-0.013533214191196128
-0.012855996150451153
-0.011090525397025484
-0.005673791440728116
-0.010438125432746245
-0.020112327969698543
-0.011263776566918255
-0.00830145136533377
-0.006726331931413128
-0.006821875724628267
-0.007723463891075971
-0.011977276343755675
-0.006216985232268114
-0.005545847105546589
-0.006767711965722739
-0.006253528263176154
-0.005544287999252375
-0.00580414255245267
-0.0013728718728240141
-0.0009876606527713327
0.003004607054530787
-0.0017330692468011067
-0.004394217293258859
-0.015322075393585988
-0.008435306978290338
-0.01297643637906047
0.13710512938360905
-0.0035459764685107724
-0.0018925787377681923
-0.002169717763950562
-0.004854281858832429
-0.008864242598755345
-0.015540945237013307
-0.004551436051785791
-0.0033177980841481987
-0.005030482668665931
-0.006385877637429356
-0.01732593250293166
-0.020585199767012244
-0.03455701939970291
0.031760371791886885
-0.018920743808335527
-0.01830558891706246
0.08120415679099599
0.0020928404230477916
-0.06943101966933433
0.07648547290530289
-0.1543590328282497
0.03723857355978833
-0.010362336128544395
-0.03577793617803174
-0.028796453630684463
-0.07395472318587575
-0.07953563676003027
-0.04401703150849881
-0.08148795548638513
-0.0037013780455925423
0.012333354912574129
0.007838222089368312
0.003951649397279042
-0.005713733242892012
-0.04227185748649988
-0.013511937772165463
0.0007214193488236897
0.0041241117749633216
0.002577005408367927
0.005853614344180112
0.010283642836732314
0.011245635145903663
0.007018144906314512
-0.03295630580130465
-0.012507245320335359
-0.02757445493886832
-0.03161005009832633
-0.009070233852894698
0.019411109045243083
0.01636703253960219
0.01766042663513815
-0.004838712013566306
0.011080617207585377
0.011186213990619757
0.006845003240616567
0.008157932393131416
0.009483135227205512
0.009778087287029493
0.009294740377182902
0.006893165168502887
0.007594260875982346
0.00702856610616166
0.007822773949593628
0.006246330155339855
0.006702381434689651
0.00809738122084517
0.00769374206088856
0.007985069663490958
-0.02679555817163515
0.007918114352349268
0.008132419306505646
-0.004631106626537167
-0.017182681679360413
0.024352361849569258
0.004373642502243469
0.0036613635368864003
-0.005012010954992119
-0.023231750811962153
-0.04670468284435116
-0.04534200720085531
-0.0004283363993663478
-0.0128986521376658
-0.0002707108535513666
0.0014939892656226023
-0.003676135388073455
-0.0009612248431671811
-0.0020336328464446948
-0.0007916685267371693
-0.0014166910356889948
-0.0003795465311590997
-0.007349838062993908
-0.014451463024161369
-0.0070919352389209375
0.017831896048838638
-0.0060008598493122055
0.005174777056001977
-0.0036522997342403607
-0.006766087997856984
-0.01732826690300973
-0.01630307871155262
-0.0027005975958685115
-0.00324191774493134
-0.008607685934176807
-0.011938810087568173
-0.018836959170102044
-0.012642498939208165
-0.006908459501776093
0.0023553589992225355
0.00034603511208263133
0.0024074746825704374
0.00956740931509901
0.0009364653005653776
-0.0007789160118944074
-0.0016896022710989847
0.0020652563481997435
0.0026094726605545146
0.0030130456079087782
0.001018104282203312
0.025621768004110673
-0.0012736345222530434
0.0021764751319076265
0.003731471843326026
0.0029386895142989164
0.00011507627646836263
-0.0003017070333100637
-0.0017637514847349664
-0.0008554935440153291
-0.0010542912398838374
-0.001638002005507215
-0.0027698385405841453
0.0005192271899768509
-0.0022043738599645613
-0.0017098380301340276
-0.002646941606703174
0.022002227333639247
-0.004263854685839239
-0.003796907541174025
-0.004433735434353049
-0.004246543826131859
-0.0034266407742252654
-0.0021343693662784755
-0.01003267162520119
-0.004449343618196915
-0.0031091347426308595
-0.003453955573769479
-0.00516214667440054
-0.005226361197306549
-0.005673604078825237
-0.0063325270718250296
-0.007142833648771744
-0.008390532330396579
-0.01023061491593194
-0.013828012020824695
-0.016193180730223956
0.021441461189284583
0.06840043839919202
0.03724659810417534
-0.004256084511696558
-0.00796573823981767
-0.009098389831178427
-0.006859023228303148
-0.005854649255249078
-0.005030750986958899
-0.004529986255115572
-0.004109931384467339
-0.0029582209782398946
-0.0049919330281274765
-0.006252105085215186
-0.00342568440986779
-0.009652244508750915
-0.010069530674623609
0.00039099594525115566
-0.006207646172587144
-0.0034064613840608915
-0.0012065131877421682
-0.0015796079291355654
-0.010192452288563502
-0.009762222199194428
-0.00740981512811112
-0.0006000090917378421
0.004466485254723301
-0.0018100405853966426
-0.0035813757683464007
-0.0032020502290574337
-0.0005564781467215394
-0.002884475076539476
-0.00306409179244354
-0.002471994001579939
0.0002683912975370765
-0.003628883953094838
-0.0035564512618537977
-0.004242411003262903
-0.0034897083546510596
-0.0036242622282501476
0.0002732913064458219
-0.003893405328123832
-0.0046169474410519135
-0.005299352983853202
-0.0055818499223833536
0.028555141581563356
-0.0041090371121290355
-0.0027442026654442005
-0.003105771920286424
-0.004683054693977331
0.0003286507052868198
0.00394665303967054
-0.003928184855794071
-0.0037943845008742184
-0.0035317359560432782
-0.0006398071997863974
-0.004652383249235276
-0.002318488826918509
-0.01287734207956187
-0.01729299749162247
-0.04633248685225291
0.00400185583458413
0.005265795786758538
0.012665947856087175
0.0013708330665995613
0.0011038885930723362
0.00026878754873660904
0.005887368147749294
0.004538415657448571
-0.00041949288179369117
-0.0004920173432956382
-0.0007683430451833755
0.00011047801620606734
-0.0009470593190738723
0.05851969440142312
-2.4493668401092376e-05
0.011398011201887832
0.0006555359251941775
-0.00164676838659648
-0.0010484281252232345
-0.0014217287593869866
-0.0021759568709303185
-0.0020084460759588114
-0.0025404200121071792
-0.003233680824021132
-0.003875099394060551
-0.0047782022328876255
-0.006301512462477332
-0.009764245844911307
-0.011450310210917062
0.002695733025864919
-0.007707757293305422
-0.03939508779737088
0.0011513894872062316
-0.013769032437745734
-0.010417433696813161
-0.0063408467197541155
-0.0035871401623053965
-0.0017776916586598383
-0.00046028273524395796
0.0008730911059207466
0.020791862307412208
0.0026118340335017846
0.0016158529169536752
0.0016084918724072498
0.0015270607730260215
0.002076354958385295
0.0022977417262349453
0.0023307761672648492
0.0025062024698826236
0.002799264004108685
0.0053680988316500405
0.003131592337266881
0.0031326742671827106
0.0031282559127068657
0.0032191309919512583
0.005299587883952934
0.0032712392765575603
0.0032403472760115606
0.0031820762998948254
0.002695391922178045
0.002050270186411177
0.0010456991040874205
-0.0007677117041335783
-0.0031716161647686583
-0.004851633366012036
-0.0014551888235091923
0.007567071268194704
-0.008021540632884898
-0.009075216383541309
0.007652199049957268
-0.009941290277285016
-0.01263013975785538
-0.008366344063583364
-0.005753652121291539
-0.0034263467627709218
-0.002037733372345357
-0.001707440197773625
-0.0019037503116250056
-0.004868405197354465
-0.009603322737689293
-0.01672268139744178
-0.01978741496345246
0.0016714022387980317
0.04342768092287063
0.023751783983841063
-0.011929116320562476
-0.028473938184938378
-0.023276346494522558
-0.019541159782494027
-0.021479644573644388
-0.007186701383287419
-0.021458453502655246
-0.019030429460802592
-0.01985433606982076
-0.014493869572676328
-0.010409386068125507
-0.007725147709359249
0.001249752660181756
-0.004799824514030891
-0.004062797328191634
-0.003548836080259412
-0.003201724600196017
-0.003073556558781278
-0.0034433218928923816
-0.004699936163252948
-0.0064774559104266915
0.002416181147085782
0.019145898080897717
-0.005678842201166358
-0.005185084480103631
-0.0027116778393731864
-0.0015288341317835753
-0.0011624109506771364
-0.00113171140151738
-0.0014687771424355285
0.00037107699386830604
-0.0009370715207088222
-0.0018587858169793136
-0.006550886577473931
-0.008983061553375122
-0.018595671408193484
-0.019689252677825293
0.008755015769212207
0.0879778521203896
0.021389853110609775
-0.018523050128868415
-0.015479740779174377
-0.004655838003196565
0.01286919075579723
0.0033998697766533196
-0.0012901680488430173
0.008048206778765823
0.0033517019477083175
-0.004032221730161124
0.011925126630147914
0.004025747252720549
-0.00718867765328374
-0.007423276363640982
-0.005704603285308589
-0.0048746060671379585
-0.0035739006119120853
-0.0035731205865767147
0.0011554696532357306
-0.0017483756147102921
-0.0043460769499593195
-0.004642804769736764
-0.005327813401798736
-0.0067209116518626485
-0.00772119509377622
0.007979228024474665
0.001693836588813934
-0.000616644892812811
-0.009965968502203108
-0.009747105336608218
-0.007343430918063175
-0.005813958051474519
-0.005069541008747642
-0.005372199053313125
-0.005370497616617548
0.0037192487328579853
-0.006303418795784706
-0.00527250930916144
-0.003279503470582047
-0.001973769310263948
-0.0013826978319835036
-0.0004441388842873743
-0.0009295662386125352
-0.0025880141505561587
-0.003106864338900912
0.007818297404825945
-0.0007957992721274505
0.0019066673649683287
0.003927471373192188
0.004582488203554355
0.004684837007535023
0.00676567484567692
0.01977845524164144
0.007598554440856347
0.00028489576819390634
0.03086597310037885
0.0032599132718800074
-0.0019715894265848427
0.0012198512804965254
0.00343670594609873
0.019742905418605187
-0.00253496094524429
-0.003480857039344599
-0.002779641812777976
-0.00471434068538662
-0.005972111833629371
-0.0066436228108318
-0.007140067931613461
-0.007002049118249658
-0.009346916738203868
-0.01098386953148345
-0.012263047157265866
-0.01000676040302585
0.0008246105322292508
-0.010745984861528937
-0.005450684387274665
0.0018333054443468884
-0.0065614628362717226
-0.015560773213366444
-0.014613899478176979
-0.01192901502061865
-0.009550700049699856
-0.007974687319648854
-0.007003357999470121
-0.006272893244177809
-0.005905461903018814
-0.005508761341028381
-0.0052180572348164405
-0.005021748356532312
-0.004803565286418995
-0.0045243753819724005
-0.003871119496885757
-0.0035383250251430653
-0.004212577231479618
-0.004217516144559399
-0.004209680801984069
-0.004212729171597179
-0.0038039141715098786
-0.0039630032403035
-0.0009973363334368106
-0.0029039438193655736
-0.0023942430595667173
0.03450318522684436
-0.0022791131542410636
-0.0023292898203275156
-0.0025238468376086536
0.0022217272971609614
-0.0026676014840502256
-0.0018398069994716936
-0.0014868309351454875
-0.002310276803541745
0.005943213004693977
-0.0031199622174313225
0.005410363615244304
-0.0015827660021459065
0.0012886173974035596
0.0041466081789252925
0.0039046864653753746
0.006225503104985202
0.005671101650882411
0.0012001513669886788
-0.013220149554865637
-0.04580481305709446
-0.07081256495903673
-0.03074110764981438
-0.04657790118560261
-0.0603039982827968
-0.010635384231154003
-0.04394037382243019
0.005816640390232452
0.013696510205754017
0.00701973319150317
0.00547916741158842
0.0008093188978042685
8.310558009937542e-05
-0.0031796498947896682
-0.011470652936614149
-0.022803006143095
-0.026709306940067262
-0.023178899471810368
-0.019845760470334477
-0.016365001534953846
-0.012687197162200974
-0.017641310227257734
-0.0246887144594315
-0.021034272262777973
-0.011527359686465413
-0.007013315436422254
-0.002743405368538469
-0.000762621997859478
0.0007416239391050882
0.0018864366654385975
0.02011540391355009
-0.00023304090590906074
-0.011126959977987103
-0.008555347051282674
0.0001327947968044797
0.004234037071220566
0.0053629925297497515
0.006274478120628993
0.007402757437393661
0.00795658840289553
0.008440945012679965
0.007784408160911077
0.007206410973863978
0.005424880411822428
0.01958091296525187
0.010725151682796858
-0.024545360055790437
0.010298105634434833
0.007163901035944163
0.0031216978872847414
0.0045522179686553355
0.0066777128123613715
0.007650872918825507
0.008147944008192793
0.010428781103282133
0.01000318156305216
0.005819564375996996
0.008087199077065222
0.009001741964634654
0.00759838790229956
0.007781540382245668
0.008758151976230182
0.007790377687343943
0.005990616475117984
0.0030234890814722177
0.0019552616912448736
0.0015005128856855233
9.929478005838815e-05
-0.0021802259005697443
0.012812039039921935
-0.0021672557492933508
0.004634061642714698
0.005855616629310746
0.0066399641508547835
0.006375635946868125
0.005118435110355389
0.0017986330980613897
-0.004115812725671424
-0.0032685511396789713
-0.0005456790651857899
0.0014103561304340078
0.00393535434087641
0.0074209201605509156
0.00808368256190276
0.007829602246963895
0.007729308680746829
0.007757586839940885
0.0069015912879291565
0.007412434506739888
0.007781083399450218
0.007662023790675186
0.007102072498069756
0.006758504444190399
0.008179472967727376
0.005884202283345819
0.007943387184113682
0.007981817466756663
0.00737031536011332
0.007369484723825396
0.007148990947000886
0.007238153471267493
0.005489365558636019
0.005667404989994553
0.006207845354628492
0.006993275114222121
0.006364861666688301
0.017011698715573433
0.0063675687510933296
0.00476014484016397
0.010356626400526009
0.007642121253009553
0.004939780072131962
0.005269497405538522
0.005249949436041017
0.005280559330251641
0.01094204621776596
0.004084130271596453
0.003729090404080637
0.0041744474530159914
0.005735996279025406
0.005407088033487591
0.006685287771868199
0.014377014561008506
0.004943382909297851
0.003173795357694358
0.0017328078571734362
0.0011736916271896441
0.006907077129610337
0.0021469138418654552
0.00406366803777362
0.02446570717339122
0.010883980245212883
0.008631611955883963
0.013867766521927078
-0.029966173727524206
-0.04460122703330279
0.016144347250116715
0.005349551862999309
-0.0021717483065554458
-0.0028361169099703387
0.0019462824795109376
-0.0017744138481298809
-0.0006180794254008205
-0.0015479653620669024
-0.0012409792348453874
-0.0013717328361541714
-0.0016603207356335255
-0.0005267929198010427
0.0005987457396609501
0.000615954637258034
0.0009247088324712266
0.0011947212807609574
0.0014780784174028509
0.001795711733305287
0.003700237396876274
0.002278816453264976
0.029170923800015115
0.0023251016354636526
0.0018397525196329363
0.0019929335168776016
0.001918611606959971
0.0011975547612896442
-0.003241597815089136
-0.007813590103778712
-0.011534217104214553
0.026134795421496628
-0.014016291074415805
-0.008738699703773898
0.007265671082619829
-0.002413556798863689
-0.0006075933985883132
0.0018279889584159091
0.0018319814542878384
0.0014060030883327192
0.0009725963685575067
0.0006207490095442996
0.0008842366731127663
0.0003406340022469353
-0.00042267090862469284
-0.0012756093053497692
-0.003414357077989324
-0.010674811814688491
-0.007287793627997773
-0.009067502432015616
-0.012465854513901978
-0.016623380304462244
-0.018213182511413552
-0.014121013310070827
0.01113526413081253
0.07922455972005027
0.0073491317467935914
0.040186246567344
0.09110776798715324
0.05332448751284867
0.0007756508638731924
-0.015032012251686606
-0.016521654678317874
-0.016060083372168837
-0.012819470755290274
-0.008891872047111173
-0.006563458973012465
-0.005184539883785319
-0.004391236153245594
-0.0029714587840970375
-0.0019958539148026934
-0.0025959314639840453
0.01591790098587143
-0.0014585616441799274
0.0002942611813311497
0.00025239806015227545
0.003090202140667509
0.00018585683153462548
0.004160438540672562
-0.003558792699400851
-0.01283947868936026
-0.03335983390823832
-0.028976003999064574
-0.03606402111975038
-0.021825325236700544
-0.008354685918704972
-0.0006675775594558548
0.004279895299452911
0.0020166009148853154
0.0021762369561844014
0.0018186768724634179
0.0013988432467093256
0.0009394467358493371
0.0004557765869744414
-0.0005383899267313996
-0.006028085211521426
-0.008176594465435436
-0.01968448311073654
-0.009554237136407278
-0.0051829974647450185
-0.0026327814378346026
-0.0026014788409263086
-0.003345784125550096
-0.0005375569369326243
-0.0031829544222272306
-0.0033114563550980048
-0.008818686716859292
-0.010227247562516065
-0.007910899766869567
-0.01100911654965703
-0.01571486527158726
-0.024450836265487174
-0.03458895112861905
-0.025516734617521904
0.012681798810753302
-0.04300449741352712
0.02387755723565498
-0.013860397595194258
-0.021633782130848104
-0.018072489408105404
-0.01395555971385615
-0.01235139060758196
-0.00493101137879137
-0.009771248151626671
-0.008384943106101947
-0.008589762046365327
-0.009459847679129727
-0.010187342142366733
-0.01213511701475372
-0.015793216160300435
-0.017032671915494024
-0.0033167896742798855
0.027487265701824776
-0.0044626357086337345
-0.01768856810884646
-0.01581140556064816
-0.012162421943279888
-0.009732543150359964
-0.007511437559732216
0.0007118203367290667
-0.005929253487717048
-0.005352656961409237
-0.0047396150224640245
-0.004213820210364317
-0.003918370739730847
-0.002981955403004785
-0.0038066781013587985
0.01269596343416773
-0.005688436472526318
-0.0036842611764275634
-0.00219958232375761
-0.002488084014141852
-0.0017822417877285507
-0.0019466028006534964
-0.0005822702887062114
-0.001481885295139002
-0.001974426874717432
0.01011100849042252
-0.0018707232974019413
-0.001947769926579586
-0.002526548826197464
-0.0036037174368147105
-0.005380293856450355
-0.0048167792762411265
0.02704087305068354
0.0011581007217916469
-0.0086866329744265
-0.005697988643449232
-0.004138326151856924
0.007343658725295239
-0.0035859268736465597
-0.010902437074494599
-0.0023617149423180144
0.0031262516803943915
0.0038933103741413937
0.003901267663617692
0.00402680593772255
0.004603766992206901
0.005319129984477001
0.006077067337961934
0.0066423178172224815
0.006232030997267585
0.02049888935196269
0.004934163189325262
0.00517482067312401
0.003857988326716656
0.0022523702430492457
-6.506384308382492e-06
-0.002981111254711458
-0.006007998324800562
-0.0021189749523981877
0.0059023482097458144
-0.004737400143759088
-0.0024797705953261244
0.0007174693509647674
-0.012423849995826138
-0.008311570665505622
-0.0060887007313054535
-0.00370518167126894
-0.001636254682968464
-0.0004509668606463894
0.0001336183481750803
0.0006653087448647703
0.0005726588658536228
0.0006729405698900383
0.0007494440355181696
0.0008401439863326355
0.004990585345735936
0.0005660611615914291
0.0008189951451283679
0.0008592186408130932
0.0009880775663267235
0.0005786588529835693
0.0002770754651030758
-7.585490392704079e-05
0.006825331630992893
0.0029102189279429183
0.000831723117278664
0.001530383935426436
0.0018925864948019305
0.001499251749501075
-0.0002458894474372822
-0.0009658253304058053
0.016791719909491087
0.018760442452549066
0.0010697644413288356
0.0018558474030929432
0.0042095567799617425
0.0055813520461256705
0.006443189382012484
0.007122180446699082
0.007518833757666992
0.009638703480313175
0.005706697777797907
0.005260061784929951
0.006656972718464045
0.00974006875148537
0.009340420550346956
0.008182153896732184
0.008867007992258879
0.007856612960605129
0.007580644615636469
0.006918765638402836
0.006001377630182245
0.004825214541706519
0.005536034582735224
0.010143684649277443
-0.00374334453057167
-0.009110965949876081
-0.0018628805766151785
0.029637433403694714
0.03100504713670353
0.03883330504540341
-0.0027045671174462213
-0.010146579450458985
-0.00660433316001385
-0.007509012016708634
-0.008613222773334284
-0.00038626766588412256
3.087845877240923e-05
0.01347085399803102
0.00012541630183427447
-0.008522127232951674
-0.017462160572515123
-0.014404812582073016
-0.009197275515884293
-0.004832779828114426
-0.0018933208122531733
0.0003091512443837054
0.0018553342782810535
0.0027608202250059763
0.00407585958946862
0.004180304520389178
0.004681491398651519
0.005469359294438459
0.005812916010336038
0.0056025058059244745
0.005767438934415667
0.006043721555558296
0.006204619316237555
0.00643902467838914
0.006661627853256091
0.006772870554337618
0.0069161153351132544
0.006855054996963448
0.007411820200345985
0.007663802457725027
0.007864715124707789
0.008083907315340307
0.008263055276814263
0.008432164950638518
0.012801300611678591
0.008682107954110837
0.008709044722337815
0.00864852953449504
0.008546686756816727
0.00822097744622473
0.0076643212119040975
0.006811394471869979
0.005463145199571912
0.0033385779171469813
2.7573164286748246e-05
-0.0047095839338789575
-0.01086341017225597
-0.01431860037150539
-0.004830389394537065
-9.59412195304837e-05
0.012729917523578965
0.0035633921517642278
-0.010253560309241214
-0.012038032753863167
-0.006801442750967724
-0.001332447629144789
0.0025710031302729856
0.005083692358495817
0.006638066718523344
0.009986038954421125
0.008135549600362184
0.00840481296248914
0.008469871873935815
0.010075363366368592
0.008331860543305297
0.00806360851175937
0.007791625462467928
0.007399025554752085
0.00701988088159823
0.006592615633117341
0.006137889945402216
0.005333536852475303
0.004409301443500057
0.0037647913458742186
0.003103208999065089
0.0021209559968667384
0.001437514004327953
-0.0003236453970023425
-0.0019784223147758123
-0.0030330205822164964
-0.005995425341434768
-0.008862400246599346
-0.012708791842591908
-0.014940980783921877
0.009031102744347099
-0.008800177040598463
-0.02312893382926424
-0.020930135384911692
-0.02027251522438476
-0.015168718886609875
-0.011279117948480029
-0.00648381203251622
-0.0005644418014333112
0.009324276574636027
0.014574113951763506
-0.025525245048190686
0.01181741576746027
0.010247641977706638
0.002180204276631749
-0.005520187917162325
-0.01115217922620218
-0.011185455565899083
-0.013015949955818154
-0.014848455440093776
-0.017063516387962958
-0.018073907968044294
-0.018490628092843697
-0.018057889350348584
-0.01737541122272978
-0.016739208220220632
-0.01748017597489122
-0.017373296878339634
-0.013132478662071831
-0.016989174311597292
-0.016482318419051803
-0.015861023575503196
-0.014954068760894924
-0.013375970800371912
-0.011193557848374678
-0.008336003984222542
-0.005081638356462212
-0.0014904828603246767
0.002302618520787848
0.005720290843667925
0.007747874752791633
0.007370929807061621
0.0060685704017789666
-0.01681781798702762
-0.04261614241673225
0.029649199459346093
-0.00959557926596649
0.020249268717576305
0.039687490927683235
0.026675386231664214
0.017217581506004366
0.01103014321890958
0.004731746812336909
-0.0003299327066267828
-0.004941311254715583
-0.009174514964963708
-0.01242893380130205
-0.018599020392965997
-0.025454629992921914
-0.031119456097785353
-0.01664686833178527
0.031266177223805744
0.036896252953856117
-0.031562799248696365
-0.05650657340682367
-0.050365796369965174
-0.0478112085284128
-0.038900820517392944
-0.02963032503058275
-0.020612601105499243
-0.014419216501933164
-0.01134803711178437
-0.009460263782294535
-0.007880359435750441
-0.006456330198384969
-0.006554334813015646
-0.004090523847354331
-0.004933178737891354
-0.0028465519019418625
-0.002187428493283528
-0.0015315740581620804
-0.0008784719898768368
-0.0017676169688880376
0.0012608333293675216
8.035342252747784e-05
0.0003089399199828543
0.0004545513299284613
-0.0005287822056350966
-0.0025936505784385604
-0.0020666863472067
-0.0028872502002407954
-0.0014926624664606107
9.62877793408912e-05
0.0019079562891567248
0.002156733028729053
0.001989784092130832
0.0012895510793869604
0.0005979997519298516
-6.1605866421504944e-06
0.003891303355072257
0.0017432231612829487
0.013145860654581575
0.0017261702097916018
0.0018473409003936397
0.0016524403371023307
0.001802772877996468
0.002008601545629601
0.002066783523112212
0.010260048688876101
0.002330312620249346
0.002719127153839023
0.003275022860324319
0.003988634170287187
0.005056542074939166
0.008219209956683557
0.01764326222072909
-0.013946839808232874
-0.04841369699788302
0.015546164561130338
0.04146664801224274
0.004762766977341066
0.002365178926308294
0.0019681171321431347
0.0016670001070087156
0.0035371518128611995
0.0015794660361175554
0.011583356713526727
0.0008438043833378242
-0.0008774249354810547
-0.005772354099332377
-0.00517431195788591
-0.005792316090652412
-0.00438933410213476
0.0050185898103573216
-0.008469207703511067
-0.013279613108589826
-0.0033963633838334584
-6.831894615803474e-05
-0.0001424402772904026
-0.0018268214950392845
-0.006017701629578738
-0.014616428784075373
-0.02650769083614204
-0.016703431462431563
-0.02484984176997555
-0.01653964843026437
-0.00636278957436707
-0.006143498405606509
-0.0073535136091562574
-0.0036523288208701716
-0.0014044462444517002
0.009324678329617168
-0.0032958217750050593
-0.004069146588275828
-0.004549384929938616
-0.0022329215039207733
-0.005160827376819927
-0.005450606017078097
-0.0032287540805210463
-0.006072937239228687
-0.006442034808698982
-0.0070661327859578025
-0.007879306714425417
-0.00903893894030058
-0.010473131176209027
-0.010290178026176537
0.0005919498548676086
0.007405573549807873
-0.04529162456032039
-0.03189978439125285
-0.006797656462387629
-0.016198968140177468
-0.01575221123011498
-0.012564381281634621
-0.010103920662966675
-0.00826629210574114
-0.00526280412628804
-0.005692386894077399
-0.004442132603673189
-0.005092669721876086
-0.0032085194946782636
-0.0011717632953446861
-0.0008142938581531737
-0.00040560515686681534
-4.168250263766416e-05
0.001275322836032562
0.0020423734916228038
0.0030152032008146728
0.0036517004656082003
0.004282298131285427
0.004221651299572517
0.0045822679542744
0.009695294610987233
-0.013318859049111913
0.001720440974119385
0.011001461001875264
0.010864597819603116
0.008783414119053829
0.00010060277696079744
0.005243482525949268
-0.003021159615745814
0.004931626351411748
0.013402483088760209
0.01729940327836979
0.014275699972564452
0.011648398359564374
0.015316784706789082
0.022230919569169734
0.02216080689711219
0.02166460327128828
0.02482643870404948
0.02367125441863627
0.02075271873298381
0.012414563043041366
0.003349940260202433
0.001538804406385384
0.010416067022259733
0.009911386026912456
-0.008438344739822396
-0.012799074029179059
0.023197753494506836
0.028149731176089824
0.025339226824643617
0.02157013281484838
0.022816090585123766
0.02117451139447826
0.020242509898002626
0.025365259269092662
0.028451028294014868
0.027651048406708175
0.02495589048935648
0.024672662045292868
0.020222046757729466
0.012084600807236614
0.004745497063884194
0.018891027567739204
0.003623813796573316
0.016198132059249366
0.02443019853019168
0.027131300640604775
0.05152149330722555
0.026778621953757787
0.0239426441428408
0.021651432162396348
0.021158343031029193
0.025090446373156026
0.02714881056219537
0.02784566586117381
0.027304286973351865
0.026860279431203882
