-0.0008329527109181341
-0.03263182152403994
-0.0955609540298425
-0.023240600069130327
0.03364867820439351
0.04166615431516038
0.018795678293726838
-0.00907125592549564
-0.022923039571057152
-0.03875699926868261
-0.0416989627115398
-0.01882924715576272
0.004613929690343724
0.048186510028628005
0.0680281640629699
0.05366726488957871
0.012776034560136268
-0.03891154196930393
-0.07429911932772248
-0.05195006309236412
0.01868921992797777
-0.005597685228339272
-0.01863150573326202
-0.0018406756073578486
0.06910318637327494
0.047308470499983706
-0.007934410676865669
-0.02792686496917879
-0.017782577759960252
0.019162983266610163
0.03247052989861233
0.013210482123999022
0.015603888126705979
0.011145878480744305
0.0037765361555249593
-0.005032793952052255
0.03229377087695211
-0.024414017646542895
-0.03800836210464457
-0.03528563834560461
-0.03794456499245026
-0.038674104398758236
-0.03776132060722635
-0.03752728147002225
-0.02892182627199749
-0.01173879010940267
0.007508324676382994
0.027755792891852326
0.047210399105142103
0.06150462294290236
0.08499885313580181
0.07666751264809749
0.10091272255539951
0.016298465620594248
0.007605003326953755
0.0985459434711435
0.03463898252392103
-0.10917571189982521
0.08157124399453089
-0.05134470117842795
0.03609322235750189
-0.015339673073895544
0.07044365198285346
-0.058178065178861496
0.02161165631272041
0.05052339392941945
-0.016194163544550815
-0.1080749979418107
-0.135771415943351
-0.09714789704662868
-0.05845062838919372
-0.03065674214490048
-0.007535589471102615
0.013503350616050161
0.03237096208008445
0.04503750993148187
0.040132647376189344
0.041508880826400606
0.04710366547458635
0.04072679178051221
-0.027728347737247024
-0.04059151850741794
0.013284843368921521
0.03949537822427407
0.043134542215490526
0.03826515857340477
0.029291829090892348
0.014387712335990416
-0.0030407566581243895
0.000714707001261302
-0.0020046652235432417
-0.0034899526211989527
-0.010033411490833293
-0.014916564595473492
0.07686883605544366
-0.021367531658782177
-0.030912420409311223
-0.027515332149385
-0.022153940885739284
-0.022361033097567717
-0.017119926401645367
-0.015702762974042873
-0.035127871695416535
-0.01582322842231714
0.004786405728382953
-0.011645484663085508
-0.00880485856691685
-0.007042179626912547
-0.006567026610997213
-0.017725584977264033
-0.04349369885317662
-0.1137519016763884
-0.04197401232472563
-0.033286399908727234
-0.019792191681247892
0.08568692797746111
0.007490746606305649
0.023149914080312684
0.022186585634319904
-0.03340143203049406
0.001323509035611026
-0.018394541076243685
-0.006684252005000311
-0.01917817504974107
0.012050898840152887
-0.0582916711270756
0.016541730344736657
0.05998115769713093
0.06993299919407958
0.0634379620527097
0.05236230091303414
0.05433886700685107
0.020065155457262875
0.006951215559721562
-0.01634106331203971
-0.022649074361853594
-0.025306243233002842
0.0009757753874652207
-0.05012264908889748
-0.053898119701023435
-0.047448158234383336
-0.008017542690455442
0.09579185646754426
0.003670745856268735
-0.03983770149628093
0.08751660052761281
-0.014701545601954696
-0.02082302390101799
-0.009449302984682858
0.00491377713823415
-0.0120224650940307
-0.009471594664258254
-0.022641512753283816
0.001997350112676145
-0.04252056571164781
0.010726401413004506
0.00936565762647377
0.0036593693814244515
0.0056373227095247455
0.007005944429261552
0.007390607715435624
0.007957006828514124
0.010086753130725453
0.013607991691414835
0.0289441455882343
-0.0676641754289697
0.03286320753367727
0.025486305467991424
0.005091386964148551
-0.013203272257561275
-0.014199672811981643
-0.016195831842985633
-0.020905547970677542
-0.024832491775272705
-0.029671035467176716
-0.03483757364963658
-0.0385319677399859
-0.03828861815397623
-0.030419198343540486
-0.018129207632168732
-0.003110040779419438
0.03208801067801457
0.06409720682762787
0.08771193680578714
0.0896772917616987
0.0402219878420499
0.016242133110198922
-0.007487157910106131
-0.021336722712534225
-0.027663374083618082
-0.028983799925449607
-0.02737738748230616
-0.02351370441286742
-0.01681769935080137
-0.013113067693106195
0.021392625003677307
0.029101230303531095
0.0061225440694062504
-0.00439541603721021
0.005477871971792974
0.0009070249418982659
0.03918182248258849
-0.008425515363269015
-0.05290022434249124
-0.03490094560498162
0.00695769683321393
0.022181740936071465
0.023849095161528933
0.0481195888012633
0.045517070648037374
0.04070162709724539
0.03597394166442572
0.02574109510366046
0.02269787677572535
0.03447195212264009
-0.10465225582773116
0.01808882466897504
0.019821446281545422
0.017930093413134195
0.016194665065015903
0.01394454247481861
0.013442638314407458
0.011625111007878447
0.008492126896686446
0.0033668569791559266
-0.016434494212474282
-0.053239478394136515
-0.012802355757217115
-0.0006167598443758778
0.009581773347559289
0.020413004932232286
0.013794451338039249
0.0193936932211049
-0.03114909244114442
0.07046474609382512
0.02266741072819319
0.007121996554570356
-0.010722243962827562
0.06388700662149001
0.09242662620457595
0.02758053792708801
-0.010393554059552865
-0.021572810283148013
0.06181367854883405
0.05128628264903685
0.015640163769320575
0.003490609343648771
0.02474547125021046
-0.03599981364365989
0.0809571865590544
0.03744742499114393
0.021621066477924496
-0.01597254420799327
-0.015452999810806447
-0.019111803671681932
-0.042553785649715875
-0.017236694381510854
-0.0023900063978216242
0.025386476140274738
-0.003864719459257302
0.004451411093295898
-0.006641820182498724
0.0006227902073288193
0.030902863322255163
0.005588771339144008
-0.002943879093898648
-0.028755259299883307
-0.019114997271031685
0.013984499762442872
-0.00830833464500228
-0.012672711930789955
-0.010041227824497028
0.002435067395812834
0.01172789600782603
0.015818515635487227
-0.004589289176759986
-0.020564215559555378
-0.010315284092573285
-0.01733067040673225
-0.008987796577521488
-0.004544949128621732
-0.1066555935087702
-0.01642987432011389
-0.015923701502829162
-0.014747555787136178
0.005928201460164771
-0.04039301554778801
0.025496322144379045
0.013481624090850066
-0.10379990167553928
0.005963307135567227
-0.07510324301833571
-0.0047234529912801165
-0.006330738106273983
0.0036513830011088485
-0.013947994093552029
-0.018926995299139535
-0.02536904823417296
-0.04171045962104748
-0.04108850922164062
-0.02109885971768298
-0.005052514537024582
-0.09338214976831552
-0.017025688217242485
-0.0035403347204623335
-0.009468312694723598
-0.01813705108507439
-0.014760460885309011
-0.013552366203771237
-0.011648206371883529
-0.006431932669549223
-0.015604435365387397
-0.014536831613237175
-0.017328476761880783
-0.026607173177840997
-0.0004505174845312566
0.007118321245529572
0.007912628571600733
-0.016340285766401737
-0.021385210313494222
-0.06998137742340525
-0.060562901316937034
-0.0565122942758163
-0.02133010739445584
0.012781818819174786
0.04742305660111181
0.024732859446806543
-0.01631060797272975
-0.03689903395101449
-0.03427816961915298
-0.027355316282366385
-0.017303967858574926
0.009388125656852288
0.020345420813114783
0.004009656974848341
-0.005518371725435516
-0.002723391388014825
-0.0017945715532985157
0.0008005049849791252
0.0019736812577925817
0.0027195593159608975
0.0030612623893700465
0.005596403404322615
0.0037971193446087403
0.008373671140442235
0.013992586408324686
0.0018172866583264303
0.004465185674004901
0.005442451492188026
-0.00024429688307486114
0.001098185440404263
-0.0019752869701797748
0.001337500892359864
0.00653719660369612
0.0135853982608592
-0.12658646156514775
0.012759093287868077
0.019730329184243434
0.01612885162412621
-0.008430583095406154
0.02116384006559274
0.015196907268198657
0.01508753184823395
0.023206369786055375
0.029093354092791717
0.02965833008882789
0.02467259260846991
0.016256406857362384
0.06750725001501373
0.0754848522158549
0.04778208950821324
0.056493631781355254
0.031524867460720196
0.020650861402293427
0.015758187813270076
0.0013902182517172203
0.003225518392665092
0.002420909440367161
0.0063123523922985515
0.017336029043411784
0.060817428443049014
0.04178151074753109
0.009987292611565762
0.010764351562911292
0.01043001661519818
0.010628353426113091
0.010113234696980552
0.008046759104093996
0.01601105892657369
0.01677365068384519
0.012739149419114531
0.0057440631620409525
0.02745731063236924
0.02451744119196952
0.02465863762854493
0.03139499405769823
0.02927699961688498
0.02458379359919308
0.02527290507290665
0.026064121924853294
0.05865045383559553
0.005201574847203188
0.019308530929330478
0.02928973358006369
0.022589850364549278
0.02061253511954482
0.02022697496202262
0.021539711270859987
0.007425101371257048
0.02515197654862597
0.016223176316869842
0.013445772913173552
0.013523470972408084
-0.009767891978293404
-0.04727128729600115
0.005059686926009255
-0.0046735521056317
-0.0099072395800108
-0.013156392046349448
-0.01516899032813501
-0.006057889275571825
0.001959147278867058
0.010432845999305265
-0.033628814088146324
-0.0010891274946348336
-0.0036598853816324304
-0.004512995879424389
0.008504613465761824
0.02251457918383045
-0.035257056766528974
-0.02487427440205828
0.003080443229371541
0.012974499291077034
0.018210503929367634
0.022817583478620066
0.019933280422235775
0.011879758071476757
0.01319630589929815
-0.005312792714204534
0.02185954323524447
0.002501120792236869
0.0018105735963599222
0.007260960149923697
0.0026946195342866723
-0.009114288694310387
-0.007706717329531295
-0.010560339573432252
-0.018904867308989638
-0.009252910575192019
-0.02646691498323776
-0.013095098284013593
-0.010498035524125305
-0.02550413971056481
-0.010269330377789397
-0.0029360260494685065
0.0007775031113006479
0.005473466651344714
0.010806127432228408
0.016172394850030435
0.011648028734448966
0.010966582394993696
0.007924761385799669
0.014895288455648999
0.011881924319073036
0.014641669540452849
0.0007121305787335188
0.016078529412920598
0.014779195309113638
0.06638722089402337
0.025363400262190867
-0.005898664756735106
0.08271605682064587
-0.01543920008350003
-0.0037559836428088557
-0.00794000789996659
-0.022581283314278913
-0.03999531133598421
-0.016380445934798624
0.001960419808262814
0.0170272616595188
0.020956688047346673
0.014929040913644276
0.02774711413007328
0.036980538863441784
0.035423505631717825
0.0325380584968915
0.05612210657933375
-0.06609906978516367
-0.023778915525450275
0.0015158183563695582
0.022971271197460025
0.02957417936641469
0.04829481928289194
0.03359712103128525
0.02887107518408958
0.02510675797128405
-0.0018818723603841881
0.025153160482852925
0.00875005380173422
0.0062283650302786655
0.014756889052110995
0.013995230002168096
0.003297881829727304
0.0014227211512561442
0.004177179277015951
0.011155625424966934
0.014147786099580577
0.012309924339630891
-0.015779475432075904
-0.03216170950173333
9.602279582553332e-05
0.011078236110971274
0.009483114986553978
0.009133753843266576
0.00866030306592975
0.002740587555638545
0.006884082785823641
0.0003495212507167162
0.002681162049977966
0.003040815378293846
-0.02418036135552024
0.0008400169990106635
-0.01661602647645623
-0.013264967505555789
0.0005497954543807537
0.00260138828046547
0.002583668933090927
-0.0030721272956203746
-0.0007456352793483418
0.003254582301740707
0.002734765929751944
0.003079237227080486
0.004151735594180048
0.0038450504903960506
0.0006244803343998603
0.0030463845913189453
-0.00041887859588702416
0.002794876431531787
0.002394616945257351
0.0005400575840237904
0.0009924779018875836
0.0013391186346021389
0.0010253516299550797
0.0004600743505599988
-0.00015941598317702508
-0.0033346872235717824
0.0012171945609147793
-0.009353551310819212
-0.027036530353041054
-0.002612831978302342
-0.004950214411664726
-0.008816674919483219
-0.00909924455835285
-0.00420926965910759
-0.0017431618441108357
-0.009723679483868639
-0.030090542944648475
-0.03684628600649684
-0.018263048040417295
0.006424407169095661
0.01597786809125794
0.010119905544155159
0.005242131984205148
0.0031585144498460426
0.00262692573303358
0.0026009038136833753
0.00043915387751781255
-0.0024083863834672855
0.0031898627864870447
0.003879458879701002
-0.00043715391930700175
0.027854698861511568
0.0042380577426473776
0.002166686287335012
0.004144570112632173
0.004542637314848127
0.0025978991957530573
0.0011274878018730239
0.001580652364779408
0.004551715363609193
0.005099741669441787
0.004605216677112718
-0.010708778946340428
0.0022483568635747447
0.004290757754174981
0.005429841789070761
0.005760304456987826
0.0058721811004293235
0.005867640676364539
0.0050157456019356275
0.004078308109233658
0.0022523105900536474
0.00408155157905269
0.0018146331476904065
0.004455287050401559
-0.011376943723408387
0.004915121906398163
0.005647674170933063
0.007170034224624744
0.005269908046142592
-0.049185347709618736
0.005233760439326976
0.00010790845456149024
-0.005649299106396202
0.002884935115345902
0.005215824349371639
0.005236304197018894
0.004603660265107448
0.0009433485378385391
0.0015924531962451106
-0.0162718492242625
-0.010079272795703151
0.002774334900008216
0.004016341561092863
0.00508387091819877
4.400928898649683e-05
0.001384600104687289
-0.0008034253065624375
-0.005529639320791951
-0.020309330623086416
-0.05586334289438491
-0.08069501631049725
-0.03597090647672734
-0.011445512137136566
-0.009656344892053794
-0.0024208948568403142
-0.00017040590783888105
-0.007155054210535428
-0.01905377843007395
0.0007936001288692212
0.004761760042102563
0.0057904963189142605
-0.005916118958003419
0.005197474143888382
0.0046559789685261645
0.006196467945920589
0.004923009632927965
0.004840718630262952
0.006240705935048693
0.024667916693591998
0.007563005622398083
0.003618998473119455
-0.0036928663671167462
0.004793168883767531
0.006328240130990919
-0.008518195862812484
-0.002475157192656133
0.007051204340288516
-0.007480159972730105
0.0034135240415100196
0.0010721789642783297
-0.0012669940145728599
-0.005958509141776321
-0.010003406880470092
-0.014818402782679962
0.03428605669219112
0.08641139198433737
-0.013802671192265234
-0.0374397344299783
-0.03387372661474525
0.003173599479401346
0.02364302090131207
0.026191897811644844
0.020137296734916953
0.01594126940819406
0.015840515394696598
0.00186669819793054
0.0050551109179891125
0.004260939011396004
0.005450490858041729
-0.0077544693662027235
0.006031721312468752
-0.012188607848724982
-0.003006737413117513
0.016216216702906697
0.004011532406469091
0.004670230535173018
-0.0013393880810339208
-0.006763407480431959
0.0006864130260778251
0.004621524008265387
0.005684348284098014
0.005632646849596246
0.005914513076324854
0.0010521813942568807
0.005604228553141188
0.005276128950206291
0.005137672236410988
0.004640995827360866
0.003420549168021258
0.0007419972875662879
-0.0054585244741250875
-0.016183109332498544
-0.002378165354455024
-0.0009460487992473996
-0.011034733071483444
0.0028030074520776598
-3.7694039474082784e-05
-0.0004617857642083513
-0.012702790675022982
-0.0004207064033473929
-0.016233501855446086
-0.00504633981850821
-0.013324471392536131
-0.0031870786281202605
0.0009645746441503443
0.0020402648759886934
0.0029832036693386325
0.0013899722953244532
0.003829037020682346
0.0034380035345031356
0.004531485139136265
0.006472904883508289
0.007010376661596037
0.003277440386206394
-0.015118281426826965
-0.004969492098705903
0.0013272885164924502
-0.0034746054675014906
0.0012053279676634437
-0.012672226300207973
-0.0024689984338196716
-0.002450166496808852
-0.011681337356947501
-0.0031606791446993853
-0.0025218574408160817
-0.0027909146726276626
-0.005368126670760095
-0.012808608756437077
-0.004742500932495268
-0.0093836934961001
-0.022046255942787314
-0.006636904613550293
-0.0025738098239257994
-0.004426530160898001
-0.0056628551196196055
-0.0022365902327594464
-0.002275016993040981
-0.002504007719666429
-0.0029565172246624758
-0.006735820468356436
-0.004480596086615377
-0.0045268637149742915
-0.004687118916365784
-0.0040826593022805545
-0.019546454272595836
-0.010409687015370034
-0.00901726126964896
-0.006685724314360697
-0.003941839125824843
-0.009028039666372957
-0.03565837617687099
-0.004368651682103864
-0.028902655986564132
0.00470831369131643
0.018047961657283108
0.010428280120403787
0.002905341494456784
0.0017437507361292588
0.0012184073722846718
0.0011041883722691008
0.00151520899604222
0.0017005676026195132
0.0017854584830393604
0.0016084770249424674
0.0007502564350988627
-0.0014440302550553514
0.0010018504071858715
0.0017356880537860596
0.004566497213428232
0.010688856466968502
0.02161411576903416
0.024959198570837397
-0.00507875510829506
-0.11830487149278512
0.0025422286701432934
0.013026971748445696
0.024838273538120056
0.019475755634521776
0.013238030667710655
0.005978212204194137
0.006427366652944678
0.001488745760378572
0.002288997428931626
0.0017702906540998848
-0.0070469115577395875
-0.0003745397431610716
0.0006070189940270789
0.000797488783842702
0.0006763320838503319
-0.0002151836145594076
-0.007670124774862081
-0.004782473293681588
-0.010734989686589756
-0.0006022233112658599
-0.00130410743518969
-0.0011978711472034342
-0.000784622044648273
-0.00041104520315509774
-0.0038663760619652467
-0.00043302646973622554
-0.0009120560644095569
-0.00341876551461952
-0.0058753509874514545
-0.005161340227922317
-0.003518128758827154
-0.005311374299040367
-0.004157784395860757
-0.010372015953339801
-0.002700406507192258
-0.0034343673725421415
-0.006577000548610994
-0.005620659888873233
-0.010202286883174205
0.006411686771992011
-0.0039145539933139115
-0.003110301043796304
-0.002224292563288461
-0.002111902465062386
-0.0005448862960213952
-0.007486280521832593
-0.0019408259803168001
-0.0028518213146615954
-0.003648660610608138
-0.004921357960558229
-0.0013649484807783548
-0.02457299538978702
-0.02580576519809848
-0.04463823093321027
-0.015753040613904402
-0.01733064828081121
0.1037037912344253
-0.048050156412719446
-0.03839466951227008
0.11242180727082676
-0.008964239040271604
-0.04591321200880806
-0.03224019954743961
-0.06768705291350721
-0.032934658754839446
-0.07931391393875942
-0.01660212616133523
-0.16770307101934057
-0.061949997015865975
-0.009649002395308486
-0.02123939024083835
-0.016364675411659996
-0.012430204339051879
-0.009920427550197846
0.020223806918470547
-0.0016540604952375987
-0.0017433553781038165
1.0743227953912952e-05
0.001774904245314465
0.002901485140213867
0.009511657426106788
0.013947205457444626
0.022305794151420477
-0.005914459456516807
-0.0024918040096739732
-0.015292299234559383
-0.006488263530540448
0.022895831382056156
0.08060615322739971
0.021152334972061912
0.015415433555212929
0.014889539428521866
0.011242222048982843
0.00916442617665288
0.014193788597069072
0.008001439610407137
0.007126837416214509
0.006727697172176592
0.006441543516563688
0.0075487087088103024
0.005873195362213473
0.005119856549984794
0.0031884763639639904
0.0010291941248102923
0.0005067274666429892
0.0021055391592405886
0.0035837908628755665
0.007570925887668224
0.049165447511018014
0.007137133364041157
-0.00020418539049058473
0.002159295718873433
5.6473018718211815e-05
0.0008995975056594849
0.005232575088807767
0.00044103577780833466
0.0004460371497717119
0.002379063154210663
-0.026183927448489942
-0.06099980884900063
-0.0031125537164747147
0.05460290100082813
0.011614052360747883
0.006367262921149772
0.006961772595739706
0.007772294715780453
0.010872337912254088
0.009220681689535293
0.0069358468695202395
0.005519243236897549
0.0012083799216564691
0.008806413635523024
0.0011880314820568623
-0.0050940952485966084
5.002754698495341e-05
-0.00953239905818036
-0.013743375814419893
-0.02476986359052283
-0.022632482314207697
-0.025531190444189496
-0.04241055097638064
-0.06317695771137703
-0.042715499858966985
-0.03039836594520407
-0.033759863441100636
-0.026544326078633884
-0.018013822516965677
-0.018393404493730864
-0.008251824087382786
-0.00344998502635419
-0.00750714315568231
0.0024502732071700465
0.002635244339572568
0.0005344317970593453
-0.000560502570855871
0.001031102923084932
0.0014660703128729674
0.003541402757025417
0.010369317586781106
0.006310515576552776
0.0019041767301278259
0.0016670205430109717
0.0020482437229685318
0.0036156687131872365
0.0035157615163992602
0.0033106823797882496
0.0032458166645436166
0.003052675519330879
0.002383547928354095
0.002587985012757295
0.0008016789666419815
0.001340458137382169
0.00037705639976640495
0.0013236810919329083
-0.007774591059666883
0.0005332929794874268
-0.008788303791351764
-0.0018156052546662985
-0.0035288709698768433
-0.006666459994322305
-0.007851186619453311
-0.0017767290366560505
-0.0018575325844201037
-0.003103746836791454
-0.0022724441479032844
-0.000936458036215821
-0.0002762913564121958
0.00023330689970961195
0.0009795996334824436
0.0013609498910873755
0.0013360584725689733
0.000409321951960543
-0.0026736852020655677
-0.010034415591900086
-0.040783570612863036
-0.06630926245141029
-0.036496731083583867
-0.01305967151966476
-0.018091057136654005
-0.0005680374974089575
-0.0007059541435615982
-0.002090051413057937
-0.003965203244689317
-0.005072078426670974
-0.006531887472277851
-0.008903398644560905
-0.006792980738620516
-0.006726239686761754
-0.010279231788541931
-0.0035357699143258366
0.004560880229029606
0.0012468636447927266
-0.009123883707780667
-0.02527740811730051
-0.009935084893325683
0.0026231149620168106
0.002919236353570574
-0.003197666600335511
-0.005871325395558847
-0.012991442483362852
-0.024338550659257517
-0.00683634832857136
-0.0057688735379104635
-0.006877281020443336
-0.01063402277268856
-0.006797357123722508
-0.006470359772299889
-0.007579998260420437
-0.012220701188587705
-0.006868598854962205
-0.006687109194749876
-0.007408899272741305
-0.007190559162233876
-0.008245632502148091
-0.019741615488646565
-0.01659892923010436
-0.00816529426702823
-0.008354237710377226
-0.009220547585606751
-0.025377018863729704
-0.009884429640768402
-0.008214227373442514
-0.008533890610354596
-0.009850159979313275
-0.013456363435500425
-0.017048421713452486
-0.012491931740285511
-0.01630667803775835
-0.01895356489403384
-0.021650985487491222
-0.022474546909486852
-0.030316643097584223
-0.03185506499132167
-0.004060424329684526
0.06153604287308818
-0.0175889700592755
-0.016829562719561524
-0.022358264494444762
-0.008326805206218809
-0.006287731845064669
-0.004685731438362631
-0.008715231111029871
-0.01087844712248523
-0.00300988703674505
-0.0014626946172076115
-0.0011288244385095924
-0.0014603301895522885
-0.0015952173690503976
0.02234076243744452
-0.0014600664847833763
-0.013017059491728631
-0.002622855523123433
-0.0011815042159368557
-0.0004828458840306055
-0.00023499150004100848
8.973161979419196e-05
4.988972666237253e-05
-2.630027915017067e-05
-0.0004774504587982424
-0.0006590023691650205
-0.0007262782741987513
-0.00154383436453222
-0.0037112937155182315
-0.007986967977141326
-0.0054330160767643585
-0.03343776842580009
0.04787474491718595
-0.039543442766195036
-0.017315770029862163
-0.0059050650877739315
-0.0021404768711875493
-0.0007070339985253064
-0.00013593361730961898
1.568951530370114e-05
-0.00037729992233647835
-0.012208279167914858
-0.0006449824488673708
0.0010031941631960157
0.0013264710221050876
0.0012942440990184637
0.0016713528769502113
0.0017203998158180054
0.0016975146225421559
0.0008669095453414933
0.0014921322933568804
-0.0017863673598716428
0.0016338991669148368
0.0018319047878854417
0.001818349520515457
0.0017677637679398921
-0.0003564697041238344
0.0014753966815760037
0.0011667470800602955
0.0006385037173529126
0.0005276316632293432
0.00013747178499336817
-0.00023301730469219882
-0.00023157565806273427
0.0006996429896296032
0.002976886439650515
0.002254619287398218
-0.00990045944146667
-0.0213821713944132
0.003686018906732972
-0.0018587910165809244
0.012703570808081432
0.00936935929606102
0.002984718579162958
0.004903984661334959
0.004332029193571075
0.003972563991801323
0.0032951402561333066
-0.0002377004672222767
-0.0007303917075111756
-0.003240287254426559
-0.0010664171101227421
0.010591949916163764
0.027212636816259555
0.006547942402554807
0.047287611364189235
0.03048983841686377
0.01440430392712119
0.001204121812407732
-0.006328462716009893
-0.021576608690780825
-0.0670128739644677
0.017168394961079084
-0.04134903308338607
-0.01542889815479168
-0.0067808079316030055
-0.003265108979588252
-0.0014729180501178748
-0.005438620886408654
0.00022309274863956927
0.0011564718299585774
0.001811080331296392
0.00223520648708219
0.0024390483666391033
0.002527660769122144
0.0031932109331109034
0.009744210430727818
0.0064184241125042835
-0.039165945722714354
0.0160818939928138
0.005273714870757713
0.0034749102117815306
0.003697804914563447
0.00391607628115817
0.0038799643299090828
0.003506933794888132
0.00047950728449244024
0.0055017438635390666
0.004448983225962023
0.0012505342705071373
-0.006965801970648742
0.003418911015679038
0.015514257209452771
0.03548383908701475
-0.021709757925497113
0.048527832421770556
0.028633882431355985
0.008393761082569031
0.0035032351088784886
0.004443736658763941
0.0021137669673419687
-0.0015212907866938247
-0.009993071361338413
-0.01688494756025078
-0.007694324101600153
-0.020885389123513398
-0.0048801760715618545
0.004983151078559665
0.005083084539133474
0.004437598144122949
0.0046800343098319895
0.004890847499483054
0.005250992483972412
0.005707394371067069
0.010049528040490896
0.005359365405900844
0.005013918175924345
0.0038255856127887636
0.000768498364498985
-0.009800351752765255
-0.055808789312751565
0.0612364667716861
-0.04357195054610931
-0.010180859447837417
0.000889682546827625
0.0020217365007951424
0.0030253924171497865
0.003846838527632011
0.00576055883630048
0.011594035330051513
-0.018249930695968797
0.012781924068905211
0.009537524924655778
0.005622641806886416
0.0056322983124512645
0.005807534756214214
0.0048381563291468995
0.006302835625837044
0.008824010012070102
0.007701266461107412
-0.028653297482493737
0.010415237072756012
0.010224698306175653
0.00914030485682222
0.0077584936537529615
0.003079018270354685
-0.008902921042441057
-0.03442389625590355
-0.016836971836305965
-0.0008941586787580034
-0.04786071837236037
-0.013450799921787453
0.0027440908038065467
0.005816213603169018
0.002809722399420256
-0.011667053669696463
0.00808645898514026
0.0066841038871953695
0.0016676255594260895
0.004282139139099495
0.002279227741035811
-0.0008370115168305217
-0.003321023458540069
-0.006844655982524596
-0.00608835287293741
-0.005605794055075914
-0.002728313523561518
0.0027522997134203234
-0.00037940876588441684
-0.011632916046250717
-0.04459869504337831
-0.007911419202102601
0.008353104752572404
0.00691644422787522
0.00039919344730979174
-0.0026696199764521806
-0.0035946257138694338
-0.0031418583360501864
-0.0026265706998244384
-0.00204637877704842
-0.00176111025754762
-0.0011806665335276868
-0.0009031816366737095
-0.000746262776551923
-0.0006952240958030051
-0.0008544223105553958
-0.0019768970007201974
-0.0025780714719683445
-0.0008149969840462268
-0.0006862359839416479
-0.0011856762985086166
-0.0003211242694906611
-0.0004352095468130669
-0.00020924220743829744
-0.005936612410023445
-0.0011184036728604438
-0.0006268955445631874
-0.009490029667614003
0.00014763742142562668
0.00018829771172763657
0.0009112352910284862
5.36940831308319e-05
0.001629535451246448
0.001852892994712816
0.0018475036552085475
0.0024430300426723224
-0.004664754041030309
0.002398980537231663
-0.019299776594535835
0.0029504872048540776
0.005054379044248447
0.004966548614684844
0.010203292645157019
0.009925755172272514
0.012556239487756908
0.015138904908177724
0.014981273280666382
0.007286124926183098
-0.021967476185393846
0.007209501992844823
-1.0050660934444676e-05
-0.014142162033959646
0.015142069068990035
0.01025801018846681
0.015181951886457264
0.01143415813133127
0.011422890900433517
0.009637157134687144
0.008794071234489834
0.009072017325341259
0.007285750914031536
0.010068465369137945
0.0030975176283855625
-0.010962633249591795
0.009810557601491096
0.00548345895736918
0.0015945941849499698
0.023235743237192335
0.018352073479698517
-0.014112173670894242
0.009557794928466234
0.00692614628828553
0.006110832012825112
0.006682261679836928
0.0066735524152848075
0.0067372927075355195
0.009156211120448477
0.007939541981863517
0.010886857108053588
0.030232682131463722
0.005916249434894221
0.006623298864227083
0.006998086442978753
0.006274987801463872
0.00551471688607862
0.0043053583317276345
0.0032256439576135924
0.002661315585444882
0.0017417821252143017
0.0006306758917836498
0.0004475371542139305
-0.0343664300110836
-0.02544773176625299
0.013297814605138774
-0.03491779030787891
-0.00672981958941966
-0.004771498362571027
-0.0025530459727514136
-0.0006796662586879985
0.0011489499994447568
0.0026562239038060045
0.0051295651749156245
0.010691354567735482
0.012975813294786847
0.007804161078295596
0.0072332552459363365
0.006741655012598377
0.0073746558119943805
0.00839362160830604
0.00830887035901492
0.008496856339205439
0.011676184336750366
0.00859093823622474
0.009923949644282537
0.008023895520980458
0.016203980508619542
0.03553593700795417
0.008170271346432572
0.006969307674236402
0.007934473651147873
0.007671761674873772
0.007401140252598585
0.007167059641472253
0.007809800950442337
0.005089384952235162
-0.011519384803933412
0.008267456234524387
0.013678939227698141
0.01301450593044909
0.007236785111184428
0.006474868770221527
0.006892909238654374
0.007057816121623129
0.0070166700581429705
0.006053368405652283
0.007178007195668662
0.007208563837121041
0.0063920333961348585
0.006454042164148205
0.007364234094970643
0.006459548038409894
0.009229083583170485
0.005648396444309911
0.005480323514295941
0.005844825307086176
0.005453895190903687
0.005122914209654449
0.004679007027725502
0.005694308515707076
0.005492050902098052
0.003822965604924104
0.003534400189173429
0.0058649150607201946
-0.004905820742290223
0.002191967015781408
0.0033824194545890216
-0.005006275623542358
-0.0019325194711712751
0.0018635435767785046
0.0016476740641110448
0.001542138781374315
0.003145290110406494
-0.000955819494425873
0.0007278517953988454
-0.00257811452289598
0.00020987692532603775
-0.0011342008888663867
-0.002289866496698975
-0.001298441489239967
-0.001088905944523553
0.0011435558160573156
0.0009500437671659602
0.0032666400249940037
0.005527926213833461
-0.012478652228565035
0.0027370335285626045
-0.006248150183523228
-0.04772806135008142
-0.013500710422075402
0.012517139705782498
0.004090128926161849
-0.017828742234830244
-0.009665122798696656
-0.01044164342187115
0.019055402741684963
0.010217245838087235
0.0023082902874590446
-0.002992395306635446
-0.0009840313456582874
-0.011624836792538343
0.00019855670083186757
0.0006023237323605987
0.0009450106126873409
0.0019012762253282703
0.0008602131383328291
0.0010049555954760852
0.0021276649019488646
0.0023009981801973365
0.002304912907877208
0.0022306292469148363
0.0021059611714665635
0.0010172813852326143
0.0030367311916408924
0.0014688489168405777
-0.0007011526381127703
0.0024476136160826736
0.004032126877608502
0.0022938374545366236
0.0025584651318140117
0.0042204548177575
0.011946240129252522
0.05097127502788197
0.0671488403460542
0.027667764728506163
0.005983754035097172
-0.018507038444622346
-0.003808762543544785
0.004341081293613406
0.003198878219718719
0.003634875451325284
0.00413890022341049
0.00438452594468888
0.0044409293433115065
0.003751321137501329
0.00362028567855558
0.003358489585156988
0.0031356072563092463
0.005923830114222875
0.036070240940495435
0.004322886935750513
0.0013993613685945982
0.0003260825705360979
0.00018667294225872377
-0.003476003493277624
-0.009371634290921499
-0.022966228445822332
-0.03868288231615757
0.11444737141035202
0.045371688674589045
0.0001835225369209979
-0.03587086450991266
-0.018466819478941524
-0.007520405965068977
-0.003037218252105056
-0.0012866567302205981
-0.00015189298672064686
0.002109355756172372
0.003473680235404597
0.0036958151761365622
0.0035869290115498305
0.0034089760445835033
0.0030975839078564655
0.005165016670944767
-0.011027916516824027
0.005084752565188847
0.0029310263159623797
0.003209529890716283
0.0026142835203622115
0.002462817108462714
-0.002137200696009161
0.0011266570254733646
0.004654404311269669
0.01110877192811307
-0.05036144638222279
0.0032705462215573615
0.003020066925419653
-0.0026177757898512037
0.0020102080769144365
0.0013854204376883492
0.004887898553535133
0.005133535205576586
0.004636863395024326
0.004162733211668143
0.003523983065018513
0.0027265513576441207
0.001830780705575061
-7.322353224816778e-05
0.0039884589199291305
0.05731076117694792
0.0005773748638906541
0.0011480381977283618
0.00027767000567692767
0.0007592564888817354
0.0012179887558450336
0.0035520082624305267
-6.51170061461808e-05
-0.00040104640134145465
0.0039426728274203
-0.00168756120175349
-0.0004151199304432604
-0.002007947009418292
-0.0027783648270910894
-0.0033685676112769464
-0.006813793101098963
-0.041930824204577374
-0.03672472136576563
-0.07382884335969352
-0.035252865436465095
-0.022492377209130752
-0.008467074157223104
-0.003418378315699272
-0.0008671207143740385
0.001754177847140124
0.02323904770537161
0.0035442643541088396
0.0030820511963902844
0.0039909680825592955
0.0046431432257561175
0.004947886600278965
0.0043050052027100915
0.002474733226758533
-0.0027057086845775086
-0.017801782564658846
-0.02228801483923929
-0.017618429709747613
-0.0015335203742333648
0.0034638530380608533
0.005279393634979323
0.005351425855623731
0.002598617188207182
-0.006966288097080088
0.0031678779493725666
0.0037596599151819275
0.0033919292499459963
0.0029307971545479983
0.0023574970925488727
0.0014337734695495901
0.0017008592536918868
0.009338977650110925
-0.0006657052063558352
0.000837142405993448
0.0005858493713638085
0.0008687222979784315
0.0011112469674344433
0.001235204834671382
0.0009414955152221495
0.0006798548688450945
0.001427222809562997
0.0013604271781065159
0.001575978470084905
0.0015312858994147402
0.002192610193707141
0.0026352739523000618
0.0028262674246001987
0.00823659114617057
0.014435678366344606
0.020938557567671365
0.002347147814154113
0.0001279365580519994
-0.0023437130740349057
-0.008589942335351595
-0.006898327106440143
-0.009169248076233736
-0.02218680869821718
-0.003701166148793314
-0.0011094602932095318
0.001245283922313952
0.0028384080607939625
0.004046456897580016
0.004960625580830365
0.005613206855323723
0.005393036115323181
0.003079587264071349
-0.010254384624901865
0.0036914623181483583
0.005659520219989409
0.005530413348904488
0.005252941550914824
0.004406878995370928
0.0050805126707027335
0.0074199002523615935
0.006569283561521211
-0.006306154667851543
-0.012110414411619709
-0.0006675364292056027
0.006399067931639888
0.0138564715834922
0.0024656549021031394
0.007008265507593942
0.006476697421006524
0.006103623037044784
0.006071432742173866
0.005785238835258727
0.004966107047766062
0.005311630812721875
0.004972960697757354
0.004426517128986758
0.003755657642850947
-0.0030801518241563236
0.0028283502072262426
0.0024769814184670384
0.0022627009160377113
0.00197237789771325
0.0015690555293852622
0.0014400550338214755
0.0025768886878642654
-0.01623365879873997
-0.00534451458929181
0.0016197925157362834
0.00025383708996144067
-0.00016363393587922874
-0.0003861510782837341
-0.00012095013647646991
0.006236270276712332
-0.02337047394157558
-0.02021000711971785
0.007856651809273982
0.0008002848377980804
0.00034118359019253086
0.0008634262322522719
0.0013239245297190624
0.001706592760478941
0.0018716645407260194
-0.0040312964159196765
-0.0011712188443097592
0.0011554145128392097
0.00044523639035444165
-0.002844426840827304
-0.0004748725073113109
0.0007148043186189634
-0.0025590540234111227
-0.0011587659499660197
-0.0017652771474338678
-0.0013972192180977288
-0.00135476674025437
-0.0003011015202179655
-0.0027489116812615083
-0.02731385493383805
0.0003492201393816306
0.0035762101775280385
0.008901296121154707
0.00535639498119118
0.11943222629983365
0.010711364782507638
0.01317536678262181
0.005322011932102448
0.001177005530230489
0.002404803686464461
0.008985668103201838
0.012418103080971831
-0.004516489183082352
-0.03148977024914792
0.004292264057543236
0.023649350399877343
0.017829731760269786
0.006507197619550531
0.0006753666138842818
-0.0017326271246996653
-0.0017465252196489783
-0.0015965172243144572
-0.0013299083212256482
-0.0008425972917210714
-0.0013954824939551495
-0.0002078138210059872
9.405138028748652e-05
0.00010483123061349045
0.0002824122676076263
0.0006111750465174015
0.0006017649095378454
0.0004888405245759348
0.0007002202955199668
0.0007102235499668174
0.0007431673020640474
0.00046492863566041485
-0.00045550561840089547
0.0009142388876210336
0.001252129114892704
0.0013302232935252457
0.0013535113182558877
0.0013371419356878803
0.0014495403483049066
0.001428260215447846
-0.0024090474390859842
0.0016811473472961862
0.001837456052502308
0.0019182666561398682
0.0014364617937206513
0.0019230563192687731
0.0020488724316606918
0.0020832738226006266
0.00215356615257829
0.002419672210969694
0.0032099603277821473
0.0051113989340843555
0.011069424147870446
0.018343813714094114
0.024154275490006365
0.029030555982973022
0.005676422589973899
0.0190878145781542
0.0199433222310237
0.013178005508745639
0.006582510252511019
0.002828998122126529
0.001473344482417221
0.001057748734424103
0.0009640236227492251
-0.0018864356468429428
0.0010599791938258967
0.0013561268634685003
0.0015505560331574052
-0.001559960671810806
0.0020308998877817904
0.002261053031918037
0.0024309133504565776
0.0027382037210384965
0.0030618222670559785
0.0034012157057795437
0.0036367973134523238
0.003720761851502364
0.004148880548334166
0.004056835956259803
0.004428777145073806
0.004610670884362283
0.0025712584817462023
0.00471568667104017
0.004026398044642796
0.003639902180412075
0.0043314653253832824
0.0030880429113341575
-0.0014622207410429414
-0.022802427372311536
-0.055539811832572256
-0.0590188367894821
-0.009984077460706892
0.0032821086802458013
0.0033588089242122597
0.005429403660542679
0.00841025812745464
0.011414514379352083
0.015348286918787328
0.015562435640478718
-0.01445779057116842
0.03477929885966865
-0.019576083302375244
0.01036768190697904
0.013091588861155775
0.0420552407096286
0.036238622696638814
0.005527701644787612
0.0003571202665458605
-0.0013033781479375244
0.003631076809200573
0.005658836370657202
-0.00133975787905873
-0.0055068725790090485
-0.006910552851682182
-0.007630787745722226
-0.007106497798814063
-0.008426159911414495
-0.0099334979380887
-0.009284151943313352
-0.009531560620425102
-0.0090731438840653
-0.007822483285813127
-0.007540094001759305
-0.008227864969774283
-0.007435087461519503
-0.0059567730917972125
-0.004021839256081292
-0.0018012762784745144
0.0008236284714192415
0.004502909659292405
0.012971419222987909
0.03352109414164324
0.07659138178242925
0.06724989624426399
-0.012141570366876117
0.012946686049476281
0.013994047068648586
0.020648552339991525
0.013982310495160029
0.002469042912628494
-0.004998739499275187
-0.011323044137208275
-0.015969085883517104
-0.019613506178230124
-0.023163864508644466
-0.027709708867877873
-0.02889552696511603
-0.03632879064604831
-0.053377842271373335
-0.07504600066695984
-0.041294062348360534
-0.0560571116105845
-0.05855997320977977
-0.005137465453040006
0.000659782215088548
0.008638825007300436
-0.014828410505406108
-0.020192108497673077
-0.013343592514852167
-0.01415393438767007
-0.01303382904258372
-0.01180635304681063
-0.01096249181701853
-0.010211300443764877
-0.007277019072817741
-0.008926407431582045
-0.0071310224697641285
-0.007766949471833344
-0.007207017018608225
-0.006765470385369117
-0.0062293528919847956
-0.0032932472448615555
-0.006151631458959284
-0.0047843454147999355
-0.004969519055797389
-0.004658651077092423
-0.0032234640429172363
0.0018351912255385205
-0.004218377783217111
0.003263323142762174
-0.0012668096031935177
-0.002208457198134767
-0.002964369762111901
-0.002890391717328454
-0.002423026084735494
-0.0017681631081721352
-0.00497381774467597
-0.0016353430300488194
-0.004641928920889279
-0.0009362380845223674
-0.00451724620765413
0.00036338642982250213
-0.0010945318397046955
0.00023570550018863393
-0.0001727314541448392
-0.00015271366379592102
0.00035029021061507156
-0.003312302873968622
0.0002620004925203066
0.00013352674183169687
0.0003068527437877321
0.0014062660720990715
0.005261090883528579
0.013909861678601861
0.013116771657015582
-0.019367460360979787
-0.0063961909628071165
-0.007694175998611483
-0.044925643832823665
-0.0015105946375629283
-0.0008516415099921739
-0.0015512358005990582
-0.0014490056588589112
-0.004342156996392327
-0.0012064295998193608
-0.023613417641916573
3.9379827220331626e-05
0.0033275180810962844
0.02276899201257379
0.021723983396799765
0.010665020755333857
0.001750195394970399
0.0008192038304245537
0.08347397850806643
0.006091164018356208
-0.00021693719205196363
-0.0017859640214591779
-0.0026222019372693635
-0.0029637534842279346
-0.0017347761617271117
0.0038232091859130473
0.01636868611382635
-0.02587813665091599
0.012935984312013161
0.007089920364475504
-0.001677907848853766
-0.002886157563487266
0.0074977511005800005
-0.001366900336016918
-0.00027970068828012806
-0.004641651986218539
-0.0006827523500012023
-0.0001965989586802041
0.0005346566570052017
-0.008228113044936237
0.00040707340552767
-6.155240220279117e-05
-0.004206163731943331
-0.0005783561527344638
-0.0005175144528096429
-0.0003651879930912948
-1.2994447931973262e-06
0.0010534584803529071
0.0036041051353051384
0.007454754524166258
0.0014402066910014482
-0.03131921706130801
-0.021907402549497808
0.015599443143862838
0.024267342507461404
0.016994440835318318
0.005784565441398671
0.0005956773587486966
-0.0005737708538397484
-0.0007531876261408418
-0.0030896102867325956
8.9722658553468e-05
0.0005048459882340608
0.0005737450652596615
0.0004290952988331233
0.00030949400025560294
3.7391748292606373e-06
-0.0012232490640234593
-0.0002017610308972284
-0.0003319138934652273
-0.0004562662406183326
-0.0007123769178964034
-0.0010286383531673499
-0.0014285436964102025
-0.001623164009607365
-0.008496818615057026
-0.008916875527762087
-0.004820353810540669
-0.0013342228573015528
-0.005800509229211003
-0.003536332383576243
0.00011797121148530888
0.01107062294341106
-0.03767457061680939
0.007796363842066738
0.0010492279637035955
0.0017090514629892499
-0.0015344515565888785
-0.004945442026511145
-0.0006830891109826038
-0.0054736342738021864
-0.0005713133499275168
0.003794882259280348
0.001021847972494922
0.0003546340907102684
-0.0005978934533584331
-0.0007718424596026674
0.006007667917561959
0.005330671518493723
-0.0003940062511810615
0.011684403850115661
-0.004036651613404568
0.024236124278800775
-0.015552166039500345
0.001960462244872515
0.003953285872150699
0.005029830625285596
0.009831699033689044
0.004263792760362959
0.003863264686989247
-0.0038001974259142457
-0.0025418259570909717
-0.004646465195963824
-0.004295282298686534
-0.0004499382174770619
-0.008770932969535046
-0.0005228192364827619
0.0010834619130265985
0.010260530750026545
-0.017850244939112272
0.014681646019684438
-0.002185259950822567
-0.0058920712877784985
-0.005513177088550249
-0.023581933886899144
-0.004628458325137736
-0.0026198332590348142
-0.01329768436103623
-0.0036930533385494324
-0.0037323744185615904
-0.005213567514323395
-0.005814243040966151
-0.006070418500013231
-0.00674569202934527
