-0.00010743732955469818
-0.019216212819045626
-0.045363789365425136
-0.010692837430765401
0.013442613639855237
0.014523173404427563
-2.9178263483427517e-05
-0.003149854466406606
0.00287803781081418
-0.008256155998001322
-0.027856908336430276
-0.0014477334890909631
0.027206158826023518
0.041121048056187375
0.02515618690621985
-0.011551652477346339
-0.0412713384505527
-0.045102364651636244
-0.01567127371788383
0.02203629932041801
0.0010575737102159729
0.027001831341035575
0.002082816121392784
0.011290050345981188
-0.09213844515200637
0.0022015480825518393
0.0557398366252223
0.04399402159984763
0.00946854334974252
0.0006852636537886094
-0.005171908513467088
-0.02184149716005749
-0.017678951131338997
-0.010655775853360501
-0.0032877403302243174
0.002956832363961317
0.052148080154405925
0.008523291443193396
0.0019436491646763166
0.0025625904995727903
-0.002781268592170981
-0.008844611224592673
-0.014617565442733424
-0.02075953516946228
-0.02351283308580098
-0.022372350191549883
-0.017378094702125067
-0.011330438272337416
-0.005733670715146975
0.0002074450164471433
0.022586897304982815
0.04170958955088086
0.10698711359792053
-0.00724950847947347
0.02462218512767249
-0.005435525974814616
0.12651412713997817
-0.012568289878272644
-0.099185381323389
0.1097476644762975
-0.06482225842639938
0.08099453003831976
-0.011941189525560584
-0.011614196376565517
-0.057243723311206994
-0.0036578342848726762
0.027206083921693658
-0.05107356164999958
-0.07483835894542357
-0.04003127494607651
-0.016806634575878082
-0.0013483105478016312
0.010428135756888675
0.021537553666548772
0.03275047464114491
0.04601360172207115
0.046895000769978046
0.04250062736336057
0.016006373417301215
-0.054965005909687455
-0.0982987725831952
-0.10386823712794668
-0.05162228686837693
0.016525744911936154
0.055918643665924306
0.0692244289893535
0.06488130716504564
0.047274279463556446
0.03309669239749012
0.02505663224199826
0.016733277814941123
0.013902065588823613
0.005584598961492844
0.0024737292140876136
0.04771150225957061
-0.008822145133151871
-0.0049193804651634105
-0.025446151771590386
-0.04468018781534884
-0.05245819245828961
-0.04394946863835225
-0.023387243330740642
0.004112939679783224
-0.024587711662486394
-0.02076479803350111
-0.02559994295676696
-0.020090570084419793
-0.011135212804028903
-0.0009794857994509928
0.006518142752263891
0.0142352330087762
0.003560860883100727
-0.032001995265003795
-0.04952224763100858
-0.029053930243026972
0.08072599066006021
0.04478000418368771
-0.06094680709883168
0.08199630810189239
-0.06609688432875213
-0.03268661697161354
0.01453647068785869
0.023553298620571123
-0.03851337191197403
-0.052299739377287886
-0.0018625943539610336
0.0344720699485773
0.04250274760533171
0.04445408949189863
0.04712242312238612
0.03297225418742793
0.009566110067984574
0.005032923277752511
-0.0073013777752304245
-0.020425181530461807
-0.01811011878104367
-0.02284492207871204
-0.03704622659634032
-0.014745007565875917
-0.012229171450008503
-0.029147587124506883
-0.0012361262424818939
0.02518863434845225
0.03588732076289205
0.038255598420627604
-0.05348036677655515
0.000867805466434599
0.006117864472592646
0.01171777674224315
-0.0069706364159077576
-0.011381233196564219
-0.022052476822947975
0.008766867268517884
0.019851705348216682
-0.0165316354487395
0.02725548569327156
0.0176349865688814
0.0241431131134973
0.024424562878457037
0.022798004782457495
0.021129915613273768
0.018356878107614168
0.016137736701679263
0.013143556829240816
0.016483158874956452
0.034281957219286424
-0.007759060962482563
0.006367627450048627
-0.007665235840654297
-0.0058099110231737555
-0.012447802814184622
-0.014884598882122822
-0.01254978047705244
-0.007193771581703547
0.0007313458868440037
0.010254754891178618
0.02722771432995203
0.03149498211489066
0.03938677151725573
0.03799145713745254
0.026671682388603256
0.019952995999221797
0.004486119649825657
0.04736017977186751
-0.010267298344854408
0.026870955098194226
0.018259261743369115
0.024713967904912214
0.030120869637367036
0.024902944691355428
0.012887857773855786
-0.0020244496296529
-0.015204550820782597
-0.018987800015375405
-0.01922097392500074
-0.01841822332317566
-0.028039375423077634
-0.044265055010453434
-0.043043817912200966
-0.05206879062681712
-0.055392805286668054
-0.04791962560030784
-0.023804515499713238
0.07092494014313855
0.06698727277430444
-0.0219825064143538
-0.04432852738667177
-0.026785671558007436
-0.01766032218242226
-0.0347201597109682
-0.015837917832740543
-0.02673102475816856
-0.01360230793869829
-0.013786217217665613
-0.0062045709134627
-0.003603338062709747
0.0044743841183215675
-0.006768948064961271
-0.008924212246020847
-0.005328900309533002
-0.0034462419110697995
-0.0036190923546441877
-0.003702367173998543
-0.006209140749015826
-0.005133790523366096
0.03249039154357586
0.02724778874104876
0.014731742676210411
-0.006316847272061231
-0.005011518629563765
-0.001591284677968922
-0.03543881663690803
0.013348912481539221
-0.028188166174223938
-0.0059470530289269016
0.002348687571316171
-0.002081237159626286
0.07155918012218873
0.03153520308279356
0.005771025548015664
-0.025322437232728014
0.04411513413509194
0.04440443719928004
0.03805714568717046
0.00452528614324222
-0.002595456878567611
-0.010225139824295869
0.00280060691253772
-0.014513414264188009
0.053804199964450954
0.001899014721700636
-0.011608611626640761
-0.02210622214373043
-0.012778104538158818
0.006646834483182321
0.04141971869436515
0.014567175391235691
-0.003095079002115
0.0007557061201683296
-0.02276032926549951
0.006038281240628399
-0.004402201303223428
-0.0030386826636372628
-0.013652550167854709
-0.056988116957471455
0.01268989767364946
0.054430935727701656
0.01575708145042709
0.009859509326821135
-0.004123085016073599
-0.003268655582688487
-0.006333404476278809
0.005609876458624284
-0.011609710466099245
0.00912311517373736
-0.0033646245087273585
-0.02321778719802984
-0.019564530328216843
0.0011939502803355276
-0.0015528552101053055
-0.007023526925264196
0.008642762983300674
-0.0024939729634581563
-0.012703921486481222
-0.005162669865687719
0.0040979253775109085
-0.020148687588256442
0.01371839177705735
0.011728604421928104
-0.06441282630730434
0.009262276617111048
0.027954187604134696
0.002159752156802016
0.0007725350139885088
0.009131264782149765
0.004685677375028792
0.004124130314303652
0.0008236877255607072
-0.02695911859250865
-0.02314149913763802
0.0048050434844242864
-0.006460747606863943
-0.009386539171190872
0.01685622715605371
0.010697176344704847
0.010004645170821435
0.004128701945378684
0.004712501337879542
0.004884460818552785
0.007501100685615935
0.02759798988979268
0.020979687001894665
0.008457485212344091
0.01988528201423605
0.02907967115365714
0.014247044183457768
-0.04471831358727619
0.018875666528585962
0.027773585098915705
0.023694432261888134
0.028361645880701617
-0.014834925138175062
-0.030704617669781723
-0.015465001334270586
-0.020438818426388127
-0.07261303423663742
-0.06100800292270622
-0.05783615593644717
-0.021378274794966387
-0.017605505596469832
-0.01174494067228262
-0.006654967849037688
0.004155346832208367
-0.03255805329485356
0.004190019351256821
0.00331357073801201
0.006389655285502328
-0.0034843278296151983
-0.004213920944763694
-0.00471169868190603
-0.0047700509857144325
-0.006614201689807587
-0.006973431183019242
-0.019919425017026742
-0.00656521932735851
0.0038301184439826215
-0.00805845465030724
-0.009181623531114548
-0.010163407516604248
-0.012699985577506371
-0.01413774416154963
-0.014813161405416752
-0.023230976387405226
-0.030935649624531433
-0.010923179710623248
0.08372861069575452
-0.01618032008220817
-0.014978331453340156
-0.032788493317641706
-0.016869543230601955
-0.021721137845736198
-0.008362513387381004
-0.004737880989949078
0.00045772848476153004
0.004301323720477772
0.027765681375223075
0.04691089202266287
0.04423827529318516
-0.007318195523693756
-0.040971838165520844
0.027293043037761533
0.009434029163133847
-0.006722399858313422
-0.00951663124739339
-0.008174559787752538
0.00022179427210884155
-0.006129204607043346
0.009612845195480047
0.05882704833670782
0.03458013885957529
-0.04264374156228674
-0.03742057860290859
0.06805154337301325
0.016591724526184962
-0.004514915826591346
-0.005302631301544607
-0.0027588314316016743
0.011849491774302532
0.007195800173254078
0.007187423420483724
0.01695895049119524
0.014011441847852673
0.019178758242885934
0.001350447021869697
-0.005175443468210125
-0.003987959906172372
-0.008751922894927336
0.01523197154957109
-0.00922586916767653
-0.005694916246413901
0.0016367967169447842
-0.007910679293929187
-0.00459377431901002
0.013006418976665317
0.0036695798312313594
-0.0007295258542801697
0.0010695871549587365
0.005887953796758852
-0.007343829542875372
0.014705362942924835
0.015379519611609955
0.019606611025487945
0.025538447595015428
0.07623330321844124
0.006714638248222266
0.04406036248608117
0.04655612334588702
0.047824850200932904
0.04083031146899302
0.021945509409975677
-0.017766062058500218
-0.05747639383496994
-0.04224235831841146
0.016988364152116044
-0.035949199239188316
0.023581210761828533
0.0010180693981441562
0.043255043186948325
-0.038393790273375784
-0.033868460775428946
-5.4609877463771786e-05
0.02242862026874288
0.025481880231659267
0.017250804510616474
0.011632845090201337
0.004172171410253117
-0.011701087585916188
-0.01307497552350726
-0.02013928899394736
-0.020340620633647093
0.01380344395396599
-0.011025021007324479
0.0025690302914808437
0.044151242219885964
-0.00042953601548514274
-0.007824379118035471
0.004619352531164284
-0.027986021513555646
0.012764282521838512
-0.011372455072001426
0.01173127692336628
0.001429881612187324
0.01997853369445956
0.014114293872197927
0.013334770507770813
0.010193025970258783
0.0055226678794926525
0.01053193275729362
0.005448366868852312
-0.008391536806073034
-0.013949884897267771
-0.011713361159278459
-0.01076912380640982
-0.008745366552967615
-0.006794156406254591
-0.022642618645901367
-0.008054766577018233
-0.007790539253451562
0.013140089381549279
-0.03211669058482838
-0.025866925303520395
-0.018544925800979925
0.00017159058753876607
-0.04587246449903757
-0.0029058148486662983
-0.03771146923755663
-0.09710243694165518
-0.021642183317071493
-0.023044025959593078
-0.01851158098180837
-0.013025816236613039
-0.004079957990691396
-0.005887141690799496
-0.00583254984267235
-0.005041294905810779
-0.014197593685001876
-0.03847845205174397
0.07832734714750947
0.0972277171145387
-0.030670405153774675
-0.02979384560813751
-0.008754795422781835
0.0007564443975959457
-0.011265554515865648
-0.012643864390654383
-0.011701106288700974
0.008200161838899132
0.015404902340681556
0.005314032792235521
-0.00025070071143611734
-0.012418016790960244
-0.012870701499711805
-0.010345742084269962
-0.012875071215453874
-0.00990845290906564
-0.010735809719927932
-0.01167869684404653
-0.0017275427420525567
0.051143751712915395
-0.01727435233250589
-0.004226648609439234
-0.006287862765412311
-0.010424799321482369
-0.011055477047346591
-0.009335763686650718
-0.014345781322634097
-0.006674697706971827
0.004275185881777453
0.0010792736986504473
-0.003565741669520236
0.0364916194656461
0.0011767684773144238
0.02165460116703156
0.020162064606540717
0.004357120041776888
-0.005184442066505393
-0.005520973491651457
-0.004496218762860886
-0.004718824802455476
-0.003373684314454259
-0.0020142461879266754
-0.001114245125820923
-0.0027190339552145373
-0.002028318217179096
0.0019770310200340185
0.00031397825401356964
0.004558195505720142
0.0007227617499949008
0.0017346883566461493
0.004996012813497846
0.0053587054849154984
0.005005580661842551
0.005892996896527858
0.0071438990321657575
0.008731835769476589
0.012685993356368835
0.015482036512843977
0.0007505573174072865
-0.026727437783285034
0.022928356464227986
0.020540278655112806
0.01698511774893496
0.007725400571181044
-0.0008320790240381251
-0.013792712255757178
-0.006812103819811296
0.04993788677639245
-0.024436877085489996
0.017318376981665412
-0.023348319872497685
-0.023337098449330643
-0.004571964731742477
0.008214616109403453
0.012349570967097198
0.011674344302140358
0.009252417097805965
0.008650114706373902
0.005434031442855785
0.0005332744623907376
-0.0015613138872345525
-0.0005888374639072888
-0.009056472112579633
-0.005421966381579486
-0.0041499510820831136
-0.006920980775932525
-0.008340599463038592
-0.007504890159099178
-0.007643498140395139
-0.00963525841204115
-0.01045088601067047
-0.010789650284548789
-0.00970715448318675
0.003960529278373248
-0.006320971398763322
-0.008854361620127022
-0.011179699168926027
-0.011345498694890389
-0.011215939352223968
-0.011319233549164441
-0.010191275828293737
-0.00894464525746657
-0.013896058582999055
-0.007030883475394081
-0.005322680926231392
-0.007327915969465081
0.0022327605153960096
-0.007005311445690944
-0.01163419817782121
-0.009545542004186376
-0.000573794088134804
-0.043252121670764414
0.0024752204774434153
-0.011075918097211639
-0.010712504323376585
-0.012519039979673132
-0.013283243191281902
-0.013812157378535734
-0.014138405565653522
-0.011775546227152519
-0.009600458211796831
0.01562956868598787
0.015311438624199977
-0.0058099461299590946
-0.010866135095567556
-0.0054504875974385365
0.004596837175857997
0.010191473319598401
0.012487842071354446
0.004944045208901062
0.022366181300962764
-0.016529402293558978
-0.006927533887465182
0.04081527544059379
0.00949205100434176
0.017989433778546136
0.017828822916311295
0.010956341326037773
0.0015199608525403854
0.004148048531785395
-0.007859348387800346
-0.011480857587907737
-0.012085324270726538
-0.00015364874560815816
-0.009536274789260626
-0.0027180182754353204
-0.004759134871613912
-0.014826736760385139
-0.015304098973751417
-0.008196145210104429
0.022845090746658678
0.0017501948396335505
-0.010385096022048273
0.005263000457285727
-0.0008186879991596019
-0.0007443642321944906
0.018513367130232532
-0.004507458914630686
-0.0009992529904327184
0.023798812521323112
-0.010150908914624088
-0.010569302550325893
0.011784802919965549
0.004975032799938413
0.012698864215537077
0.02074782102579409
-0.01621798710594966
-0.027290370506474513
-0.046164723824513275
-0.013074459042920343
-0.05819185103243873
-0.022115546148922898
0.012963380324069199
0.01539546855295094
0.004082100270267143
-0.0020952726461774176
0.00409740814132334
0.008016422993525276
-0.0037422493343950455
-0.011266003068377578
-0.005529143554498466
0.01999445282345249
0.007089829867921798
0.012472723110580463
-0.004721022133360451
0.012778088214623149
-0.006466895552118107
0.0022188635446214688
-0.006290620125748055
0.024488915692895994
-0.004054723799180405
-0.0045879106893748
-0.004581727860146368
-0.004306079749155516
-0.0026699961157025413
0.0001274762412923212
-0.0029087666523446533
-0.004140443664428523
-0.0036433747580166785
-0.0034606874855724577
-0.00360208399020947
-0.0035286954295984515
0.003539361859705421
0.022855545583865856
0.0329998022003621
0.01800236536377755
0.006999033769702665
0.006389079570682959
-0.003353718804897246
-0.0029746199546759255
0.018016064104349725
0.004332980359568562
0.028896382261856392
0.003662198603928041
0.04901096116157087
0.00035819868821709757
0.002099739571873838
0.002566794734191511
0.0031232220832007177
0.0060560765164826644
0.005907020331300494
0.007392448309558224
0.007612595404511501
0.011624360546532783
0.022542351350128526
0.05142534092760482
-0.08380790387642147
-0.008735313446538101
0.035123114478694366
0.011998374178097846
0.012473603422847092
0.018529601012669712
0.005346516185342078
0.005840695125000996
0.019768026490977003
0.013371766366247087
0.005235050842256957
0.005164217591006072
0.0063508145491785635
0.01482647717333619
0.004287358430777937
0.009301434486953536
0.005932727380576674
0.0054798887068870285
0.0061401190240212445
0.010583137282317917
0.005569467644637068
0.007732209820665964
0.008205071554430288
0.009196358561694082
0.011010783260891143
0.016847002811826363
0.015454897454729543
0.014819096711785305
0.016575715375007048
0.020160586108352262
-0.005205428495238587
0.010809254246769612
0.014534929626277449
-0.0015741606982741455
-0.015355121114382326
-0.015180038381623368
0.0038560177234964687
-0.09029435667646259
-0.010603054778795095
-0.030843300143909232
-0.027666907850856886
-0.007247058708023233
0.0071783564453801
0.010021019317185168
0.00840326006015681
0.0057441841435142155
0.0025568740931586845
-0.0003058874546079342
-0.002619321800350881
-0.00436577073572641
-0.004805154279279815
-0.003528037821804628
-0.005943397510162929
-0.0075238016508059734
-0.008293976574052925
-0.008456546407398503
-0.005048626200050157
0.013266649860378888
-0.020460116277590073
-0.0190051297211323
0.019086647432239066
0.012678317350224245
0.003109691878754248
0.0013686433427924302
-0.0027666234938147796
-0.0008817980076774354
-0.0014661963072679818
0.0075786930213174635
0.007344526987079682
0.005930493969786813
0.013957434682771051
0.0013906992451956535
-0.0015740568888982234
-0.0016526830805857812
-0.0016558298588165844
-0.001130457550852248
-0.0025903504884973606
-0.0005390199278296475
0.010490964590691106
0.0012772978392666826
-0.0017949720714807512
-0.0005018521825345644
-9.396452425550295e-05
0.0007781279543372733
0.00037711770214584543
-0.0009956252117267698
-0.0011414559258972196
-0.00042136784005186565
0.0058696534482438915
-0.0028184016885275448
-0.002401785352003509
-0.001039925020729822
0.011760650925853834
0.01794727782002827
-0.0014475786315903774
-0.004222383997453027
-0.0016493935633650244
-0.006752072098957082
0.0021375380775597768
-0.007909317903261569
-0.007600626115646354
-0.00799681499678287
-0.007498982764675147
-0.007225407350360924
-0.006614868003577586
-0.00820559689630926
-0.007134243907391904
-0.007802483734581835
-0.007702530370563495
-0.00694095943695815
0.004500586295309271
0.025250871241237306
0.025774067204148134
0.028763727008277177
0.0035662398560714977
0.0039047331051702792
-0.10562089177906414
0.0067720956918883475
0.03679445253008094
-0.04335760658447469
-0.003934911132607891
0.04212067845980494
-0.000553862314222326
-0.029615257993965693
-0.01760784269339861
-0.06703944972480377
0.008227998333077404
-0.04746116926613146
0.07393268923971147
-0.004497879092672662
-0.03332574599522903
-0.03140314619768149
-0.021187860540337167
0.00466694257078671
0.036279226686862225
0.0055816675068765444
-0.013298375871590535
-0.014425386913416901
-0.0056350716281845185
-0.007434335448772437
-0.005390484861004736
-0.002304430469684999
0.006448683263961768
0.08111373561235258
-0.008309825781330576
-0.006636927997832734
-0.03367534310307977
-0.008238358142458636
0.016850028722796357
0.007557069323546846
-0.0031850169056083007
-0.01321996817213577
-0.01263138519765827
-0.014512193253589092
-0.010850933399992291
-0.01662269676222641
-0.01593232626793126
-0.015610279994631023
-0.015674164871255575
-0.016674835193115967
-0.016104727813705845
-0.01624776832302242
-0.016165974235716467
-0.013749913778706182
-0.016847165282875304
-0.01788779003566355
-0.017813369835889048
-0.010647108848206474
0.018232788318250284
-0.011038978960734913
-0.023141087590402964
-0.026323930326838992
-0.027653224666452897
-0.0068237521629869085
-0.011054526328159437
-0.014407834056956195
-0.007818500105825528
0.031685252584043186
0.09044109639742655
0.06696447713630796
0.09393043866021601
0.025650219551571915
0.005878926142143365
-0.00419302351745924
0.003478851819323707
0.004196925639070572
-0.0015037627710144216
0.007409998996103406
0.013006992307742622
0.009322812004693586
0.02120096382920683
0.055971577202386505
0.043088159468291545
0.022142985107033646
0.02629838463260026
0.02831529730210856
0.03479424360799635
0.03145036992144826
0.029120072347970736
0.038284161255616844
0.04470441322231254
0.08080042637216146
0.015000328003521583
0.05143152667467356
0.0224177534206672
0.03315540191116699
0.03702075780658874
0.034953757346042724
0.026442916401755945
0.0213062732445092
0.022436750459894735
0.01608879782526353
0.006736111390931406
0.0003166709487411948
-0.0017530920436555654
-0.004285038332036284
-0.005080417986513129
-0.0019017412120559088
0.0008706312223900328
0.0020563827301525277
-0.006018105584384539
-0.004674023055038522
-0.0035723435237416216
-0.0038470726278186478
-0.0041689702801917285
-0.005461965398212301
-0.0044326700832140135
-0.00401375439313823
-0.003584627629258879
-0.0012454538112500275
0.000608178972063263
-0.002430392094549471
-0.0037940134103301203
0.0012549489346683873
0.01690465439100379
0.003034781899994547
0.006331579255458255
-0.0025400679321196475
-0.0034996517129235695
-0.0034525506628620755
-0.004095306003073091
0.0020680493264080935
0.00027531290176723467
0.012823203929173204
0.012667137353902062
0.0010447815956552257
0.0013304076121798106
0.003863206813351813
0.00664540776681261
0.010447923960466154
0.015155972752272743
0.01866456249191086
0.015061079494264284
0.010634119991062597
0.0663269207601764
0.0057229140377240495
0.011087224938777769
0.027486465527611192
-0.017133750519011896
0.011506211800660538
0.010728594691132803
0.008673454825970798
0.007828788775793946
0.007685948446284083
0.009291160312098186
0.0150546394229889
0.012294244713375577
0.012901904789023871
0.013152464175800642
-0.006261099497288112
-0.013941457027143273
-0.00498900129672902
0.024112701785450958
-0.010782434445205505
0.012290959599386904
-0.0071567166327922895
-0.012535196637147744
-0.0003787731737795534
0.012667690602497072
0.013083882055116179
-0.014315766111520417
0.013504789480661406
0.011822582257528018
0.009349257714950706
0.009708915566695299
0.00791489604291519
0.006986566980370886
0.00852922842411147
0.014795371674922045
0.006942358154797419
0.004146496719038831
0.0035365156987151904
0.0034971023374389975
0.010036828792197415
0.02042575667165259
-0.0005216318739583748
0.004359660960064458
0.0010679582654184701
0.002301130216333603
0.015869500466879294
0.003297965777330437
-0.0007887193851939737
-0.0006236023220612026
0.00949982729129363
0.01237240958318899
0.020863874037483552
0.0004490548898826444
-0.0012127028916101572
-0.0010326703611581172
0.0119353127260506
-0.000284095431324049
0.006848130484103516
0.013833630496136874
0.028213700002115448
0.0433897596710686
0.013405135182685329
-0.0032134353956255
-0.0014632739865342184
0.0003253179850558149
-0.002485001554800772
-0.0013401371174880743
0.004377019377324129
0.005210371532280583
0.00027973651678752005
0.0007958946677681276
0.0008014810111186627
0.0008764695825506264
0.00146689369225806
0.0018394784954682418
0.011220878042093483
0.018522755188769106
0.005429810748811053
0.002494941035036423
0.002107481581739672
0.0024153985587670465
0.007055707798193519
0.002864531838370854
0.0032678065920909976
0.003447819296138988
0.003601160077560838
0.0032881717129481583
0.0036859954566636458
0.004448874872254494
0.007279358347259715
0.012538668115572815
0.014628849109576727
0.0639716985941271
0.013034329477925502
0.00865650333462423
0.005448552022699424
0.0044851699959708455
0.004062209532005498
0.0038480297334505045
0.0041615945073563655
0.008653826488738503
0.017417203306155885
0.005672428489955082
0.004136999703897745
0.004078353333011735
0.004262605518576101
0.004356215645476034
0.004615873522460664
0.005049155859225332
0.005848581806000276
0.006063742012987368
0.010268026759711411
0.007745035778215608
0.007109346523533088
0.007723425184292978
0.008627474359421261
0.011286778393798434
0.010534862289848854
0.011332306814879343
0.012365277867008055
0.013117333093374811
0.013345980298268716
0.012469478281601824
0.009595863726983934
0.00424634336262273
-0.0003898931590269411
0.004393977342388933
0.00394525407461236
0.05214533092099091
-0.006287286204920141
0.014523641919705458
0.004219040528782141
-0.0005480410032552516
-0.0007925903676106325
0.008458502702755732
0.007950715732636747
0.005659941510100927
0.0013206775956462024
-0.009250267989499144
-0.017265151190935246
-0.03185183180683881
-0.047976792329308966
-0.0407459387309604
0.022753645393847898
0.1116021214612329
0.055448037111676465
0.006270268857566067
-0.037245216921374544
-0.03530924675216994
-0.02650976653423107
-0.020014669920749715
-0.033118251782255484
-0.08562614282053313
-0.008379791272862432
-0.0074343198864049165
-0.006985304157534073
-0.006405869415833903
-0.005496460861968768
-0.00014165492554836436
-0.0040628647926171674
-0.004589577609989701
-0.004477818484531998
-0.004366553878803789
-0.004781925230789306
-0.006592634173239837
-0.010231274432788791
-0.006639594096210717
-0.017495283185497236
-0.08625144425266934
0.0009171115275360633
-0.011361696608031277
-0.0064091013267905585
-0.003076230206373687
-0.002004123822913018
-0.0017910731389789692
-0.0020401541840090404
0.00010145569413544027
-0.0003544541303410514
-0.00766953943619841
-0.01695773335558258
-0.03977373244918401
-0.046255658103659725
-0.03275477350066024
0.00842115933840224
-0.018637621644832306
-0.009047352305669821
-0.009850436875250664
-0.01650778022461061
0.007642100239322955
-0.00284080789875206
0.009633509445166165
-0.0015227644529970275
0.008195761678088068
-0.02910831036914927
-0.007477259242643998
-0.027932227065446756
0.009467207520812357
0.0029821320155016835
0.008976562276233233
0.012093730903144802
0.011823018141389878
0.010339522249200183
0.006924207601247219
0.010193559633002605
0.00883475091330192
-0.0005604552897383073
-0.0006737385038577628
-0.0015839052138239933
-0.002061188485195277
-0.0007696742823305458
0.002135824445965168
0.058890018979555314
0.0013402601287455212
-0.005741418645634261
-0.004174938640407456
-0.006009499486363821
-0.0058578233934022126
-0.00649276097202471
-0.006881012034404508
-0.0002796216780137146
-0.041826081706892455
0.0014857590153251774
-0.000756773896818861
-0.0020270562661447618
0.0002746706336845652
0.0013407616228754162
0.004739544493762042
0.00452743784460015
0.002196041639926173
0.0002471874414507955
-0.018040060127349013
0.008700314510793672
0.012745950222719666
0.014380324198233596
0.013450972930937714
0.010124045738487963
0.013452518457544197
0.038619642819907686
-0.03801917174789811
0.013104448390161713
0.04126869863456217
0.02952060968977512
0.020423672684250358
0.02303291296659431
0.02023969534871912
0.022444629302282807
0.015340490972937795
0.005710220943753796
-0.005654103637920609
-0.003934754846337558
-0.006898500666209425
-0.007468582369632701
-0.010884805726547002
-0.014167334479645528
-0.01762032738403129
-0.02305082582890161
-0.03164689631080207
-0.03565846467372311
-0.017842451627983976
-0.004762225311454842
0.08055633890851674
-0.024440919358293383
-0.023081657644480568
-0.025624821436221166
-0.01329700562907864
-0.004686179074043351
-0.0011414928538701562
-0.0008694922106974462
-0.0016011444828046817
-0.0025972256814059715
-0.003514976756742113
-0.004417763357635693
-0.005089183632881081
-0.00558244982726211
-0.005927728527446251
-0.005755539130440948
-0.001106315284352327
-0.0003324840265998496
-0.006021257363333272
-0.006466083450430704
-0.004726686876274781
-0.0055158084590426855
-0.006642386770932935
-0.004923151066047037
-0.0005328883946797506
-0.005543962876096226
-0.001565817995292528
0.008473522920145816
-0.003643462195716189
-0.006160367887906999
-0.006427738920159799
-0.006663185109785007
-0.006858059103441008
-0.006676810200001479
-0.006884487003218269
-0.005554798588069656
0.0006010456007211055
-0.003520068720939853
-0.007066114309793945
-0.004240634799715218
-0.006238774770267429
0.0012761317760662154
-0.0010864672241755638
-0.007028215626938414
-0.007802158243113207
-0.008863287087739605
-0.009497596088231511
0.00577595303473491
0.04430331768552716
-0.11568800103198691
-0.012749690578266281
0.0426726254806441
-0.09242616101940275
-0.03696561629731483
-0.007339109195683599
-0.011114054382554467
-0.009558481704925167
-0.007820597283717966
-0.0072155407569399095
-0.005515777252945645
-0.005049391402619506
0.004590982997592421
0.015436318385275904
0.0039422423127248385
0.016743898103982937
-0.008087542776366079
0.002996451304874119
-0.048438346611005365
-0.0364012998434509
-0.016509717784742448
0.005673199798499227
0.012938673044843942
0.012419563730627962
0.010451495019771257
0.005636687306272361
0.0023502173079981586
0.001934908506613539
-0.008387995673508697
0.00462126281826715
0.05398324055766966
-0.0007574764334508462
0.006274270664575098
0.00974604663807266
0.010004129376063372
0.012276225847922909
0.015643766351959534
0.01889265630640476
0.02107289448083946
0.020071441148010797
0.012127566063676336
0.0028890779469197027
-0.00766911763898198
0.03813514321038913
0.08004656827874305
0.00938259461667536
0.034472834609375856
0.007906986541544371
0.01484017040700792
0.021024753148290568
0.02074285090908941
0.016705709572683327
0.011800345967000534
0.010898400544336521
0.0101080029580504
0.0044047580908028044
0.002457962562621819
0.002841097076941741
0.0014694816480649445
-0.0009208463820704727
-0.0039493787209609514
-0.004493272803717208
0.008350674835898087
0.009521036803764085
-0.0023335394840979717
-0.011616574140378226
0.021124535907589632
0.030381206098835233
-0.010073291977505543
-0.008015122528846175
-0.00743076901665527
-0.007909774919521818
-0.008778876366141223
-0.009510631233722226
-0.007023690840276523
0.0011315881797725478
-0.01804346806655742
-0.0016085183624574395
-0.004997181833405844
-0.005777884948394099
-0.008560810155611985
-0.007832833237601594
-0.006753821890261121
-0.007018782847862955
-0.005666253010504403
-0.0072516227771075034
-0.004854908916099661
-0.00517646244706107
-0.004051544613657934
-0.003189384856957703
-0.00259383060287401
-0.0023434735036125137
-0.0010667583082164009
-0.002657976586349165
-0.0018013806613693042
-0.0015945047720612503
-0.0010278336611001023
-0.0008396640631767137
-0.00031094814721158403
0.00033513382293101645
0.00027783426721982187
-0.0006378168020488122
0.00048688138739154006
0.004232455966215386
0.01777687334979446
0.0007307557301038473
0.00238048188541335
0.00014913495938042822
0.005710113198379244
0.0004423932768790783
0.00039316337238707027
0.0005361566433937726
0.004039164198149767
0.007102779168405234
-0.0010936762733296864
-0.004822224422601918
-0.0025313363046948274
-0.000484886890137436
-0.004764728792680064
-0.0005484746791237994
0.003636515886262096
0.006218056894041696
-0.004974747957701999
-0.005732943359233672
-0.003219465707086397
-0.009560916992534328
-0.004176264122774291
-0.006598560154224316
0.0010386388532419419
-0.011490906955504275
-0.006349869240730065
0.023166100803690373
-0.07409906582454076
-0.04875068143582136
0.020416634077580247
0.010750511727912434
-0.012897061092865625
-0.014517967999707134
-0.012118311162666191
-0.012929010012324044
-0.034487909404893595
-0.012845153517378465
-0.012702365348860874
-0.012004635417807642
-0.010220377199222693
-0.010433248803568199
-0.008697516281930854
-0.008015404577353589
-0.00767885724110048
-0.007369293171368756
-0.006955337222853953
-0.0065844304584292395
-0.0080928275239936
-0.0037104559011019228
-0.0029982550972304615
-0.005986043199431713
-0.0020236546159011397
0.003093426717246803
0.0003570736164223766
-0.0007771171665340241
-0.014569648781436762
-0.02932996316055394
-0.013179729739121354
-0.0046374908618604304
-0.0009967973438999146
-0.024192661260655654
-0.044131944156404104
-0.001169907259633328
0.005744239313206136
0.0003440083692204633
-0.0011787251003485288
-0.001380425457528729
-0.0028304045646468856
-0.004693714207707558
-0.0047511325153558725
-0.005623762233911353
-0.007186631014172236
-0.008514458969049198
-0.008826809122099103
-0.049996677625894076
-0.010940074416695289
-0.012839127236648016
-0.014427467497140089
-0.016109949110943735
-0.01738400094693004
-0.019063778811797272
-0.01691175156502369
0.0025464657981402843
-0.02969828572967902
-0.006790977910969151
0.034101500262706086
-0.007200883997628279
-0.016138384605968052
-0.016074778373824226
-0.013102711586380855
-0.010606407339342634
-0.00844867604503463
-0.009371492201658348
-0.010019559291327968
-0.01139637969028563
-0.012657360093700746
-0.012768817295236295
-0.014099566665051987
-0.013619370938601712
0.004345958418726044
-0.013564641366611787
-0.015062431874183213
-0.014296001917522871
-0.014488239696564114
-0.013765905250113985
-0.009317920784450448
-0.016615286685993807
-0.008858622680340926
0.04674909350362745
-0.012345136168384969
0.027939466793249424
-0.0050588217607522405
-0.010920460231605755
-0.008307130516253688
0.0019309278671440961
-0.007620629126215042
-0.009086965482368592
-0.010645079243666623
-0.011755238154301323
-0.01293909659445361
-0.014051226162069164
-0.015521514613894472
-0.01795501700999335
-0.005688394574377325
-0.006387986890759201
-0.0011066702153860774
-0.014128230240255907
-0.01685462137089333
-0.016814269647400234
-0.015529388666872486
-0.016800985711012004
-0.016512896199737483
-0.01633182669558936
-0.011000871418545888
-0.01290587844084149
-0.015921395092507125
-0.01782720381885522
-0.01851527553304647
-0.015241237461860443
0.013300932238440779
0.006566225400339824
0.027319376811321495
0.019678099901817615
-0.008567952310271675
-0.013338447678132418
-0.015972317681698562
-0.014371763263894026
-0.013560972213625946
-0.011546714145200268
-0.03864770018161183
-0.008328958402244437
-0.006477751528889831
-0.0018539292716546786
0.003777478746347673
0.010823243117090108
0.013845485614723107
0.005536587295048962
0.002813982291948514
0.012538583533689328
0.08886183912285087
0.016677371389218
-0.00016602471291366186
0.006145161876277802
0.013511426825448055
0.010307362210146994
0.003917463514384996
0.0009473787538801202
-0.0038496733435935066
-0.005806412672291595
-0.007085729208367957
-0.007893110066170073
-0.008603224952661243
-0.008675783273034738
-0.006829691990442698
-0.002707779196597106
-0.005704607256332877
-0.006705395120190281
-0.007506106027536302
-0.007025772110812223
-0.0065607360008635715
-0.006162921233751726
-0.004611340633744476
-0.005168569273200117
-0.001686993797271463
-0.0061452438875598805
-0.0010702032593001515
-0.002263469702494912
-0.0010048544170290633
-0.0008373065463757617
-0.0028879657049702425
0.016386541733322324
0.029634562742276115
0.037034196393046885
-0.006424745312116982
-0.00229260555305304
-0.0001964688881207373
-0.005577573712331197
-0.0004948904610734485
0.012046109607561993
0.017922533352140512
0.002099787955756534
0.001118972840036972
0.0034821327446200147
0.0054442368088848635
0.007400590609455808
0.009592838960776071
0.011939593151902354
0.013879110987739779
0.015663163227129833
0.009970391744460814
0.014366540439397292
0.01172035941625614
0.008890367456239211
0.005686617075032441
0.000733025654991143
-0.005243068093458123
-0.007303895190012925
0.013080392053926542
0.005067873317638001
0.0015157856228652942
-0.06716813848474174
0.03030085302180155
0.00034466620279158304
-0.01401951199293601
-0.0006973485405264259
0.0003562958106037687
0.0013233492094599183
0.0018516600041906645
0.0017523006400473019
0.0016637930742696167
0.0006377320531169505
-2.5723241078469742e-05
-0.0006571874044367794
-0.0007379471960960629
0.005051980420096863
-0.0006031600582068273
-0.002561153289482737
-0.002680487381718071
-0.0034656535135484203
-0.004200363872726114
-0.005171957630193329
-0.002532104594511777
-0.014415523236777434
-0.009632150969387339
-0.003424396912079693
-0.005030452887996261
-0.004821717388648486
-0.005881330632492876
-0.0055467639551302576
0.0030876911262356895
-0.05000637233814721
-0.049255108516932
0.0030644496774207704
-0.00568227109955551
-0.00235170166073284
-3.639465752118253e-05
0.0011835871304301416
0.0022381337343530486
0.0036012215937183353
0.008549414726723497
0.005661355300319608
0.0048428105547025264
0.004593126405756162
-0.003338603795272438
0.0010815923697743686
0.0052400197898029455
0.0016873464727010885
0.007265993606050712
0.007275715583506444
0.006170713326033995
0.0054565732770168775
0.00598434759400163
-0.0001281132478382093
-0.04229329876126174
-0.0065261004051111425
-0.008333029331017311
0.024379191709101744
0.047558377084344086
-0.10810234366417094
0.04715062671680604
0.03226359537253441
0.002697784950237338
0.00026096547100556603
-0.011279281846613925
-0.021750352836825734
-0.0024356254631262577
0.030918252787858497
0.006912233809509003
0.003333552475482444
-0.01657759295022913
-0.025967418866807656
-0.013863137904031238
-0.004020807681484722
0.0005693457432374531
0.0012913904065031392
0.0007702040930015469
-0.00023492968257557973
-0.0005926287126601428
-0.0005650834628916355
-0.002169176114335892
-0.002636448918070289
-0.002899941784088267
-0.003569973948755176
-0.003208894298294953
-0.0034357711341921854
-0.0031601061800474403
-0.0031671729377050588
-0.0029463091634512493
-0.002635144974916616
-0.001300272381942612
1.7051008872296662e-05
-0.001504856555558534
-0.0011998438782308185
-0.0008595727165492199
-0.00040112002072002366
4.0142118570622365e-05
0.000526587747538566
0.001534303778889667
0.005319059856487015
0.002082896297803075
0.0021723746562679514
0.0025490868911342045
0.0034073377438626168
0.0032564745249096124
0.003148771872534979
0.0030289220148454537
0.002561805517220039
0.0014560969667883987
-0.0006995994878640335
-0.003723156527810764
-0.007160103753371263
-0.007270223561246969
0.02624745559857177
-0.014457679387447561
0.043175558594236656
0.012449513345440777
0.005678638884050149
-0.009424529431672055
-0.0054545695965577635
-0.0015910887324393744
0.0016562939506951637
0.003512618690331
0.004474533396125732
0.00621523229886505
0.004702752353303157
0.004087560967264357
0.003645775017492272
0.004512545110537839
0.0026109917342276396
0.0018871024020083503
0.0010219601598164152
0.0003524396719607679
-0.0003063603571061553
-0.0008927312094277044
-0.0014804150762127719
-0.0020673476013604547
-0.0019564198339707224
-0.003017294634271234
-0.00444420714255501
-0.004499566870917443
-0.003909900641673271
-0.008182321609081025
-0.008920780867102554
-0.009419770287443558
-0.010087397057273411
-0.009641497639517953
-0.008411005340184338
-0.006922715781541123
-0.004691976268317051
-0.0068286518916693606
0.006081472433051739
0.014369597691977785
0.014252565960920631
0.015471641996318378
0.011281878388998799
-0.004626733262059125
-0.025691555855260596
-0.012532176349421189
0.005508755339464668
0.11805312397645429
-0.011040960533368194
0.0020725244203763015
-0.023105456448291577
-0.01833354059451876
0.004158137325351008
-0.0035769622747063683
0.010581555037874463
0.01370955039553638
0.01761496136862336
0.01676811694443095
0.008713648967922021
0.0063971993423757876
0.007742347092517018
0.010865268951276789
0.010972177919310207
0.010421826711499223
0.009657909294253907
0.014111346153520903
0.016242642557203125
0.018720689541377122
0.022050444907883725
0.023034269177993325
0.021495599076431938
0.020105918163879372
0.016311831612449847
0.008976610142619511
-0.0024917601001017186
-0.01902224250493325
-0.040266286554938045
-0.05530939917290927
-0.021584192240906293
-0.028254061131136994
0.005823491931550864
0.0388888397519644
0.06945448551704278
-0.02556477779511162
-0.012911714694049174
-0.050175817470947875
-0.03310741072969918
-0.010575797235092546
0.0036292526042593877
0.01502025921156978
0.02267880184281066
0.027120851978896004
0.02691688613898485
0.029585838178514273
0.02496816736175214
0.01515946634254279
-0.007407875508118958
-0.0019875933044904374
-0.04001560128807471
-0.030283701344679247
0.031067454271295376
0.017588683760137336
0.004014701549149406
-0.02011785839520781
-0.00966447691433613
7.2621001617323e-05
0.0003943443103183462
0.0028994898401572674
0.0032318944763283833
0.002957979421901735
0.002316752294553671
0.00303497055855953
0.000779821034941642
0.0012059387833454963
0.001170897084357897
0.0013705343418600026
0.0014558054653678331
0.001562455921308819
0.0038474248134471242
0.003221117415552868
0.002378746483141007
0.001869426023151898
0.0014097170010204268
0.00031060212607594785
0.007043812899133553
0.004937109989238694
0.011512830184284801
0.0020846521545465394
0.003915523524774206
0.004062900167819214
0.005487955209114395
0.005902432981554894
0.0064607637160778286
0.0027368801567562266
0.006040368115945603
-1.4835112371987528e-05
0.004878150287380372
0.005490698553849414
0.003316003178730629
0.0007120788880782494
-0.0004193551760180098
-0.002196952887401832
-0.00366114175166436
-0.004127074595260668
-0.0036610653314242364
-0.008561769498170458
-0.011320228414279323
-0.014510793318075556
-0.018860980974466025
-0.0232895949028538
-0.016975821770643062
0.026521579979287023
-0.06594140992611737
-0.0038048189824336043
0.022787691727265316
0.07689608136614146
-0.01984367534258328
-0.0203182630322513
-0.01623215768812034
-0.012660008836798839
-0.007752747144539803
-0.0072935683717138145
-0.03049260480806581
-0.005947163657730085
-0.008435792910562541
0.005477763867770595
-0.008250828858325301
-0.0009589721035248306
0.0015195006509742207
-0.032958793437904706
-0.006080725642855964
-0.01986324620845488
0.01707262445929238
0.017422136473272298
0.009104563223165442
0.0003184054588856547
-0.010095648159966126
-0.015213846719052656
-0.01675261918769336
-0.07632698120264875
-0.026549311342720098
-0.021280063699513
-0.014401512958210117
-0.007938730453432357
0.004155349246136762
-0.002723571098949605
-0.0012327054117596203
-0.0007970069518869175
-0.0040536231636246044
-0.0056207884905959925
-0.005628874996849139
-0.016277641803714722
-0.006320934548343925
-0.005989785770250035
-0.0019610706154371835
-0.0040420424279851725
-0.004414767942153219
-0.004304416042653941
-0.005016549903394878
-0.007779345586646963
-0.014118980517695494
-0.021553657897895474
-0.01803484073278205
-0.12955575735532518
-0.04789712051686243
-0.10437517431340876
-0.02586030679820203
-0.03386642443078079
-0.022058960338003194
-0.010644352840726814
-0.005740509248013109
-0.004059787736119345
-0.0017691647576831891
-0.0035215003748884748
-0.003558680019009446
-0.0030983160739553846
-0.0032096942788264584
-0.0030516127132087026
-0.0035200940696273656
-0.0007110864001725693
-0.0014921596598027845
-0.003935500811350513
-0.004124474804193952
-0.004137333562146105
-0.004253363219848169
-0.004405515511089717
-0.003062173324354661
-0.008569331272627835
-0.007992759835121535
-0.008835548827614843
0.005181414273561228
0.0032559208270831145
0.003961324617760736
0.0011125655535611208
0.016329091436807698
-0.045612103328119026
0.015351561315251713
0.0065030518421844595
0.006757302966171429
0.010247551683535095
0.015958995818473848
0.0349719820777318
0.017225869304486417
0.0166967046997432
0.01935868983595585
0.014339779011662552
0.010393658049511206
0.006432989500664586
0.0005510310302612233
0.008576980617643797
0.02362817656176038
0.016796284093836343
0.024856332339675075
0.0048251998273800036
0.01937783772083499
-0.01402128500141519
0.03304951188884344
0.019389314875524036
0.016607097690431206
0.03596124044920069
0.029872179307883714
0.01917075956226622
-0.0009115069601482073
0.0010342549719319458
0.0012927685162079858
0.0008793260562914678
0.011884001628353524
0.010992560888665374
0.007325391699023696
-0.002476767306877242
0.045689674879434886
0.0190387519908446
0.03672578668144852
-0.006499476218580644
-0.0044104385074885755
-0.00019933770805150142
-0.040723002752269755
0.0014693602186909617
0.007925678550093709
0.0011552306558142607
0.012494813258041453
0.005898238054177512
0.005215330684517671
0.0067074636399217505
0.00866699896270427
0.010219213811363162
