0.037986661298014174
-0.0035729675448241834
-0.013229829627053045
-0.0333091926802596
-0.05730033524290939
-0.0812465098948987
-0.10258031830703418
-0.11908258983369932
-0.13020566903636024
-0.13520613635442955
-0.13487119783337356
-0.12688716704825365
-0.11509631129867874
-0.09799647631733524
-0.07624393740940802
-0.0503916798019762
-0.02300773050765455
0.0025459723001618048
0.0201296689777925
0.021531129413097205
0.003074300251910746
-0.021563163837552576
-0.05590950008551277
-0.01954851426918724
0.02396350238173181
0.06942251263019546
0.1020585080290698
0.11715954271434585
0.12029847777374471
0.11763519898381461
0.1122219671756533
0.10427539580940859
0.09802036756168628
0.0925074380585715
0.08780314580027282
0.08386677913302613
0.0821708085797693
0.07788876963385483
0.07592610164770086
0.0739384138652954
0.07257636368572665
0.07160375467276932
0.07102261604401162
0.07092657776161838
0.07108142947050702
0.07163825397060954
0.07243256741241236
0.07337126105086694
0.07405271717345221
0.0737757957394777
0.07141234116443379
0.0658994507244592
0.05218985269586686
0.028204799227294873
0.00950603346249765
0.004003559273071538
0.010170142978912576
0.006330179834065339
0.023504259645648895
0.029514395980356753
0.02899005969192455
0.025083853645522448
0.018392627366897056
0.015222585876549505
0.000684799493584257
0.004582855433063529
0.01633478723549512
0.03318158932584771
0.0446572600186379
0.044363237123056946
0.035121234487882694
0.022037044954084477
0.00792829968601483
-0.005745188418235512
-0.018126327028383734
-0.02877786343466014
-0.03748581213736942
-0.044377458658202265
-0.04947524432592644
-0.052429794490721104
-0.05637053030656693
-0.05730784189194351
-0.05555865576105052
-0.05459269733048738
-0.053494089596005094
-0.052081405473092084
-0.05038894571364392
-0.048537533351854095
-0.04669066115547702
-0.04448138105079907
-0.042388061615673385
-0.04042581949578532
-0.038496059075115455
-0.036722914382367355
-0.031772797632001824
-0.03293298116652946
-0.030472501879489317
-0.0286454786795213
-0.0261417344249914
-0.023924745256734336
-0.02173041392552571
-0.020264511569325863
-0.01828334097342721
-0.016594942839208093
-0.014792714176393525
-0.014042865755632272
-0.014210764166605074
-0.015909306741158466
-0.019494592090944562
-0.025608966286116357
-0.03410443277298156
-0.04400638828562133
-0.05360436778522917
-0.060738610654477804
-0.05878049591301626
-0.0373731294580472
0.0006403146380998533
0.04457801263558813
0.05836199196165925
0.05854629771838992
0.05558402849955017
0.01692374755887328
-0.031965249797852584
-0.05548217953527587
-0.04939932724876416
-0.03387841775818514
-0.010058483830580719
0.012760868908249375
0.029534483254948413
0.041806807497401434
0.04883675423400275
0.051688201522676475
0.051507935937148294
0.04918822303367074
0.04545040108673811
0.040624001348190254
0.035358127074178396
0.03328767095552673
0.02507254639592711
0.02002050853444616
0.014897892253617897
0.010061480347002542
0.037593505048939956
0.004567197328007983
0.0007333109239530662
0.025299269533314187
-0.007320391770464129
-0.010171004921620609
-0.011332932209905446
-0.00768937701229917
-0.010025544850079083
-0.0063001190068374055
-0.015015166483274282
-0.018395905817507156
0.017990132801526056
-0.021171894571721146
-0.02092054080184091
-0.02235443233141477
-0.022573935722563422
-0.02254051344291641
-0.022325164736661674
-0.022098136805004737
-0.021708779193550132
-0.021240229160447186
-0.020587093355898044
0.021785087609503925
0.0011104160255113185
-0.019202676432844522
-0.018151630559291556
-0.017004258840666992
-0.016364704729787842
-0.01593870514635891
-0.015366388961519421
-0.015244983595765413
-0.015238210711728891
-0.018285187968954016
-0.020601636835657952
-0.015499602518632062
-0.014586215987971652
-0.013498362196500845
-0.01042053955448177
0.00494527222644362
0.02937724120697461
-0.0092077503150068
0.019177006406916698
0.020288854971277255
0.001647650682205246
-0.007309248890248463
-0.010307316321586251
-0.011300802015884103
-0.01193792765493582
-0.012657685377577513
-0.013455864498708222
-0.015604239635313983
-0.015310881764443765
-0.020470382804981802
-0.019701796133326444
-0.01597911561098742
-0.014580161221537807
-0.014237973547875725
-0.011738435190185937
0.00022822255537514942
-0.006270555814031696
-0.0001222126653698328
-0.0023279110252784974
-0.010882794313547743
-0.012749503515162422
-0.015267260072028997
-0.014891278125200054
-0.01103933066646916
-0.015450826120427918
-0.01039439357660684
-0.014828127901206281
-0.014469234791963256
-0.014172323863564186
0.04524140216858823
-0.012479072149310275
-0.01303305735423518
-0.01242229187953404
-0.01206698325663486
-0.011442440481948878
-0.010923620207111948
-0.010080295032994176
-0.00863770672013464
-0.005506754478067765
0.002565440853093918
0.04136272707440389
0.003901294835236388
-0.0029858797891950473
-0.004416857228947858
-0.0028663735618251014
0.012638261251673855
0.005414698573436412
0.023273414633118533
0.101532205642123
0.021326286858870794
0.02163794789167475
0.04909189407684773
-0.0016284596482906701
0.06851667592855194
0.01266981249588689
0.0037603367633228493
0.014490869198195378
0.004999342241558605
0.005237268262978226
-0.0053595715156259036
-0.005264024706397388
-0.005003973567332025
0.029062686479584328
-0.0006843563164030678
0.11216860924170252
0.014548201706728414
0.005230694568438013
5.4798824184817324e-05
-0.0005355922367442788
0.0010630632117259074
-0.0015116563597085593
-0.0036260502734059806
-0.0012924575625000573
0.008084533649661333
-0.0036744650642861897
-0.0034318311092481047
-0.003756844380560518
0.002045759959492137
0.005129357678393461
0.009614751584968518
0.0018142869412326485
0.009066424712606908
-0.001479686675202097
-0.002079945437027875
-0.0018258940291579228
-0.001567961056174261
-0.0017817067453420859
0.0675350042544869
0.0014410167389808535
0.004587573926032535
0.012712299013716986
0.021369992427340744
0.003010651093690183
0.0008400838425148591
0.0009266188186241328
0.0017551653517131204
-0.0011252431187052
-8.525258272607742e-05
-0.002138370956924098
-0.003518810631882445
0.04322655532407609
-0.004190167777627204
-0.0038099202564136118
0.09013868484032261
-0.003166899793633813
0.0030458689283830672
-0.0025776525204213815
0.007520760253406879
-0.002162856325947807
-0.0010362316809881095
0.00035663149417874333
0.00300192149072759
0.011882509657388185
0.011221949895833121
0.004238792720614877
0.006967239372044751
0.02412851219508777
0.009522368071732833
-0.003190056492080109
-0.0015265972076810477
-0.004542400448116241
-0.0060064737785762755
-0.007161469166201439
-0.008296830348519925
-0.007289315347028104
-0.009957446782153708
-0.012090520201806785
-0.013259349926906984
-0.015317809015398672
-0.022439547569597915
-0.030973790747163867
-0.03452785178984097
-0.034298597923128143
-0.04304242792650318
-0.02680897869005826
-0.04004997576423912
-0.028987743705634596
-0.0042862279621957875
0.03606428814096616
0.011569499370974547
0.03829742469903584
-0.03278770057978671
-0.02836830212959498
-0.028040782667726128
-0.028610393001517655
-0.027784632466364305
-0.03037128519333355
-0.03470246304034046
-0.02118077390656818
-0.01842315409683059
-0.014535418557545391
-0.012697060220052916
-0.011014284732063815
-0.00952298595282358
-0.008204990569407855
-0.007335192394057797
-0.007042872156063673
-0.01018645704244978
-0.006194453258780567
-0.005361903787398343
-0.003961379711972399
-0.0036575753507033645
-0.003623839035184009
-0.0035178278781173786
-0.003636339393834054
-0.004108070373040374
-0.008638017135398848
-0.012987410963684845
-0.007023592876286476
0.012100283499232407
-0.007564860776309147
-0.010157804589057101
-0.019154838205774533
-0.016377154710469688
-0.013060095036948287
-0.006273403870269003
-0.0059433780534696385
-0.00580366994841803
-0.008775062013805603
-0.0007180352532501937
0.012171041199925275
0.030506041951452217
0.030002185322682697
0.029962542379342132
0.007388092596158804
-0.019614352891950574
-0.016866024705103573
-0.015080883727947247
-0.014314771012772511
-0.026121332875134927
-0.021534098845095127
-0.02114063320743513
-0.011735501761235709
0.01163404647277165
-0.036948934282959596
0.01047719045415838
0.0040839567842399565
-0.00871690928236131
-0.009601700942175342
-0.007131083975719149
-0.005499432493160108
-0.015439034491994345
-0.00608782382582919
-0.003781687767965313
-0.0007533258290873983
-0.0006578803975036984
-0.007942594495295366
-0.01637730152580695
-0.007535600437607506
-0.011903814794831484
-0.008981678601511325
-0.015957281090784228
-0.0060976106408011065
-0.006223031388830222
-0.014498537040033649
-0.012596043361522641
-0.0074783520474097035
-0.007715102486807853
-0.0044919074196451934
0.00014402738081192864
0.001410233515883269
0.0017266738278746137
-0.004265672784070618
0.0024958346105418317
0.007121901017641023
0.009685932538628376
0.011469278644582297
0.01943730206003608
0.011448810508722007
0.02048096515686082
0.02863824415909836
0.035535875760965584
0.04229019333650439
0.047478024370647756
0.04681795208577447
0.03219896817108942
-0.006106462268019863
-0.0585435822237739
-0.02860056301274898
0.042343463960512945
-0.06687223941628499
-0.034693941701644825
0.015862784836086097
0.03060512332612897
0.026631680174207976
0.015454066970872846
0.0029940853367707034
-0.009278421818108382
-0.020683665738544722
-0.031906336721825086
-0.04347334191665059
-0.05171327362400176
-0.03656480726071835
-0.004077271659073275
-0.01710814384385891
-0.05365200236022616
-0.054561049256046726
-0.030660206827852206
-0.02584629258659386
-0.021612776806477798
-0.004480325549761537
0.03156185129414325
-0.06328377656717551
0.027811404474628956
0.0026851197722009648
-0.012502626180797739
-0.02328703896253145
-0.017964210295281644
-0.017229026552009075
-0.017282232394587458
-0.01657040491831879
-0.024880953945685364
-0.021093135242244935
-0.015419967755579245
-0.01501922899089457
-0.019324884554145143
-0.023121423547974994
-0.03859164555525956
-0.029317261294688198
-0.01755630536167741
-0.022871210420961456
-0.03523176030347154
-0.052642012769686844
-0.05783698047380036
-0.0598863090808397
-0.050704594100958546
-0.039161627005585696
-0.05553755465691151
0.018564713106752243
0.017673578760853997
-0.048439033118062406
-0.04021591467362408
-0.03301106909128129
-0.027795303501445465
-0.03347149970100649
-0.036885741391127796
-0.024043377781498967
-0.011464847547992858
-0.0030510707766546953
0.007894387920575074
-0.0015930145821606994
-0.10410425154705971
-0.05603890552657559
-0.013310210607996585
-0.013521710573841075
-0.014933281723156597
-0.017680044690074177
-0.014736862334749985
-0.013538834157209672
-0.01331526903581726
-0.023781447457310333
-0.027490709458470514
-0.020022569751317762
-0.01801400327797665
-0.011178626119963023
-0.011016138930591024
-0.01619430388243106
-0.016122712173705853
-0.015819817114280862
-0.013922397681909147
-0.009670714872183636
-0.00968769061194896
-0.024730912318369273
-0.01077283082720517
-0.0015853606520792585
-0.003556215084081598
-0.00554756449702471
-0.0052499344796623285
-0.005399116034474658
-0.016060361274967898
-0.005894909275074419
-0.009847242084999375
-0.008309668015675268
-0.006967857738114444
-0.028573601373909657
-0.008282409664791652
-0.026313109710021276
-0.0155574622556089
-0.008310157274333693
-0.005307662085202464
-0.004991997336948449
-0.006598285973785044
-0.005723400160692794
-0.004906863072446394
-0.005159009254683892
-0.005349617522244535
-0.0042586846514713625
-0.004336157298195169
-0.005757814277489868
-0.004779904461625204
-0.007251798672708707
-0.004644688719650739
-0.004827730779488061
-0.005820040781473588
-0.005686402094274774
-0.0054517451248085455
-0.005654683736577008
-0.00603487400053427
-0.006517683326458988
-0.00812536457027679
-0.006089035686306292
-0.005818613844384473
-0.008194726065660792
-0.009553967102493038
-0.011865020084686151
-0.015187609768027154
-0.014661109994908907
-0.013274689224723113
-0.007169309806110231
0.0069322178394636185
0.004485604332389495
-0.0748454476798283
0.006439132498726052
-0.0004249854592941813
-0.01737185671348541
-0.02242909783242124
-0.021711802715985953
-0.019305944122818924
-0.01676412492239143
-0.014622012197326215
-0.01383714091651384
-0.013261531290116884
-0.010272596932075169
-0.009231534835783857
-0.011091419470485744
-0.030047983390869525
-0.007481597354793726
-0.008308239026639288
-0.006804124922710917
-0.006220026553527984
-0.006699146165257787
-0.006882127667259638
-0.006275932996572411
-0.005170076541671533
-0.0049226834231433265
-0.005112818910635224
-0.01315411642767982
-0.006317606953332979
-0.005125901577039619
-0.004078333821952704
-0.003834736755147904
-0.0036925815079660775
-0.003550214878710706
-0.004044529216023509
-0.0044037972452619
-0.011598565807025426
-0.004739336034385693
-0.005643402663623971
-0.004261059050805926
-0.021165835240099306
-0.004044366510101335
-0.002619188056315933
-0.0011733858891598361
0.0018569968745948372
-0.006608411102956093
0.0013792405306538409
-0.0025156824111281224
-0.005649466997324366
-0.0027136389863584645
-0.0021550145684805654
-0.0023076805492006774
-0.0027858087852994976
-0.005130038992700175
-0.006271512928272908
-0.023436559632447798
-0.020381683865469395
-0.008971800505619429
-0.007177925130343207
-0.009155809676299942
-0.015626109582662907
-0.0171956970066411
-0.021095632738769913
-0.020384358927642305
-0.0017549901627835775
0.03180520288443391
0.01549496262262127
0.014948787534622992
-0.016744931432120594
-0.027570041277917876
-0.020409753547309444
-0.015475271026905196
-0.013615077927156398
-0.01751680936734238
-0.00666422530242358
-0.003970784565768077
-0.0030340499190376707
-0.014304611135467582
-0.0038167402667516697
-0.006896591283664095
-0.004232672547795233
0.0011084555535049456
0.0018787689626106987
5.840663199443125e-05
-0.02768217481020868
-0.008120347306240169
0.0008303553158941488
-0.00812111086547265
-0.0023602161772404897
-0.0010787579185097948
-0.01787574762563644
-0.004761739846810144
-0.002580951794572945
-0.02177967361195285
0.0009022727022158756
-0.0003823935860108163
-0.013479226747559681
-0.015713485149548526
-0.019302999474494677
-0.040465275721254974
-0.01789590464785387
-0.02496674600232583
-0.06840134281807517
-0.07655737650120925
-0.048380506594079935
-0.030918933249520768
-0.0199658416623621
-0.008809308298574512
-5.003899544858526e-05
0.0031703335265079037
0.00047359997170881433
-0.008714120743781343
-6.73048725260402e-05
0.00639889062498335
0.005799452800749312
-0.018036666534456965
0.002981882276181001
-0.006063787088706682
0.003957617891253016
-0.002787332876668867
0.010927008979643387
0.0037471384811395853
0.008759430577939256
0.004164554574976034
0.01153659662797454
0.012942035990497041
0.013132455027811553
0.012771321302497987
0.011418656797730308
0.007622488475038816
0.01201916103680626
0.012404597518933034
0.012409700779177815
0.012150940610196502
0.011600128128140737
0.010504224630531809
0.007269570290567478
-0.0021695857835730098
-0.0023418495700299204
0.0002887258118361772
-0.0008077950825280671
0.0011854600548423745
0.008224159691568863
0.008665011153559866
9.228476231629077e-05
0.005058527163978624
-0.01789372471281568
0.0037728977116900397
-0.004911762891875741
0.006281689088232878
0.0065546899650749425
0.006003897656025545
0.005163026748502026
0.001588056640981004
0.0025289587237070626
0.0006367009079207381
-0.0010658448681538752
-0.003506932250587354
-0.0056629919232698235
-0.0013837228308399246
0.019694034926934074
0.014587998674879513
-0.010124364800861702
-0.015547010761880888
-0.010220880491623023
-0.01408572751518837
-0.0038330894881684332
-0.00287337808902179
-0.00886220021717923
-0.004236077056283881
-0.0015419714383158706
-0.0015270744364780553
-0.002820987710125646
-0.005765740303882091
-0.0021712130743477666
-0.006058698824942439
-0.008602559137686035
-0.003466012276331664
-0.002681103957011587
-0.004319419455562732
-0.008525550234775012
-0.003332149599661714
-0.003551809295301063
-0.003931959959483208
-0.004563588347207527
-0.00683023840530936
-0.00619944623999467
-0.006303328433683809
-0.0068089122469029715
-0.006670554576605548
-0.008101179727654855
-0.009219100414010367
-0.011388272934751748
-0.00960340256148217
-0.0038263624081529097
0.010901041022804717
0.01802109694729057
-0.06576677794038588
0.013691608810929018
0.00563522282524686
-0.01446688194186389
-0.020801340787132448
-0.0210457349870432
-0.018349234407907734
-0.015819669602680615
-0.01386348320465857
-0.01222881958927378
-0.011097287148428066
-0.010371018975452213
-0.010163071331868551
-0.011156474195884043
-0.013101096182490649
-0.01340481816934494
-0.015586518833081474
-0.0191746303151468
-0.02422324010440861
-0.027891146932954785
-0.020249519374972238
-0.0057738143216871885
-0.07964163488768418
-0.001735016816750452
-0.013364688853258517
-0.019521719884222417
-0.01903270743980693
-0.01648252105251706
-0.01600007042484917
-0.010982752336530642
-0.012605914492985338
-0.010280620208564552
-0.008229704008990191
-0.011226053649155103
-0.0034626086286969767
-0.00021083394819144786
0.0012945405421626384
0.0022964250082254576
0.003178741555084164
0.001496887996133519
0.002689185823482986
-0.007408611581254503
0.004886414721984589
0.007408211528552354
0.00868902574106893
0.00986683970086472
0.010166362817452448
0.007984173552550381
0.011712659463966886
0.012568062634961344
0.011895908639818457
0.010961538427331196
0.013690068340034185
0.014443716770985195
0.013943150967426321
0.008759675854671332
0.005284989133628846
0.01571710804180228
0.015537781683003177
0.006422146159457267
0.015296204940273828
0.004368414910060275
0.0030818688181749767
0.019913775830272193
0.021879039214464123
0.022736846569429262
0.022352260111397817
0.021787299663497867
0.018407685819866175
0.02437488257971685
0.02513376324766016
0.025366634273232706
0.024731571281590693
0.020845944619606975
0.010171340643753605
0.026270647548745148
0.02733602825568717
0.030795901599765682
0.03303811704291062
0.04282787437154788
0.055093681714652315
0.04772041030070465
-0.060886603191123476
0.028418302428316944
0.06281049558587896
0.04614378232860878
0.030580271763442145
0.023689619141114403
0.007663546211402557
0.002604283646738448
-0.006931784197502851
0.03732856965056445
0.012495966136143663
0.02616074175520625
0.030584306443474093
0.033347247563131205
0.035774697738509796
0.02193334250881878
0.03405535206747605
0.03472594654583956
0.03398051894309955
0.031271687355181196
0.031550007752639615
0.030234891917783977
0.027043317318982393
0.018481598988337858
0.00793849668235115
0.0035082563123966905
-0.0009434968855784293
-0.0031073546394103408
0.004985398456288607
-0.0029430772487473817
0.025133519050400323
0.03058776893082492
0.02434559105869236
0.03483256715697103
0.03631850337040635
0.03222435905770244
0.03717257932208189
0.038014687561749465
0.03836737950332942
0.03851148561728276
0.03802089097487912
0.0382920838560542
0.038191408276279794
0.03829732306545232
0.03716773393347413
0.037279005476361836
0.03730887396990729
0.03560017308654911
0.033208820186263005
0.014910950292484508
0.03156986480632706
0.033114447306867245
0.02925224166969558
0.022967390938439546
0.01069386422589497
0.029616957983530225
0.03260207685070054
0.03405412843196676
0.039312409672115356
0.04936457735301516
0.04716687440218753
0.02067040797194656
0.0014804095812237582
0.019593912562374114
0.01591781980955335
0.012118746106855784
0.010076099470066548
0.005843537329336351
0.006362666945816265
0.003363315054420173
-7.707402352792692e-05
-0.002862838364799657
-0.0036833622976878058
-0.004156320625160608
-0.020901283203859942
-0.008927897325192917
-0.0023019327208051903
-0.002949453367302807
-0.008762069583330735
-0.003815768413022392
0.009824788893581946
0.04058297810937415
0.007663673166324851
0.04398496950584049
0.021435981982033645
-0.0010486528016354585
-0.003302014296006876
-0.0012235618951042995
-0.0009566683973384064
0.0042764517218404465
0.006665203803103313
-0.002734463765147598
0.006524016919911055
0.011495395028343344
0.013793495651982113
0.017338157494195584
0.019132443499486597
0.019510093445007606
0.017464161800209953
-0.012181432667725596
0.01639294296414929
0.020681181676665064
0.020453984853056904
0.02035096589781501
0.022090317543539836
0.022150344785361972
0.02159907322461311
0.02170638268709047
0.021402795015507133
0.020730278199399828
0.02069963096807077
0.016778793120590874
0.0197571765194921
0.018816597260622427
0.016208473819928217
-0.0021557388221553945
0.013871006243960284
0.007655231300971848
0.01508205557467829
0.014847699041477248
0.01326114415589792
0.011878222964041287
0.004726918334685542
0.010514355303694673
0.0047518694676459165
0.004440479178767511
0.008684208773177538
0.00850637294442277
0.006959840827435748
0.005270475503761556
0.002847739295902551
-0.000711783165393099
-0.005354686081458165
-0.010336736251999296
-0.009587436834723231
0.00478014575914376
0.014708058718076384
0.028154647981078987
0.003149025261460347
-0.022277744131173657
-0.005538842030207647
-0.002013372364591647
-0.00047257845237680217
-0.00046904378270441125
-0.0011000877874232657
-0.002774784147852856
-0.006714063455002497
-0.00705974959415588
-0.010101602087851875
-0.015413901136428593
-0.01440922136310202
-0.010597434705780664
0.0039166616611261
0.006343792451455868
-0.0678619105185389
0.0105230222292548
0.0013459760119963612
-0.01153764099156517
-0.014121985171401607
-0.012345828138628523
-0.009746623811611286
-0.005866212153371303
-0.0025001595579241757
-0.0014933089429730426
-0.0004054598540814132
-0.000272938370286219
0.0021862905542076386
0.0033947992515162033
0.0032825552207745275
9.018411071329884e-05
0.005944304776318375
0.006912481146866497
0.007081612655757979
0.007718249188530808
0.006094718538030072
0.0005786914051646375
0.00683417601676565
0.009422538749437144
0.009376829262142714
0.008507957771268879
-0.012764158435965256
0.008397865360148185
0.011072206194350691
0.01077695163029289
0.0020035651065752496
0.004531864648191689
-0.003344856194974445
0.007788282853920232
0.006866124608416203
0.005247211811004608
-0.010028730079872046
0.0014754759020953838
-0.008590313426091348
-0.025421439352781464
-0.04048796692398399
-0.04320012423293302
-0.0018894564778052768
0.007237851889216264
-0.023601189512572347
0.010365180246142122
0.012912607055188373
0.013274350318474548
0.009066577354833336
0.009892739990564472
0.01351351816440277
0.014045039834482236
0.013922210668857592
0.01379649698886062
0.013041798308388157
-0.011986588766018944
0.009209990264178375
0.002742176113409459
0.010338090150174837
0.012085468077229088
0.013114678078608501
0.012952303018701157
0.008845920701804674
0.012697281225714287
0.01230573079057977
0.011796165518488902
0.011413789251218073
0.010904107320174721
0.009637799031260342
0.006395572585310866
0.0024131694220120743
-0.01779620787475477
-0.01751427603421822
-0.0108981195406763
-0.022477442503382326
-0.003468985888615579
0.004776526507091853
0.008245358090592132
0.00989273566125093
0.010685656701246727
0.010936204710856594
0.008833928665502897
0.0011575144169478015
0.010248509374937277
0.011681154193512976
0.011751492000450321
0.011580334811384475
0.011746507882041497
0.011630205303676743
0.011378506945491543
0.010740189009087747
0.010834943932213341
0.008698162088100843
0.01008792526986856
0.01012402973917389
0.009677061826321356
0.009092535651162668
0.007192413050323561
0.007528207094383325
0.0064989267317819574
0.0050871201833650875
0.00346691896112333
0.001370449537578805
-0.0011805203859586778
-0.003990880868036397
-0.0063131830745892376
-0.005749157158023499
0.0021544070028470513
0.019071300015198148
-0.018512918515700374
-0.0006812245284827622
0.011737971128335464
-0.008693116407751287
-0.01449505340115714
-0.012294468306434301
-0.008061478957247546
-0.004174038487778351
-0.0010016732131740659
0.0013074203510922919
0.0024342200815273577
0.0024085460647705215
0.0006772344177037558
-0.0008880925875026585
0.0016583398894304347
0.013474212602496507
-0.029467428148102222
-0.006210390485358523
0.001552212523332123
-0.011584170783487257
-0.011474732891709966
-0.009248448124504396
-0.01289207073659136
-0.03894914563366718
-0.049813718346258355
-0.02111988295965453
-0.005738594844629864
0.0008726476889875748
0.004298947662360344
0.006213210518651734
0.0033089460120493018
0.008186245936415266
0.009177657839181931
0.009739420701169732
0.010054089385487524
0.010222630989948335
0.010361538592267818
0.010903712266169641
0.01432333183332229
0.02078210813493811
0.01891435068676333
0.017217728515476403
0.011625036997266733
0.010412014647128478
0.010227226762568849
0.010058378749948105
0.009590409847826846
0.008640685453927445
0.006093619589006612
0.006882651303629112
0.005997113513153683
0.004940433059417518
0.002834763021193254
0.00463668881140522
0.014389362362632904
0.03475990801918814
-0.001296231209730785
0.0354102792589096
0.014658899574161553
-0.0014293189276334823
-0.0055238792578029385
-0.005890510004770697
-0.0069979253902332315
-0.004989721670065407
0.010432671558366278
0.023219860782559158
-0.04108469784739502
0.02306715434248392
0.0007856296097953729
-0.01316467322413113
-0.013832849402868762
-0.010617218029323888
-0.0068195508948441135
-0.003622167877278444
-0.0010824131588274995
-0.0008454708255931438
0.0027987424376439965
0.0034318640921902196
0.004585800128997115
0.004947666826789673
0.003850584876445064
-0.0009689251636349916
-0.02117821243262456
-0.06085608491793784
-0.0133741955817539
0.0020054652693823616
0.0057600940284273875
0.007168324169253632
0.008194668464902986
0.009012926943989473
0.010113924762670212
0.013240759272519375
0.012103102311188647
0.011697091459654474
0.008283660222504038
0.008842917800035547
0.009569374909962743
0.010085183193834796
0.008205823480684106
0.009186087277875746
0.011337178330255545
0.012248649117113944
0.0052306109695083374
0.008973646971655203
0.004894467350924319
0.0013376165870347713
-0.002020529172360485
-0.005180927806391814
-0.003138349659965452
0.014861808949029467
0.02444841141685723
0.0014645275065140828
0.01797681106977653
-0.011662409995078187
-0.017596396831744347
-0.014846218176873977
-0.012045231407206354
-0.024027370884120304
-0.0031252618040800957
0.001460227154687684
0.003856578382003502
0.005139984142612672
0.004490770296225106
0.0026057300177977777
0.001800950019314128
0.00019945839277167194
-0.0014610201594261927
-0.0037220085474158463
-0.004526314987193849
0.0003884711610192878
0.016320254473915188
0.014588200445924722
-0.03331862067262808
0.021426037398331047
0.0023722241588498227
-0.010398254486143467
-0.012076554113851059
-0.009723670531908007
-0.00679652143849084
-0.003772577682101794
-0.0014611779908066324
0.000427068236289759
0.0017614775520573118
0.003087487712254075
0.004036177666098988
0.004781565119251058
0.005372620133804421
0.005637216391545125
0.004025078579077704
0.003789589957943574
0.006572377089173007
0.007049647085894048
0.006410125937399457
0.007207159792853326
0.007801734345806869
0.0072712314381362265
0.003298697235621595
0.0073317697064666084
0.006017363417048676
-0.015005687497068324
0.007358806902645726
0.008552722929864589
0.00910868183889328
0.007764470363926845
0.009544867554962259
0.009822837920195365
0.009776985792567276
0.008713828552765585
0.00018930722611820684
0.010604929516407971
0.00583524278599998
0.01101432014813876
0.009054663811269325
0.0010119744706586066
0.003562570177523347
0.0050184744766203285
0.0018588236299537494
-0.004509794068179535
-0.014747230906342427
-0.025593780459160068
-0.020959317177706466
-0.013699580952975726
-0.014468938397745459
-0.03840522380764135
-0.07525069203842702
-0.0291903216954642
-0.005958495151511871
-0.0001532081953128256
0.0023670879045972295
0.005002350644654417
0.0016955266059644149
0.00308477179844808
0.004134266711743652
0.004437547298125591
0.005229136715696134
-0.0005047157625149699
-0.012901976263644754
-0.02204687415358729
-0.014902814244477827
0.009061425325402555
0.014521474025304593
-0.006692278750279656
-0.015578714368266557
-0.01321526167290825
-0.008190027064739118
-0.003192048431413173
-0.00044036044971014314
0.0005464774232494427
-0.0019513759807033662
-0.022843806801202043
-0.00825745703976715
-0.005250908577119672
-0.006481507226514606
-0.0035851695679866235
0.00019532784451530428
0.0012768263312533021
0.0008872793663664832
-0.00046757177401663644
-0.0021553103239298627
-0.003730816975302666
-0.007611339704627144
-0.007783368337557584
-0.00613571054898509
-0.01112512496655875
0.044405674457338985
0.012593393565325685
0.04746855646877132
0.006171464916518578
-0.011866442912325088
-0.012071951039628633
-0.009365046672643434
-0.0066049265328431035
-0.004322848815930964
-0.004409785956809814
-0.011145111512792407
-0.0043557607984341575
0.0015929929912399093
0.0025333758078323458
0.002078529544178909
0.0029052365527214782
0.0047927037870679375
0.005806662390876273
0.006391206360246605
0.007507410038219045
0.008635726643277287
0.004576199904472758
0.00047532400187248064
0.0019446396900576163
-0.018160847873687574
-0.002267304683570558
0.0026990155454216756
0.00509899134010411
0.006802040876040506
0.007535127492425695
0.008103097106794696
0.00925871252339549
0.011914704328447545
0.011458051739656163
0.009118942504526904
0.0004948648497332765
-0.0018916303789059652
0.005656842470846971
0.006571021394646887
0.006566362048283449
0.005267863701568717
0.00623974536744275
0.0019289224805526862
0.005663822702164843
0.004991338125069697
0.005748069161913229
0.005372743616197729
0.004449822615657721
-0.004746071418478407
0.002429984013182595
0.0048905728003079685
0.005259958493323734
0.004942564880378171
0.005250609276465597
0.00516114087099001
0.00503687244699953
0.0029277788467288695
0.003473547240802525
0.003989151596527723
0.0037196410861666746
0.00120843042278454
-0.009137402307260343
0.004748736160573585
0.006370556985914327
0.005368351807215034
0.0053917223427504156
0.006876569145782664
0.007058919659120004
0.0069763833104125985
0.00489591604065618
0.0002910831619750664
0.006051097606506608
0.007657147166080908
0.005345087032793531
0.003367544211502533
0.00334127470099295
-0.00021456420283897304
-0.015188573827202822
0.0021069358709509332
0.00922644180835604
0.010423895205459595
0.011031695597325572
0.007190456375536267
0.007250285609988247
0.0019251306729437593
-0.012998615955575237
-0.0022011463949746105
0.011925121698204758
0.03525315640624809
0.04429260318176073
0.027457652766186703
0.037488382857596814
0.004406867436286251
-0.006587296692129117
-0.006056034048325897
-0.004887252092523705
0.0004882777512039927
-0.0033974514314862843
0.005311536236863548
0.00664773712188405
0.007337807324661234
0.0074151340165273995
0.0076483941769260955
0.008082744746045692
0.008622090018815282
0.008690332953093058
0.008565017585308848
0.008283660187951042
0.007883121821868198
0.00661750719162408
0.005773284601406569
-0.01144099586427605
0.005089260409246347
0.004782353461020651
0.0030601754970004764
0.0008336857755540021
-0.0012621529537650798
-0.004217619328095515
-0.004877180550390275
0.024735656806417594
0.005254304838347893
0.01175728630712496
-0.005890438065173166
-0.032003562467974075
-0.0028859295811871897
-0.0006198706327094975
-0.00040233073912746925
-0.0003219963454061607
-1.3888430564202137e-05
0.00016235083297671364
0.0006398658713357088
0.0010759847629896804
0.0009707747287195165
0.0007048634426022268
7.865074386099685e-05
-0.002129333663120372
-0.033203467449105024
-0.0023885754562231842
-0.001733729890480889
-0.0025400477222473207
-0.0034680809084892653
-0.003701366004978045
-0.002774768254144584
0.003088521421051478
0.01881207559633618
0.006791200170075784
-0.07869896384431097
0.025052211750876303
0.01498937371705179
0.003474950735202248
-0.00043817396647309397
-0.001436001591967116
-0.0018711347364215915
-0.0008492934429620824
0.0008658846414168309
0.002463972912027936
0.003524620408992645
0.004150255668948988
0.004697532280807814
0.004723859238831433
0.0033515694598451593
-0.007624445470810064
0.0037670292835818645
0.00551095641430822
0.006153014520524062
0.005562996018294859
0.0062407967050072235
0.0031202755250006706
0.006332435582915569
0.008166228620403088
0.00906567136384578
0.012536756364710017
0.004476151914078732
-0.002501818729774015
-0.0017045629498596941
0.0008761181396406818
0.0013045874479374238
0.005521045702768554
0.006848549667800054
0.007463462905814094
0.007784605542936247
0.007929548788278786
0.007964661924984311
0.007811088168158813
0.00497439880172497
0.007791128079376567
-0.011560009605876099
0.009650548329681582
0.008699947999986654
0.007955433539339512
0.007172172267321907
0.006512679573193942
-0.005270448790284706
0.006404600629511079
0.0060327496677761725
0.000938261841548721
-0.0037277232130217748
0.004941066290833841
0.005343155213248883
0.005321651109075038
0.0055199521088237355
0.008300382555820255
0.008063447385562984
0.010194691069378538
0.007736438521043625
0.012297222681536723
-0.0007646974471945337
-0.0003897295024883439
0.0007924982138901856
0.0014841647610163166
0.0005170849894103188
-0.02595185796110772
-0.00020699965013925832
-0.00017908092942020378
-0.001881467460591776
-0.004840039898829752
-0.008787517726389705
-0.014309347919155634
-0.018669292079469643
-0.011631763063416142
0.0205445760553087
-0.0030992350707576915
0.017661362477291852
-0.013133154661283609
-0.017972671887692023
-0.012810451902787828
-0.007014267809386401
-0.0035325013426234443
-0.004498770668716511
0.0018432715417085802
0.003501992968794744
0.004462091613348593
0.005081386176470318
0.005334980362445759
0.005408267935553467
0.004419163238730592
-0.01648072008089324
0.0022197464681977604
0.004914361666965922
0.006190663549863497
0.006404643737366932
0.006738325930522511
0.006639232842886561
0.003786156586419419
0.006190222126279721
0.004648873195522116
-0.0273896330954296
0.004569357362606189
0.005279443449337093
0.004599077670748789
0.0032443551473653395
0.0014625887516997755
0.002633846407267288
0.003469154064890391
0.005117576184536155
-0.0012441014800896402
0.0007255299535915089
0.001674704154776114
-0.000573732480789592
-0.003277971922497633
-0.020838129447386163
-0.023418723802237005
0.004674987978040891
0.007609731279784192
0.008409295757832114
0.008806679563883884
0.009033872989849345
0.008929550844720682
0.00848097283962366
0.007483350085660538
0.005539986209847019
-0.010326864897561891
0.004838449790084635
0.005549949437899752
0.004784009299682358
0.0029218793598992186
0.00038109308684324754
-0.0021533844266757407
-0.002328375755302633
0.00576241883208257
0.027009394370951883
-0.014688021913608771
0.021928507118296265
0.010439137983110875
-0.007499547773605178
-0.010096049916735515
-0.0057577787390820975
-0.0016896711457941337
0.0016621215907511792
0.0042097562206871025
0.005963800779326544
0.007005188678250032
0.008083879067487787
0.008645899203066633
0.008942195494802012
0.008860635098192515
0.0049131753943792884
0.008241794502806812
0.009138370538318326
0.009175191823032077
0.009207406692401528
0.00913912323629444
0.009188672839699683
0.010076499297423606
0.007468142413223509
0.01001226880221702
0.009641973647055086
0.008866785288262931
0.008608515512120886
0.00852604674535233
0.008475963020572127
0.012072379168011835
0.016041896689095912
0.01614244738154617
0.01200768918744842
0.008404402187702404
0.007897040187380695
0.007943262195480218
0.007896020380527826
0.007612247226803079
0.0068844337623787735
0.0027641640985188727
0.004006224824157365
0.0042952687739001875
0.005598801471906813
0.00695499509377903
0.007596494143944448
0.007385246108219967
0.006740236367048458
0.005940161350381939
0.005182973539105954
0.0046907500633272875
0.0036817664130134944
0.0027358318803735507
0.0016508647356312984
-0.0033509949391480774
-0.004545835805099484
-0.004953333831600248
0.004708977063410943
0.01569390548829267
-0.06905486514255542
0.014195813975915388
-0.0005928978996599868
-0.01137182373518668
-0.01161224254394265
-0.009482294145576341
-0.004341287031512759
0.008934389138991436
0.009568683139904575
-0.060835676746979137
0.011411073960016093
-0.0006626380872259705
-0.014059059602564422
-0.015970683906683252
-0.013532615969138642
-0.010375853312630684
-0.0072098166251771305
-0.004673488307654567
-0.0026342507382228395
-0.001040855751527942
-0.00015198601121866692
0.0014973447108930103
0.002515573029545781
0.0033064039508016135
0.004225055011007241
0.004874360997937731
0.005488556851140695
0.00599530166526293
0.006654829177551762
0.007167034455684476
0.007652295970056433
0.007723906900768386
0.007516986854570955
0.00872024372993832
0.009430750491430192
0.009951736794768412
0.010314377478811285
0.01061808262851383
0.010862501444460384
0.01086100634842742
0.008440178836284338
0.011006123514516257
0.010929411448464502
0.010579921758205418
0.009737772770789322
0.009083319889347642
0.00798801699181507
0.006329929093453743
0.004066589863309956
0.0010561229916834568
-0.00280541217568444
-0.007386350757831681
-0.011020298185738964
-0.010522240979196027
0.0030414582444121337
-0.00031138870899727604
-0.04527299914557364
0.010776795045783775
-0.00320525603869104
-0.00959090252466791
-0.007845043467362575
-0.003908933497929083
4.310767735876164e-05
0.003311406158399064
0.0058159584368934454
0.005899332034362254
0.009161235140665134
0.010369446840449015
0.011187036482363126
0.010041054274661397
0.012235436672602497
0.012606410173138743
0.01281908680496623
0.012945825666954488
0.0129739642130761
0.012861235902968173
0.01255853763965403
0.01210405390043412
0.011540343730587535
0.011202439201150986
0.011258970514029359
0.010882971605170653
0.009220319350036076
0.010896731496031735
0.010031741401040474
0.00909548025014034
0.009041400006452205
0.007597314308765094
0.004616064742472694
-0.004133077880044509
-0.04900775114516107
-0.02193543613515583
-0.007302226111601014
-0.010189339995413152
-0.005208184903163229
-0.005189374838174371
-0.006251879949243636
-0.007885004508782116
-0.006766348788162074
0.007104398785707837
0.043958233242650246
0.011168503102594849
0.04512715891457829
0.0030017919980255257
-0.008102589661905265
0.001136571966972316
0.0013432960335436816
-0.007912764285822908
-0.004256299096014409
-0.0014981113521614392
0.0013863439737686518
0.0024980336185067543
0.00210258930157708
0.0017778838825454756
0.001714771857925063
-0.0010472076870094431
0.0003719158381723179
0.001826053165816546
-0.0031512020404257345
0.0019051790797856075
0.001961513268101011
0.0019878302188724296
0.002121829983935645
0.0020721227754630965
0.0016970704211212977
0.001780907366199998
0.001906088239646838
0.0018123864063390271
0.0014837130288472317
0.0010558062552534456
0.0010835610254753924
0.004690851591408921
0.022491110988848727
0.05605836373884602
0.04155204022928681
0.05092739687774501
0.03088314569028914
0.04893404609520576
0.015880527094100857
-0.004471332525395751
-0.008902238437025855
-0.0095543251595092
-0.007268978784391017
-0.006334505157088267
-0.006347219841696233
-0.007202287042956818
-0.009529846884873013
-0.014626891612495736
-0.019154252800374142
-0.025987783245827237
-0.03666269611922503
-0.010361095927421297
-0.017619484767623924
-0.02769236096739444
-0.0041845013352374135
0.006896448244300213
0.002665297483182
-0.003927588113082363
-0.0022943400162209757
-0.004155322094301706
-0.005536324929612649
-0.004765712385339424
-0.004413038777035359
-0.004022742169461663
-0.003956103820361198
-0.00556057264215282
-0.011780107525520785
-0.004619273745142173
-0.0030010633922998905
-0.002562591525183993
-0.0024058901571572884
-0.002658392283109951
-0.004870329284692801
-0.009636294595402791
-0.002391019802700186
-0.0016037851121075456
-0.0012172054642161853
-0.00037764662876290566
0.0018842851092520949
0.0033668801178711205
0.002934397409868843
-0.0009455124263963327
-0.0014113588367536027
-0.00020715323561877608
0.001216886632930842
0.0017161221007671668
0.0023395874779347154
0.0027354260791023475
0.0029206574830413852
-0.0020888683020196816
0.0028523465744915966
-0.004365925143783137
0.00545661310944452
0.006421815974964997
0.006876390928925917
0.00704202469290628
0.006708050192595196
0.0067367665079893085
0.0018619885003785385
0.0064074606507116385
0.005480823403043045
0.0038007658487767067
0.0016554268970127082
0.00023125570807678236
0.0041227846067078775
0.0253354386240543
0.052678996825421764
0.028276857774679053
0.04234907985651824
-0.01910141481449966
-0.0036406520223210433
-0.0015833840280659475
0.0012491293443149339
0.0035948417491061075
0.004030458045988037
0.005315331753082427
-0.004908540447613369
0.006126357063782885
0.006490326736633954
0.01169703049786769
0.012912398236826175
0.0033624058420637067
-0.007849202023317466
-0.028513634738494414
-0.005832168589891033
-0.01610020192869296
-0.009295813528415482
-0.0025016086682783938
0.000524818603922569
0.00205638087594836
0.00375324358583688
0.005731831981916922
0.0193404816154861
0.02318370212734812
0.020084733317156076
0.008316365043626144
0.00015843872908485125
-0.0011555228720934842
-0.0027031483844917156
-0.000462448412302872
0.0016977918189083625
-0.007613315671770407
0.0023908284188992935
0.0034153469791140634
0.0046164136156761635
0.004275864151415078
0.00479865120457277
0.0037523025492382177
0.0005637115455227707
0.002226591606402909
0.001670081269320603
0.0002594883232228863
-0.0017722374626970372
-0.0043258602859167165
-0.006662724010188941
-0.005560121780876998
0.006828757624159129
0.022832860926420007
0.00408857005480281
0.021523128837815698
0.01622368175591582
-0.005136864509164136
-0.010101477445519185
-0.008798375031765037
-0.005703455009346564
-0.0032730388473050684
-0.003082695763318675
-0.00023070960541636898
0.0005096995540556923
-0.00010101465587486381
0.00046798002530156494
0.0014088449299110928
0.0014668119766848508
-0.0006125002438436829
-9.274429141239017e-05
0.0011335251050202729
0.0010518013710523356
0.0007490315183599103
0.0003725103283226823
-4.542965708423197e-05
-0.0007676959193264801
-0.004145317483545782
-0.0075849987275547785
-0.02849809373373448
-0.012112709247079733
-0.006911430109126771
-0.004901713807669774
-0.0020905710099935414
0.0043230171424274875
0.007657036785067393
0.0069877572306272446
-0.007835584816641018
-0.008044866379054714
-0.011093956880611483
-0.015392532848731842
-0.01985969097456397
-0.017357391815506946
-0.014100690263796643
-0.013366893233853117
-0.014140123649477582
-0.007770873891729993
-0.006827906568832393
-0.0053926289081182716
-0.0009241562847093729
0.008504278038052048
0.005934316546525676
-0.008764237919133082
-0.027630648823060853
-0.03941709501200389
-0.04540712588060683
-0.025271795881665636
-0.015577389968567765
-0.007207261736030272
-0.0007057922307837448
0.0003897276809028914
-0.0045257779491158605
-0.012316618353514374
-0.009212509755557055
-0.007530576549476223
-0.006901373464875605
-0.004816642054750137
-0.0037915181323216595
-0.004411847344330977
-0.005675914930596899
-0.0037490099621288304
0.00802166188311858
0.004565803612898202
-0.004974768073809403
-0.007591065663310817
-0.008242810977341515
-0.02390862920480088
-0.007851651813170862
-0.0059514311452178266
-0.004139991335873819
-0.004732189043235423
-0.00757824745019416
-0.008991662215414364
-0.009879398948030985
-0.010295036953310521
-0.010963852046838904
