0.026451460800507656
0.07203006338518707
0.06774472727269194
0.054146763587632596
0.03621555989509339
0.01555947257074884
-0.0058752022758980825
-0.02629323077335756
-0.04643504449760352
-0.0663029288901819
-0.0855007994748211
-0.10233556132556278
-0.11805991777642148
-0.13279074021582696
-0.14765569739599796
-0.16308098265346935
-0.17929446101527363
-0.1953959525592997
-0.20933984140309778
-0.21752980818789533
-0.21574714253128147
-0.20281421487894094
-0.1836821368733477
-0.18706317045853632
-0.19531220986965492
-0.19445130995572782
-0.18431347157450634
-0.1677536609564866
-0.14801869081584604
-0.1274232914494005
-0.1075796579200647
-0.09026754397458255
-0.07369576900329346
-0.05850044927679608
-0.04456561804222051
-0.03175038413230666
-0.01968362004958805
-0.009000848088809112
0.0011988522411019848
0.010504931661303812
0.01918844710078038
0.027195449610168947
0.03454358944508252
0.04125804945914797
0.04730442176303852
0.05273081767120089
0.057491581500919535
0.06156019346889267
0.06488428141276839
0.0674259529164292
0.06943661079482791
0.07136870821172801
0.07034178729180333
0.06606190093580648
0.059810956941605195
0.05475412279873462
0.046042029025725816
0.03872351327069083
0.04485022547012384
0.03936030375511547
0.042493408719976304
0.04109837576947951
0.04312886997705589
0.029090456937053293
0.05101635187821417
0.05869828007406634
0.06516155150408132
0.07028760005118308
0.07282485527545417
0.07378512692409969
0.0740664246859299
0.07403452410133154
0.07374389695625755
0.07320323181770567
0.07239951672628239
0.07132543086447606
0.06986518943568432
0.06808897995302288
0.0658743889650164
0.06294097257052489
0.05952582008406931
0.05747569446427676
0.05718807166846475
0.05653347234885405
0.055265064684678865
0.053598649639651955
0.05166754813829231
0.04952977920689365
0.04746780375032887
0.04598063227784174
0.04459645351584531
0.04315811008034076
0.04174152410626494
0.04043719444657845
0.04232239861112802
0.03808532745879822
0.038344838801709656
0.03668227936986293
0.03644907197336592
0.03651808486772888
0.0370766992601018
0.03761660130890655
0.039288685445944216
0.03852147338065645
0.0405643503619167
0.04099237144491853
0.042586537435114445
0.044321967432959304
0.04610729426389836
0.04770816245604878
0.04898110554425067
0.0502157623434551
0.04967815460954993
0.04827074350949512
0.04532358735799804
0.04123202438110571
0.03806971210630514
0.037832598446070724
0.03573827241313086
0.01736562144863705
0.035244471242637194
0.03131605676742653
0.0326324290923606
0.03673854592309842
0.04013885887450267
0.0419187174310207
0.042167726046684305
0.040499697735179814
0.03795206258538149
0.034546711288038365
0.030925793318633352
0.02741977469344111
0.023602311422498672
0.020109699462481263
0.016783683297814593
0.013653095266134915
0.010890925402157019
0.010245331373169858
0.005766578388544664
0.0036903824828447493
0.00206979389220202
0.000768964488972789
0.013798677426182899
-0.00133036422619043
-0.0032690553191195445
0.00799302306869848
-0.0056309280003247605
-0.006744932682413139
-0.007039038166892552
-0.005291694061853805
-0.006599440385867866
-0.004790157248461787
-0.008828231166182301
-0.00983865977208976
0.004461414624447584
-0.010854750075875106
-0.010834603780131362
-0.011677177910422784
-0.011912346983985087
-0.012027119873917472
-0.012077286910163383
-0.012109972002735865
-0.012031305242989607
-0.011788119748189626
-0.010980942727758208
0.0076777484689364755
0.0021537985083371547
-0.010116269096380907
-0.01029805951032539
-0.010177879168429252
-0.01001222175651647
-0.00968611733989196
-0.009150536522001656
-0.008264508768660353
-0.007380555794021329
-0.005250991776207319
-0.003266480490242374
-0.005368824480561007
-0.005170842571625874
-0.004718633039236802
-0.0038806083089460465
-0.0017971616706330992
0.007301153976477136
0.028173070989144185
0.019097337428143107
0.002164453974242468
-0.0032891271424072463
-0.004537259386468286
-0.004850755238002202
-0.005067015744251659
-0.00529597240747765
-0.00551044840311553
-0.005649795428660038
-0.0050229946278098824
-0.00503791447525793
-0.0021821751057165884
-0.0023314543781422724
-0.005946287889360938
-0.005898499947153119
-0.005591580801441662
-0.004495550462548606
0.005839817351142285
-0.004287914812420134
-0.004265030813326522
-0.0050198691018698395
-0.006353227919737755
-0.004515153855121067
-0.0065965574269795475
-0.005105192591035187
-0.00200739807157912
-0.006062656131753186
-0.0026970460256787497
-0.006811624633655127
-0.006859659102704043
-0.006367321546236752
0.01730082400886027
-0.005926781237728115
-0.0067907537242179695
-0.006653299297431246
-0.006748869195190413
-0.006628541249280661
-0.006573564453728644
-0.006397764705605919
-0.006025098226350174
-0.005223670142562553
-0.002761344386288992
0.015273294600508922
-0.0020056987575557883
-0.004494677180954241
-0.004583856162502975
-0.0033651415095894586
0.004962244384216734
-0.0006834528791618329
0.0045211980049728
0.038962242955821666
0.005283267570135358
0.008319907939536648
0.018355645673510626
-0.0011838491184077305
0.023819655545384358
0.0046559341735146545
-0.001631974817957868
0.005691292124225953
0.0029772718563112416
0.003008216763892224
-0.0044006924721176925
-0.00496326980176735
-0.004033196784727029
0.011762025850188583
-0.0001941300885256074
0.03452017814821391
0.005358519581261409
-0.001172326355237232
-0.004220343122100324
-0.005032225702823877
-0.004910673192863602
-0.0054580570171510676
-0.005361217658631315
-0.0019406667376502729
0.00352795874665152
-0.005057589620050029
-0.0054818425930607305
-0.005245905776848611
0.00038660451005101187
0.002247619070737455
0.0021329669825697717
-0.004212446913443099
0.002525753116324322
-0.0040959310625972925
-0.005523328043973732
-0.00569496022997275
-0.005282319218686801
-0.004780143389731825
0.021837049148346867
-0.0019952351062689417
-0.0017078271977723862
0.002310556683918613
0.006567586177457195
-0.00397771519835655
-0.004298789318690537
-0.0033571344700523745
-0.0043978754369593
-0.0055221477774775535
-0.003477045441479942
-0.005724732228286319
-0.004927117087245499
0.01624263106773782
-0.0036229441430249715
-0.004447084781381874
0.027917544942372356
-0.0048310883568587855
-0.002286681621905122
-0.005465410346970181
0.003820350079468197
-0.004475648819339384
-0.0055852059311675105
-0.005289658501081834
-0.004117758564438696
0.0013257352396825683
0.0010088073678927246
-0.0022067817189212833
0.0030473588654376937
0.01261476057447262
0.006907352020960834
-0.0035809821656044103
-0.0018179518875081615
-0.005502132036174927
-0.005928335056562881
-0.006018548684827557
-0.005926877486309251
-0.0008711927010552593
-0.005863668760150363
-0.006035707718667282
-0.005844384995690044
-0.005336410113002959
-0.005123024374644212
0.0052060857304262
-0.0031450345543314615
-0.005828722127473412
-0.0066394340311810955
0.013961675477019039
-0.008440415439758287
-0.004858187078726682
-0.0015486441937549323
0.007485017967331344
0.027064859168254282
0.012739577905553153
0.005586909527741186
-0.0013764151032770666
-0.003363747301737324
-0.0038259355589893443
-0.004051604207639884
-0.0032089498610575295
0.004666792824358294
-0.004632335432102099
-0.004431073347464204
-0.005592566108129812
-0.0060694942707599795
-0.006114610928601178
-0.0061053559881470865
-0.006126549270952574
-0.006142843831184508
-0.005998928404550148
-0.003783099451541565
-0.005226455064582734
-0.0007883923912092165
-0.004490930396674619
-0.005685503921697058
-0.0057827713252526355
-0.0055422451719343326
-0.004761780231096146
-0.002329237197000465
0.0033011959835947268
0.00048410411847425424
-0.004427052042593033
0.010746062786520792
-0.004124808722173261
-0.003842649375682728
-0.00011587023645821859
0.008166587888732377
-0.0021612756890918633
-0.002903151557389032
-0.0018189992581009713
-0.0006880183877141725
0.0025726177148114337
0.00418479749130339
0.0078066270116925055
0.015058581018279567
0.01861366907190881
0.021025244450492045
0.014473752452075661
0.009674157272343394
0.0002221608027296914
-0.0020057688861888127
-0.002970892111704894
-0.0018438403630864635
-0.0026274938897390175
-0.0016789199352564526
0.0013231748414802417
0.012644346790256498
0.035250018992454314
0.020239145587278802
0.003227656573332695
-0.002417934209671972
-0.004228420396408878
-0.004864166913398989
-0.005044871104838195
-0.0037205519168575477
-0.0052209384753438524
-0.0054205034520445556
-0.004910702592535651
-0.0044850618376136965
-0.00479801221724466
-0.0037527421000943476
-0.005236545327610963
-0.0038849754334052827
-0.0048143715095269445
-0.001961004807650137
-0.004673338049250753
-0.004110155953020814
0.004507761250076093
0.0038659273198279644
0.010886107745371798
0.0001295475335418067
-0.0014222849437551164
-0.0031572833816449443
-0.0030731497400331613
-0.002688628558335712
0.00021722344274016794
-0.0013742008468960204
-0.0013433315226505785
-0.000628329688797522
0.0011811846441722492
0.006544880148617087
0.004943580687804692
0.002793260703580759
0.0033535799548816856
0.004071267656540093
0.0042494128537004265
0.0032540238175465465
-0.00039433440360794853
-0.00945301677538952
-0.02810558525339664
-0.06037883860037256
-0.0888070328289285
-0.08411482300254723
-0.07760104602179642
-0.0392464715036392
-0.012822482853292192
-0.0003142074676093061
0.004925597890788533
0.006167282133060461
0.0056529922901273335
0.004504618454634032
0.0030804521219278042
0.0014201835450655875
-0.0008228049082562578
-0.0031848043423378034
-0.0050537688603134396
0.0009287319463691124
-0.004285275181021422
-0.0015795864857201113
-9.991604793357587e-05
-0.0030417728312194026
-0.0023378743591225357
-0.0010871618391310447
0.0004843368820420588
0.010749450087500743
0.03355022230667261
0.010072363254781898
-0.000402159822587909
-0.00196251097614336
-0.0006646674718758231
-0.0014373299929258047
-0.0016123899915095993
-0.001689980679928729
-0.0019821690358020603
-0.0009650625966988027
-0.001696651896390697
-0.0025926014714758167
-0.0027172839711381647
-0.0016694210601006557
-0.001802511349038652
0.002323493185865309
0.001031275420052682
-0.002386206317217931
-0.0026160230433733833
-0.0016587011942637688
0.013387880904999901
-0.0007259669516743245
0.0012400368526184083
0.006559797493194274
-0.005787090277926834
-0.00035461635176919036
0.002077972003342496
0.008228767007832158
0.004334442604191528
-0.001999668881182545
-0.0017007893128742977
-0.0008651174632072005
0.0030794697793662526
0.0054733633797121395
0.0044300827020401475
0.005173046622390964
0.007858642244373867
0.009871256299265867
0.004035681789595644
-0.040520580298468764
-0.012475535843709664
0.0030375633821561293
0.005496932096027329
0.0048957112727492594
0.0033906174316817215
0.0016258082156218295
0.000582100264851791
-0.00010605383119149367
0.0012864299322959752
0.0019109574793605146
0.00045779571584657824
-0.0005848562130806816
-0.0017733918786461663
-0.0019892984029843586
-0.001589447714589668
-0.004204069869441687
-0.005851922553475381
-0.004084976868761172
-0.0028009013265753112
-0.0019742285797104482
0.0013814223576774868
0.0014063091240910698
-0.0008167036348436519
-0.001632196455839222
-0.001642612313969786
-0.0016604886709575934
-0.0015826071360275906
0.0009018423546878088
-0.0014231876632468587
-0.0009081844083077156
-0.0010624546311176362
-0.0012023296548359073
0.0019335102047831935
-0.0009917838239660987
0.002119518823825027
2.6001252203094763e-05
-0.0007298000842058997
-0.0009101245750285404
-0.0008386144113865785
-0.0004569560826717478
-0.0005799654525026977
-0.0007664391014185239
-0.0007528515542694514
-0.0006868518563806538
-0.000785014752142865
-0.0007634021174397893
-0.0006143435218859958
-0.000720686649530293
-0.0004261510612467772
-0.0007495309695067043
-0.0007637596424398592
-0.0007150542319664902
-0.0007797968520775965
-0.000867716391360096
-0.0009414826553270915
-0.0010277393746912131
-0.0011277148814010881
-0.001060536725456347
-0.0012494898739599447
-0.0007237403082003779
-0.0005835955166004585
-0.0019301467738153423
-0.002566890188247693
-0.0027902155697202757
-0.0035335095100178355
-0.004105209915220103
-0.0037151360943959064
0.0002381530896649114
0.014078812170976469
0.031687061513307815
0.012992314452896543
0.00010450360551653756
-0.0027870288859551174
-0.0025984862421500796
-0.0018897295071277876
-0.001259808306698492
-0.0007900328100829832
-0.000448929686178121
-0.0001070394262898572
0.00022367848582187293
8.237655519412928e-05
0.00013764855534566586
0.0005219857460642577
0.004287382972172744
0.00021529074216756997
0.000347404583382181
0.00022040404048295135
0.00018720157245610773
0.00027470559026541655
0.00031466973146241864
0.00024305698814541208
4.1939667838251015e-05
-2.9928269169833024e-05
-6.063869406175419e-05
0.0009667873044531886
-3.293752156972964e-05
-0.000234037907364473
-0.0003804748706913401
-0.0004635028288393355
-0.0005418600725341429
-0.0006240543370760651
-0.0006524146535313137
-0.0007129524415788969
0.0005940938633854246
-0.0008739504581368445
-0.0008842568555025046
-0.0011416581723323958
0.0015883011790361304
-0.0013238529518954775
-0.0014764995483841996
-0.001497578056804785
-0.001040004307170627
0.001633531362585546
-0.0011765026611869013
-0.0014355077259229777
-0.0011654927675159106
-0.001920740858509544
-0.0021790630907798443
-0.002305603634479099
-0.0024286707152524982
-0.002312279500622157
-0.002463123598098842
-0.0006683106918258523
-0.0010684604672301448
-0.002705231021574463
-0.0031140940136049895
-0.003239277358170209
-0.0029932618252672422
-0.003497208996536418
-0.003969417116186756
-0.004521341810007802
-0.003534097864218226
0.006656369183593701
0.014386708703338273
-0.0010128678800562423
-0.004272564243165736
-0.0036143296362255235
-0.0036911715431392172
-0.0035752931060103765
-0.002983780433256193
-0.0014026517664820113
-0.0036645304581005
-0.004173894666048582
-0.004408727549540272
-0.002829371097038882
-0.004511980340447427
-0.004184123100587843
-0.004560869579705025
-0.005206815453430286
-0.005361275241468494
-0.005281720877659378
0.0012933331386426607
-0.004201726486092634
-0.005720402366647745
-0.004489576735703412
-0.005513091383538192
-0.006099464704267052
-0.003387218825932372
-0.00764053924278424
-0.007238395385131215
-0.0023600174675194167
-0.00733969409968898
-0.007471067413162319
-0.005948176941247461
-0.006285057785495788
-0.006459596213743007
-0.005721796666015592
0.006662003438682664
0.0037178267674901166
-0.018321842423014094
-0.017216620506964816
-0.022572204970235574
-0.018390532623018416
-0.014133829718571161
-0.011909480961775567
-0.010727351060153175
-0.009754447854112816
-0.00857023967446308
-0.006425932971681971
-0.007454614429822969
-0.007951843527201848
-0.007671165272344429
-0.0022538966667554616
-0.006782460588693465
-0.004429443097831014
-0.006342543632184763
-0.004752251649176224
-0.007207105891383511
-0.0050816923657528235
-0.006304519335301481
-0.004176061346041262
-0.00648467225500461
-0.006895625873137619
-0.006957782875850147
-0.006900560723047273
-0.006755314073995988
-0.006158085732099497
-0.006667051950623889
-0.006626575609621102
-0.006540055597595239
-0.0064428379552518905
-0.006325029532000366
-0.006139292816116377
-0.005468931461529196
-0.003562736276696351
-0.004149972589348792
-0.004625263763733063
-0.004349136137524134
-0.004397957883235577
-0.0052985065904150785
-0.005189956763555996
-0.003226435059284206
-0.004609082672031615
-0.0004023573677969602
-0.003853088395062806
-0.0008900232277382691
-0.003698126301041523
-0.003736081443619963
-0.0035284963881277937
-0.0032204853125497777
-0.0025236192350823494
-0.0022626454027505584
-0.001466993612297742
-0.000423343406378076
0.001458894569197419
0.005211776577869492
0.013937012736527615
0.029100584889171083
0.027073867689083382
0.011127050307997554
0.004628168451935928
0.001496422630788839
0.00127533331316412
-0.0005126923922642673
-0.0007913598951479762
-1.589069963764516e-05
-0.0006965603563703366
-0.0009510552993163149
-0.0008743582424476468
-0.0006130102259145754
7.627433756503187e-05
-0.0005187577139290844
5.499193791394947e-05
0.00083528293729869
-0.00016488435298354185
-0.0003564328833567432
-0.00018435124360427675
0.0005942900274059868
-0.0003061277324734427
-0.0003090159294770742
-0.00032506842373053105
-0.00035586728811035377
-0.00025119643218024734
-0.0005025260647898235
-0.0007146435419994778
-0.0009147742155635097
-0.0010603314785095738
-0.0008632187329014645
-0.0016995873146803606
-0.002585443398239089
-0.0032423604532855884
-0.0032030665889220843
-0.0003647393709459802
0.011337181285533262
0.030991670695567936
0.014438503784439354
0.0010078706687031795
-0.0017808441349856394
-0.0013630367097894616
-0.0004600188532641289
0.00018016279636777453
0.0006570308451273211
0.0010005921966102435
0.0012308316411297222
0.0014069712732597437
0.0015565923642621526
0.001715760966620969
0.0019732820484546737
0.002346286215744339
0.002656890414137751
0.0033805851713402065
0.004632890125334419
0.006892527817055976
0.010975654889021117
0.017854547162054667
0.02157359833637459
-0.012457537010878771
0.019671288424526482
0.016063158678267464
0.011379288228097957
0.008248587988725133
0.005894166770611691
0.004578071038017905
0.0031245344856172096
0.002805125598852808
0.001963842954876336
0.0012761175582659125
0.0015626824323321247
0.00017147263237234604
-0.0004087209920276304
-0.0007827828405215046
-0.0010939523072117667
-0.0013218379344286176
-0.0009273395300868013
-0.0015618333612102769
-0.0004915334467316467
-0.002374457156513622
-0.002735372092489211
-0.002959126800223099
-0.003176148925598851
-0.003357178054576261
-0.0032871287841145075
-0.003801954145471351
-0.003963059058376969
-0.0038674553298313455
-0.003457566706194215
-0.004123142835371654
-0.004464723158863399
-0.004350461751033466
-0.003518107811893659
-0.0031515549059014892
-0.005160776366577071
-0.005297879252622703
-0.0033748749272807937
-0.0054101867515531366
-0.0034949690702925896
0.004250120078147346
-0.00604724368810321
-0.006220066740243493
-0.00631768118014827
-0.0062811711934907255
-0.006257561727705065
-0.005654508322909056
-0.006383731970059991
-0.0063517449062986875
-0.006221868028334908
-0.005967790100262941
-0.005143196048179819
-0.0012441855501227049
-0.003706083237743388
-0.0015729985576165724
-0.0025712124535606593
-0.0009328967120460464
0.005098356401753641
0.0025979584943793374
-0.004345637929132839
-0.05709052853820919
-0.011760745420702346
0.0019865233906361337
0.0017266567398230813
-0.00011384085581311878
-0.003289672633473005
-0.0030262899840157505
0.0014741843344465268
0.000169812347643977
0.00810496177720134
-0.006128618063301623
-0.007871838337989184
-0.008344451045597237
-0.008606693302791044
-0.008511391674602645
-0.0035422459639516636
-0.008722988698685494
-0.009496941896947587
-0.009707755048146959
-0.009336363534437512
-0.010282944912403313
-0.011053704657753929
-0.011776160209201855
-0.01252738157392578
0.002561894334853869
-0.017846720030805268
-0.02026750468603079
-0.018468709938224494
-0.015313323620723688
-0.004256630725399851
-0.012459473044395297
-0.011610556639727838
-0.009436508231321998
-0.010648913440175491
-0.01043214554180951
-0.009078661470652241
-0.010105400858306888
-0.010028354957044643
-0.009940530955832041
-0.009866121115783633
-0.009760556029547377
-0.009696870768987365
-0.009595241918282331
-0.009440243164192907
-0.008891505190272105
-0.008990129261320643
-0.009272975440754028
-0.009129945481023019
-0.008859386606135895
0.00610756109922189
-0.008660064848781967
-0.008943879991809567
-0.008589155842802234
-0.0076807453132845096
-0.0032427994997561546
-0.008393772506755418
-0.008634118965776774
-0.008496451486757569
-0.007876779310200291
-0.005369072505623851
-0.0036917268852965928
-0.0004426480652246989
0.0009678388602066784
-0.00906157689261084
-0.010440584507268874
-0.011473953213033282
-0.011276849865669488
-0.010223841422225075
-0.01033300111149667
-0.009717048744585085
-0.009164121028503103
-0.009895738559201268
-0.010130587541003287
-0.008426049379241867
-0.0029540646748520455
-0.0033524994944863712
-0.003125593855100636
-0.0026877323331991453
-0.0018912279886006784
-0.002256422396006617
-0.0009684223510117338
0.007076245311060665
0.026382736945358056
0.012621033942730389
0.00017485436587830148
-0.0019718809924286025
-0.002266597198817621
-0.0026757882713030253
-0.002571179406867343
-0.003606693206537996
-0.0039626206466995256
-0.0024279256299077714
-0.0038272190628173505
-0.004403754047922711
-0.004502188521994246
-0.00481031539691948
-0.005154156874582239
-0.005276707705066504
-0.0051370793757538795
0.001581311346352233
-0.0050568546716304305
-0.005489129781244541
-0.005376885948702097
-0.005306386521278488
-0.00556373192158041
-0.005549854371354888
-0.005476331828106063
-0.0054313298038895196
-0.005368637442463608
-0.005245878406351218
-0.005189347234586629
-0.0044524021019961115
-0.005036042095727969
-0.004930556940171513
-0.004627725132785765
-0.0013236056268783425
-0.004315806804463221
-0.0033593291925285667
-0.0042579350462478745
-0.004027870324364597
-0.0036373801925579973
-0.0034435222911418386
-0.002883353333818965
-0.0035425693269348223
-0.002813969685273419
-0.0027596988630448813
-0.0032309110602047122
-0.00315129045265838
-0.0029863334824578544
-0.002873616654761805
-0.002779894248468781
-0.0027353181044939352
-0.0028198776934909085
-0.0030942335718131386
-0.0031944019225388833
0.0010859245857950995
0.015893790994574893
0.007257134338211506
-0.0031564868489502053
-0.0018995093471989226
-0.003342953454950216
-0.0028223135090639463
-0.002488961840227626
-0.0022813828309341715
-0.0021969112920791328
-0.0021671629432019348
-0.002092804242984973
-0.002469047359563065
-0.0027378255270922498
-0.002812683521326874
-0.0034001025967688703
-0.003188206038041713
0.0004491631536860175
0.01478084569581922
0.03224690074180637
0.011681866359754014
-0.0005572325160158013
-0.003373020503881507
-0.0034691043806622697
-0.0030411562400465045
-0.0021433268371742913
-0.0013623594923952238
-0.001852094829590157
-0.0020980592051873643
-0.0020859110311992578
-0.0018522664486598152
-0.002069623545973
-0.002123690323854541
-0.0020398916926824932
-0.001623387642505626
-0.002231322349910066
-0.002367724609389887
-0.0024078613250014093
-0.002467684580288206
-0.002318304583622714
-0.001551553635394473
-0.0021239367477146704
-0.0025939074746228596
-0.0027319001877480977
-0.0027007664743692707
0.0011054324664090747
-0.0026739438578231296
-0.0029503585340319434
-0.002946370412898652
-0.0019065514248596976
-0.0022553142021906657
-0.0013392983836112418
-0.002752023759402686
-0.00264309273122255
-0.0024887149923795704
0.00018249869459049727
-0.00223437990106234
-0.0010486262593243762
0.0011777832272072755
0.004572834875184131
0.016960180656888337
-0.001866818695102394
-0.0026153377088256745
0.004814032947266245
-0.0027194147421931835
-0.002890903050121806
-0.002862295309561339
-0.002191016567163346
-0.002067662525011409
-0.0027247918324509917
-0.00278836069797655
-0.002766851368944182
-0.00273181321751542
-0.0026534588654536563
0.0025398604220733005
-0.0022135803051536187
-0.0012851975834947684
-0.002240352402480985
-0.0023995538612265575
-0.0024315838762871953
-0.002370637388071299
-0.0019269457566988778
-0.0022490004060975594
-0.002148097646354401
-0.002014861138485044
-0.0018873504031146758
-0.001744952964909521
-0.001465700430227836
-0.0008777145246529688
0.0002043059143705642
0.004982092694167773
0.009039554429162839
0.0381394629902688
0.012259544946530178
0.0023257127493926874
-0.00018643335048493508
-0.0010649249486050915
-0.0014495049932143913
-0.0016359309095600842
-0.0017287028394741303
-0.0015812198702534217
-0.0005236354758710645
-0.001693416653959345
-0.0018619758936983864
-0.0018759440315781477
-0.001871867801446026
-0.0018897909594525353
-0.0018934895429193218
-0.0018943294608974204
-0.0018581975575610791
-0.0018878110141899648
-0.0017008733206668855
-0.0019001229942565575
-0.0019570207310552917
-0.0019894523478955236
-0.0020289959413397414
-0.001950079487761091
-0.0021496926784900874
-0.002238893630630882
-0.0023430804558539956
-0.0025013461085035948
-0.00268781623366487
-0.0029133929287583227
-0.0031660127073579796
-0.0033504226767877283
-0.003082433669331955
-0.0008464443780318834
0.0076511926849203715
0.02781874972513893
0.02330707819277658
0.005092410970145487
-0.0009255895893828687
-0.0019486295708024657
-0.001842649470517802
-0.0018884483597992265
-0.0019621435498519105
-0.002126680994896213
-0.0024027901331107313
-0.0027394017125487104
-0.0032849873604295114
-0.003773816716743644
-0.003943080004124064
-0.0025622979923676575
0.005193333455651006
0.02824559925085961
0.021445810508070106
0.0023431459193998774
-0.002639829301834308
-0.0033928758986494787
-0.00298403472371473
-0.0011133822109700843
0.008652690366588733
0.024033194139486253
0.004273206576820609
1.0236777090547496e-06
-0.0012796234337181618
-0.0017722513395220041
-0.0019700924884899027
-0.001523623593671542
-0.0020375198679004254
-0.0020437120552160566
-0.0020122139406867005
-0.001963905732127713
-0.0019141271620865847
-0.0018724089793028089
-0.001805290091704181
-0.001477303939794886
0.0005869651201080811
0.0026100347712955936
-0.0007666835592423664
-0.0014295991763115037
-0.0014302399607514869
-0.0013877905599643386
-0.00138064910581944
-0.0014062680658036863
-0.001473303777068999
-0.001465068895252066
-0.0017538150131725817
-0.0017814722166278156
-0.0017541416400232168
-0.0014399184630076362
-0.0014252057642827217
0.0005550713279143415
0.009281542197235669
0.02765530536510748
0.012936022463167005
0.0013847692378229103
-0.0014528811595013835
-0.0023661010102944847
-0.0019675364290244125
-0.002741909255296117
-0.002537020464306078
0.0005974962414004945
0.013937360284499989
0.032241825085668044
0.011490086151057767
0.00041719883230232566
-0.0015175045730314734
-0.0013401021819671793
-0.0010308575905471416
-0.0007127416655817767
-0.0003319446732688463
-0.0002668042693874489
-0.00020387337300274819
-0.00046137097816385965
-0.0001370661532223914
0.0001793317071752841
0.00043560137940070034
0.0008421114836057209
0.001971802407658234
0.007141957832670605
0.02949455309363236
0.006303987845781273
0.0025497290481880006
0.0011254571002977697
0.0006092207269372303
0.00034157894473397246
0.00015096793706037684
2.7244251260742754e-05
0.0003450749171289994
0.0015978199908040268
-0.0005119928854024744
-0.0011744906558950456
-0.0007468387234224863
-0.0004367855570420654
-0.00037883751629275256
-0.00020758988043528825
-0.00028295419214261294
-0.00025521104209583645
0.0001704252756795219
0.001512269192289952
-0.00044299828330931877
-0.0010472135410558557
-0.0014188852662414362
-0.0018605709498006836
-0.0022639905538156114
-0.0020602403457529767
0.0017343286751650901
0.018811359025059593
0.02788126940031578
0.005866486408723235
-0.0002780729577065881
-0.0006148753903059846
-0.00014871673276537568
0.0002051435366934322
0.0016823078109654145
-0.00081388203079035
-0.000957887526892326
-0.0006214716942204867
-0.0007815065982168243
-0.0010983456848118983
-0.0013459245639344496
-0.001340400920919107
-0.0014256767347512818
-0.0018437026400513084
-0.002285063637864608
-0.0026377729244407475
-0.002153779077330691
0.002115398558889456
0.01737539026485885
0.03005004319552246
0.009937371526033157
5.42966200006917e-06
-0.0018988317467992031
-0.001742353361016789
-0.0013009250134130288
-0.0009229444708775339
-0.0006789889976405938
-0.0005113504783843645
-0.00040662252307383016
-0.00033337005399729675
-0.00030836198213599845
-0.0002926200964702944
-0.0002879999417314969
-0.00029383194964330414
-0.000289845459593358
-0.0001167006525455093
-7.521252032587933e-05
-0.000339459643070867
-0.00037672700617720256
-0.00031765921436358214
-0.0004053445896849728
-0.00047501498622611494
-0.0004577774102666048
-2.712306023481524e-05
-0.00048736659131047523
-0.00035957204292062686
0.0028650400783717432
-0.0005496107488432901
-0.0006954868040674323
-0.0007846633789736801
-0.0006978009424406577
-0.0009387979281661669
-0.0010234064403682784
-0.0011055588156823738
-0.0011195752237511186
-6.895275755207847e-05
-0.0011981712541937496
0.00016922399151785307
-0.0015807707291352706
-0.002083832046788364
-0.0016742652391988585
-0.002620267643529687
-0.0034887550679094993
-0.004152899355774508
-0.0049029981413358376
-0.005597814813741882
-0.005604800997876945
-0.002514062574533314
0.0068620350327324485
0.001234145062297747
-0.004358155528551211
0.0036358874383930094
-0.0022727228172690203
-0.004252295938674492
-0.003682654722496603
-0.003061744052700231
-0.002792052113112803
-0.0020693889139883235
-0.002012531117362109
-0.0020106505942755946
-0.001813389671164695
-0.0009031728760840314
-0.0007735919128402708
-0.0030020788291229383
-0.005039124104906637
-0.006123749276941246
-0.002142402985332784
-0.003162995580757221
-0.004638308337484147
-0.004049599846410958
-0.0027088187903991693
-0.0016339659655408682
-0.0011815258070407278
-0.0008708070402283773
-0.0007153996646368428
-0.000515906493995248
0.0020219233518019774
-0.0018953043238265925
-0.002751716866716153
-0.002298083560098863
-0.0005398116496902406
0.00016668689033222923
0.0005166780953960548
0.0007656777671163216
0.0010055175406117793
0.0011640052695092121
0.0012044339626712706
0.001367571033911347
0.0011543304284544443
0.0011519819553346053
0.004234404742787817
0.010291728637405939
0.02970487958182757
0.013599364250024542
0.003913915182068928
0.0026167791305101266
0.002516355297042251
0.0025399949417916697
0.002478760870452135
0.0023428860180501982
0.00240476774961286
0.003230177575051586
0.002427830613115286
0.0016075581618409955
0.0011867387026302503
0.0005488079998196461
0.0005260269792563748
0.0009203204870982438
0.001031724919901459
0.0010328073804244512
0.0012036138263911973
0.0013145145204890886
0.0008522503868082809
0.0005906797600390065
-0.00016922421590713103
0.003052780011896352
0.0003487499305041482
0.0008493666514411267
0.0011823022282208462
0.0012764623110950851
0.0013454877923996605
0.0014079110893182195
0.0015401462938130005
0.0020337008432902435
0.0026874585486730673
0.0019483682546731973
0.0025462220602737056
0.0028083355945268326
0.0019021977686023595
0.001874375428468529
0.00192246029682772
0.0021450842070977164
0.002052359579556497
0.002627304141588567
0.00220568741592976
0.0023316213850399594
0.002268532344808101
0.002344513439069969
0.0024965385161079237
0.003648264174076192
0.0027711616785612257
0.0026179558126792016
0.0026522223442794358
0.002737152461987555
0.0027562628113074012
0.0028124377991150056
0.002874869708493023
0.0031258116382912385
0.003117914418871828
0.0031408794828379797
0.003240702527597914
0.0035604837375680276
0.005186462475820208
0.0033310875663287425
0.00331953885361435
0.003980555713627324
0.0038319039124067836
0.003356539301304801
0.003344933718843301
0.0033808456817218976
0.0036031324232875836
0.004169774522824666
0.0036074747159635877
0.00356078310514977
0.003663515286799891
0.003786539134114787
0.0037491464795720206
0.004002333193016281
0.005570264631331572
0.0036308214273506976
0.0029434911166471025
0.002815801316219068
0.003002662495660211
0.0037045732956380627
0.0025207950597386985
0.0023440421681244694
0.0040863347055638995
0.0022890956398025947
0.0021552353838408173
0.006639592583669294
0.021838102801496274
0.028234875481285213
0.010680426120813753
0.004505294664653683
0.00371459640120802
0.00392044625287684
0.004394242307735963
0.004340849522500886
0.005254987439425907
0.004417732864167604
0.004363745641337622
0.0042327164230714686
0.004097016434373527
0.0041220051983208526
0.004225206059309457
0.004248491479128333
0.004271416205586701
0.004274841569700829
0.004267073189465407
0.004252510521564165
0.00430076353163779
0.004311080384133382
0.006486689051570367
0.0043318822820885075
0.003971793043937065
0.0037247379282479135
0.0036233528475921187
0.0033507069282141216
0.0026641427228323395
0.0021462499627996254
0.00397850301903436
0.011103653171526425
0.0017862861642074694
0.001639631183549831
0.0069317280771630935
0.0037388361079599194
0.003473991551699283
0.0035048665649017713
0.003612468504427822
0.003668711320108382
0.0037133278203716025
0.0037030696148797958
0.0037000890537737465
0.003752121986674371
0.0038284281964466845
0.003958473851451742
0.004264892563683066
0.01203782008316019
0.004695778498699234
0.0049933562316270014
0.005631024230989426
0.006516190886364609
0.007877061893227332
0.010049555721793793
0.013316107364084905
0.016634441030666716
0.005897816661162139
-0.03406034642235908
0.014173782657333179
0.014992296343727715
0.0113652961998071
0.008395304121609597
0.006220097080369636
0.00456286941076312
0.0036082966671793833
0.0033640972496413314
0.0032058928538560576
0.003018588682215618
0.0028303520023978315
0.002654286948523737
0.00251200655182471
0.002525987729184639
0.02352473934453422
0.002283032757990095
0.002023591275417981
0.0018494108228932324
0.0018143418436828544
0.0016135293638158306
0.0021753798643257254
0.0011591525949417798
0.0009525599124351179
0.0026253520964719932
0.004786409835804813
4.588708984118697e-05
-0.0023168172888289977
-0.0020295280699569053
-0.0007244037976496327
0.0007292716677806844
0.0005697577597649164
0.0007553174093515397
0.0008886907943313231
0.0009658478133754564
0.0010136341263345821
0.0010432712973074507
0.0010679335465708882
0.0014194433750923266
0.0013734855301483276
0.015146286229092731
0.0015994178222624395
0.0011445792696918664
0.001110911848988289
0.00116601962243859
0.0012221833578541647
0.0030501139888124275
0.001266210748752282
0.0013352160820378901
0.0019652238296955734
0.0027526881899012402
0.0016978250428690905
0.0018798260542302713
0.0022470979361953404
0.0030073727312572456
0.004792130971839651
0.009042788280371096
0.016971753772466656
0.02425557802792652
0.021734299858837677
0.009510633604251058
0.004928804135978713
0.002940235971041076
0.0021064562402479683
0.001778589617664509
0.011988080920836192
0.0011977454216262882
0.000906766081273563
0.0007035805433272809
0.0004687607855630598
8.919979551693526e-05
-0.0005292231199639094
-0.001586709137607713
-0.0025308966052431927
0.0012745372870944791
0.013913775516236772
0.0005811044258113508
-0.0026686792650468627
-0.0017073725952728841
-0.0007639827465254459
-0.0002503784853926751
0.00018810934071134366
0.0011835961555425013
0.00021193452915098683
0.00011966083949349328
9.109462323907483e-05
6.842447314608788e-05
5.550825661675214e-05
5.3304061285133974e-05
0.00011519101071368262
0.003437613675460191
0.0003007465419741039
3.060329453185754e-05
-7.998579515874877e-05
-0.00012322413030635732
-0.00017857390425492854
-0.00020691394354432593
0.00011822200814854134
-0.0002607741798792677
-0.00019071240582434226
0.00587115316736253
-0.00036872102543926286
-0.0005838655725363122
-0.0007924230935056174
-0.001178055767381934
-0.0019182995196714116
-0.0030454730152070977
-0.002293515539370104
-0.0033830403888651314
-0.0024756341550852897
-0.001396768287435185
-0.0008784904298876124
-0.00031727789649142556
-0.00012030759701673718
0.0018913152531192209
0.002279172486020776
-0.000791622475682801
-0.0010154736924956021
-0.0011256532334614682
-0.0012462821083232063
-0.0013956346307462972
-0.0015840814702744077
-0.0018519107951039237
-0.00224539466255401
-0.002745009920659651
-0.0012067134792611918
-0.0028076626753217706
-0.0023529636345833104
-0.0021844973871765544
-0.0022134506082468718
-0.00225191640584435
-0.002233293154916271
-0.0018506880399256234
0.00043960348632669007
0.009655344885999402
0.030608039311755163
0.019505638451427897
0.004013274115438453
-4.697924413172734e-05
-0.0004104896311905147
-0.0006960020125538948
-0.0008161327348263675
-0.0008284613550537384
-0.0008458616274821905
-0.0008743807539502986
-0.0008933483430933268
-0.0009938646656882711
-0.001066362402040444
-0.00113342263678685
-0.0011840723238345306
-0.0008287878906952701
-0.0012517929518724375
-0.0014095327550664217
-0.001479255643588012
-0.001540571125793036
-0.0016036883837258185
-0.0016272896208014633
-0.0015414308912638194
-0.0006126816555427547
-0.0011318711438456472
-0.0017687108085548422
-0.0019192182755105676
-0.0019908955361273017
-0.002050957433319818
-0.0019968662073856806
-0.0015913971557376945
0.0007631279937077698
0.0007657603054181767
-0.0018175254024854891
-0.0023329108343249773
-0.002419206163939001
-0.0024937647532991885
-0.002606040848963764
-0.0027708619059770463
-0.003015855062574063
-0.0030766565554285483
-0.003907621627298852
-0.004195044161309865
-0.0036838324451141822
-0.0029921664439614415
-0.0028212470610966037
-0.002880374982157006
-0.002837322239133147
-0.002937990139133715
-0.0030256966936710065
-0.0031680007695656753
-0.003284917082318981
-0.0033401977668958815
-0.003060256390960172
-0.0025284688351604476
-0.0035867291227242117
-0.0032355773922354797
-0.0001450161756040653
0.011604742353069278
0.03277212178043184
0.011864786764423206
-0.00023162627308967928
-0.003065156360717248
-0.00359359828051572
-0.003723862246596012
-0.003138594586182906
0.0007223300864375928
0.014698792584894952
0.0319107934116175
0.01229513670954758
0.00033603712149361635
-0.002379709261855517
-0.0025344806286729973
-0.0022471050236466117
-0.00196426084456475
-0.0017876500346951233
-0.0016616929537458373
-0.001589230985278163
-0.0015648435271203784
-0.0015136558388555055
-0.001578482710874821
-0.001609278333282169
-0.0016152412085445233
-0.0016745565711324387
-0.0017533929132683619
-0.0018137060956166322
-0.0018705591877182521
-0.001953659179870206
-0.0020348415588122074
-0.0021295678650749936
-0.0022158091797914122
-0.0023258151293332834
-0.0025064713874987984
-0.0025361211277845413
-0.0026045705737846488
-0.0026888413388706685
-0.0027800219883416907
-0.0028783152223695037
-0.002961900116734768
-0.0027648177995821706
-0.003156818160524197
-0.003252855194146852
-0.0033384437444500996
-0.0033960445318314807
-0.0034892916239254684
-0.00357140678852669
-0.003640726472724992
-0.0037052547084426572
-0.0037630735033995994
-0.0038006625383047317
-0.0037483436485780054
-0.003429357364088518
-0.002026702762699137
0.0031784314401996374
0.020377755015631133
0.03231076077740794
0.010215635515754048
-0.0002649757125657775
-0.003164984048046573
-0.003986716544402903
-0.00415330361066468
-0.004143722448625266
-0.004089594262627601
-0.004024360078388704
-0.00374244650330028
-0.0038988835595443823
-0.0038564110162529414
-0.003809979698169695
-0.003563830218968527
-0.003732325290353685
-0.0037025116631157653
-0.0036692990374024856
-0.0036457595601726163
-0.0036390478458430873
-0.0036569619043306236
-0.0037180611112760838
-0.003869388875867799
-0.004060498764321646
-0.00405792288345922
-0.0038731220717405177
-0.003660613058084534
-0.003402275531251928
-0.0035167020396494907
-0.0034346650314991327
-0.003351481833596505
-0.0033848741262073206
-0.003266179340440839
-0.0028969964930219277
-0.0012762562345173646
0.011359856161286978
0.0013454697654628229
-0.003596520765285869
-0.003987669582274997
-0.003689488140506143
-0.0025015504530151037
-0.0015523515325275722
-0.0007702072334707602
0.00010649011430399088
0.002199844919292788
0.010548637746892615
0.028321065141596328
0.012980861702694628
0.004167349694298042
0.0021360280248332295
0.00470326112730369
0.0012531228428466247
0.00036908457862466917
0.0001602038647573624
-5.900196290823813e-06
-0.00019669679704934585
-0.00023942256946417323
-0.00047247437775838617
-0.000402415899117726
-0.00029461483337670516
5.295582325594221e-05
-4.238883685229971e-06
-2.385100954057754e-05
0.0006576978489822125
0.00029263187793058664
0.0005030278807780196
0.0007613804793646882
0.0010995374630978902
0.0014367038678328855
0.0018016518785991206
0.002184586053137932
0.002560880932298895
0.0029189310356569705
0.0032383980006703912
0.003510882721026494
0.0037922380240291813
0.004433929106352628
0.00699641659712996
0.017124013375067526
0.0265047594826145
0.013038207859263387
0.020429108423203227
0.013967014857686179
0.007016434834581991
0.005946278842772719
0.006134861350700951
0.006171109341364938
0.005947427238450842
0.005747226233771235
0.005551536263299962
0.005415642129373275
0.005471228853074183
0.0059781007151331325
0.006865247050312152
0.009257912040585839
0.01699929880424417
0.03772021323704124
0.032590364859498726
0.013997406711584172
0.008116828111422036
0.008462927766531977
0.004554878534768917
0.00423926812038734
0.0038711858472034026
0.002992199254952707
0.002785258459106509
0.002611367521138048
0.002543675310138835
0.0025067484714383836
0.0025056126827699594
0.002651105743878069
0.0033927753787104512
0.0026380615907205048
0.0025710303948258293
0.0026025163970318285
0.002660211195395848
0.0027548883818477306
0.0030352884196868267
0.003682009811447049
0.002975254060873275
0.002997797146543966
0.003056934272244357
0.003080329992349346
0.0032381999602110727
0.004088197797367914
0.003605151504273764
0.003582033717624002
0.003678452087261785
0.003698605243078694
0.003675862256143252
0.003722726286523437
0.00377445343323736
0.003906552065039175
0.0038033939009630546
0.004411381296375521
0.004074214295863993
0.0051215895113317055
0.00430555121157686
0.004458203798688947
0.004386047476705923
0.004411727570815453
0.004470935395974345
0.00445957386467337
0.0049094731631472875
0.0043008407030728025
0.0041635321249982185
0.003976641796136322
0.0037213088314634953
0.003447661977878302
0.003559265118397739
0.006250935094343568
0.01916498609410783
0.029360112684617547
0.010929734945824734
0.00825497223472949
0.004066005111734826
0.0039708534185652076
0.004158379778835587
0.004310188553202213
0.0045593276005142045
0.0044989003875218255
0.005800980472902956
0.004275891838001303
0.003972974473434323
0.004248767964795818
0.0057229098589033295
0.002956417989809053
0.0016536699058276835
0.0008236972916969618
0.0003347105051421992
-0.001407648813722259
0.0008567810931129496
0.0018745937808505105
0.0022960321667918992
0.002464636669972568
0.002535433230265869
0.0030699360433552587
0.004651254654317302
0.007944078668161696
0.00468190983602255
0.0024359456995876796
0.0019910423823813047
0.0009552873968567339
0.00018811839063429992
0.000981243095306971
0.0014266584727870972
0.002627633710082724
0.0013068923621052755
0.0012262584926829637
0.0013613366076615841
0.0016821032970577938
0.0012322677699990485
0.000985803444999888
0.00105274837100331
0.0006118667968051404
0.00033811130094146146
4.0827324617167335e-05
-0.00032453659929783244
-0.0007817645713460808
-0.0013109547917222201
-0.0016182081985531879
9.615285096462582e-05
0.00973509381091204
0.02548130793707324
0.019275072722530574
0.0034635689658498573
-0.00043224376027750297
-0.000599995671557582
-0.0001465394304954548
0.00024641946551220935
0.0005711665545219782
0.0009664924744078447
0.0009542160632693847
0.000934368022891183
0.0005949893684918042
0.0008740412801130905
0.0013184043862439078
0.0015204478348480497
0.0018375725915081363
0.0019130813202757938
0.0019190608845514499
0.002009128126871028
0.0020911892180279215
0.002158283519621445
0.0022194338052558904
0.002370386164885765
0.0027292519603260394
0.002558265317501103
0.004010193355606334
0.001326127812852082
0.0009016796943307992
0.0010130363417484123
0.0016332918483414223
0.0024776702468071237
0.005257444451712866
0.0033856145186237164
0.0024602827822860517
0.001206679136145546
4.423375740796046e-05
-0.001706578174392152
-0.0027711753661611434
-0.002006043326023837
-0.00015052410236292973
0.0013496896880586925
0.0023604779640554363
0.0021155025549657903
0.0022429470317128276
0.0022416054519503524
0.002299645975456309
0.0038422559388638896
0.0036927279563475322
-6.13908344023791e-05
-0.003920731182460851
-0.009208665934151383
-0.006803647548771514
-0.00183287046050948
0.0008600918465135148
0.0017354640720706905
0.002748170880583822
0.003440915493953384
0.0030369078667511463
0.0036692615476729257
0.0034943057321400427
0.003489963129023472
0.003480344832860538
0.003488863426857041
0.004193323104274796
0.0034174596776302955
0.0034392812835984583
0.0052689489550316795
0.007433940564644955
0.0038969103261406804
0.003342925305440688
0.0034955390514352378
0.003589348243483247
0.006778162516717769
0.0035634034697241907
0.0036031405237764245
0.004183522296665969
0.0037369250256736775
0.0033207397091059463
0.0032107670169090174
0.003158388216647968
0.0030215308354629086
0.0029031893146726066
