0.0024810369146585636
0.08269067849824478
-0.09414749319371965
-0.1431376466550031
-0.1331600395514605
-0.0690137748462397
0.0038411132308172782
0.03369353059842306
0.06145622985251706
0.09291125565443363
0.11646356887453828
0.08758740876170192
0.010385906180399314
-0.0374976209643581
-0.0675745332433222
-0.07591954637415235
-0.07489273712718006
-0.06348931133414537
-0.049987580086137386
-0.045960140807823985
-0.03249091334373462
0.028100068280991257
-0.04268722574946652
0.031337507433942584
0.007102687743731852
-0.0004894269142602188
0.043326785140279434
0.07840324198897874
0.09111031472831409
0.08718413742261015
0.08757871230890357
0.040245265862929716
0.013111164504158907
-0.009284728262160697
-0.02757295472109809
-0.04099845361381666
-0.04503266775963162
-0.05375904071895582
-0.04291532768322123
-0.052706675782509524
-0.046918715118246856
-0.037623882942580754
-0.025447942716412715
-0.00681763089308936
0.0021144216743477578
0.010218243613372355
0.013892776384131762
0.016452751534813445
0.017018561453165694
0.020258242965364322
0.022222138440121723
-0.024061245901262723
-0.10512408434857463
-0.12331412564543749
-0.02110314084439846
0.07859121847289906
0.056206556557026444
0.022848004123722593
0.0384982356879561
-0.006038924870469679
0.0006752927748463136
0.03327671746277157
0.07127001430998339
0.08344521618028895
0.07918798077942861
0.0608901311325123
0.010152576457032759
-0.001576651471776614
0.038028259214511355
0.059963168822516
0.06854452429975878
0.07001197526031348
0.06413182900515363
0.05197705827259862
0.03610210030677087
0.019320785137345867
0.013530924966265529
0.004626350633826186
-0.008344475301546058
-0.011551028256091533
-0.018770841303181313
-0.03217359671922147
-0.03416812716857924
-0.03910386144787888
-0.039684187341819124
-0.036238047778197155
-0.03050049191340198
-0.025015446046845045
-0.02261181101214627
-0.011761256485444115
-0.0036174484707760008
0.0022097284832131195
0.00922627945372751
0.01795423274087045
0.05998648336065022
0.027453348394834043
0.06931640500440472
0.028550383639001524
0.019454097059606382
0.015426142356893333
0.011916499416038659
0.01656730586026312
0.06631216620441091
-0.0017665315847708158
0.01764816231683374
-0.022897103637026506
-0.03129160116451092
-0.0370319202237478
-0.03976829906616306
-0.03569388317572238
-0.02190205200171525
0.09168726215115718
-0.03239574018883333
-0.04091882041625788
-0.051963340673024584
-0.06058677964793073
-0.10323545654344736
-0.08845525676426606
0.0331616603699271
-0.051102349669347735
0.004593929872144636
-0.04012844028528013
-0.01784839439650625
0.024753486688570622
0.22094039196158088
0.08305349856199301
0.046394044700612445
0.016879726989256716
0.007609079970314127
-0.012193006346550067
-0.022544197296511
-0.03338789973680775
-0.02829042619420674
-0.028210098329544058
-0.023077194488424053
-0.019172735964860577
-0.014318903132576511
0.0007237346272769679
-0.016931764924776098
-0.012273754815294248
0.0013963970380158383
0.011737545101328973
0.0971660384308862
0.0012763827617115271
-0.005327082054228708
0.06570914478185935
0.02033748786812574
0.021771665688572802
0.021241789641324213
0.022767006163295418
0.009766983109925171
-0.0037216844919195228
0.006431131363771341
0.007899861282169912
0.02035549200661458
0.0029775423275902857
-0.004999238417413947
-0.007007332320170113
-0.012435737264405012
-0.01785843510225528
-0.022812705707794804
-0.027433642479961384
-0.03119999850599593
-0.033830129935250274
-0.034164667314004644
0.012837219553429889
-0.03613758174534411
-0.0385173815972127
-0.040899370730284317
-0.041698083325133126
-0.037113754484814535
-0.03058420662171057
-0.021312539190503892
-0.010040507198023914
0.0017635354042522255
0.008104923913487175
0.0030516657168156536
0.033513451688622915
0.04195150716780293
0.04434170354113298
0.04129532710484621
0.03353166284318782
0.0016517317718345926
-0.05387656406632681
-0.0401221448007942
0.006110944451715085
0.029415643600066325
0.03863259230496676
0.042112565515831986
0.04089400962267517
0.03630343677438433
0.029508830519091072
0.02221950758894129
0.01496898827857477
0.009849689174612332
0.00038608073387338195
-0.003611184865824218
-0.006357451219382849
-0.014017144245504076
-0.020173847772038504
-0.02777045931418625
-0.09380316390483182
-0.03280375905898036
-0.029918347725611357
-0.02649187584608403
-0.017875680500470722
-0.011168740305802869
-0.004306615637357068
-0.0020176119716603467
0.0010499156525143889
0.00249726398024903
0.01278727765714686
0.00872932003285355
0.01004151439491363
0.012274116035592387
0.03255045939530782
0.015595719423320194
0.01459283027610544
0.012398559351028746
0.014246673478369774
0.014385289042536699
0.014783119960235385
0.014693052164123897
0.013340132975752306
0.00848611138311332
-0.006008739399760288
-0.02407550374324993
-0.0048884207434913
0.011696017235008842
0.015702663748448822
0.014544105198419003
-0.008461779984544884
0.007786835568388051
-0.0114432517716807
0.025576257546359542
-0.011003329571156238
-0.03575135802696605
0.011058328182090703
0.018307772830852012
-0.010718876404848423
-0.02410148613146096
0.0057560981716504225
-0.02939953794404081
-0.021471065018732804
0.009963478608953344
0.026966430517590755
0.02637063198221497
0.025906318557505338
-0.05063181363414232
0.010990227348446405
-0.07382323532431051
-0.01858193681161516
0.002553849003459631
0.007524975472871591
0.003439296588850481
-0.0010196083789567618
0.005426153376414159
0.01051319984351111
0.0007333474677019027
0.0017584486817518905
0.01526390656983671
0.014043760501235712
0.015479545979326189
-0.004884588461784359
-0.04057309012857036
0.03853339763026004
0.005924815468299053
0.0016943988048420211
0.0035976724598818233
0.0057477846666576585
0.005915479550129646
0.0029507814139954664
0.0054959146095020775
-0.020243324941534576
-5.7347417320854684e-05
-0.004209608697855128
-0.02871655031275122
0.014029990812292203
-0.0012165034755004642
-0.001388074952612424
-0.0055484226635286816
0.016436002262220254
-0.0008898382717677083
-0.0023302854735763375
0.003212890175448587
0.007129297569980819
-0.07086373034094327
0.003900349540031313
0.007507318052906694
0.003535150326228634
0.002744666157961272
-0.002034376582273121
-0.0005924453895254006
0.02057013602978862
-0.004488382584035986
-0.0047041984159540955
-0.007425325707382258
-0.015474233047118023
-0.03860488468456228
-0.03477702152121791
-0.013068385169055974
-0.03265534695759577
-0.02900874731866756
0.01936933872494111
-0.005142089701082309
-0.03044418841515652
-0.00607347930134744
-0.004405733394707299
-0.0032623094060928383
-0.0019404032401305847
0.011701958678225488
0.0021264693439054104
0.004210832953694477
0.008355167673199422
0.014908535063033607
0.022911548125394733
-0.012049477897407717
0.034860892154291695
0.04358510620042035
0.047648674274140115
0.0613601275459359
0.003381672284805933
0.019547964561782677
0.012858707399954534
-0.029315162022865892
-0.09183814256054536
-0.050791683040810366
0.03700678232250948
0.02128266095166008
0.02439868548115275
0.024521833455149224
0.024589219148705595
0.02163695855622761
0.034487769766893786
0.01926147985967788
0.012859096871242566
0.008951048971282773
0.006415145168964877
0.005955367330678404
0.004563846701280952
0.003971005229317247
0.003828475376454511
0.004566514451136257
-0.0032982988273956644
0.0016354965574507188
-0.03868977215539783
-0.007266176753936436
0.0022355518080230787
0.004325033311149795
0.007885157049416327
0.006167528316642453
-0.000907730518523588
-0.01718893858347441
-0.006299536106381076
0.020346710772261398
0.03774221772352828
0.017305181720005555
0.024824118227958065
0.003972886789419575
0.024644870679428763
0.019126185514759458
0.02401739794168752
0.020217648802050008
0.01798080466354439
0.009011504994195639
0.006139750672860438
-0.00527830724200203
-0.027098443230641648
0.017626106774046545
0.007663285996691462
-0.021301493813969875
0.01029022473247217
0.0003948628949025036
-0.0013789495671233602
-0.0060437855184413795
-0.011832979828123993
-0.021547769863596793
-0.016047275555241425
0.01695443708007114
0.07555888223304343
0.13121332331267938
0.0811875929626907
0.015264386879065785
-0.015970368319643154
-0.021776912102060342
-0.015947098925011772
-0.0065648178226657885
0.0016034844133615699
0.006903293676718518
0.010708677474240168
0.017838665558003678
0.02555914732456999
0.019866440074907663
0.018012868711884865
0.022391050254004258
0.02313296275297369
0.019630285232616996
0.009578746696421881
0.018749784319562767
0.017266187301058812
0.06136599440261602
-0.0034469250979269326
-0.05855461606708143
0.0034890906167749118
0.01411302470599253
0.004382639863748508
0.0014940514079420846
0.0008370732614037039
-0.008825311394509611
-0.005244774784607702
-0.00805923723107279
-0.012343067147390314
-0.02298544827171004
0.001832748278056191
-0.02834971421088434
-0.027202553975723822
-0.03207062453655176
-0.039428893242894746
-0.046701414058615574
-0.05144245228937522
-0.0515045055055597
-0.0424120381125104
-0.007683856941099036
0.028066153737987674
0.020592044288102036
0.09482241841430435
0.0038182574415961154
-0.014535153743502192
-0.05403713150615146
-0.06772985989427968
-0.0625042741177771
-0.047321019661944325
-0.033987503940514634
-0.023718172493456362
-0.01732866449724766
-0.009910383792980124
-0.003157239508340541
0.006104003849695064
0.019327788887690357
0.020201481641197803
0.02147109962627583
0.010957229493465578
0.006433356475556862
-0.00882363937417132
-0.00409779920402905
-0.0005930501762543333
0.0034988164662914695
-0.000778347092454398
0.09949997426442067
-0.007990963731776575
-0.006126178977939276
-0.005088163717701557
-0.018796268421382156
-0.004645070310136806
-0.0009305785245579014
0.0011629061182640993
0.0028564003683363066
0.002395210545787939
0.00362845486493486
0.003739880132276361
0.002211640308680452
-0.009540413531167224
0.0032571127389875343
0.00715123587507161
-0.007594013283895903
0.01061561543969678
0.010677406998419384
0.013690094632437462
0.003093447642951808
0.020307743891054945
0.012869365557937499
-0.07492995221671782
0.013670224492539901
0.03260762617006217
-0.002811642432976979
-0.023833254836353682
-0.00896739965689229
-0.005898540778725453
-0.0012806728729788082
0.000793538226616917
-9.086425675626183e-05
0.008274954856544116
0.0007676985164764145
-0.0021247703060699274
-0.006023141534616813
-0.005787505332896805
0.00043241757149924424
0.012380888890155256
-0.041838156937906136
-0.03741060578241396
0.004844431375046891
0.00967768814236276
-0.002652477566140387
-0.004388147617581379
-0.004482340800906575
-0.002683598008062573
0.0032245583973788726
0.009701358006676507
0.0011602042091435243
-0.0005118496127138223
0.0002461553549817012
-0.000922309818890868
-0.01228819880540477
-0.013649316842071603
-0.017383860927364447
-0.0024131784641064098
0.0032358010428275344
0.0029633684015094312
0.0037578830650488774
-0.00683160749310792
0.006421496556319253
-0.0012547575349805683
-0.0019156694374988087
-0.0011893183846002162
-0.0005733263145516848
-0.022481584360971533
0.001024145437930579
0.0011610091314586076
0.00249350757275029
0.004000826583474192
0.005637016107662711
0.005286061989790964
0.005365131733755647
0.0037466434919283687
0.004937547342969203
0.004448295686992262
0.003947820914181232
4.983824127529088e-05
0.0024038555337030287
0.004912938401955848
0.00517741199731479
0.005640947320446168
0.006431634415282726
0.006866372764166712
0.006763324562710522
0.007755627704559757
0.007412302859049054
0.008612819641159631
0.008956478884888737
0.00904705493393512
0.00964090622609145
0.010091857218746551
0.010478850018579965
0.010858531544747444
0.01122739349930959
0.011661975669974544
0.01185532154427355
0.017718686957078095
0.020188546479228745
0.013717888533703362
0.01389160011237501
0.01220102373556534
0.014979765885134803
0.014693300814111174
0.01035627822791267
-0.006412050064371605
-0.04257092656531423
-0.021575890674921112
-0.014858263881905658
0.02210319933989132
0.027689902374342924
0.021774601332162916
0.015908968125269995
0.012036800763463801
0.009744991816744071
0.008429945427079782
0.007170739205132721
0.003935998333217434
0.006631911458706059
0.006594369463287734
0.006790079906317761
-0.06542319504502116
0.0063047632546774975
0.005254213042407111
0.00558295999022815
0.005374368142422549
0.004152833519905923
0.0033458264868688175
0.002618503009177407
0.004093642900901869
0.003917617106887461
0.0037433804946158263
0.0017116427968223169
0.002169101376621099
0.002522523582899066
0.0023122219822255025
0.001711192396504683
0.0013174779636492078
0.0009974488868674516
0.0005044431758462995
0.00037333879799056384
-0.01859358789182549
0.000471565674818604
-0.00048753814588556977
2.2011761433265686e-05
0.006093753761835612
-0.0011573096312415363
-0.0017853794587479469
-0.0026116685456239507
0.0015526222360053613
0.0004929619201201623
-0.0006888511565299407
-0.0067158556350913464
-0.011505653382606017
-0.005140921328517679
-0.004540222535543942
-0.004817504768783878
-0.004628344868467283
-0.0038966549354277763
-0.0010633701335003333
-0.007176285463677488
-0.001826637536835308
-0.0019451337671937006
-0.003671651743375784
-0.0044851239285931144
-0.006388202989821171
-0.0029365935906454327
0.000902334947974856
0.009053597929485563
0.011739768175119526
-0.007133070499612438
-0.018738586296080263
0.004829723196065036
0.011455815247294387
0.0022827819521129586
-0.0010359370011543785
-0.004514536282286908
-0.011466441023532377
-0.030637937722629304
-0.008088679913393432
-0.006279617312887883
-0.005314869913157337
-0.008502229355665301
-0.0038249267451243526
-0.005000356171468828
-0.004657436769676651
-0.0041444411125925
-0.00428537098848538
-0.0024509125095351168
0.02091179361573926
-0.0030969656450856274
0.0009290017029304934
-0.0008971558549207473
0.00041027825805115095
0.004478093570109476
0.014476366652488698
-0.002278783454709038
0.01086710994891428
0.01790814614208944
0.015352586314504469
0.0200379396208586
0.024747033788210998
0.03245319727959981
0.0336917970602718
0.05841571072533676
0.030018789534457493
-0.010655007461486725
-0.01002468172316143
-0.08392075894826398
-0.027526470524315092
0.02775610344295117
0.03973155782752752
0.036601611596530415
0.029635163850778034
0.023728851127705133
0.01935999269482969
0.01096865494065175
0.010107430802554442
0.00952190632076039
0.00995594171849532
0.0024039206934180607
0.00807221754722154
0.0009273882838447207
-0.004041348890817975
-0.0010793552430710001
-0.0015399269503928374
0.004692620633695538
-0.007421317621972489
-0.02806686155853949
-0.006216160560327725
-0.00657243867290586
-0.007808821824009714
-0.008270733688913165
-0.007960558720646731
-0.01068131179640511
-0.008838388525877719
-0.010013942123021442
-0.010226551808318291
-0.010137685390589124
-0.00966654567381061
-0.008929061665037541
-0.01169410714738148
-0.010857846997772052
-0.004429720878710118
-0.0024853136244416007
-0.0078123525767037445
-0.008806707099834662
-0.007847962243381346
-0.00743889684338272
-0.009661899328821914
-0.004001625594162503
-0.008834282701368051
-0.004738686105979029
-0.04112371788371591
-0.007961297006566349
-0.008546670971222158
-0.00899713809045095
-0.009241670249898536
-0.011186822867470891
-0.009311397048548602
-0.009174535276247375
-0.008202899760743248
-0.007185618162953982
-0.0034421248776537
0.003943534251191777
0.05597597610771269
0.028256010542750194
0.00045938802207175244
-0.0044578912922992025
-0.0032982495213976963
-0.005033161847749057
-0.004917363439682316
-0.004971164872446271
-0.005128114683674737
-0.004542771884415697
-0.0042526630711558246
-0.0040106332562956926
-0.004337138753701415
-0.013150255641637994
-0.002953856342199569
-0.0062836143486453095
-0.018030994097569027
-0.003802869852830494
-0.00045296839433914304
0.00028491185754928527
-0.012172604783789644
0.0020179879487507734
0.0027190498092605564
0.003529718540179768
0.004412243671268053
0.004801826422366924
0.005843464308790849
0.006504380381164115
0.006889313492876546
0.008298776659280272
0.013289762572043777
0.011413395396520275
0.008789980560875132
0.008005057923400926
0.0020733719669254447
-0.016106721365550587
-0.05319081717175704
-0.031105315595160898
-0.0314825406034586
0.011796475743925117
0.020893223751655855
0.01567706432917283
0.009823984162507347
0.00567965935594911
0.0031272945330300516
0.0014114282598901543
0.0002723577871111003
-0.0006664756440183698
-0.0013853121016477662
-0.0020356215792230238
-0.003032704578256079
-0.004200064687133167
-0.00460316408740007
-0.00558017007248451
-0.005739282121364977
-0.0032835676421632837
0.00689666425810682
0.031123106939511123
0.06303719990710534
0.0034382160422166247
0.05745110032056382
0.03541661358068503
0.016647140733607544
0.004548656756343623
0.00025397109517896033
-0.003613111537196122
-0.004296901779957644
-0.004512209912387439
-0.005191684016934529
-0.006121790488229491
-0.005456360051962306
-0.008048800143488119
-0.00891401009991504
-0.009786264181065107
-0.010482517283420435
-0.010583076557393984
-0.01705651636213628
-0.011203327026303016
-0.012898460248131575
-0.008081870343304537
-0.009410716870648728
-0.009887992733643611
-0.009488208169425583
-0.00916994585303475
-0.011808402232548068
-0.009060290969179995
-0.008548374339638756
-0.007743462275434996
-0.01110051409636692
-0.006358960479166128
-0.0066828494532370445
-0.007530544035886098
-0.009417627186246409
-0.0023211511942141014
-0.0031446677203461047
-0.0030840614755674603
-0.0024253417277514803
-0.0017052390019420788
-0.0035406443776767635
0.0044969167335413025
-0.0015927108766531982
-0.003949484144162938
-0.004421046860248193
-0.004243645247528605
-0.003565931915548249
-0.0063120054330982325
-0.0022363065069840845
-0.001804812046709832
-0.0006080268133744946
0.002552053789999758
0.006221054912765005
0.014535959752987233
0.015723855472899884
0.032608266008504895
0.013661943669031482
0.013867235663448763
0.052562059693517744
-0.0012557715948296817
0.018087244128018234
-0.10779767605581393
-0.000811026006744833
0.0105356741797608
0.01042669349062178
0.005970807850944346
0.022192302110778824
-0.005590931811214616
-0.00680828091170606
-0.034269591000384736
-0.11393890775177139
0.04118284025726113
0.031776137252483044
0.020561088390255538
0.015756067584797143
0.015530576047004058
0.012795558963938383
0.011674091437972493
0.013850205154550528
0.01662471689358347
0.016624370914846125
0.02007908221557729
0.02515394549444925
0.028158558489077713
0.028176758349423674
0.04921735009780355
-0.016670391346915406
-0.05615770195579252
-0.027303786247525944
0.02268020496682207
0.07297584466125515
0.0325812004289295
0.029128623921274875
0.015003642750498116
0.018645030565173977
0.01483540360497156
0.014903981694622436
0.009955366949059411
0.008831807553058542
0.007692857339543314
0.006879102836737534
0.005546745154066735
0.006528013183778096
0.0068390485403214156
0.008395948924961896
0.00836254452250935
0.009624933220995825
0.009408178363031173
0.009023880856552056
0.011449525149065337
0.08194095759537674
0.012427641857554558
0.01181169878032
0.01103621796123132
0.0078625855397011
0.024716597678154588
0.01105778214834072
0.0075938164691372895
0.003925016629872619
0.0011604626667236937
0.014522083534097556
0.019458559937665473
-0.045903523196426724
0.04333873685570814
0.011690619317637357
0.0022055475149324
-0.013235580251408129
-0.005966793071636488
0.004210285390980683
0.0010488765077100142
-0.0015471131508137583
0.0064875345208295415
-0.0060503983866523475
-0.024977903381132573
-0.014410914555553055
-0.0001352636652783735
-0.003308211574924292
-0.002948585728659649
-0.005924287577779819
-0.008852348290616357
-0.008606519319503826
-0.014386892507031825
-0.03996043132751593
-0.0732203871038396
-0.05711515259163152
-0.025641156526349053
-0.013771772775881458
-0.010088943764280437
-0.00877107277904668
-0.013680703201748098
-0.007238003211678035
-0.003373108656286535
-0.0022701944264706475
0.00019991065491604
0.0017019820536971135
0.0008459575695035186
0.0014952513924016647
0.001205622846300387
0.0016023717068325367
0.003132958590997489
0.016897160696845697
0.0030842434129467523
0.000832452033998293
-0.0008500541866633215
-0.0018170602690451103
-0.0026618765089546554
-0.0031259263607130304
-0.0039987417316950545
-0.003433927976831859
-0.003495023616022586
-0.0035891478114649976
-0.0032351482226175023
-0.0017713626177228283
-0.00291528907680277
-0.002257505747327653
-0.001043635537940194
0.004649463573640187
0.0001287832301568543
-0.0026692511243761197
-0.0011152970595619462
-0.002048221608337036
-0.004970525553971547
-0.006708332241308831
-0.008282638868179315
-0.0022936877226853417
-0.002887340537972368
-0.003420581140629539
-0.0039027990103815417
-0.004386579776902848
-0.005075830484684322
-0.005363507972885792
-0.005538835504960884
-0.005496708721040933
-0.004263426137179893
-0.0007261671953721292
0.006278680891339731
0.015752250603951322
-0.009442880978943803
-0.0005396048491133697
0.005370564986571549
-0.024746028718424604
-0.000751907347362703
-0.0014409278815250574
-0.0012606595695244074
-0.0007211308620182833
0.000101238860829119
0.0003699744191531554
-0.0008360340601720295
0.0019621624301641737
0.00284140444593105
0.0054564414211748236
0.007913914255934032
0.011150509595582883
0.008341089578884355
-0.013944546684920359
-0.005737525923226558
-0.010142908889649437
0.009190473527502243
0.010592272440684839
0.007346147279449074
0.0044142346211264415
0.0057008485990877305
0.008920985453879308
0.003649795572828705
0.001582073494974989
0.001323468723584069
-0.0021006808451737094
0.0007014175625487708
0.0007138699680371529
0.00019827148952040089
-0.0032675724594270995
0.0006591729896451639
0.0001279045794428789
-0.0006773418271100972
-3.217230874382857e-05
0.00018274445347854344
-0.000689618068654395
0.0014195414077304268
0.0007789115444574262
-5.0470763394980256e-05
6.028805041220951e-05
-0.004555017692519722
0.00020867496212443183
0.0012325690692788726
0.0016700007838750003
-0.0022101151844759873
0.0034497920098683164
-0.002279405922458513
0.0045862211793994846
0.004063580575409647
0.004795484722717591
0.0008761145742900301
0.010317628470090335
0.0120960170011697
0.00804820015887644
0.017860203935334665
0.029240479307529526
0.01971446824849789
0.012626136977775955
0.016263642327935056
0.004367459198029809
0.002844315335052981
0.0015563503194713686
-1.6718574779610068e-05
-0.008584544246921571
-0.0005347185750637202
-3.9802051233205256e-05
-0.0002176327884360581
0.00039526472751468217
0.0004038513179168169
-0.07114987110327706
0.00132807337625408
0.0007770496472545895
0.0008026822316303405
0.0001432204437147371
0.0008308529727339232
0.0008013923253105416
-0.003269392570166399
0.000726286420356318
0.0007118226613907954
0.0008318264732236854
0.0008389760670084759
0.0010214554682622444
0.0009672936918159926
-0.0004570501912059707
-0.0017898375848559248
0.001737862827184263
-0.02060108508875168
-0.002804913088793894
-0.034517873558008755
-0.006146054954718145
-0.0005970246207745299
0.0011166467007763508
0.002016043508059986
0.002628843252887814
0.0033018994584892145
0.00202833755001648
0.0026919821948846487
0.003692061858344064
0.00415000516404807
0.0041787427635381295
0.004066782701224617
0.0044244915637996155
0.004556500645801143
0.004651272778959964
0.004389655828526887
0.00482442714560223
0.003954133476085313
0.004495462940438068
0.004338697029690112
0.003973844217336772
0.0036075110963503295
0.002595688728110844
0.002375228475896361
0.0014186847804243223
0.0001120670291105299
-0.001108835947716544
-0.0028278027862001127
-0.004818799244249853
-0.006785875055680829
-0.008079072592866903
-0.007341555088774433
-0.004134679500058652
0.0015280567391128055
0.01401549843289712
0.027312776604906327
0.025110909874703782
0.01218937350496556
0.00015533089552968523
-0.004592005007319293
-0.006677713417035367
-0.005739716604991653
-0.004595704559978988
-0.004080420081600379
-0.004343286681128887
-0.006959605084086941
-0.011168600864967996
-0.015605472269180638
-0.017020012629043995
-0.012820756408715913
-0.013364685856256348
0.018376978338409813
0.01922145698740244
0.0022019302975181173
-0.005317915211653153
-0.005071611118047064
-0.004460548893200499
-0.030557788181707284
-0.03984325961357385
-0.01030996915341038
-0.0004289918014452653
0.0015249361546473925
0.0024119161055999277
0.00302376967152577
0.0026872688075815663
0.0035713383960703266
0.0037217543349150535
0.003730928646135682
0.0036875519691407033
0.0036175426140725706
0.003406035857083529
0.0025560317498701714
0.0012761291569875013
0.013228881576845262
0.022632715063308235
0.001618563961428895
0.0016354023918890388
0.002833912163038931
0.0030014476511873132
0.0028616409660610137
0.0025114074302651198
0.0017637032001468177
-0.0003222315194300523
-0.0014403453255355135
-0.003138331791935618
-0.006151555939625445
-0.010058493683787586
-0.015437159744025632
-0.023487786076968536
-0.03903678321345945
-0.07166685177886807
-0.04341613261533098
-0.023902678099502472
-0.012460620648818203
-0.008644633024147185
0.00022474695626742585
-0.005395944494544841
-0.005290409453201956
-0.00504905685531593
-0.00834141555484956
0.01512018714611657
0.012573013057054178
0.01434051739266483
0.004099618893563137
-0.0032777284813428204
-0.006683092827803844
-0.0066033503839129995
-0.004800200324753712
-0.003878431084506033
-0.005074944709265647
-0.0031569180894583417
-0.001689888259166776
-0.0006312677810183384
-0.0007748859781006917
-0.0021208716867059272
-0.00793521050416893
-0.04427620535698529
-0.13572014491738596
-0.02224565437985311
-0.00155824353487567
-0.002184036643723145
-0.0005430811250471257
0.0005043472996659676
0.001174052316020203
0.0012828540727598593
0.0052486591599653675
0.015597909700205718
0.0013134958839135433
-0.002116854194745455
0.002835095595666887
0.0036189118276035554
0.003936590080063181
0.0023575774581377318
0.0023217789035893423
0.0031881654875186693
0.004685508596051383
-0.006339152849155096
0.0013199824290462655
-0.0018954196270637572
-0.0038558675683809636
-0.006266328332386078
-0.008709252581679847
-0.007868522091876008
-0.0025360954190671533
0.012222435876299153
0.03807123055452539
0.030190688971164524
0.013258678905467449
-0.001995408403276379
-0.006626691157428506
-0.006929749243174347
-0.015936451360902094
-0.00546709294672867
-0.001536978733220272
0.0030619371002280553
0.0016623496314790579
-0.0006181053637283949
-0.003812096502778896
-0.0029739997728532425
-0.005206099563876963
-0.005164240130454824
-0.006019052203799683
-0.0067800022413572695
-0.008496357322472933
-0.01724449417979046
-0.03694619563490797
-0.036002682708246074
-0.01039600683212231
0.004916259469617293
0.002932655010006941
-0.0012247435193992323
-0.003388678831111221
-0.004211498056573855
-0.0038652324842782127
-0.003597703431519443
-0.003202655712682792
-0.003109562397486074
-0.0027152384283539947
-0.0025844489947283327
-0.002495007897658335
-0.0023657621146523588
-0.0021670049788919572
-0.002691118146431363
-0.002926911805640229
-0.0021761838468820206
-0.0024593757520716335
-0.0030587463774992213
-0.0027722529220034603
-0.002591850412406279
-0.002601024713103057
-0.004457596930551416
-0.0020812054765427406
-0.002580607053202607
-0.0026870053184647707
-0.0023084881954793064
-0.0027023844686412204
-0.0028713693207937257
-0.0033055358504356885
-0.0029844138250677667
-0.0025835761136604155
-0.0020208362053263044
-0.0015372350097801084
-0.004142059358744986
0.0005559874087185833
-0.010159342789904475
0.0021843552651840325
0.002160143454596494
0.00116280398670192
0.003059686178219112
0.0037271574453576505
0.002273520887401237
-0.0010743501649378565
-0.006349866244704683
-0.008864734600740009
0.014906147889347441
0.06662673636575026
0.0490016167254098
0.004515228608412374
-0.013334622677282226
-0.04057688723526826
0.00338988634250621
0.0057052876445193145
0.005113751545818528
0.006379902897319201
0.004091029701107773
0.004911675731348939
0.004365183347741564
0.004102308703690657
0.01631810919665175
0.02327542106620659
0.009348570914530696
0.012408539735882643
0.011733835909187288
0.014336245448489661
0.012090387962257164
0.018467370801446788
0.010650984456737154
0.006265822053776122
0.0024891507121124743
0.0027940671926289483
0.0023200482011105244
0.0024919251611046117
0.002696757548662175
-0.0025333726754252087
-0.007556062418472445
-0.016111422039668675
-0.012264083568439997
-0.00029535828273839234
-4.761416485943632e-05
-0.0010934484795339368
-0.0017002882295095048
-0.002324243115396259
-0.002457922951726609
-0.0015859479239352999
-0.003058704581736092
-0.0035252974822966602
-0.006512265514424143
-0.02236447437623183
-0.014215093864709365
0.005351215608727201
0.0017977801902033482
-0.0027495636310153906
-0.006352956369641497
-0.005667330264688559
-0.005376287571211325
-0.005040343421379901
-0.004546156855311969
-0.003863034999203789
-0.00649243101694213
-0.00258428202620641
-0.002450945582245483
-0.0028486621029542697
-0.006943248659946033
-0.006320858581054664
-0.004151456082221693
-0.0051247517943030264
-0.005934263748088755
-0.003527590292246805
0.0029067651373049924
-0.005973608603692069
-0.00850236931195512
-0.00973429456879779
-0.011396518253615826
-0.011177420409117119
-0.006034177598609151
-0.007219483999846207
-0.007534905616803482
-0.008058887270506477
-0.008475110625197525
-0.008456670167744495
-0.0024945010907485477
0.0037896228205522536
-0.0052625863382097
-0.007819484157537504
-0.008315502738103839
-0.006747935833194421
-0.007647859627978228
-0.008173409188001607
-0.00897960471295385
-0.008086802684588031
-0.01167121297592721
-0.00817951578605706
-0.0087348278640006
-0.008092245368856818
-0.008014973684981193
-0.006752363542691396
-0.01039421210027057
-0.006913927626275585
-0.00661870068615183
-0.006894726287437229
-0.0073659058153174185
-0.00684021030069156
-0.006472256693754263
-0.005579123243202586
-0.005909734763874787
-0.004852863901279162
-0.004194460822168702
-0.0031792997627982772
-0.0036609270574477436
-0.01987171100703695
-0.0020760789978656845
-0.002143063752855841
-0.0007748181852798126
-0.0047264450570573225
-0.0008142434747108346
0.0004836935270833787
0.00159379623866954
0.0017689306056514237
-0.00014731842394435053
0.0022099795688031
0.004724555463331471
0.0024399461038059904
0.0024172497344675547
0.0027668020900020055
0.0019978785006372645
-0.008095651996482685
0.003002506639435447
0.004462362321166204
0.002258787757634161
0.0021141307670265036
0.0005012726423904307
-0.0040957830623136815
-0.011671171826216482
-0.03850184476445595
-0.027149917544523602
-0.029169759895444892
-0.03468773718071358
-0.011812513973986574
0.017588503960083005
-0.004428200644709588
-0.011439476802561818
-0.01623901596242343
-0.016098648793062734
-0.01412193635892296
-0.009877079079842225
-0.024098464358497093
-0.004124026744355092
-0.002298551650819499
-0.001689948155080244
-0.0023167168752078766
-0.00102941213314778
0.00043707188582166567
0.0013117414306621413
0.0010562947349655144
0.0006327588118426886
0.00016142451413475974
-0.00023811318862308295
-0.0015191818995692059
-0.0010773640532301687
-0.007690007218835924
-0.00011592678301139761
-0.002273672484603028
-0.003902350020459957
-0.0032166773913382745
-0.0010820346618572322
0.00045942246102719366
-0.0020910568610899706
0.009782226450742802
0.021829272572642056
0.0026266386866858017
0.0003367129070375621
-0.024023356796629956
0.0023929521836439627
-0.005055234803489371
-0.007249507230631796
-0.008524822620041006
-0.008580954148268812
-0.008684286203556022
-0.008874142045298803
-0.00937470268646155
-0.00972383028822305
-0.009610161711454535
-0.008963623883260791
-0.008201093462933882
-0.0017281395845596644
-0.006787957299542075
-0.0066244224051400236
-0.005566748190799561
-0.002968443162959799
0.0026455692991089108
0.011905790868989956
0.027344173807838636
0.04902925031808179
0.03358466652070855
-0.07698193854648895
0.07009312697664141
0.04590979022975172
0.02691874125528381
0.014459336359507332
0.006324806259174223
-0.0027305292367330422
-0.006057648657866309
-0.0037113840187002305
-0.004240121653748786
-0.00570823817372286
-0.007028691524917589
-0.007330046083575506
-0.007427293374713277
-0.006680804082147348
-0.004039259582393063
-0.007039132643916005
-0.008209054679742114
-0.008800354318267879
-0.008878702653050314
-0.00851302892221948
-0.017356527965392953
-0.006215687798849559
-0.003493275870690148
0.007625926358860099
0.02553927967216855
-0.006871509822542515
-0.026960675304360596
-0.017648600499503574
-0.005646341013357736
-0.01038671157397771
-0.005177192204812636
-0.006644608266658999
-0.008017385194553995
-0.008972363135789203
-0.009516810969652916
-0.009635293834179097
-0.009294746693233845
-0.0107425373992557
-0.006202087336233999
-0.011807269471810438
-0.0023152626271709855
-0.008815924852673258
-0.009671192299574789
-0.010030298591035573
-0.008856500352844956
-0.010270069215911469
-0.007862530993847464
-0.007063732931497771
-0.007033993590884768
-0.00782816004714239
-0.005764451894342618
-0.006163555386813518
-0.00477293360287557
-0.0013828043612244575
0.013349123647487667
0.03987695098088619
0.04726441984079864
0.09251154071272859
0.046431431581645886
0.019614541643542004
0.005736043368725475
-0.0014009582818413347
-0.003699106114314732
-0.004993143405484895
-0.029297719265132503
-0.006844191024072717
-0.008165963831796392
-0.008874146157532
-0.009046722718339922
-0.007696082488221187
-0.0047312813813183245
0.0020026055991109342
0.011283104985913756
0.012754491944173909
-0.03279300661564008
0.012830403373824361
0.010701676840316015
0.0012827685582424229
-0.005172331096709439
-0.007673251051416477
-0.009948089648796902
-0.020626880941984203
-0.009357682143542975
-0.008908686811563064
-0.008749895319292399
-0.008513295334164454
-0.008289930071614361
-0.00734162275223701
-0.006395562773087791
-0.00430522867971931
-0.006963360193187482
-0.006276831288332287
-0.006629679149366729
-0.006981174409580487
-0.00656449881101501
-0.00641591635739858
-0.006818529202498579
-0.0050604147371447325
-0.004301189363637567
-0.0008690664416212186
-0.0038162366611388734
-0.004054228281759495
-0.004129202041645799
-0.004040378288292387
-0.004835745907406836
-0.007839764135814062
0.0010673838990103838
-0.005668127583713173
-0.00466175787607404
0.0005846456486591822
0.00038538084341663547
-0.0009504916181262269
0.00192958513013242
-0.008174015981242011
-0.006518765711092942
0.006430112856445379
0.0041226367184749825
0.003133460869780958
0.0031388373478862803
0.003737175860046928
0.00454774400599032
0.005438457074465789
0.005619072510401244
0.0019921930937846872
-0.020321961576720244
-0.0006807888775194276
0.0004256292399742866
-0.003077595894268845
-0.0077037217874713045
-0.011834599480493691
-0.015430495647658832
-0.017216505185177044
-0.012497695650899946
0.00210376298785024
0.03947909282057545
0.035860132872577256
0.01242948354536181
-0.005328844566131475
-0.01261887488157017
-0.013757343430896024
-0.011736932895774743
-0.008661602141799606
-0.006135318440876782
-0.004249102588264051
-0.0032222630376597975
-0.001649834976432393
-0.0008158248610806721
-9.369068608444729e-05
0.0005620477015984625
-0.0009471046047661094
0.000516848743466677
0.00158670401795487
0.0016894990112112282
0.0021391205238553393
0.002156186555367284
0.00227202236310279
0.003149437031449111
0.008761851237294366
0.00839881771675476
0.0038612344224538825
0.004132719242548814
0.00452027358674939
0.004713519584106855
0.004021716619199969
0.00436472474837007
0.02053094323427025
0.021359216718714564
0.005196904359043501
0.006381108209107561
0.007683206332577369
0.008476047743498144
0.009273412897997664
0.010151349974814095
0.010930722377312683
0.0079046626190224
0.005485938315184795
0.001792084906706616
0.006831558426387878
0.011957447596874156
0.01113191129996185
0.009018718445297112
0.008778795779666941
0.007180169002332498
0.006107132998573258
0.005192342791606805
0.003539423205402435
0.001353437308359304
0.00149347878123454
0.0011853353469992497
-0.0038044774552397596
-0.0031879858628397857
0.0009708207990812117
0.0039863158808659946
0.03264097290353449
0.012981863989738397
0.010905842344562386
0.0037448815199349634
-0.0002010193461763279
-0.0024247396127530007
-0.00507878039232168
-0.0125812282696333
-0.030125406788131255
-0.014850993023946017
0.000215652678528017
0.015139593997137393
0.011162986068307337
0.0054390342385711105
0.002679645111521791
0.0019895123145690285
0.0023611101471122083
0.0031054084768306345
0.0039024994424732935
0.0044762517563812785
0.0048664925133236996
0.00563819720974257
0.006044927716712737
0.006355839613547535
0.007072915587506677
0.006929828072440473
0.0071593620327383735
0.007277903614335345
0.007522667894005532
0.007678085210606825
0.007919967250600013
0.007954633768572634
0.007204791242609888
0.007628415327443629
0.008276374665245742
0.00821489895797362
0.008108466375358916
0.007985651057609431
0.007953492201504573
0.0077483962600403905
0.006597730952769572
0.007022551599340949
0.00640394577707444
0.005604059946317565
0.004373203124439111
0.0031666958067657815
0.0014741709018723055
-0.000700528881153987
-0.003357665246571402
-0.006452427665570965
-0.00966512399602107
-0.012166175195398228
-0.010160530821604806
0.0008564147317674334
0.024887086223326024
0.05718868553008883
0.06750012569775457
0.03530884014361761
0.007228637992204837
-0.008194852591941347
-0.012787055827287435
-0.011310195128916161
-0.008130595712347024
-0.004832364008968004
-0.001923801645533942
-0.0001557773127442805
0.002364288864954582
0.003906511429027843
0.005083420881186113
0.004352216410133334
0.006717357106149862
0.00723918530776784
0.007735837833234221
0.00814663038894748
0.008527271856005566
0.008886009343917237
0.00913339768045958
0.008736694182368549
0.00707852198361577
0.007441093636885853
0.009467255804262031
0.01001032324118542
0.00866824675545769
0.009863570094304466
0.009172853374253486
0.008743232001976312
0.009958760596040471
0.010506621766506663
0.011010040151930248
0.006482430267620377
-0.0756552380560029
-0.01654719744270626
0.0005109974432729805
-0.007103145787405316
0.00383555200844885
0.009730412701851156
0.009524164868294846
0.007169189231536604
0.0031363809694653815
-0.002157840004791919
0.0007969471859244571
0.013175099272752022
0.008281552951208204
0.0009701972813599323
0.0024358734430899674
0.029171978171959066
0.005046413895470404
0.005409062657847801
0.00866476187382555
0.008353294946140661
0.010303156371744285
0.012573814098356709
0.007863227209163118
0.008746454708315463
0.009207266373328742
0.007840552130207477
0.009284593517618215
0.010569698293731123
0.006880998796779687
0.011760848562240979
0.012663820922406064
0.013753355882387477
0.015971493421373748
0.017190431158915765
0.017979820716928968
0.019555658565324322
0.020576466282400976
0.020482613621453608
0.018632756722971506
0.014139741842430126
0.00547902557657476
-0.00843619843837796
-0.02673088345897865
-0.021800778307530803
0.0230016871744329
-0.014537606127643158
0.021454719665815462
0.005168874814549379
0.004043913874206657
0.018059576997506432
0.025742782125158483
0.02698298965950364
0.02895783136393047
0.028355905146683263
0.026436416609849554
0.023859796639725078
0.02027701322375891
0.016565588045294472
0.01357914878557152
0.01126915622232061
0.008690432657411094
0.003866818708396798
0.011668869042725856
0.0244077966910846
0.038771088150477875
0.05909523760785457
0.014599590543938386
0.0132490890259278
0.01475245888931238
0.0029858265414763386
0.0009521395764999366
0.0007516994668771119
1.2026110054545243e-05
-0.00031616581549258034
-0.0004339613553336448
-0.0012013370335303083
-0.005552739260949208
-0.0022478668889603084
-0.002706260264283804
-0.003437853107247278
-0.0037630219513129295
-0.0037758374742584582
-0.004652447723680584
-0.007947807334388933
-0.004401256412808914
-0.005076420543600394
-0.005356428654045557
-0.0053575663099047575
-0.0035438459239764126
0.008231741164746589
-0.0004343728882633829
-0.00505666926290625
-0.004847071995452957
-0.0045571914691638045
-0.0034247678498385546
-0.0029693134872010567
-0.0021918368183383025
-0.0003901484467716392
-0.0020208227805885246
-0.00672894276921367
-4.0938802343942215e-05
-0.0046211333347599415
0.0018669711703346152
0.0034898202114472384
0.002243023000357876
0.0025594921376455937
0.0022047879576142467
0.002423765249708202
-0.0013266204599410752
0.0006068131858770721
-0.001658169953758223
-0.005072409213629449
-0.009803346960146675
-0.015593707350223862
-0.021132824182607913
-0.024250544605013614
-0.009166603243306449
0.01612565413481118
-0.017532808127911106
-0.05023876868578735
-0.01799601451106704
-0.012278117192516497
-0.007291912263427761
-0.003413335727978589
-0.0032159771352921218
0.0007974805115189256
-0.015431618764402612
0.0036089447880235386
0.00298276519736999
0.008082077538729424
0.02984340365890678
0.005573772712702045
0.00766524546011946
-0.016689380956698103
0.014153801051694233
-0.00203538617864098
0.007308564226102404
0.006090640371970884
0.0032844563818619082
0.0005106308476671851
-0.002094796461783104
-0.006609056411420608
0.0073444467641900265
0.02908991596449008
0.007790920729593455
-0.006045765871305373
-0.006321255361045172
-0.007119105065533956
-0.013917675975555929
-0.003570632354420381
-0.0018413146590105396
-0.007532307000840348
-0.004321262049781182
-0.004858880519663017
-0.003060111257548784
-0.0014339373333313952
-0.0030421188015137303
-0.004275133275411431
-0.006087842869355589
-0.005196039030313673
-0.005898484878370426
-0.007140979105720915
-0.008738943467210826
-0.010547789965238587
-0.011970376155310712
-0.011991589861849459
-0.012840471434056666
-0.01654983293760784
-0.024881805275381093
-0.025307761259043098
-0.015348989072533004
-0.01031526300539827
-0.011288852587913928
-0.011566146064025713
-0.010260219811431274
-0.008943035996748318
-0.008823213526885804
-0.006433685525877336
-0.005289168222924234
-0.008223153426901062
-0.004949725242072834
-0.004357747384108021
-0.004986399048902125
-0.006506246475740473
-0.006286831028589311
-0.006113575954650952
-0.006724840177581242
-0.007071897016862463
-0.0072152462523022605
-0.006888528738126024
-0.005060742434351865
-0.003230166834976312
-0.004182626255785302
-0.021474338996920837
-0.0070289252025581925
-0.004925222661926839
-0.006573287087416913
-0.001221989692777013
0.0013615216571393632
0.024825375316992027
0.01036527001499829
-0.006012082411334348
-0.0020018245133626394
-0.004209110859309479
-0.01822378721791695
-0.036756710138398305
-0.019370910046089113
-0.002639878082926746
-0.0005097825806980646
-0.003813694024930228
-0.0035946634786467612
-0.005477770160014853
-0.005367973641714949
-0.0031336861450855765
0.02322812669166554
0.030804843355614342
0.006046166452634476
-0.005966897217177833
-0.043481305385679424
-0.03704898428465745
0.007030884020493277
0.0028249563371720346
0.001106587427727269
0.01050094526340135
0.014168151950854463
-0.005219486367858037
-0.013072899611129738
-0.011797962034975571
-0.012642554611097407
-0.013433883648861106
-0.01161836153801623
-0.0016089514647101625
-0.009276405297150627
-0.010741227364197357
8.967083293121959e-05
0.02146380315188354
-0.0019320579617417468
-0.011360683742298486
-0.012947328854894196
-0.013143404377081395
-0.03320224637664632
-0.012769926304787224
-0.011156410997242872
-0.0003037220793401954
-0.005310034727100521
-0.010747322797788832
-0.0103118782471384
-0.00948594467452467
-0.008098317897382704
-0.006576799584365389
