-0.00022502426895833482
-0.04986860769082581
0.003986566588199008
0.02340978458098482
0.008009877219763605
0.020845269668893184
0.030913439534865635
-0.05484803439457161
-0.0631951678334853
-0.01836195606884455
0.08469804024200951
0.03842351885703434
-0.012946676952043266
-0.025799928158464307
-0.016383184759098553
-0.004422177096875345
0.015490768667650758
0.02362445506902128
0.0004368521063263334
-0.047102071978048235
-0.018679228845036432
0.04297221199559259
0.04463063875002695
-0.09826950994446736
0.05077570440227951
-0.020671172407203554
0.0014615593588213798
0.02859366696074871
0.025602179568448707
0.015241141074790293
0.0006332978639485349
-0.01854822736197852
-0.030978874154309673
-0.03241998877055328
-0.02694673574085312
-0.01702005356677123
0.01554033434659586
0.008516410530253858
0.010987934571779665
0.020941777868057534
0.023854917307935476
0.023436360032599517
0.019978782910663163
0.010934077089950993
-0.0008038155479512765
-0.016311872306357816
-0.026906089271468876
-0.03466561570028608
-0.02830770148803621
0.010712659049198506
0.09246232236982835
0.06228259549342308
-0.14070379111954817
-0.054085566637695065
-0.0049187247725163636
0.02318182535493187
-0.19124319998827494
0.03315950025946174
0.05773824864891962
-0.045700761775929154
0.004461402578813779
0.024812146764561234
0.041165083448323564
0.01068846751917269
0.047596892867850446
0.03731432714421274
0.03496971480656466
0.06291779021136973
0.056608000249574866
-0.013068824111032868
-0.03753027627113087
-0.03891500860612783
-0.02869321497874909
-0.01498796728076121
-0.0028548851359742238
0.008298618252126197
0.01906883194126753
0.025283803012145313
0.012373897172587462
0.03489387596815361
-0.02018791566570779
-0.023119848399592142
-0.031215917815596454
-0.012987606102024318
-0.00531141831662339
-0.0026771992345669456
-0.0022341331766791463
-0.0041456164473837025
-0.0017543860523010827
-0.0018610926757520888
0.009422047496800933
0.0036472191963498437
0.00875480566855085
0.0181592390268212
0.0244036559098639
0.023755822234275165
0.01593535781681552
0.015752884668662242
-0.0010823181280605028
-0.006801862867150127
-0.00488495774742881
0.010783794790658616
0.01686998137346459
0.004758159528068769
-0.026614256728585875
-0.020621870630852062
-0.027904256434619017
-0.02984732215030191
-0.022236880108729252
-0.007748897530715609
0.022066778780705745
0.0058477218590115366
0.019101604471058953
0.01331945467368503
0.025246137380223695
0.05031827084679904
-0.00013309512519551372
-0.015036814636860874
-0.03944120715341888
0.021577603423377268
0.006383146789150621
0.028589177284277685
-0.03113354190363988
-0.017378553912710093
-0.05085223842153384
0.030533551389933133
0.004145196082380956
-0.017120947865192127
-0.028795460832622407
-0.010789872549481796
-0.0026954724860370513
-0.0027134377481844827
0.011613238400536062
0.016104580091607475
0.03968122373858853
0.027250398543457767
0.02090583173641724
-0.02492880484473117
0.0184985357889741
0.018221571974550876
0.035081587893477505
0.003800236220136008
-0.05348276439044497
-0.020406367881818727
-0.012403596277589983
-0.06478984012735073
-0.008481086138440138
-0.0008637613077807328
-0.006911411222737616
-0.02589979017708565
-0.03345574594040687
-0.04717265824012284
-0.0016107505161933292
-0.005959178045423171
-0.041918824378142594
-0.00015643334797508165
-0.0067429060974730625
0.010327168155272645
0.012137827891818422
0.013465379227810922
0.016632503532815725
0.01874425892234694
0.019668567584753167
0.017697676525472845
0.011296635902823277
0.1068853422281438
0.07110954619128255
0.004225202857922985
0.01152057405621715
0.003744474680744611
0.0009194017818594279
-0.008723222369572587
-0.014437404774446438
-0.015220417021698301
-0.01930893848068725
-0.015427644558960719
-0.023618375844773002
-0.009155897481796595
0.0042689314590393865
0.009907574552879035
0.011555907477670858
0.022752643937431892
-0.02896697647723362
0.0032822737018818513
-0.010919504719802652
0.02535466118445178
0.011702076556187158
0.01008705326491023
0.01056531533857268
0.0037115278633141325
-0.006149788688382881
-0.015038325759681618
-0.02121610506872554
-0.010526179156819028
-0.01759143345885813
0.03035695924606186
0.01545066888123075
-0.023510520334353087
0.0015175134817279304
-0.015394404909471276
-0.02866968056828186
-0.00877105901224573
-0.03499711908967344
-0.007071899680372096
-0.010720371351008565
-0.025117564869082454
-0.020606810225191802
-0.008757300467442377
0.003391771560308848
0.023149008610962234
-0.008573056446374213
-0.003452521267610262
0.008502652744432905
0.009717515452482764
0.0030599835356682494
-0.02704237266052806
0.017930553886852395
0.014132252176141365
0.009696629808179856
0.01530371871728806
0.015672528476350017
0.016054762538796716
0.015585900571762847
0.0103860877856866
-0.0038971896542029636
-0.031121291600655843
-0.017684303426387483
-0.027439102142194523
0.004752843413020332
0.010522490117964496
-0.004439789987251907
0.005508799102845395
0.003984728155164273
-0.044692533768981746
0.06942889420791891
-0.05698275917329201
0.022816506271250113
0.053474425980707514
-0.016862320526445748
0.060764612392171916
-0.05246235035111474
-0.007614819074964203
0.08927233691245953
0.03129410200707629
0.004710647576213159
0.015630869808956584
0.02593517783156707
0.0054059017895616845
-0.016679524746172788
-0.03199959365433879
0.011913527665314146
-0.05285995012328999
-0.007613825769590182
0.01439489992404832
0.021863995784674337
0.03777634466045168
0.022705492898942872
0.0062609887890435175
-0.011314806866707392
0.02092913291379107
0.006164187344316034
0.016784437042095795
0.008081091780700295
-0.05154815293520422
-0.035607391817308015
0.03545522872267516
0.007119398173191678
0.02033628839744131
-0.0051425711013862235
0.0030154993643389818
0.01462325083377537
0.004622530705256309
-0.004826828846272723
-0.025262424205452567
-0.0025957853858843334
-0.001838051312590432
-0.03868508887090792
0.014960515785245763
0.0037645242951542817
0.00902644054126539
-0.0017864135474333805
0.0628011703385387
0.011335443866127323
0.00335495727784076
0.012291777223569412
-0.012363143773947542
-0.0012653376682572536
-0.024921430627471115
-0.014912567717995833
-0.09217217896443562
-0.012667148204827774
0.022402074682336365
-0.007622469885902007
-0.017358094454218313
-0.0010029515889328927
0.002995994202642373
0.007931897383618073
-0.005250971848655362
-0.06062852118974247
-0.0585544992577668
-0.01903775930526677
-0.04813448682963723
-0.015850900202384142
-0.025504168589044564
-0.015277915197739826
-0.001187223062609646
0.0036239053840222877
0.0058937455851950865
0.005198113802559261
0.0028813112423712703
0.039794067204784685
0.00936351123203412
0.0060057125902265645
0.010572888463368622
0.021855606539072973
-0.015371185966543332
-0.009338290757999424
-0.005568262846377811
-0.003923904728390959
0.010561284947990614
0.011247824057951456
0.0322786887613358
-0.008283982180792215
0.009704052443180802
0.0014723531626752852
0.011319377891800174
-0.02268615308631118
0.06709402667039069
-0.008714130889588783
-0.00536000734443662
0.0011072286061974597
-0.0007029997208532616
0.0034302154221583195
0.036992290070306535
-0.00971950559549378
0.007923232962734696
0.0038008778366711315
-0.00018324751917055972
-0.0007426559065962842
-0.0009911825527592262
6.955705573847895e-06
-0.00019042702013856287
-0.0032780336003406124
-0.004403919648752278
-0.0063108701963086496
-0.013572104008182753
-0.01122686831440313
-0.0007671038189464884
0.0010899507285705278
0.0027280262988034626
-0.0010648675728344807
-0.01954454810279682
0.0053609135106926515
-0.015706489729931977
-0.008806857374769526
0.0883588633511926
-0.00729883805524994
-0.006792749510027446
-0.012187556316567252
-0.02708332522012103
-0.007648265522295813
-0.0012614839266595925
0.004141372805141365
-0.007448053622678794
0.002746022784229231
8.253844831093873e-06
0.00014423066810097718
-0.058805132570008946
0.04265949653263127
-0.025804497509422056
-0.03629276019919588
0.04706339724284544
-0.0006878279440275546
0.006978410075252577
0.010285814389823338
0.004474005646923412
-0.011634968537166404
-0.0408165268309821
-0.007488913093699048
-0.032450942296315025
-0.09679863322357668
-0.07455016423614766
-0.0019164681917143347
-0.031145535272174892
-0.015126909916913872
0.007914586045367338
0.0197212620434173
0.027500430270375298
0.02530411172965902
0.024239434759238065
0.03791390215139823
0.035995142505207814
0.025448917184374843
0.03101607079362961
0.004114387276909838
0.012970593594788462
0.0063053860730885964
-0.008963403012996427
-0.0003338372766894605
-0.0031759006525184266
0.040899878825943085
-0.03591096962529887
-0.03475847225083008
-0.005364440661097754
-0.009337831074356064
-0.0015556929842027673
0.00016156304301639265
-0.003152160351825654
0.005755402878135047
-0.0033284235189940934
0.002210825823376235
0.004459854633281181
-0.006285861888789358
0.1660054955781515
-0.021171630414470215
-0.005280826625409835
0.018028817212929205
0.025646390713650533
0.030301598704169774
0.02966551014867379
0.030521746918898415
0.0202449181026398
0.035948971802769486
-0.012080597741940079
-0.0013549801548609023
0.012561639544549584
-0.03607183569614652
-0.00236819556454384
-0.02286895322943285
-0.08545347267674269
-0.0666690766350082
-0.04460962392827063
-0.03439612313732877
-0.03131611462981704
-0.03225434141880048
-0.030301146728306538
-0.03577919902110619
-0.03580168081576146
-0.03776234475165358
-0.03152377361239798
-0.016623311504330437
0.010787074586163183
-0.020506346736776496
0.01169145205418033
-0.01307980244671041
-0.01992526498216167
0.002493908461616728
-0.030875622153229414
0.009996114261368158
-0.016619123593194687
-0.010928429721435932
-0.019747367872262833
-0.002871127211645511
0.005960601724124907
0.00886249011226035
0.006268265514958379
0.00029026004524226965
0.016167721334420928
0.006097659380100886
-0.005789900409571283
-0.0069814853329488715
-0.010587515400590533
0.0009241568166877132
-0.02385940115703507
-0.028711486176722405
-0.013841551732955789
0.0006858477830043167
0.004511243316381308
-0.011515208961887034
0.018274814218629205
0.03816475593535769
0.06446950867697977
0.017058456666360553
0.018680672569684142
-0.004089759285229055
-0.010162184857393645
0.0026010713130679057
-0.00799004495434824
-0.003710694097295245
-0.0033325291925305786
0.009101543730213756
-0.001655000252855224
0.010862620154140466
0.012485951676688157
0.036226214783059464
0.062027961084861916
0.05482483876373023
0.03232917221240074
-0.048957830933251005
-0.025236480816943973
0.02140864123018298
0.016172571077459893
0.015082914644018345
0.004209495125305081
0.0029248814735303424
0.0017552075255514213
0.013888587657388133
0.010383703615549775
-0.001043731566748705
0.017351024741757783
0.006255249589778435
0.0063810322841054605
0.011787450402665453
-0.004184859973881617
-0.015157338127403275
0.0010250106250673221
0.005024275767008211
0.01128011895687502
0.026521302390870836
0.015862286781607355
0.018052169653511824
0.00756524442399104
0.0017553051138913362
0.0004408298500900838
0.0005257229723277971
0.00662979133364027
0.0003536984489843876
0.011151710379242095
0.007519752195509162
0.001788031081974471
0.010892417424064922
0.005392156106415761
0.003933467282386116
0.026936358880680748
0.007905968443168342
-0.0004580667871036019
-0.00026437049661058224
0.0029858164030963246
0.0013560496137395306
-0.0003004022171432127
0.0005365247581383179
-0.001123232471665401
-0.0025925466052198493
-0.002586451618859423
0.001581785301025256
-0.0012542051315382527
0.0014567778892000496
-0.001670029114019325
-0.0012498843704694144
0.0021570652943000727
0.0014940012959281006
0.0005948518726487793
0.001167864468600619
0.0022108363357100837
0.0038009216921006295
0.006174502455784445
0.011538541187903794
0.015477320759714147
0.00036023471769252425
0.014054973125946744
0.00939146233006314
0.00386917439466415
-0.004158723304359469
-0.011840736266796277
-0.01028173563792622
0.008016179668824511
0.01380222187013939
-0.03871024946885974
-0.01725501986539675
0.045524507076409725
0.01081452035546387
0.002400531506903112
0.009048169052920238
0.013699736999929523
0.014516174049442887
0.013180302881116952
0.013562255346418995
0.00949673813340792
0.005493147855630231
0.0033380159209832894
0.0027104790700545936
0.07995574078488625
-0.0011520068416447948
-0.00023718227687569314
-0.002108961845253649
-0.004117522680099872
-0.0034643196823419386
-0.002254008669779848
-0.0032856628176578086
-0.005750377794753795
-0.0069229702704512765
-0.006867721156930338
-0.0036894777363723173
-0.0036928542304121774
-0.00540859780781922
-0.007742283849595329
-0.008112746495108753
-0.008319495339975613
-0.008045530671069827
-0.00724280965714123
-0.004890863927379527
0.020897953809281652
-0.003860056926423017
-0.0007875053466388451
-0.007359450214221994
-0.006169243857845009
-0.007024939280897244
-0.007836329731251339
-0.0037731173658653466
0.007326835889426206
-0.03255784581123143
0.008181984182769603
0.002373081750871834
0.007769818352473962
-0.0017916798237860327
-0.00523301415953535
-0.005599169226367526
-0.004626583787451644
-0.002051560867116435
0.0004970058384557675
0.03876595149893428
0.02423553344944328
0.004483789489493948
0.0006655837018953167
0.004636859768482067
0.013916533791599218
0.011141464963801693
0.012155619860098504
0.013678861642707874
0.05172339439909337
0.006918907779077745
0.050706123367879045
0.05408923898654215
0.022328237854948724
0.021093559146555856
0.012395000705586095
0.011303106240002542
0.010479670518680888
0.017601074449847397
0.007230818493324458
0.0008643690555981108
-0.0015231724132897544
0.005008643584529315
-0.0005274057434057176
0.010300186247876918
0.0055947432711459626
-0.006481392893407684
-0.006647696862593201
-0.006104452287573801
-0.008171904787810328
-0.005057409197943695
-0.007350721649164299
0.015608030224121475
-0.006408174651875082
-0.010356786030796622
-0.027473300194644022
-0.020171329128554794
-0.012233127275149419
-0.01696294192906071
-0.012498453731590893
-0.01202285097456217
0.01681383671817152
0.01781347232349775
0.032461704151682494
0.003946745996063091
-0.11457344081383311
0.036764947329110835
0.014118696261390383
0.04926119924133343
0.0055758207012063694
0.005147202666192171
0.005416656892497509
-0.003924910213223669
-0.012580311151331378
-0.013346703577491948
-0.008685096318554771
0.007583272923985145
-0.004472713147997284
-0.010201872242898355
-0.007838710355887292
-0.02203842245579086
-0.003541992252668039
-0.00018540259363671708
-0.015308963468979933
-0.0054703408600968745
-0.007318875363027969
-3.743367501627281e-05
-0.0024567437267091893
0.055929285894309864
-0.00041555334784662865
-0.004859091466521083
-0.008007024320811395
-0.00891813855854255
-0.007905654248759306
-0.0018215638160041343
-0.008822792467821564
-0.009915788301264557
-0.009291197561030175
-0.009131570248556358
-0.00886424224681933
-0.00887242955252541
-0.01183189629771686
0.009959174169493
0.011176325578097277
0.003962383987309803
0.0017950180655572413
-0.008230234326633548
-0.008633474527387766
-0.00729431449058407
-0.023979231524377885
-0.005937335193415708
-0.008288393294675518
0.0005610345090383654
0.06533997299609623
-0.0020153810047608923
-0.007327296277797791
-0.010166361295298673
-0.010072468357680744
-0.01108950752265992
-0.010513138328205482
-0.009012238084241717
-0.010130359263720305
-0.008943075480852585
-0.0035823402340140736
-0.004570080140743913
0.0198497550016973
-0.035002065074847884
-0.005013113281260222
0.001983810035398352
-0.003442459025727713
0.001974344444686192
-0.007041014371195213
-0.007918690817836235
0.0005648661202209694
-0.0017517166868727006
-0.0076442294068860715
-0.005758828594797652
-0.0021959653099944258
0.018743552031803123
-0.002394672920645506
-0.013031446599875523
-0.013496646343071086
-0.006526234594560029
-0.004349231863048546
0.00024310217435468082
0.014238384205492772
-0.001923694814505493
-0.0010353073108708285
2.012537809107599e-05
0.0015565866236167327
0.007434166922060058
0.0066645957788406
0.0070843407555428615
0.009687231660903841
0.013510576069496016
0.006009659742795471
0.010645103479705468
0.004893182232411652
-0.0076555176639352684
-0.010502957277135697
0.00647479955229895
0.010230879402874793
0.03553567988101081
-0.001486001494388473
0.05859839686671572
0.01927371733121671
0.009087876600649506
0.01531631629116011
0.017578351077034378
0.016137902714073803
0.013578615518694909
0.01002640880179812
0.006801444056002978
0.004313291623730271
0.002601978403971796
0.0027113696973420903
0.006716665865797912
0.002487750103106965
0.0024678631708831248
0.0025353751277039185
0.003580489248070012
0.00794912607735583
0.030679234323676745
0.041460898409265964
-0.02863336170582442
0.04163401082635558
0.03424585181252357
0.008964809092939728
0.007199561103540352
-0.004361781605194297
-0.0032732694749419014
-0.01134422519249875
-0.004584251921939595
-0.007281363040458859
-0.009950591736282934
-0.003865115315140057
-0.012269777616173686
-0.01431187775234916
-0.014216842070926732
-0.01473174093778406
-0.01433613071660989
-0.022177820386104607
-0.01524979283769354
-0.0037098532749507704
-0.01258652668679757
-0.01379309536865784
-0.01418508512835386
-0.013521789038249596
-0.01296584769277835
-0.010689268592647473
-0.013331387053581806
-0.01274660961086423
-0.007619744980217745
0.01711858258926111
-0.002318131925652369
-0.008941061211995935
-0.016179070618186166
-0.009284662250796352
0.000685732155065947
-0.014125440711160602
-0.011685406920756784
-0.0057656418806394305
-0.007660710284022857
-0.01634727007097806
-0.011410807451499893
-0.006853122883503826
-0.006316742748095685
-0.006760719554693334
-0.006100581474513283
-0.0075926517175643055
-0.004870287108077646
-0.0074484379254871206
-0.006950337381318862
-0.007764513942359215
-0.010782132457636056
-0.012259339018074104
-0.015142575581906986
-0.005304647671011639
0.08737783944294505
0.0038372132899069764
-0.010634017719865786
0.2361545067856872
-0.027804992591641188
0.0023046366244156213
-0.05783069595699494
0.10374256261691008
-0.000614866117849894
-0.008948028555295107
-0.03063032481473947
-0.019991408918198568
-0.02939158572211649
0.03305793055303246
-0.0040581570476052025
0.03466922438588492
-0.0358718312382146
-0.012050845310910812
-0.001951727048769628
0.0023654518986272774
0.005261539997198226
0.003645509289655094
-0.0004950747137854678
0.0016918801980089857
0.005311298018483467
0.030114635036906937
0.018616622438252618
0.0049015047040774275
-0.0021886955353346543
-0.010007769404612916
-0.05081216883274158
-0.004116503621793014
0.014407645254853128
0.007911189742875614
0.009616522665100626
0.012494665283388204
-0.0015876264851396387
0.003110320458059775
-0.01060423492675716
0.004850901959755891
0.006477107495227864
0.00924487234816573
0.005490590314138762
0.007828881244055695
0.008676183048796192
0.009067695556831318
0.0060724690033493595
0.009511108256041555
0.010456618570334749
0.013822075596055389
0.035938903500181446
0.028346216908623486
0.01289111113624455
0.006566658010443437
0.0008789685968740704
0.018076570385775845
0.0019105139499541468
0.004742822040278925
0.004713741725045055
-1.551700949697612e-05
-0.03464774340770825
0.001240715310940237
7.988159800779539e-05
-0.0028409793422270267
0.0012687130873473803
0.011737466054298934
-0.017693395550206013
-0.046858853993369434
0.010103875458201943
-0.00478454208524943
-0.0029280896936118754
-0.004640622043191896
-0.003911426209253966
0.0019613968978805206
0.001128257294373107
0.0177207025106376
0.024563637231659902
0.01662320052637512
0.02381900062017909
-0.0004901816105883567
0.005955161315089916
0.009717503636310453
-0.005887839548405538
-0.008608095219076769
-0.02368852938091249
-0.035753606439129934
-0.023525331789380967
-0.030630357989961398
-0.00014764442099660853
-0.04433922467062768
-0.01987335526956475
-0.038256579374975674
-0.027111473019365312
-0.013507952397662077
-0.005736917410943226
-0.004675140033196214
-0.0027429463537677543
0.0059122428926784
0.006489688226856367
0.005553533402777375
0.01444301046078328
0.01566011195083689
0.00487607002375299
0.0023165445692259813
-0.0016218582868430412
-0.04704136645237401
-0.0007700608087017322
-0.0008839045405988643
-0.0011330121616360956
-0.0003665000666944162
0.0006351990452227765
-7.89900138339394e-05
-0.0016446240115566705
-0.0006361940561647726
-0.0008636168736756873
-0.0011392228985018622
-0.0008312486973754455
-0.0010908028615981846
-0.0017078178135850593
-0.002861976098439993
-0.0019859817392794943
-0.017163130235793397
-0.0014110175369232848
0.009243481197250438
-0.0009431197676650801
0.005593255911119135
0.004435358213199342
-0.0050957448217269835
-0.003313000794668625
-0.004101050408656387
0.010028086087321765
0.008917344579793917
-0.0035732115632844553
-0.0015283821424778453
0.00033427885526200247
0.0013314969538772662
0.0023555425894897196
0.0028669238666824103
0.0010283261080596558
-0.004772789096867844
0.004394217484248397
0.03967172557450335
0.00037856826635939935
-0.010582067874985336
0.026568714607185767
-0.012425578590077655
-0.0007821133180196004
0.0010911852629571543
0.0015775717083012977
0.0020064052589531325
0.002711568312379544
0.003834490457833359
0.0021398639260655364
0.0032062476533575635
0.001367790391089213
-0.003748577969093509
-0.017218338439314744
-0.01377564902361817
0.01823738722786641
-0.01194592419871169
-0.04673506401302482
-0.01814468238446017
0.012890398228032474
-0.016560036480791195
-0.014477109836669767
-0.0022519942031977123
0.008314374907898651
0.0017472529197837244
0.00970169942477403
0.003429006964142818
-7.085525430820134e-05
-0.0006697961975568392
-0.002651139318569108
-0.0033382802389163653
-0.002642504294950002
-0.009638018943927445
-0.00026115953103585164
-0.004433601134502154
-0.004521705577215801
-0.004556885077166668
0.0009788553415575323
0.013808146440172453
-0.00033755943390216623
0.00042409860695068863
-0.001110244434977927
3.6614245446791674e-05
-0.03942349879722451
0.002042311236431328
-0.0006968291035434374
0.0006206826686551021
0.0005979207664433726
0.014049993841505388
-0.0019820126520759284
0.007089077385463009
0.011455245746758314
0.013669128615259655
-0.016183384215492914
0.021127115422020955
0.019643011808980808
0.009126521139893049
0.010302554319669881
-0.08810171943943174
0.0033822054724723014
-4.698279609277763e-05
-0.032361834123204106
0.0017298673929222524
0.00032858377253189785
0.0003032265516477241
0.0005588187989102721
0.0077566621475059164
-0.0002142445881218747
-9.339419024046655e-05
-0.0006457695142800425
-0.0008426000829941125
-0.0007054281909553331
-0.07466698595334854
0.0050380331972477935
0.009484950341428239
-0.001569311351667691
-0.0014268148929159818
-0.0010378333853659151
-0.0007108629512738074
-0.007141278528495243
-0.0012306508092625938
-0.0007591962099476786
0.0011081692708445816
0.0019171796110865158
-0.00048335768486129166
-0.0003104471272175185
0.0012424794347849848
0.003478120903689088
0.00434639492612902
-0.004664928835113409
-0.024013989560483583
-0.025768677616438845
0.011002460449532944
0.004058513752819644
-0.00025519257900855226
-0.0024456869018214446
-0.003696559764240479
-0.004680650881192558
-0.005341806855927639
-0.005864985724070625
-0.00525379856572369
-0.006101744710552031
-0.006123415115238137
-0.005816350722792399
-0.006371434501279418
-0.006329699742698021
-0.005959696458856326
-0.004441965629759604
-0.004800801322863114
-0.0009662163402792029
-0.0035196857896243406
-0.003786543695126343
-0.002714644234292719
-0.0015191336768302264
0.0007917504098776048
0.0015603215361091024
0.0031551979836502322
0.004969093703417666
0.0064632624053773645
0.006945889191367167
0.0051211452056682105
-0.0003909907863433469
-0.011168425071805708
-0.02106359140204753
-0.007944426797351673
-0.0072097400763769404
0.05111801946766792
0.014077601117292355
0.027408671786595284
0.0010445957496012831
-0.013189786882444324
-0.003565315373475249
0.0074077898943273315
0.009701958758178909
0.009437013652000701
0.008476698630795008
0.0050691845846294855
0.0016496425597882856
-0.008751889091898458
-0.026682964100727066
-0.026914826948672206
0.010167907903590208
0.055346630699987256
0.0007501106851363993
0.023166522694491164
-0.035822105169934046
-0.032256087438107074
-0.014305484228850229
0.0003421648880778764
-0.0506383860326535
-0.0694615323509452
0.011993103097357521
0.01738444961842847
0.009965778905140634
0.005004438724796766
0.0019442204154424402
0.0018541357606180807
-0.0011253775140702565
-0.002931061376183083
-0.004474612205919323
-0.005429915796994488
-0.006319652127214706
-0.007160377483446436
-0.006302756099383866
0.005401650956913283
0.035889987784931396
0.003276768578538529
0.019350939019679225
-0.004014631267068978
-0.007909848839279502
-0.007354159629468519
-0.00653355197882042
-0.00564072616529541
-0.004577603430067515
-0.0006985149413701534
-0.0009664243182283338
9.760141796746258e-05
-0.0019770365662461742
-0.011052967171825362
-0.013891919325743192
0.009359443157007053
0.024346701005358073
-0.07267383011984262
0.02623304329260043
0.04021159995336129
0.007900079758388141
0.01013805452590926
0.01240988433686208
-0.003515176807246479
-0.010665189299927453
0.0032131299071360246
-0.032855059605840786
0.007246644665676793
-0.039817442327697294
0.016619086211105676
-0.00799783096436644
0.0009896791291421744
0.009430853908168425
0.012807182196132857
0.012552673729864258
0.00817537508178133
0.002757852789500371
-0.001530648571563116
-0.0029602582601395344
-0.003494817271965862
-0.004202004818307356
-0.003066251496650686
0.0026480743053389883
-0.008454689368919147
0.014096497365630527
0.003717016665665208
0.008358559965655725
-0.00257593560336391
-0.008508240389803991
-0.010857174863254005
-0.011909681817489422
-0.010310785774081661
0.005650575807253628
-0.002226623001782929
-0.001600160420252754
-0.015995069959718975
-0.013436350556594784
-0.010871524008680244
-0.0097755224549865
-0.004201509881788091
-0.0020304848332546813
0.0042363224295242086
0.018014556654657225
0.02231880029960212
0.01897028027408648
0.01335589302529049
0.013981949546242009
0.012477586185863754
0.0031266562977209787
-0.00849110442694315
-0.005637294111795092
-0.04517353597162069
0.029624678460948687
-0.00316758617207695
0.002298219183400184
0.0023894076382027325
0.01616656334187399
0.019310753228754033
0.01712243433636235
0.0031732998305922123
-0.0010293624958038691
-0.0004960639169436255
0.000536636182283419
-0.0031414750800950017
-0.0028143664996188237
-0.00020145036971809828
-0.0013513106133063934
-0.0033139547034325106
-0.009587848016751447
-0.019354979822167245
-0.01739399216753751
0.010276064978177357
0.022916951888218545
0.049922693030863156
-0.003426601444310468
0.019364798535193413
-0.013460148486604914
-0.009808372856213415
-0.0012602081987595282
0.0025476863465312607
0.002433840375415747
0.0007482519171772394
-0.0013706737198814836
-0.00328518946120122
-0.005100613282144748
-0.006483207715243535
-0.007422833684145025
-0.008153230486981418
-0.008571429981412568
-0.00310045769972731
-0.0016919016260883808
-0.008803495439043999
-0.00844006089545033
-0.005365735435851458
-0.0068756357921253754
-0.008034395977295047
-0.006532233892652716
4.368754652757174e-05
-0.006842475883455476
-0.005301861796960255
-0.01829445937549946
-0.007224908632611357
-0.007162026328802014
-0.006762240860445449
-0.010079003117785618
-0.006976201001585726
-0.007080062989715772
-0.007474616303506845
-0.0065984826519237165
-0.004881836651414103
-0.004132410946234249
0.004895566823721192
-0.0047277381725643886
-0.010560150902585589
0.003369201633126839
-0.004298607725840329
-0.008522165062947064
-0.004688250707587776
-0.003592624144823055
-0.009759480306392525
-0.01164496652887477
0.040632157694034714
0.01630429068021493
0.04223791476775046
0.000649178462357265
-0.030116561352570737
0.09015037467231181
0.001370174633303904
-0.0039950904851331044
-0.002041387326577686
-0.002900591803038797
0.004129665196681308
-0.0004793051919735638
-0.00041004206585689383
0.006175025137402237
0.01874245877133221
0.007250449652598892
0.004455392816472665
-0.016138591078976756
-0.011113401126057902
-0.046139584704911904
-0.050634904083909096
-0.03309012154237121
-0.011798863312200154
-0.003659370215617927
0.006963059120653195
0.007426953086351697
0.007755541528645906
0.005510961419911016
0.0011067011685212454
-0.007646936426124509
-0.015078152589843732
0.013228502682111495
-0.0032277730394653487
0.006876718634843897
0.007421148012246071
0.006378869688363394
0.00572337986382201
0.004765693319465605
0.003636553916997073
0.0006902910412393042
-0.0008421584845453103
-0.014785909083152126
-0.03082725354236105
-0.07295923204683286
-0.02031366992386616
0.013382399331076579
-0.029037738030984767
-0.005832942889754088
-0.02899583983849461
-0.01139188777190771
0.0006444484341482524
0.0062444568044003725
0.006975038542348436
0.004377903974641695
0.01872547404507985
0.012160882962305683
0.0038585755931111647
0.0033621602798461388
-0.0030744951355502707
-0.0012984475004028868
0.004061329824433884
0.0051121047000864065
0.004808783145138539
0.007874937659843489
0.011359433205310817
0.0049457539511775
0.0004647082714637743
-0.008044776173282336
-0.01657526153389727
-0.0005512060726483516
0.00627219329099214
0.008009297250940944
0.008249185324323966
0.007463507189379009
0.0065710808729789365
0.007197831004507515
0.012747378167255262
-0.00688425346667344
0.005942480141756345
0.011636225865429171
0.01435608077175952
0.002691707948313804
0.005518395282440043
0.0065137494551163605
0.0066049145255756055
0.006828529586751745
0.007404492467693804
0.007151107024151407
0.006699505656976084
0.006548315598197948
0.005667854443003454
0.005291300941604384
0.014327400339145334
0.006209609596968416
0.00452910188517762
0.0051412191613771155
0.004255356215040028
0.00393396064370498
0.003572692098707944
0.003462997828154825
0.006783992229347014
0.004447458476929079
0.0024492467453987197
0.0016035578496424352
0.004257988005989513
0.02927163182021504
-0.0008032761737448378
0.0005885597646382928
0.0004332083876796207
0.002132548287808878
-0.0014709761739019678
-0.0026132054124253746
-0.0035149023179527035
-5.007954210088845e-05
0.005919758032943887
-0.002120403399502647
-0.0028736725814089152
-0.001382913155119156
0.0034359056114199545
-0.000698760175802878
0.004130614409301374
0.016150286307441145
0.014124677069917059
0.0040020057845959025
0.010780782347939532
0.02382678363337097
0.02904773050494286
0.023230496870852445
0.013065488646463659
-0.021185686683154074
-0.02253091634739077
-0.015065403866250543
0.009004912163531768
0.00014546153894699684
0.025442936258485455
0.045067441896083894
0.016557523159021707
0.00265470589023212
0.015561915116340847
0.019684799642885466
0.01919102644588081
0.017361567838495597
0.008579049834552276
0.002898101622939347
-0.0027395936316103597
-0.007290640121006701
-0.009404047946185226
-0.008519773314825807
-0.008762185451556201
-0.008901122664646979
-0.00887852906952687
-0.00858380771870019
-0.008435390970597072
-0.01027952508673175
-0.006363959600616553
-0.011125086807843422
-0.006377142114298157
-0.004535443510609243
-0.004033579471183373
-0.004355799452786111
-0.006244677704895615
-0.013764956437552328
-0.010153731199579906
0.00597105188261349
-0.036447030018412534
-0.002523209412691807
-0.023626457967367398
-0.04964450368778575
-0.002244219849203877
0.0038005168926390775
0.0017529142822119601
0.002108840653382077
0.005135086276797908
0.005543001809934861
0.005131129049690232
0.004321963244518538
0.004466086546663936
0.003354260395465052
0.0020287688523382514
-0.001690668829921087
-0.03586352544509924
-0.0030382267786620938
-0.002980841290285467
-0.005116020481840517
-0.008775677890220556
-0.012159457000787365
-0.01619549831943688
-0.01935716899589412
-0.051202054392425006
-0.09186865847028813
0.11101566826496125
-0.10464494514977213
-0.026741230035229144
-0.020108754826320095
-0.019674882550099276
-0.017965453125267105
-0.020790623345173165
-0.01779844732314075
-0.009347733030160411
-0.004458434579977142
-0.0017388584191106397
-1.1470867328503768e-05
0.001130713714601026
0.0008805351619348397
-0.0004289796374446924
0.01471493050205416
0.0005713637827436502
0.002571083217328644
0.003655746231521877
0.0008886983695528384
0.0027174295922032096
0.004489083256738605
-0.004709528379627504
-0.010356926593304802
0.009796543367292845
-0.056327328010552846
-0.007413704987790241
-0.029228535140300535
-0.021386399986770388
-0.0026079907670702165
0.01984763388835327
0.004674075649080934
0.005034966881031178
0.005657026514713965
0.006239758448472528
0.006518314260458466
0.00683949949673723
0.006009031814799821
0.005831065044130706
0.005267410692022699
-0.08739215033083599
0.007696788134877049
0.00643245718163316
0.006744263849534842
0.006623339126479476
0.007543283419039019
-0.0019140783400833034
0.006760681977497255
0.005414160591253507
0.010032932219786609
0.01585264693536858
0.0029105122859184288
0.0037586168981175285
0.001872346377603975
-0.0013016659069069619
-0.0016358482171420464
-0.019807859260398793
0.009742157849052486
-0.11233568682482063
0.01989494179033882
0.0209186932671842
0.008606829602749909
0.00473850741938014
0.006317481087194197
0.007738315705964907
-0.06036939424090196
0.010843450396639774
0.012802709097558007
0.014157385343720753
0.013666383180218164
0.01083715168382394
0.000778672001410566
-0.018673786232766786
-0.022430733039867753
-0.03238689266978076
0.04979951229045211
-0.021601163272433603
-0.017721214560851885
-0.012099284682795329
0.005660585662639103
0.014257700897461357
0.016635811949722804
0.018573092148594733
0.015829356798011524
0.014709579012092175
0.013968328150894936
0.01338028760441731
0.01262294652550399
0.01243877369302511
0.012967063268767126
0.007344560496510561
0.017717031440092908
0.014081851664306276
0.012193601591866228
0.012132484987831885
0.011610488821789368
0.011203292694362052
0.012289335195848324
0.010972371213514055
0.01184613317234992
-0.012386572709275952
0.010987637951006947
0.011008568912566269
0.011120320372932254
0.00925116915754405
0.004017766641325033
-0.0037989982826815436
-0.017217558859739995
-0.0038293707439373908
0.007619873836531897
0.013347086607783856
0.016293399336456925
0.004132465332300146
0.01578936794210591
0.014413581607597977
0.04268515241355838
0.006958428975977415
0.004139683710851341
0.002582210917063375
0.0009495217419982546
-0.0006178010821727344
-0.002031695370972583
-0.003839256192309034
-0.006783108196163733
-0.012208993748830268
-0.019792106608794092
-0.0084029238630724
0.00035971706235237447
0.0038605384032682107
0.00396552105147836
0.0003395995328782952
-0.009482124863671854
-0.022147724634934016
-0.0067654652903431835
-0.0011243728575060065
0.001307304232900031
-0.03149053119713395
0.03210162500196153
-0.014805867791038855
-0.014171082238381153
0.004687534575442724
0.00781115991124332
0.007869981736845612
0.006468808493392994
0.0048241405212685285
0.00429924941320872
0.0013112883764256251
2.293762889819556e-05
-0.0007772477585268904
-0.001107580362680264
0.005224642924681972
0.0008505269451437454
-0.0022196756229436745
-0.0022239021320021386
-0.002199225413461798
-0.0025381731053447398
-0.002023539631303492
0.002603891403513287
0.009608885187246771
0.00832811487830782
0.00032985570592643866
-0.003218200214128405
-0.004269110806624317
-0.004843782203457287
-0.0005913132066356888
0.012322399378109578
0.017578559196023476
0.02085222360625226
0.01002455740886729
-0.005639262972000307
-0.007313068214526004
-0.00707381669849112
-0.00709922231894942
-0.007329320464213159
-0.007616619323925225
-0.007875777461473043
-0.012729777551096666
-0.016919672837096677
-0.010297394139720677
-0.004939665532524584
-0.001920384518431383
-0.0027256919886665706
-0.004217153285297096
-0.001166097820492797
-0.0006182658119591014
-0.000919852059498574
0.0003559209032220317
0.0032178685259713147
0.0065468972824563945
-0.021261229898630676
-0.013066335550275157
-0.01932773315302138
0.009360802291443844
-0.012452271490865892
0.03344765477837173
-0.019603772734080902
0.025181367742334905
-0.01106254298283129
-0.013180234548321377
-0.016174567712530924
-0.014896473560396488
0.01499303870229109
0.01675462570523805
-0.04377056153001268
0.0006794793011809317
0.038226256604558057
-0.008485841156728801
-0.01123333907441086
-0.002609930751123306
0.0027575420109676903
0.003461026673245043
0.002608075087810346
0.0008921405901606064
-0.0008557139563905024
-0.0020699654723968374
-0.0044259021096425466
-0.005736563903777681
-0.006535780233756924
-0.007167302975536008
-0.008212381913875274
-0.008772994327690478
-0.008924429390962798
-0.00923230779942771
-0.009328650542788548
-0.009241495252325503
-0.007884300749210111
-0.0068831736200558324
-0.008842869235627963
-0.008163536756483382
-0.007861732477656038
-0.007373689834058506
-0.00670574593126605
-0.006085237336363582
-0.004868139683704086
-0.002045414669973644
-0.003305863642695518
-0.0023659607169878053
-0.0010642053324133
0.0012127651124556142
0.002116497795560163
0.00348272693081404
0.004858892944554882
0.005571045417982834
0.004555748655834521
-1.9788642565808753e-05
-0.010329920769005605
-0.026345995500262582
-0.027615017131463974
0.021974902531107652
-0.027903226831682355
-0.027829673089425678
-0.003750950283618522
-0.008226116875042594
-0.0315840083210331
-0.0192113397481922
-0.005608665719005802
0.002130856229202405
0.005260823100885246
0.005938872200211806
0.007017460153678539
0.0045720340498516445
0.0030731916923048344
0.002045563112698364
0.0002964439954517946
0.0004678960637438546
-0.00034593532265733804
-0.0009149476580673002
-0.0011051610437817889
-0.0013880422837210318
-0.0016638056658524274
-0.0022329025391420493
-0.0036157063748668023
-0.006152950188765059
-0.0058387811132071445
-0.0029971047342478986
-4.994391708136082e-05
0.003999845419816926
-6.148262185546855e-05
0.001036962797074558
-0.0005199063171053388
0.0013441250847670194
0.0028936576155163965
0.007901359465043133
0.026349942903316763
0.1170126238138469
0.03957319954357454
-0.005920648270837589
-0.01561788920658898
-0.01835624243717542
-0.012141414308363538
-0.01055316465807571
-0.012394029862688621
-0.012950428556408424
0.015799992618095914
0.0337931288626524
0.08803987167316421
0.030343942782352928
0.030063372261489557
-0.001958484696396478
0.04992214295637747
0.020655638672828824
-0.0119250563171495
-0.014236624798173267
-0.0126315368123057
-0.008279201973549031
-0.0033645346858129687
-0.013855386085385233
-0.01514423383630414
-0.01498363250772654
-0.007304038558102934
-0.011354599059264352
-0.015905928811704283
-0.013722446582967006
-0.01757661931118037
-0.01855539909957984
-0.01900245605438353
-0.017325962884752064
-0.017589630485336755
-0.01814326953389098
-0.016629217972961043
-0.013286209964321373
-0.008540291380401605
-0.002797289627132824
0.0017556991531898541
0.0007202423234132318
-0.006356468569210351
0.009164668056024642
-0.0035880236062640343
-0.07232729302516835
0.004080197379545442
-0.09983784732137344
-0.004461745603138809
0.06219489048117201
0.024374924708713858
0.019291479219710448
0.012987897913299634
0.0014068152256215475
-0.006516491628891588
-0.012079667406361025
-0.015552267892098372
-0.01820639138175691
-0.01075232121712765
-0.006439069657470046
0.00969950788603587
0.07548845808938666
0.08410604371973622
0.09163230038059705
0.013215616547414419
-0.026722622156507603
-0.029104756119240332
-0.01431000747443557
-0.008452530414854867
-0.00465761162081581
-0.006262454115118645
-0.007044147931255615
-0.0055331965000136665
-0.004436977308018957
-0.00356454243172587
-0.0033671359476321085
-0.0006593897636107912
0.007968550796608475
-0.000636490013488843
-0.0014965969303561773
-0.001126373675718142
-0.0010124260566153006
-0.0014332367680962093
0.0029332886818254924
0.009341589620467095
-0.001544907027856408
-0.0015295376982040697
-0.0018504948973525877
-0.0023937465422807754
0.0020042624306351006
0.009074956418593657
0.008686340069932451
0.001475529600239648
0.00011393217147741765
-0.003888248410442605
-0.004130692070314279
-0.004548927294542828
-0.0041748312437318615
-0.005845236573797863
-0.0067253012462467265
-0.0109299684799664
-0.007412759621060776
-0.006586196263985846
-0.004936578366276344
-0.002758739421198034
-0.004134189860994835
-0.0034467464579316007
-0.0012959770894115789
0.002276527131513263
0.005385938773744109
0.010520805694194476
0.015870954479154188
0.020540496372556286
0.021071544067797494
0.012438046788049129
-0.0009527880420095807
0.022273560681370912
-0.018601902675586916
0.0033147733192319985
0.018569699530437037
-0.0561516528218373
-0.0037554029151028773
0.015650586780283863
0.020458814852468286
0.01758412406415933
0.014139885478441068
0.0075603774214263115
-0.011465182120472033
-0.002073013479395399
-0.0052674265285116385
0.02168006021715804
0.0486049954754209
-0.00242002253029426
-0.02117663172643538
-0.032382530167948086
0.047777841036931584
-0.031200993047423665
-0.018729846110777205
-0.011962344934588535
-0.011117641699941117
-0.010770940214953461
-0.009366961436883973
0.005487403463792039
0.038127226104753255
0.004332802640914375
0.03538430279509995
0.004920906561026796
-0.007388856666263142
-0.01233306920756162
-0.013470207505356362
-0.007638456651374909
-0.005595628162725224
-0.0018721739119384908
-0.0061597999621206
-0.005663305428325573
-0.00033155702737059685
-0.0022652671881433777
0.0023501392567353303
0.0006364933981042204
0.00571335536125013
0.004225789514411594
0.005602980431126515
0.007881760982905451
0.009136617506436759
0.007266565075867731
-6.778562860437644e-05
-0.006505329075781469
0.010100420813696779
-0.014524674320169228
0.09733678412137037
0.07077660719459088
0.03670758746293811
-0.006655324525966172
-0.007488420240791396
0.0030720609876291765
0.007085246746983943
0.006995136254580524
0.007206066686421544
0.002710554918992618
-0.0005755234424187129
-0.006181629759833151
-0.004151706539631863
-0.0030959547743810243
-0.0029342374831917506
0.003316302388486229
0.0025795929165488545
-5.316248795986671e-05
0.0010082633638237712
0.0019178023642735114
0.002941890143336803
0.004261665640522728
0.007814932929180259
0.008820556423479948
0.0004893047418728603
0.003632273936001254
0.0022298121917983978
-0.010486732959881695
-0.011775144929046586
-0.002629621027417003
0.013180640647309503
-0.023230358994463664
0.021148234852082167
0.009330975917644865
-0.0024265779820985853
-0.009808771611919828
-0.028018502299997975
-0.02524242510338773
-0.027693495732382535
-0.007079930860992366
0.004717331026878861
0.012100345502317422
0.0022151501220809525
0.0015657136785744742
-0.001404374732938463
-0.000618198951397701
0.011872015193984942
0.007730259952111677
-0.004352400741850496
-0.02009463212389396
-0.03278281643244889
0.0024680132979774845
0.0010816827764484676
-0.002389611127160259
-0.0014220844274029957
0.0038585591311526782
0.0008946939619019149
0.0016032579581199715
0.008874753427840599
0.008233212289518423
0.008974706995535034
0.00848968257958618
0.007693909596091196
0.006923661350843442
0.000680038189203009
-0.0040747279773685014
0.0008259912983800755
-0.03530676411223082
0.00049419100589513
-0.0011907065501241985
0.0048945309863274175
0.009312701090791447
-0.019147892388619494
0.010800065055079149
0.012841590593753527
0.0084970168615395
0.01558315311756072
0.010933397607745242
0.01034303079650101
0.010595210413275408
0.010541209590918709
0.009975342340655608
