0.00012804331965513734
0.09470092118117637
-0.09868838695500186
-0.06001426747013733
0.001699799536098963
0.01703984492886231
0.005739226729994797
0.044461670696833426
0.05811628575643633
0.002166147507265707
-0.09318689530431362
-0.06653481627969393
0.014587068210458442
0.06273486750637355
0.05667729639900807
0.011750095213676091
-0.04838919141060067
-0.07801992903202079
-0.03571015242165516
0.052346409568245954
0.0610180519252849
0.052562311653367326
0.03206987289680188
-0.03932499347282444
-0.13626499373134343
0.00033698876412992213
0.05379636048679547
0.014493601324648123
-0.01617959252029857
0.0063303933237646446
0.018865129694683548
-0.01546789637571576
-0.0018655443612804385
0.00827479178271079
0.013611142777042753
0.014021561665520021
0.052397829737353706
0.005207700947304832
-0.016063456675508493
-0.004174099778524589
-0.00758041007059898
-0.01208997456432133
-0.017593334348404037
-0.03251816361686941
-0.028549498166492878
-0.025174018566063786
-0.014080789286552844
-0.0072551733306134465
-0.0009745076839191271
0.003890657764952112
0.03481558142510698
0.10472281814237157
0.022256584088571896
-0.04755308950447927
0.021941121899118093
0.0012162161924956696
-0.007923573469835075
0.06591434480601346
-0.04466487089390569
0.03512084462181804
0.03164818512244532
0.0018952767142288215
-0.05029136521934859
0.011053617571420779
-0.04411552987684965
0.05256908184342052
0.0168221390118651
-0.048039560127660946
-0.015934922770318393
-0.02052284652951247
-0.04227090416612189
-0.03787113167857055
-0.01696857401566596
0.00942011661954932
0.031391684351054154
0.043893917752338626
0.036969867653343425
0.034435616180166544
0.03806442680157482
0.05971694853323915
-0.03310529137546912
-0.05362785605421191
0.02814333002230855
0.012678100765226831
-0.010053712959876906
-0.02422466404648486
-0.02951453609736903
-0.02822833692084426
-0.0455762632514567
-0.029330149141085234
-0.028933810616081804
-0.03770419657786929
-0.038003836100569705
-0.03626156923067972
0.14231904902408932
-0.02691696173476634
0.022255012843589245
-0.008808510269082168
-0.005537331274967019
-0.0027397275873624334
0.013181013999158348
0.016609971703587873
0.056918773493335496
0.0035231439073519213
0.04027580131914722
0.012659215111794917
0.01635177640731962
0.016683006657518505
0.015736094359013193
0.0033918617653106962
-0.010032510223160361
-0.017299769916289932
-0.018976303376787483
-0.013937974933668442
-0.00042123806850171135
0.010537573066483116
0.0021786417726101194
0.002828458518942672
-0.03312849278454703
0.0024626647296797587
0.020960064704002107
-0.0013654516119390998
0.030535445729186785
0.003957615057859138
-0.07313585056501275
-0.0030910330039910444
0.014484204481214041
0.018022896360892292
0.025890104065933083
0.0064980803089579875
-0.006242869133415835
-0.007629447894759939
-0.026791813257197896
-0.028770472243952513
-0.019214174830366526
-0.027177157052179306
-0.02099070173884309
-0.003997853659947297
-0.012873953443487844
-0.008344709458754592
0.03111380855955382
0.0172437651723459
-0.018029087411071953
0.028684749135329205
-0.004004511964274607
0.036373904407431754
0.028278158750612133
0.01780995859360325
0.01336699349608368
0.010829951808149467
0.012640040555366647
0.016034700715659555
0.005788237058455915
0.0017183956700746366
0.0018741658078291258
-0.010584430607539372
-0.015183316654028825
-0.019220793471360076
-0.024826455315824073
-0.027956302193341897
-0.030447827620047985
-0.029831615084158172
-0.030120277077717538
-0.027496627824975407
-0.02032407059192217
-0.06998638129445267
-0.03685065724428905
-0.0054052584036662545
0.004838941056323271
0.01960932428430187
0.02553989458507853
0.03695618994303645
0.048743687200653855
0.058725069131161795
0.06098313864638593
0.05316355815636411
0.03389880608896846
0.01620279176999155
-0.009749442439191595
-0.03854982417612652
-0.05665334294413284
-0.06731986228193867
-0.04091396780053441
-0.02282018988023021
-0.03812890618998055
-0.06319826932754902
-0.06072292037371656
-0.047962035745982234
-0.029889918511129068
-0.008917882959863713
0.009299595334675765
0.0219016929362887
0.02744306873133664
0.028877894774571207
0.012388722681665408
0.026634084332320895
0.016428607701528434
0.0011155837183237432
-0.007500565537939863
-0.009234216412345668
-0.013241395609729343
0.042340083463909696
-0.00038795505321269005
-0.06753578393031474
-0.04154908859819415
0.005977481370931603
-0.003092866777387283
-0.016744644806750246
-0.009576873512454112
-0.003455751766281884
-0.016760619731621462
-0.02324732849805148
-0.012254678817999054
-0.010925847688752035
-0.009184854829692484
-0.026779444185595223
-0.008713366625829425
-0.005566711863869572
-0.0050554585246100105
-0.004111341516787041
-0.0015756801229357754
-0.000588530556567672
0.0033742118238928942
0.01087963062972901
0.023701465777714634
0.02092342264304072
-0.0329644595459379
0.03263581840660808
0.029188879280687238
0.021406633792513095
0.015525302597335738
0.013698392027334924
0.019644569363868054
0.003548352715396977
-0.01656960591796992
-0.01151169298654868
-0.006935885471280516
-0.07506947138221975
0.012294718325580411
-0.018240444098227438
0.0348633451906459
0.019665377214270315
-0.02003341234824082
0.02812291408632294
0.015107206463372888
0.03270786500219325
0.03179235121294084
0.024582960070856412
-0.032105820948724384
-0.003423942806679062
-0.10248490970121178
0.015184911967773695
0.02635473135251802
0.02528705112203023
0.02377527686625416
-0.02017468148581902
0.02151477025785711
0.019197098843585343
0.0077679753000326176
0.021646296175089782
0.0076042782658909455
0.010195094337131715
0.010721239048907557
-0.0048498221686403675
0.017335078619863702
0.018871526110230546
-0.016602764306054032
0.007495620340642008
0.011420265671197973
0.0017184089987784716
0.00028701781780255526
0.00018265543257470817
-0.00165461655820172
0.0304764493701536
0.0067633287738437155
0.007706063151447898
0.009487273295941135
0.03181938856392214
-0.005614689373959087
-0.002536270318496801
-0.00023932916485723795
0.049026516294306745
-0.005907612241383821
-0.00678936464131466
-0.004806966719227518
-0.008094620198127452
0.04946055116153854
-0.010100163317815896
-0.011318030652036586
0.1060997252066235
-0.014189221761391087
0.004259949036154787
-0.017205402023427064
-0.018158737757370497
-0.013079184406009489
-0.01957307318844866
-0.01851767536150933
-0.01943341811702454
-0.015933897305487697
-0.016069988994373095
-0.011857000578398528
-0.0031453947654519763
0.03305870979675687
-0.010028145797383392
-0.012805613755146363
-0.002209216383921704
-0.01635256906482492
-0.016666246565347792
-0.01562175970382385
-0.013247122215161245
0.026223818564993548
-0.014373927868096732
-0.002666946763872783
-0.0024926759116871288
-0.010826784148558772
0.008999283302034334
0.057393603359587396
0.013769180498641368
0.01870731083121544
0.014646594680014524
0.02923924220820164
-0.007243408343516321
0.04321518486825278
0.023739262598011113
0.06182682380164991
0.11730213452339217
0.08175133032332904
-0.006618893693933937
0.010982573395500286
0.022779003695759265
0.017110644978589194
0.007890834367839755
-0.0007153699486323263
0.017003007845174504
-0.010722623982902158
-0.009707043253890905
-0.018981195238113112
-0.01907722087784542
-0.021867814234144755
-0.02478901443917552
-0.026702920791353224
-0.027809691620859386
-0.028903863486991248
-0.016305677786485083
-0.02827694494260943
-0.00903626521808515
-0.03137442996708049
-0.032308922461451
-0.031246776032490646
-0.021208337372569587
-0.02520420487262976
-0.02355837903891118
0.0165092004219861
-0.003444614932797749
-0.02646265168185853
0.058461490177788636
-0.025693600961557074
-0.022956701097778805
-0.010676985196713206
0.017347806145628135
-0.017095332675943705
-0.02049664889962819
-0.015397158897842027
-0.01783653060146386
0.0008853747423037613
-0.00721126970734052
-0.01536127922645055
-0.02114752642042653
0.03914718483885848
-0.029025054909024173
-0.06693621934580762
-0.0780956876244968
-0.03451211497140259
-0.015417835467604946
-0.0017738174385306794
0.006347264838571804
0.01921483296966017
0.011652281683436292
-0.014386311985128335
0.0034702151952540373
0.04104574428067765
0.012965667349440695
-0.011340661894699261
0.02773315073194767
0.04163983245545558
0.035216014160045106
0.02138351901212569
0.011517848991467482
-0.001621105047600636
-0.00932312592292833
-0.02009931158207894
-0.024638509989118155
-0.02110105413029737
-0.012574925218655424
-0.024555138793682364
-0.008839075480551118
-0.02018799016316391
-0.009938384929346681
-0.02148633306598729
-0.021321347954905378
0.022301124069374782
-0.013366668236428327
0.015392015341411469
-0.0042995690438822586
-0.008029180676815635
-0.008641527788143633
-0.007091145056718914
-0.006693588549167302
0.0219837364956699
0.00044097850166720454
0.0037919303859512633
0.008449483518679286
0.00912795390463034
0.004743975161888468
0.07614243982114316
0.023675138479345555
0.03438893123460739
0.04224437768190506
0.04378220400091737
0.043644501463985186
0.030032576490494397
0.023145716958026953
0.007416293356004544
0.007614189912818428
-0.022251359551539788
0.013444606733200151
-0.0010072561512166733
-0.01820140572584038
-0.04997484463085013
-0.0031506584469493115
-0.008163012725148461
-0.019160132136194757
-0.01806219739066554
-0.02404256509758341
-0.04063570516170315
-0.05940715616044006
-0.07827048602809576
-0.08478399791434578
-0.04221641348180363
-0.04979501145005053
0.009574421844894598
-0.05439776497618259
-0.03900717758392479
-0.04219053235444514
-0.005943761106712491
-0.0071422797380808565
-0.00048130284186499473
0.007390792146764123
0.002957883423217613
0.004905841103401751
0.015836991269465035
0.013993260502819441
-0.00021109052925946003
-0.009987880341965308
-0.012796066616902807
-0.01345798407870813
-0.014001761468097017
-0.008099270357426242
-0.008359655386016254
-0.007446313372061985
-0.005183736620616098
-0.003872335239974948
-0.00033207507639338487
-0.014996061022538146
-0.010341329854947437
0.006789449667621072
0.004258049168870129
0.0004657257717682353
-0.029075796971513315
-0.0008661547967270194
0.06530630267863631
0.018458514607033988
0.030006977231637068
-0.009001193944768393
0.036163381019324266
-0.019921116716650315
0.021166829573121968
-0.004983265553215866
-0.009251332885475524
-0.005508884260494237
0.0025167778081131155
0.013907873002097603
0.024518464376805375
0.023266270037012128
0.030740501062357033
0.012655987829910419
-0.020282968951471227
0.005972639096170248
0.007477242561466194
-0.00806146339228474
0.03957387387353007
0.03574325212479501
0.012006145309897288
0.011511008521846096
0.0070127374095734765
0.0023893501161141115
0.016160276936856306
0.009985550773642222
0.0026819039047671378
0.0022392238436845795
0.0011942336386007763
-0.00016134102212983167
0.0022975615073919926
0.015899801121455125
0.020203882735905666
0.007325662797018447
-0.0008184388516384017
-0.0013808752192368736
0.007041259383553051
-0.00019935085211607385
0.010462077722057303
0.0018187185390540362
-0.0006561619460818333
-0.002576470435488294
-0.0027902648359625455
-0.013714012086359363
-0.0026027174564188047
-0.0006660594568276004
-0.0006397531666618891
-0.0011300280734094772
-0.00036596717293550357
-0.00013546661148716176
0.02674585254859704
0.004093272810942857
0.0014685832104588089
0.0025358907818456814
0.003482776568464025
0.003057348146746963
0.003775984939455283
0.004763755194621921
0.00487450336481078
0.00570321326592005
0.004555243403701101
0.004455948421222212
0.004791436419617211
0.0042335036990752304
0.00720424932565603
0.0037793885770988794
0.0034499406674453666
0.003215069725261414
0.0018443831790558114
0.0009791819669481973
-5.669606139275691e-05
-0.0012219763116323602
-0.0023226806667769593
-0.0029380993171021774
-0.0008063379305333238
0.00586538829375306
-0.0014830860897708977
-0.008421381955647868
-0.015571565324591847
-0.01595297215745492
-0.012204083602416978
-0.0015324109977269268
0.010813301514713982
0.011459973494148692
-0.023646926696070353
-0.010757271013873278
0.0018643623558095511
0.01642029689606402
-0.007620080058944441
-0.025783844077431665
-0.03232043664447076
-0.030835440545401983
-0.02588993824518974
-0.020173508055409607
-0.015087069880660988
-0.012691095269883646
-0.005963225248044901
-0.0022654905265000985
0.0019577802639858047
-0.09860534959649736
0.004462667557722876
0.006687663392884313
0.007580144129381623
0.0082635305680325
0.008350948042098572
0.00910697470625236
0.009933877880438384
0.010692250083585143
0.010409940267744775
0.009916073305162108
0.00794831248498345
0.00898242057309436
0.01014573100733102
0.009929031355555012
0.009749542451472686
0.0096463030614726
0.009210466017157264
0.009191150407818172
0.008925455982447964
-0.031022263091942535
0.007968004018460813
0.008243959372918748
0.0055712179397228384
0.021898996675353867
0.00522041723706592
0.007060105472986125
0.010472806805826696
0.019775100945972058
0.021521610739358845
0.019973110273723147
0.012021705188073308
0.012386265013544239
0.009981208746390496
0.008489166779862
0.008497090143145765
0.008904875757490355
0.010273012448240804
0.01010458826780371
0.018882423383517182
0.012549757636868736
0.012882188178211717
0.014760438837023973
0.015027239338458606
0.014697004052758297
0.012489859277625618
0.014593251866001867
0.024014124814498043
0.027896575906909436
0.03868863688131411
-0.02057428803803513
0.024724706936853552
0.025005824963045275
0.016732992215053602
0.012580937143142767
0.014521676535652828
0.015730073694425473
0.023984856651259035
0.021873310606022062
0.020118650815364184
0.017589041681020694
0.01727109213770412
0.014541374981146661
0.016853435350622045
0.013904629987495464
0.01044394692153417
0.009186165361285676
0.006977207138415652
0.026082851711263507
0.014632552664418812
0.006894190514282323
0.013797836308612524
0.0036519251268896835
0.0030844575664190606
-0.004805561116509344
-3.904696586272945e-06
0.0060289389723238536
0.00457153753431404
0.011610317749169898
0.014409770559418325
0.02284140213745312
0.025534622674892236
0.0342329737180636
-0.0139989847680383
-0.016388023429484
-0.020749721143209242
-0.01235791268381147
0.015637377298781504
0.06302412841164734
0.01373529955034997
0.007144899610212054
0.014687757041694935
0.017398676266917452
0.01730135932954597
0.014615623203563589
0.01846193584089214
0.013971284898869991
0.010550032614098277
0.006900985862092519
0.004364917707498893
0.0018544578670053869
0.0032439111617588666
-0.003914676635202203
0.01647816177341794
0.0022609159799795607
0.017357868946661924
0.007021407916193346
0.038419154189507
0.008625718365851976
0.002048919712151832
-0.0017884797118282974
-0.0034867215855762302
-0.0026844426906894297
-0.0021349658742319338
-0.005738568011584108
-0.006412207237018143
-0.006448064920512532
-0.006447998464086463
-0.006003832980868785
-0.005060588780397755
-0.007374518929683705
-0.01844790407808799
-0.0038436249598111133
-0.004830969299028596
-0.004064913192931452
-0.0006985715359536639
-0.006108497349240099
-0.005821458637473173
0.0029852356090968096
-0.006016309526765659
-0.0016229089921701717
-5.088491158462839e-05
0.02900354211391489
0.000205357254439538
-0.0032522261767120044
-0.005076183540256569
-0.005967026286786896
-0.006991671043991725
-0.006852232298835693
-0.0051176322499803745
-0.0017108098626190033
0.002194746377348912
0.014685927804742871
0.028457024232841632
-0.03673454529076242
-0.041261260064486334
0.020559623889442626
0.008720183260677418
-0.005473478720332256
-0.00626413743847254
-0.010358119162405359
-0.011754198096153069
-0.010639425772426976
-0.011808855193206107
-0.01168558377270233
-0.010505157326227999
-0.008766538170693387
-0.001019668306452209
-0.009364759861697042
-0.004959832187846462
-0.02553871389230121
-0.0160661995031433
-0.01357924353926009
-0.013329416850139298
-0.04918982578438227
-0.01494959059954182
-0.015656246989835674
-0.0167525682228215
-0.01826084901014994
-0.019344988260884405
-0.021013039945928996
-0.022013795992892052
-0.022714902868669992
-0.021200381708001044
-0.020017607147915173
-0.019201490054980792
-0.018712342438362575
-0.008812731528530097
0.0041600917950439156
0.006457432979948102
-0.011210056864572486
-0.04724501550375147
0.004987303016731747
0.011849421011306045
-0.016801723745526315
-0.036456230501426726
-0.044417080543702046
-0.04326104390140716
-0.03867535450264987
-0.033281851768548705
-0.028280340475088234
-0.02398399242892153
-0.020415103726244166
-0.01745888282453689
-0.014418242379722586
-0.012361017143241598
-0.012460807476293224
-0.01119129269549678
-0.008395080223910256
-0.0012006453669585998
0.020599577511099986
0.055877152195441586
-0.0002510276368296744
-0.009249782982640906
0.03295930043976158
0.07763213524325484
0.04672192940216154
0.032061507573425026
0.016999512358710573
0.011488421445600899
0.002664258295298566
0.0027118006581098135
-0.0011258789758702285
-0.004433328453826233
-0.002114829761835
-0.005503257271231762
-0.005913682460728578
-0.006288234153578511
-0.007028146297083222
-0.0075152852044452975
-0.01443891384141147
-0.01008555010041973
-0.001059926296186829
-0.00825189983773313
-0.008462103065276087
-0.007891233508780664
-0.009372849389487601
-0.009272676946542479
-0.008231326495101407
-0.008597960269647533
-0.0076402159735385975
-0.00365604670637922
0.010185138461019901
0.000754999888316682
-0.004881072559579591
-0.011453251578001408
-0.013245071989453143
-0.007488493746402583
-0.01208069932934413
-0.009116505764056019
-0.0006244601651389002
-0.008151465360433175
-0.009456282588312635
0.038450851853663315
-0.007737125857518459
-0.007868590016602336
-0.008372007652686989
-0.007886219567563012
-0.008310266703136551
-0.0071797381453714846
-0.007702470941355367
-0.006118155446000523
-0.006218224943848952
-0.0062229251175758005
-0.007901693574892352
-0.001056494147285889
-0.00889793402374986
-0.004928224646304573
0.01103542720287981
-0.0019044941792973706
-0.11641904127337807
-0.04058011011342349
0.04326293471463229
-0.01223862454342644
0.09144030948703415
-0.061775780399490006
-0.028156611200701814
-0.005654992620599413
-0.02560763416523864
-0.018020207219780038
-0.05910560200940162
-0.017938209531161722
0.11547060710036175
-0.04398084520314747
-0.0053583884557233934
0.0021368850582977415
0.0028029636238236706
0.000645151818994597
-0.00987715646704213
-0.0011498614887567775
0.006093688018543981
0.01262291048353844
0.02756437945767879
0.020098778905850656
0.015333308189522825
0.01090268392783253
0.0003022291947431813
-0.11615380851711203
0.015775873366611168
-0.0480662926739158
0.025394692538650704
0.0013358860049947586
0.0043627301915313416
0.0018695345348468278
0.011147026911526957
0.001751505358869874
0.008315354529502909
0.006742902774737293
0.009643687381675857
0.003277216588068249
0.0028781122770204404
0.0021613984206218058
0.0018871147311745728
0.0004083943264837249
0.0024275243136820954
0.003887303048055861
0.00779225186155809
0.02237293366636787
0.018596128112283852
0.008186181419876792
0.0030950595297355534
-0.004017777982063469
-0.003322786257867894
-0.0042396001952003945
0.0019919794913748727
0.003823102299889142
-0.00042455672034245255
-0.02288124230055639
-0.0018314875425958263
-0.0007102698780858197
-0.0023473315245353026
-0.009108639390018259
0.00014364586617763615
0.005230924431492139
-0.039394028844657446
0.0041737508901950795
0.0008563721056363697
0.01055059279267529
-0.012373303290555328
0.005832788893231647
0.010903966071787567
0.008729972188132842
0.014161195436984369
0.028821109052707995
0.04740325918991397
-0.016211723868940337
0.04066668901857077
-0.002033021650904895
-0.0011926723644215193
-0.0010079234156455384
-0.00888316951816392
-0.006485014030776557
-0.009247004577894874
-0.018233352234093034
-0.026908084835039047
-0.07222734335490424
-0.03318475381584494
-0.025306338312391454
-0.005245287595649943
-0.008873645422307569
-0.0132611949155038
-0.012291720574089643
-0.010844359375746068
-0.007216322642107227
-0.007888054539337934
-0.0022690051441112045
0.0029603831919027272
0.011698365306431811
0.011738649042019622
0.0040568880739194745
0.0007132323880667084
-0.004678973337065307
-0.029228806838250486
-0.008458363962028786
-0.006249252755726521
-0.006334532096715885
-0.007600795629673401
-0.008330810843588483
-0.008485861525323001
-0.009161974308510162
-0.009127570760950788
-0.009583308157782067
-0.00952887605397547
-0.009983103022892353
-0.009039607636842178
-0.009607029946832052
-0.009798252684789406
-0.011154756843226159
-0.019173340676003663
-0.010427510535610963
-0.005753847429922454
-0.005357345455592545
5.723585131788605e-06
-0.0015110435695667433
-0.007244286897045506
-0.00017332116079993485
-0.003822966023200602
-0.0030001740409786024
-0.0026677709698776494
-0.0027958530243924933
-0.0008318060769824157
0.0001023292235738624
0.0005801208215971369
0.0006484022753407637
0.000512827066537212
0.0014324932203242991
0.006458678762491321
0.0156618071354257
0.019307939030797822
-0.08376440054877879
-0.00923221703128457
0.03627681367315671
0.0293066830260185
0.009728051670589485
0.001659169816301012
-0.002422365258177046
-0.005146704501910358
-0.00727687460044432
-0.01012275838713194
-0.011611684344428991
-0.01559434776525566
-0.016984993443683646
-0.01516977615540141
-0.00955023886554466
0.0016558401100028066
0.006838051934108987
-0.012764682967877498
0.0051902920421915055
-0.0027349506620922724
0.006553803556612184
0.0006910090274549573
-0.009533886625827489
-0.015186589235733461
-0.012123987041386678
-0.008688924619329887
-0.008399444584983871
-0.010985134135719884
-0.011092891255825719
-0.01186781479612487
-0.010027947229674188
-0.00896045433613552
-0.005768099911434715
-0.004711924737764436
-0.005029786721044259
-0.007080867408758468
-0.0082985671445295
-0.009463845323806785
-0.009883755238899524
-0.007366897782270837
-0.007974555765864257
-0.007969566734546877
-0.008556883704032998
-0.00909819238378472
-0.019786907302904694
-0.009271374824964467
-0.009064156429913494
-0.008740121350403246
-0.00047154988741197017
-0.008101671227760203
-0.0011318373919755717
-0.007324459989890252
-0.0051053450977926445
-0.004441967918719285
0.008947914615045342
-0.002271041323523266
-0.006527148461911812
-0.016073166278855886
-0.012315246570243393
0.031149072280126908
-0.016823061950735407
-0.009411407065455702
0.015030634179398997
-0.009090588360378751
-0.008193495906552009
-0.008484385163504412
-0.009194356101091575
-0.007733794429395389
-0.008942601117859893
-0.008900341130970145
-0.009039017719734033
-0.008121694277819775
-0.008862039482007804
0.07640031518638087
-0.009649120365608334
-0.0064635365113692314
-0.00898204365449357
-0.007924366685114148
-0.007663249677609607
-0.007216228098440459
-0.003688092906915364
-0.007375637908459374
-0.00691049512635044
-0.0055619422645378355
-0.0047854595547724855
-0.006219855398602829
-0.005508129307052477
-0.005924000632666957
-0.007641997520433968
0.007027231666487481
-0.014966635571060429
0.046773430476776026
-0.032385032413500554
-0.005334632465079427
-0.005463075111218248
-0.006037518678383132
-0.006143516571433995
-0.00624680538603479
-0.006230301775673531
-0.005137634714366406
-0.006619415119644212
-0.0049251632076503325
-0.005807974615787183
-0.005565422883766336
-0.005393051883005223
-0.005491011395447843
-0.005474078667373789
-0.00535957501987126
-0.004958798675560263
-0.005109215457596087
-0.005044101696707976
-0.00558366906857629
-0.005565183490313481
-0.005502415072577748
-0.005513732372837578
-0.005106309340880481
-0.0051635970854491875
-0.004722431301916863
-0.003979758447451131
-0.0025276344800732606
-0.0002847730312973165
0.003523129791982888
0.00883593245420816
0.016075038810211162
0.02139667043360171
0.010903994900243756
-0.0029574898514075445
-0.04617211660077745
-0.03442120005837952
0.006024852604930251
0.0028469960070994747
0.004001685146666436
0.0020573202903284163
-0.0009513377686107266
-0.000708052551459584
0.0015155044599224033
0.005520607426355331
0.011409392008783997
0.017966472249895674
0.024579531856645312
0.02779417190421275
0.015006141237220457
-0.004129710587984514
0.07639361159556012
0.038521851218771976
-0.009297705659767935
-0.0001783983129887926
0.008265334327007087
0.00816553447338041
-0.0001528548434252425
-0.06410618062396926
-0.07353630228835059
-0.0011366364733826776
0.014108418172351074
0.014619001577894582
0.013649135799348074
0.012234976564043277
0.013210166888834482
0.009633174077182763
0.008520771899981646
0.006915553034422472
0.005639194230229983
0.00471121056509271
0.0046200312230006355
0.006327845781139249
0.009875058124178483
0.015456332031819
-0.0009614664341859271
0.00976575720880156
0.0023944306619447632
-0.0014007649567609032
-0.003056349493920899
-0.0036372404971003105
-0.0036594720148986214
-0.002967333903414888
0.0010110931903876943
0.005414458919646683
0.0028132615424121925
0.009011017997092908
0.009296908546163194
0.008553915163889323
-0.018280520774246304
-0.03827328517062161
0.038129452237727256
-0.02002050801780946
-0.029646463465961302
-0.001180293639800785
0.01842814019446519
0.008263064605495914
0.032947567069918894
0.030763245142037772
0.01708042780236129
-0.02464990746085094
-0.05221623538794308
0.0019963046745796404
0.01801871221363472
0.013110262559589534
0.0011283201955577396
-0.004711213255371081
-0.00864630276360077
-0.013099795042844321
-0.01152534125048109
-0.0006660110256349956
-0.0033647318026982327
-0.009294584397261503
-0.012841410964729176
-0.01294695277719503
-0.013025214498164808
-0.015296669818497689
-0.04734596664006542
-0.020499337668265387
-0.023418209429075812
-0.006903104751804429
-0.010183142125978897
-0.0096744059111593
-0.009196389276582236
-0.008342528393211247
-0.006619047290010456
-0.004751955674645991
-0.010969115563644187
-0.0019270454410211038
-0.010579314985006017
-0.008355711363159308
-0.010349171543017534
-0.010238413760688226
-0.00872822155125322
-0.009253604356307895
-0.01046298647200015
-0.008077129977820794
-0.009417632592565686
-0.005221627827805206
-0.002072168987313281
0.0072726588837166125
0.020125892160098878
0.03945066417000724
0.057619548678760284
0.03723804621438042
-0.06560880860058604
-0.10825917421551454
0.02964305228099319
0.04384160808358206
0.023668768914106957
0.005984528635287472
-0.0025823288404706554
0.006936937617254371
-0.01498415011056803
-0.01339287978649768
-0.01188075678427
-0.009842312657555443
-0.009731393869222667
-0.010167267442680594
-0.00892626775791759
-0.009615992751610113
-0.007297318504666418
-0.0035583197957492576
0.0023724981609072986
0.005052636061764208
-0.005375362096700867
-0.022567186569183276
-0.01938101458420336
0.006690227722401089
-0.0032062407671145077
-0.006617284668838373
-0.013483232442961774
-0.017389078994349782
-0.017879491280371633
-0.016921929563583047
-0.015358912074151763
-0.013752007611540804
-0.012378122988601487
-0.01123455717873778
-0.010298365466100086
-0.009591067077919823
-0.009067970205461809
-0.008820118027679943
-0.007818364111387468
-0.007197687845227298
-0.007921209315167243
-0.007434952622853244
-0.006636847198289471
-0.00689690409245039
-0.0068255450672575855
-0.006346053228783834
-0.0049743819971659956
-0.006182539833138846
-0.007765793641852453
-0.00857875865720606
-0.0074603992172524464
-0.005818117092343593
-0.005232405351285803
-0.00012996661710046765
-0.0042392978382439425
-0.0036900136157286124
-0.003056477776338071
-0.002284273239344942
-0.002790210941231642
0.0011630941659370837
0.013315894846748895
0.005303758729423923
0.00512839753492362
0.008161356077285442
0.011002259899342498
0.014247983307795737
0.01692876865233223
0.01368994911784273
-0.0018633057173871022
-0.030271116353270212
0.009719315603541525
0.03357523214750231
0.05047945245079622
-0.04929848056158808
-0.033559347225057996
-0.07731503328723327
0.016520401100802308
0.027054199019246456
0.02128015696333626
0.0183223132804657
0.01693910849776507
0.01288649212398271
0.009104971238199417
0.0018851270276614796
0.010226683618857313
0.01174765029666026
-0.021625920736438153
-0.018551566580272072
0.01802650977367231
0.008757730979164916
0.031136393208641557
0.017911685467146846
-0.014361651646817698
-0.008120582959606947
-0.001693035747011829
0.00547772241114212
0.009489527734838514
0.010723220682146825
0.008963193154905673
-0.007851987284580794
0.029781534418913375
-0.01758020600543351
0.028080981559735173
0.005835246250507477
0.012478156217183746
0.016105087745670463
0.017884923116839636
0.018671125858149767
0.019778901356366632
0.021707049537802343
0.026731489532048295
0.031277857697511055
0.03147688043746928
0.013780657534454729
-0.03459234774886561
-0.015069939722536453
-0.005558961715934436
-0.025234510302990953
0.017245194277286883
0.02353819172504507
0.022593635797663415
0.022596714368684313
0.022727320614451693
0.022727679164457785
0.023397614403520416
0.02062516252108481
0.02021946611678144
0.016291674254598706
0.009642045482530287
0.009139773989869385
0.014372938137843894
0.01665763523121755
0.017310378714528216
0.018154672075939703
0.00879581026596218
0.01833162417118915
0.021648496365217245
0.028844395045625432
-0.015796166712584506
0.02299650926210662
0.011820154054014804
0.012655073653049439
0.013220564198789172
0.012988805796637146
0.01211377942416946
0.010024418483123507
0.014846240605957593
0.0218437856977361
0.008458706984862395
0.010185811372409585
0.012306810019388463
0.011598624518272546
0.013072740044091206
0.013299446013568042
0.014817341344072825
0.013731385532253502
0.013741985249547485
0.014154628010418502
0.014940943641103465
0.014021281119801738
0.014192914371529307
0.012351518087597421
0.015554303183180422
0.013570152224662674
0.013408765963267988
0.013289044656409921
0.01349049775612804
0.012333272398078235
0.01194616804306808
0.011572216479718015
0.013158757346850247
0.012232513814611726
0.01130269843501049
0.01009841390039497
0.009875545050150255
0.019222795810052026
0.006581049250399077
0.005301469224323806
0.004531029122059046
0.001442682082239735
0.0014516028031854975
0.00023750724589059123
-0.0010048596452505501
-0.0006625140950269239
0.0013903628787930349
-0.002601136892789331
-0.003954737146809864
-0.0009998345751957099
-0.0005309247476452275
0.0014400526026375337
0.002965187261750848
0.020665591482329243
-0.003092242756587176
-0.009989775134241128
-0.01027063908400623
-0.005957122098382253
-0.005522212981572423
0.0034559649513082546
0.0096499959449279
0.00762442826501428
0.02511378446916004
0.024973722627474333
-0.009681772751775772
0.05286183117128363
0.03942752322788931
0.0019386989984039352
-0.008425666783682353
0.018789544922282166
0.018923253129332192
0.012967200058244248
0.002993466361599427
0.0020815826139147795
-0.00806735396596142
-0.011667663345278497
-0.014076411209199103
-0.01674547435433681
-0.01589025180570652
-0.016146081118975954
-0.01414017129062073
-0.011894252058505809
-0.009903339214671092
-0.0079686819721051
-0.006238747512714585
-0.002362744346579111
-0.0027407194801127646
0.011636586577688927
0.00041350534683674036
0.00012004876956830169
-0.0003981884873621551
0.0017727058111060593
0.0010905687809408039
0.0023926138806020084
0.003422121001458103
-0.014061405027253157
-0.057520904623384564
-0.00749842712101509
0.003865407618300834
0.034697901941434656
0.010869230633918441
0.00855910290222223
0.01136955358326992
0.012948873596786236
0.013985906140630739
0.015443280014931738
0.016723816834771477
0.014238171336071656
0.013656463558252745
0.012800086177714245
0.01211438238885092
0.01025433331694257
0.018753784577412974
0.008772745320676359
0.009433692852175626
0.009024624768719949
0.008392342846274211
0.009629254159186505
0.012612556935203502
0.015967649076287168
-0.011647677427799196
-0.07523751186306898
0.020712883056083754
-0.0718259882927486
0.006851800508869258
0.012556689920001526
0.004300452385151312
-0.003023965995948885
-0.010708887882676009
-0.012683455402193327
-0.007291877760859851
-0.0040971726489865195
-0.0020605681766792923
-0.0011775942042206691
-0.001765001998892862
-0.0018020696044989584
-0.0045532796190081055
-0.01176778592646972
-0.00579978299497948
-0.0043613760332541695
-0.00472883872831201
-0.004326452886342911
-0.00702132289937591
-0.008011840267788705
-0.012273934781851693
-0.020236112346167862
-0.014646565195035927
0.009923362480173838
-0.020274038636361215
-0.048179908665690385
-0.02226803817298423
-0.0226799849258632
-0.009797263937398559
-0.014063131616860335
-0.012485999041187294
-0.01181007864753663
-0.011668632878517946
-0.011659726425779157
-0.011636427306903327
-0.01216271822200664
-0.014037741289465229
-0.01470526412975676
-0.037610516832014176
-0.010016087373070498
-0.012853113542898817
-0.01259644418588796
-0.013196963389590139
-0.013567409012854671
-0.018991956538621044
-0.013635508228870769
-0.014427227636046881
-0.016022654066413844
-0.014702739273104492
-0.014897444753453677
-0.012810896793494835
-0.011973717133143392
-0.011020337689282097
0.00552051290548988
0.050528340415405514
0.03730706562481121
-0.021365463039544758
0.010521846659519307
0.018590606140249318
0.0003976887962448116
-0.007337844334793642
-0.008097731185577675
-0.008462851423776405
0.023265468873245095
-0.006706725822025762
-0.004757859830062114
-0.004324569359159041
-0.005006117859007526
-0.0064238198668488304
-0.00823184299760469
-0.008251817023154482
-0.012720807670663423
-0.004684882196727618
-0.08184777507734153
-0.003456610544128133
-0.009421027930455527
-0.00676753192567017
-0.0068067070316671615
-0.00543294193803441
-0.005409618028836028
-0.007538444413224916
-0.0047874268762232945
-0.005251515960691796
-0.006011631875864014
-0.006719244705715949
-0.007301161647762743
-0.007841656746128826
-0.009039287718575347
0.0005140266933233577
-0.00834169813148349
-0.008480331960045424
-0.008661701725496867
-0.008818856330684546
-0.0084118989293087
-0.008744531537210862
-0.005405201814206533
-0.008414864302774218
-0.009212329001478585
0.016879464996897495
-0.008098421090653679
-0.006538337624881535
-0.005208872506754419
-0.002092711449356187
0.009256896432462384
0.0421122914683122
0.02029790940707736
0.06204594471625504
0.022359831999170153
-0.0006618182520013519
-0.0013671495656579424
0.007336559942754942
0.0036983977974447252
0.006838432018788158
0.00045283570691909467
-0.0030562565120407625
-0.0034216367717910404
-0.004391928468186275
-0.005580927686664322
-0.006745820172238641
-0.00827959993466654
-0.010669123465172953
-0.013958764428886274
-0.01599861286900905
-0.015132691458283807
-0.012879937594606681
-0.007573509080276657
0.0004332736273718994
0.007206924771344818
0.016288221259372876
0.023750777866743636
0.026019360739186106
0.006094342810235104
-0.004681311666374634
-0.02190160197213038
0.025392105746137057
-0.014140268391919997
0.005027827478455294
0.011891397739732069
0.011197182608791852
0.006256802729910957
0.0031823371099867653
0.0011189598242495945
0.00010831351119622996
0.00020880900953466569
-0.00040984727361076997
-0.0002383564905467062
9.391702763898293e-05
0.00034017590231901634
0.0015228310781379955
0.0001482437232761526
0.0017733094320207992
0.0025423437704391923
0.002099912654643031
0.0033527999973736074
0.003927076370402115
0.005987016390109963
0.013353397316136936
0.012630627223342364
0.006443564100053411
0.00542653668018296
0.00576616572363226
0.007136276678969023
0.010564920087618909
0.01722553239511119
0.028321199769476203
0.027314682824249897
0.01802160391205112
0.011409236269634715
0.008269575734174589
0.007523873192139394
0.007369161180965488
0.007093620143360608
0.006331953717912697
0.009055059348147715
0.010727339042823941
0.003258486778182376
0.011275994127468726
0.010005837185516371
0.010529080909677694
0.010011562272168283
0.008824141701031555
0.008956423316063791
0.00872505002452969
0.009239946535991988
0.010560566382149831
0.01280762647458356
0.0192785484624404
0.020812265788302465
0.022090839997169282
0.018814522216614855
0.000992819191055381
0.010941482926697093
0.030999765532443123
0.028994376119526384
-2.3257765435159684e-05
0.0036549934451339658
0.0012276626449478987
0.0041026431129146486
0.007075844999318201
0.0018019298820743522
0.014974988569503654
0.03687088359758863
0.0343152851173871
-0.00272472325485269
-0.010889256493262611
-0.014069812990853116
-0.013782634100766761
-0.010801585122690915
-0.006810504799420909
-0.002859294004261281
0.0005044688904632794
0.003230793200393972
0.005514106160820941
0.007189280384835125
0.008765431996207326
0.010097838565418668
0.010508482627190575
0.011402898927662023
0.011488721158326764
0.011700406437252637
0.011859461212543183
0.0119971508165301
0.011985568902277827
0.012049111240156493
0.012654730145410815
0.012520909808453872
0.0115385945059615
0.011641316237230661
0.011592851304233974
0.011463184684816333
0.011378870808461242
0.011265999896687333
0.012668564270955186
0.011344591681247915
0.01153238644699901
0.011755692069473302
0.012149055794996087
0.012566141925888105
0.013121330544510984
0.013921150984932788
0.015028063585756295
0.01644574636061337
0.018143019638660093
0.019503357691295083
0.017937891695711465
0.002333274618347697
-0.009968360608575538
0.020096829650271732
0.01855364934075452
0.006733915755497809
-0.00288829236549289
0.016906321275809755
0.021754356067188403
0.02054832408195455
0.018150266352285584
0.016008246665534936
0.014338879309588803
0.0157465501371378
0.012385351513186016
0.011775864222367614
0.011382612662333723
0.013369905867842986
0.010872074815554727
0.011119872914017425
0.011168867864153696
0.010879418444096706
0.010909136455924173
0.010885876475217517
0.010812592670610762
0.01118932955974715
0.010088639710293668
0.010835817095669954
0.011536869504557366
0.01213825069293005
0.014529221324184497
0.01413470569108354
0.014936544245900856
0.01618530828762469
0.015435483048303491
0.015429906604244929
0.015558850187190202
0.015351859451230174
0.034207894906988015
-0.004313243047179565
-0.0034640730541900416
-0.01573233201112895
-0.014769243048968443
-0.016747626526895206
-0.010314169684623689
0.0006284150671332873
0.003964424114946735
-0.03762128831437885
-0.053923075416086416
0.004332455140636334
-0.034342889374447697
-0.056468781187560706
-0.0005469519375836623
-0.015694982357407385
0.005472927029961066
-0.0007320455385000146
-0.007861351081849969
-0.007650300661753238
-0.0030455642568651066
-0.006139866718377877
-0.0011529186614873412
-0.004485015895212748
-0.004106434902084183
-0.001847646335540536
-0.003098652597261446
-0.004861994533841608
0.0005182736831728397
-0.0074115702310865944
-0.008980235675927414
-0.010290462681911867
-0.01151362712768758
-0.011854693975658661
-0.0122141159044574
-0.010871478421886573
-0.007580865419705931
-0.0015156305018347851
0.00805002083532528
0.020886066712126828
0.03254251602592865
0.020922264373250454
-0.0687550710101157
-0.09300075420091115
0.015028845770899808
-0.04180946575482112
0.07550777701273849
0.029753207029064845
-0.0612401507183226
0.001935925295053263
0.017283847172053012
0.010596279686112956
-0.0003322172384961995
-0.007692076185527525
-0.011934560630299426
-0.013846026226511363
-0.012754643298256185
-0.010999660231982978
-0.010817711563115312
-0.009353096587040989
0.00858571478569038
0.0748059918411483
0.03509662642890038
-0.0033153664208973015
-0.011146202230892268
-0.01646306550335721
-0.018808268661364858
2.7019398666724592e-05
0.007050498810204799
-9.921569712508806e-05
0.004854510592892566
0.006808910683950373
0.007925192118688154
0.00882601950046489
0.009439233978633731
0.010342296714811853
0.012629350783807954
0.01114730178716123
0.010608134688321433
0.01047805862756688
0.01039705467317265
0.010167275076996015
0.010970883449225007
0.012242149376623776
0.009496217849713029
0.009373922552317147
0.009161085162539613
0.00873540616353215
0.00993514505841639
0.0063134392378898785
0.012293202856207339
0.008971686148137831
0.007732788142690841
0.006042080876168989
0.0034346376508350854
0.0014930884086023443
-0.0013100750634490854
-0.0008776622533721034
-0.004494363730254579
0.00544274838728663
-0.004268782300698593
0.0013022638628947586
-0.005378640092483881
-0.006866891845446628
-0.00737403622446564
-0.008047123901134857
-0.007273661255248965
-0.0070270874634096115
-2.006848841394837e-05
-0.002282838357216564
0.003570377759478826
0.012781647765062666
0.025360969321467017
0.03745789465776818
0.03126885184290118
-0.016570769515612992
0.06962860923753823
0.04563076645856294
-0.011944958104140627
0.009376521203853225
0.028831514947824374
0.027805883952720874
0.016431764255058486
0.006173370286095297
0.0008938776999234978
-0.0046323685805134155
0.015871457741334714
-0.008905875113274238
-0.008091446045800029
-0.010498417162301286
-0.03149367176451797
-0.022325954075030532
-0.03607998876395024
0.03535656878177538
-0.014916949152250874
-0.016096049899604482
-0.039409508018379294
-0.023354020754528308
-0.013261550061511697
-0.008315194482270936
-0.0070267860930524825
-0.010706527541582132
-0.01009047711066321
-0.002259728966126787
-0.0025094436366320774
-0.013413925935020903
-0.007841008636085176
-0.009427630519629093
-0.013890873219088986
-0.01438658963121146
-0.011114542769068998
0.0004241347496586683
-0.01046960409479146
-0.011117512901945922
-0.009508392121687406
-0.008496245409712827
-0.009226730566302436
-0.01166218919177731
-0.011259732660424808
-0.012121063911972388
-0.011880384102542598
-0.010674004659691327
-0.008002879085752876
-0.0029547229992937093
0.005235886369966649
0.015089560266700369
0.025823064934583424
-0.01550658288193083
0.035227223132343326
0.04859192150927976
-0.01433153652981786
-0.004934889715058462
-0.004895673041523104
-0.009474150022997344
-0.012813943354661217
-0.013979510091365995
-0.013717546003311107
-0.013894626979467282
-0.01500608364137396
-0.015648165366855104
-0.016136864237591877
-0.012383626703747782
-0.010247669216323332
-0.007609348199936335
-0.006759301659860433
-0.006247365028976106
-0.005082514933009756
-0.0039003196057433563
-0.003083561234822064
-0.0019372317743086987
0.0007987574475504435
0.003894379645942768
0.005359003952500349
0.0030559626513607272
-0.010256137877934824
-0.015620291552478923
-0.012990470644863014
-0.011101539215509977
-0.0026433269304751237
0.026512623637324782
0.010461126885399212
-0.00895466947536044
-0.01377637615861174
-0.019247498390869328
-0.014516609015068677
-0.03455427103425386
-0.01635408751327335
-0.025820333861709847
-0.017616635747846224
-0.008202985932374878
-0.0034307640520176525
-0.0011959121805500622
-0.0006990770801730087
-0.0019766590862334943
0.019754032378422257
0.021296017307482346
-0.026461966841840733
-0.04517842294720611
0.025608381908789654
-0.027565824483733473
-0.06138027819931388
-0.02011232304005744
-0.00040385728707707016
0.020681161286277235
0.014375188076567279
0.010633986404419283
0.007636373401221727
0.005014405569067901
0.005076624896636278
0.006351353555963302
0.01026486028422235
0.004747196171852896
0.010445860472609817
0.006316519158796306
0.020069821828835852
-0.006450758698580305
0.01976344856165567
0.00573526395483342
0.0059354374495971625
0.0067168414356369695
0.01963861404171768
0.007177308164066049
0.007833171514187174
0.01942306348018397
0.013923491886421672
0.007445950578896141
0.008156175913164304
0.008548697774347734
0.00829055555589513
0.0077825878568653995
