-0.00010940286877279698
-0.025404723813210593
0.027943419739662034
-0.02166638204569999
-0.0416669864192577
0.0142106505882002
0.061538320282794115
-0.004487823195796281
-0.040910373608440444
-0.010517715769982032
0.04506561433834892
0.019605286239322596
-0.05295043831025983
-0.048453158084173324
0.0015401214732070501
0.05167159739862216
0.05430701972845947
0.0073375476183492
-0.04938668953410198
-0.04317934665120288
0.019969637979697186
-0.024792909776527115
0.0021118971646826596
0.0015349070640077677
0.01153495645612646
0.05611671583071302
-0.003863754201206044
-0.029158959408665638
-0.012422999630688686
0.009002281162874708
0.046366942531322106
0.0016031541635703357
-0.004519831097897829
-0.013144252813171154
-0.01866623603530306
-0.0200826832333703
-0.03888218625969802
-0.01203767764778686
0.007530855147341479
0.008548160968783552
0.01730936219660131
0.02337484096369952
0.02479938600651252
0.019562623432161974
0.014762879940855855
0.005454278129463461
-0.0051874500588492255
-0.018909852381558883
-0.026987300423469775
-0.007704287286703015
0.018585759409336437
-0.025644614875299655
-0.025818520399628713
0.02296414177357991
-0.005121163240862953
-0.03177607409112446
-0.031641327761216746
-0.038986711983215586
0.043919987397568555
-0.045347014297637975
-0.019053241462185944
0.017833921914893695
0.04168931201394515
0.0002414296268894583
0.1265341689605959
-0.017799986071502204
-0.04161079992576859
0.00587581502494991
0.0483902722448371
0.02783877621696085
0.008594767480974149
-0.002867042415133709
-0.013413742771565196
-0.018979845329375657
-0.018413552241416067
-0.014445009313220961
-0.009902464412234415
0.0010601685597007844
0.02662277230111505
-0.043257057470694076
0.015795170411839452
-0.012030380295870474
0.05068888394910429
0.03628937040760685
0.017528346332815484
0.004530067860530207
-0.003222690177517534
-0.011080882890573698
-0.03427776824941396
-0.010120076077794625
-0.025754480186363893
-0.0019254894120908047
-0.0010659346971890742
-0.013894767756044606
0.06515939557100571
-0.029023363987904366
0.018974948224126396
-0.037553922509440694
0.005270285387835806
0.02414942947003605
0.015508538974642001
-0.032494147601557395
0.02887719879210454
-0.02188975430639813
0.042756779297212166
-0.008515934030082469
-0.009834003393116419
-0.011796682700233693
-0.014070521639219744
-0.019492023676159237
-0.0450358547330534
0.04991263456640112
-0.00456537571757207
0.011716707927274745
-0.006463147256737229
0.001974112544756176
-0.016181404387207606
-0.026748556431519917
0.03557384996678805
0.007198239936670603
-0.03723581016990171
0.03136895202748378
0.0223545433173922
0.019852197467181164
-0.04424184961222833
-0.01908109305092025
0.004233216508781806
0.0224846817253196
0.018378597233603727
0.0038233334613804733
0.008826916990788029
-0.006617833115665032
0.01162455072396614
0.009468328316521724
-0.021462882012613697
0.016053016477187935
0.0215736112337539
0.03905151268192049
0.007719172065365588
0.011734196658558283
-0.011696040838525615
-0.005443635100059761
-0.07988332878639999
-0.08271615837721864
-0.029739720107827043
0.022263217954872874
0.032171283093459235
0.038908065929514936
0.019196782755340192
0.005385455374075708
0.013586993747891176
0.0031040890862568758
-0.014360757600930741
0.013981408752363561
-0.01970267443333445
0.01774257936869544
0.03925545871632822
0.021955669540275686
0.020350666001979493
0.017649714713969904
0.012571882838965317
0.007057360060873026
0.002293918791978433
-0.0076248374058606365
-0.034945421928872594
-0.004938638497823384
-0.08035089260756936
-0.041161598093244496
-0.02425863595446341
0.003465750030842872
-0.017143175798515667
-0.013361431406054131
-0.016352461591877965
-0.01952007522608492
-0.02151073951745221
-0.023323398476204512
0.0010985631620244335
-0.01665471382343464
-0.01364271693840542
-0.012503190810881862
-0.013446356166775184
-0.010295583902603787
-0.01946987805398347
0.030752648464611055
-0.0005219218024835146
0.006150330415685706
-0.004156535417536857
-0.006589066595305534
-0.00233776686263749
0.0025443798869005966
0.007945201074429089
0.01264584282614356
0.015815461497765717
0.016156585070866324
0.010499360008829058
0.010900732194045287
0.016968934693625357
0.020908172334002682
0.016535243722624972
0.03933721275682628
0.03663405575028785
0.064564968068823
0.02684557526135452
0.02865089270033317
0.027022545869701226
0.03779406021930905
0.05314351694004853
0.012373031406865796
-0.01710941255700983
-0.031347287374593316
-0.011991562140810545
0.025118138489714385
-0.006455787341039115
-0.0049820802807780135
-0.013652124637328981
-0.002095251323963916
-0.02585623325865479
-0.009988783155079053
-0.0016923076375899512
-0.007674083144564505
-0.005685850520313834
-0.009568834150095308
-0.009861503167408086
-0.007085747753640766
-0.00612667571529145
-0.021049100708060042
-0.02698032939096121
-0.029955765529159815
-0.015684572109923616
-0.013969206355470398
-0.019937962100258076
-0.031988488718931986
-0.06306915811030597
-0.06440185584344375
-0.02107471007789803
-0.03279647477216429
0.010313908289942787
0.07199502161336391
-0.012678019620433786
-0.0663737591596187
0.06352884332024096
2.4082464930604264e-05
-0.04131339993557102
-0.04918590777007173
0.02741140858484047
-0.0222327714111759
-0.014808650402104228
-0.011150345242578212
0.09434817864850402
-0.030433362284294736
0.024901561749402928
0.004856258780414554
-0.022596740291610774
-0.01714487214527817
-0.02782440172235373
-0.043819273598552734
-0.02897160732555432
-0.012941234836802802
-0.014395255553793871
-0.020497367342008875
-0.01729892208950894
-0.004493770243731731
0.006826179489587375
0.0895676379571111
0.08213626083002469
0.11333145169607949
-0.0009220370599880549
-0.0073298300925598485
-0.007993858941571688
0.0008065783000854431
-0.0013408957039403207
0.011855011354652872
0.004203372102441867
-0.034931117606712594
-0.009538809599183776
-0.0146070245700196
0.011262949285078006
0.06928607607516568
-0.004985846534284484
0.0040136073757552635
0.02646578502404736
-0.05340339516273918
0.016751434234837315
0.025692781781128254
0.003971907521564918
0.01640140389145021
0.00787605907514765
0.028266381536697718
0.000569886922630678
-0.025298527240757453
0.0041777669939400625
0.06882608653423669
-0.00018577231820919164
0.06879582639991129
-0.007625505009091791
-0.004758528297321763
0.00041027021550352075
0.00220710612071138
0.014739557559343355
0.014658274767749413
-4.489136689225528e-05
0.028428603423591582
-0.023468472679625197
0.061176038207277954
-0.007056908871940479
0.01765240621891913
-0.005568742130403458
0.00032206068054726274
0.0015098760931348734
0.0025568811947791277
0.04134874294531127
-0.003057539429472235
-0.0016105127499507065
-0.007890833106726258
-0.010144676828507889
0.01602915540189135
-0.025931350381445152
0.053956479330880415
0.033120748953521496
0.03444438704104821
-0.010458169413315892
-0.0342895772134566
0.02215935785814652
0.012161083743825787
-0.005556876644468277
-0.024973407244982947
0.04232157731050353
-0.044523693303619
0.03779031377779987
0.026767769882608088
0.01770719847864795
0.006602610703586957
0.01709869095888046
0.03276551737520909
-0.013648572903466362
-0.02361131525807231
-0.024293362872995893
-0.023157648914119307
-0.014951358445414844
-0.01049980511473837
-0.00880167576634109
-0.00755281017417761
-0.004854666407948867
-0.01149801164633211
-0.000675335592763061
0.023913804637118345
-0.001760035236853273
-0.010938556821020613
-0.009231354175857402
-0.015610892309412084
-0.018540651136169827
-0.014729145094591818
-0.000473893243113095
-0.03250628504269507
-0.017561643897695926
-0.05878316854549251
-0.0152431784270991
-0.008747506626001916
-0.019170983827933242
-0.05234996229266944
-0.005123485720845747
-0.025471292170099278
-0.030059023979009062
-0.017304665263348736
-0.008269590758454678
-0.005289326280765704
0.006572489124400673
-0.032613007797765735
0.030054342484961867
0.036873999987447205
0.012742437481105304
0.056876532959646085
0.020998884846538342
0.02474884095539235
0.017663551373011004
0.028764177500779364
0.005030467674789626
-0.017803807910466683
-0.022243599775338206
0.005566832584832189
-0.04364229415466367
-0.023466557913103113
-0.01685655222218794
-0.019096810644941956
-0.0006547591915702509
0.011965428378812837
0.01725443749671439
0.03697953505125023
0.023050973396372375
0.0074489245280322715
-0.011136782168856652
-0.01385466227101662
0.0028971972648623844
0.0017230411627722204
-0.007653755382109784
-0.007325072360008327
-0.002398646876766578
0.09149481235247697
-0.017226303190775227
-0.02140069981457053
0.04763353530027383
-0.04785557492004382
0.013734111729898739
-0.011721368327256823
-0.019449662675462227
-0.025866521325825346
-0.0255460530031411
-0.022521582862602273
-0.045122067839982925
-0.009952941918318055
-0.025141062583268863
-0.026272018973507616
-0.008541324273305584
-0.029154874007301754
-0.09877806026573785
-0.0040881904491228025
-0.014589646247406904
-0.014095868635203597
-0.0029249249504698
0.009411689203393156
0.022043842051506717
0.007849050804136053
-0.030193978938212376
0.004395169017497446
-0.02413425661114285
0.005839933605591174
0.034256827065022824
0.01992738091619296
-0.008143582428315213
-0.022086998431991543
0.00451142198002717
0.0069545360318501795
-0.0036073399130487605
-0.002115070965706039
0.00928372910004917
0.01693466184672513
0.011169712622532114
-0.004010689677840454
-0.05003839793178547
-0.09544067752314955
-0.046058731771093896
0.029534127740478474
0.07251501926633128
-0.011931712241324104
0.007099287339494389
0.002802242721484637
-0.002740135868598993
-0.0011489339057479645
0.01452301205214153
-0.0068459664880748785
-0.005374695162640452
-0.0033469444279480274
0.00875693676036808
0.0052719095025413835
0.005530096153342962
0.005773166753757977
0.00025053617107947143
0.018718326338485854
0.01415159324098943
-0.004728049131758189
-0.005888221459550176
0.0035881479737907645
0.0018784551822797052
0.01789283324939901
0.03170795607657668
0.004215673312048868
0.005652885392746845
0.016959799531083716
0.073663818864351
0.04599487450503906
-0.06003807050783146
0.06913915629540861
-0.028397395073741782
-0.02615897071626319
0.006886015265980662
0.029952347864514315
-0.06067932235917656
-0.012460262205220226
-0.004338171279764912
0.006551466667192834
-0.009540502890840281
-0.005835607964624949
0.011924629064544867
0.013417704700884965
0.02477753597169054
0.03147119007451765
-0.020852841008205173
-0.04510741802718989
0.032261119399658096
-0.05151639497800067
-0.0015994481661833612
0.023183712842167796
0.01170542824594307
0.0036516649528137747
0.0028251271006825853
0.0032677544159098954
-0.00497343591183998
0.012201737555580312
0.02478187483099364
0.0017124484048154684
0.011693676272570392
0.007381078618991468
0.0012671834443407101
-0.00803952419989932
0.0012974944999346472
-0.0035355259132424416
0.004000560757701154
0.013432288923969136
0.03589540304342679
0.03370814993207277
0.0015419066153018082
0.0014019444878046795
0.007443411375959524
0.005928949100608466
0.005904223051455228
-0.003672098032663092
0.004335605069062024
0.012039246816679958
0.00922761967319327
0.0016296442318581613
0.014892237184352439
0.003994602041452533
0.01857026300379715
0.014561608307353984
0.009636131673440839
0.0029552076241633005
0.003767080631892563
0.004788553685560039
0.004206539235939159
0.005905387859400105
0.006267475284680877
0.006659791464057955
0.006126418796117996
0.006117202956228131
0.0068564890840816
0.0066558018611108435
0.00711423242307783
0.005359246547967367
0.004773747027195274
0.005884600988318728
0.00525231112312114
0.0033790518862658013
0.0023531982604015384
0.0014853443217404535
0.0009969420509689294
0.004679051678024358
-0.0037182156010558487
-0.011441392697186852
-0.013862263127202073
-0.007233105284290571
-0.0036180913346965564
-0.0012272631510188443
0.0048832025096985105
0.023838764151886405
0.051325016212883524
0.056166664427315764
-0.016602629467090877
0.04869574855208179
0.013350356937472142
0.06300761812686081
0.034178434185790904
0.004400755787886416
-0.009581476589528588
-0.013724130021459035
-0.013328533775258479
-0.01112301595038633
-0.007116236325135277
-0.0024094213655282697
-0.004148976603624467
-0.002090138579633823
0.007848204689352989
-0.022330315643347327
0.0018925539812429545
0.0019381373839685956
0.004242608847024024
0.004217616447962471
0.006337873122842598
0.005843259437817092
0.0037110676249632654
0.004206131851789516
0.005077726116215332
0.005643194669696435
0.023336996588858887
0.00938825120130144
0.00742716720089151
0.0059887006152477
0.006563740170137344
0.007603347403870976
0.006361023999026186
0.005430131216076214
0.006511127835662551
0.0029378207297830307
0.007196848030028729
0.004936635139717681
0.0018780433003231314
0.05208862480943741
0.0034942594254486485
0.0020791580751966456
0.0010531451384553179
-0.005646498044573776
0.005837172572246067
-0.00584317713501628
-0.0005781252734975669
0.0007203906033762546
0.0032050120886949383
0.005672523904056762
0.005828847966252293
0.00552038567577666
0.002687497836606819
0.006143794277208978
0.017046280617586517
0.027892679646535006
0.012169821932224358
0.009765371416425951
0.013996652172214224
0.013596755972866957
0.016943243263598747
0.00914757706800984
-0.011986576661564894
-0.04645823357339926
0.027247285546643213
0.05450565474530672
-0.04373335030390932
-0.022601198803704026
0.005048740631017867
0.011865442890235502
0.014534563796429995
0.010808105593827375
0.01471477039473622
0.00897687692962975
0.009902006404793582
0.009975731352024746
-0.004346607853105004
0.011915493067314573
0.023334330832223856
0.01881037526588481
0.003362716143061103
0.0017966618232151577
0.007710910752150945
0.028542942304908878
-0.00547099546949317
0.0024103394259659084
0.01072581944996295
0.012113698038199002
0.0036233440282552984
0.02130505459611444
-0.018234796408986342
-0.011387635463990875
-0.014910196905734396
-0.00835034335624368
-0.012470228324649429
0.013703064646703397
-0.004069049415449649
-0.03958933885129991
-0.013165817984944525
-0.01885187428551447
0.04447714126441834
0.04791085525107515
-0.04435018488397664
-0.004686608097403896
-0.06226914517847714
-0.021264969905844536
0.0070275165425694695
0.00715783850076572
0.012733308116693818
0.028357302592345947
0.02470852533669425
0.027872404756274227
0.009593811932171034
0.01453262032567245
-0.0628817965145445
0.022463618662752326
0.01186282119205432
0.0025400982482196043
-0.008176816175261807
0.006723165294287299
0.02158923724084707
-0.009702429227125255
-0.023566680502273712
0.0006600343678321678
0.0020895014989007286
0.004491622175345775
0.005717482107285065
0.015061179436298654
0.006308395498374467
0.006213370029246537
0.003691030471593584
0.0029965141435914183
0.0018173201789172344
0.00011410577430891834
-0.0027635051132840495
-0.00424014316487301
-0.007379275163492649
0.017907712189331754
0.013643933505779563
-0.014931230996389308
-0.014779765983658447
-0.00269918715011353
-0.0037269130577737004
0.042381449765934595
0.0009946010080619586
-0.05846657209250057
-0.00694240020335831
-0.03273388803991324
-0.01367608817777535
-0.008404933880470873
-0.004771472387267849
-0.006708770179763387
-0.014322189049630046
-0.004298971251852097
-0.00610427481327744
-0.0015535411853601086
-0.0024547516581204256
-0.0002290020500310058
-0.018027310782929743
0.05195071294711624
0.011015228909078597
-0.003926360891373087
-0.0038585453213646134
0.004072945653579134
-0.01732566268449124
-0.009596834682565053
-0.009457424832127592
0.01518891127862393
0.00016592654467120064
-0.007661517484870117
-0.0061471629699968704
-0.007216122663376927
-0.014949920062326675
-0.006683765489926623
0.02525619017519267
0.009392989021635878
-0.0034945290662873165
-0.0037569829402787506
-0.00019001494157982378
0.0019728821070256887
-0.003981908405263964
-0.0044002549523342056
-0.0051619159645173085
-0.005569046364258837
-0.0015370574563426732
-0.005175578837735744
-0.008338513199126181
-0.009853102867947078
-0.013256337102551164
-0.017434782894622896
-0.013812024777820944
-0.003148342681792001
0.009556102962098583
0.029153465148401763
0.031018957725142564
-0.042277724656283606
0.0237846402891134
-0.01133741181149217
0.030788075232236412
0.01768773038959617
-0.0047529826269894476
-0.01426900238679559
-0.017829721460837587
-0.017297960475513262
-0.014633797364659711
-0.011920536472071832
-0.009790708183242644
-0.007933395405528397
-0.006790051606119545
-0.007609063427481224
-0.005060825327875651
-0.003507760118970621
-0.004335252307264944
-0.0014903775112814145
0.003889548484181579
0.01420524946214014
0.017234129134122877
0.03135178691743264
-0.0010104463401308709
0.0033391276796485873
0.0036613870545535673
0.006957220965736913
-0.007995695680776597
-0.009200969933347956
-0.016595542099999576
-0.013153186005979157
-0.007490722212752073
-0.005431537511093318
-0.009083179049864049
-0.006728663343412985
-0.013674253619990844
-0.01367185580271073
-0.012474721023537869
-0.011939554142740142
-0.011135525360883747
-0.006341721295265134
-0.011290382032917311
-0.026471712258769726
-0.005809966240794715
-0.010818931524918059
-0.010595076540272152
-0.009274404325943876
-0.006545939581566411
-0.01309180880105996
-0.007637666416390399
-0.00889179965512314
-0.010839277347438225
-0.02324213576002714
-0.01788102178638642
-0.013825724272424893
-0.012454014783225713
0.0049399983942784685
0.002667787806432983
-0.007939806437603673
0.006129040108302301
0.014879941002648136
0.003926181139497253
-0.03566538536014792
-0.01882260464533795
-0.0013116432203702784
-0.00432806096331127
-0.0037755544138551333
-0.0016399134701294683
0.004967451722115384
-0.011794595028381245
-0.002969660491217252
-0.00237966817158476
-0.0074637705934932925
-0.006463151200507875
-0.0009018805535001642
-0.034077577344559185
0.016006419041485847
0.03895917013133256
-0.010063747867171862
0.030689335194746245
-0.07988060493309201
0.046819458918030486
-0.07316983354073496
0.008885746957662935
-0.018483460252330542
0.12267165898160781
0.0028404538069419314
0.012003751363089335
0.09758120248193275
0.028982569194461457
0.014592488288271222
-0.0021107846247313284
0.018414581288552223
0.03829503361458761
-0.012374246905670506
-0.010595867699167632
-0.0065858988338055365
0.005062439964892339
0.045041038209601
0.012493955703273852
0.007613645567121283
0.00476226933609013
-0.014335362355863548
-0.01580782947174501
-0.004102543541863548
-0.004547112295226231
0.002084247881953928
0.034514066672986135
-0.050566306654927805
-0.0497302427598327
-0.04098214157748166
-0.036312147113784006
-0.05299681749604426
-0.0037871217676668212
0.011665635229160943
-0.017855458064273678
0.025059558111890225
0.022608593922378115
0.024887398916761342
0.02536516243218435
0.019734153677509664
0.018216706862406406
0.017439690667543382
0.02063781465193769
0.016766824751558686
0.014895864013809271
0.008934263753291405
-0.0059741719367984465
-0.0040336571471241865
0.0047005292437505685
0.005624433175190464
0.01336202489616256
0.019482739400837622
0.01537935900138219
0.007537460735465981
0.023895690037877164
0.021041650079633812
0.011986130013606933
0.014359182306252495
0.003769586318474384
0.001502572840762463
-0.010924142320095245
0.03697123355999277
0.0941696455962395
0.029743919585721142
-0.036175534432115304
-0.014237534889838905
-0.02398887232545854
-0.012081216369420666
-0.01559149797633203
-0.03363179001893275
-0.010120069563279552
-0.008460906350435766
-0.015193944333253733
-0.005628240897397886
-0.009033894263160536
0.010285488713528537
0.02347681395300739
0.01196678744735159
0.015041148431247374
0.0013370600096682145
-0.0032617861482683356
-0.004494956571469462
-0.009873123781363903
-0.010577631186571705
-0.015295689029356574
-0.002503727161437244
-0.010324090859992825
-0.009295783510354011
-0.0037116692745679824
-0.008351971874649124
-0.00923749339552644
-0.01444951714104334
-0.01813334546742388
-0.01767370257085758
-0.006363699218496557
-0.005498044959817026
-0.0072781165248697825
-0.015915657296974365
-0.009239353659519844
-0.008673380393122107
-0.0033331753535350388
0.013093983155845958
0.005804854425684097
-0.006755358361572146
0.0015143795661257094
-0.0020192153108129977
-0.0024713025082969985
-0.0022994812334432464
-0.002710526847484129
-0.001898618835176225
-0.0023106468386459075
-0.002466893088597868
-0.0036178473120823985
-0.0030852415947358177
-0.006218171789770258
-0.007757254426086336
-0.00373360260410911
0.00712847141455006
-0.003222367919116257
-0.006522599579903073
-0.008877788332837248
-0.013582985379828801
-0.013177189009500106
-0.005554338652520912
-0.023953136211874136
-0.006575586282101708
0.008372800830054518
0.009027423492164687
-0.007155726165364215
-0.004888281753641301
-0.002317065587771533
-0.0007138628340989175
0.00012737483214934328
0.0009732782457818868
0.0003860625069042783
-0.003462778082123422
-0.006583731334985945
0.04251586706439509
0.07616997619677496
0.04738632321343446
0.0018214161926344238
-0.008409023682782747
-0.0024320878491653503
-0.004263801964253033
-0.005985730537027037
-0.008205923727739765
-0.01045907642382373
-0.011746681954927974
-0.0037351605774468533
-0.014160517533361072
-0.01339506596778183
-0.005752500912963685
-0.003803953368540388
0.02160185413609513
0.04553092263930374
-0.0076090458977501685
0.012145816819485594
-0.002872372355343735
0.044246364583242964
0.017670926148577574
-0.00320625122956311
-0.010826342911757289
-0.0156545472880121
-0.019668822874030833
-0.017818310760886514
-0.011854237338492765
-0.010061465764295799
-0.007787260874758332
-0.009319509903166713
-0.008705716805998942
-0.007625662077979492
0.015226803622730439
-0.010114190546909197
-0.009651927789076033
-0.011141405319517945
-0.011156198664056836
-0.005385158808335686
-0.0013917640634491316
-0.00791010095303815
-0.012172001798664593
-0.011494805366641098
-0.009329663865429414
0.07327629540152075
-0.011175347065240801
-0.014155482824598041
-0.014024550618589772
-0.00946752296547718
-0.001846877610129634
0.046860791910265896
-0.015694898673580666
-0.021742091720149775
-0.025216931616971475
0.0023890973014878076
-0.024905742207305893
-0.034458313862697224
-0.05335138250731244
-0.019419043991140608
-0.05469856508727746
-0.030211756192195967
-0.04058130784620406
-0.011514013680797573
-0.021431674761449
-0.019207209959036374
-0.015143467633940722
-0.006479848276875648
-0.008085053207241275
-0.009435353219680098
-0.008412848542133014
-0.00795591418399024
-0.006566699311452986
-0.008895734555354544
0.007657538951088048
0.0014076097173511752
0.014463594502849429
-0.0055505300941784495
-0.007330135557357199
-0.005572283307695784
-0.004531856049767134
0.007638028220829935
-0.0032767347308208694
-0.002783046354701452
-0.003673001175966473
-0.004402922640983237
-0.0027654514581957395
-0.0014967411049959856
-0.004468898733025035
0.003421697621190191
0.02996933041126927
0.004837403011052292
-0.05045569168050109
-0.006983935478904114
0.012318425281615837
0.0054440148124490885
0.0024646282581270015
0.0012889615081864432
0.0006762597056072212
0.00038874229531584635
0.007186386337259908
0.024243552937972257
0.00195926327669684
0.0016923451697838962
0.0026462668526889286
0.0030845869681849244
0.0031877391424091446
0.0031704872679064835
0.0033466419228636384
0.002726534616551355
0.002896927952791703
0.006224357712339508
0.00467594167865679
0.0036808701333039535
0.0037307724896083333
0.0036537003158506826
0.004702212020936971
0.002856329226792274
0.001968894232703586
0.0010447928224641574
-0.0003740663364182283
-0.002118606703665958
-0.004048860916243557
-0.00605717926258425
-0.0069317558679596325
-0.004346252379080694
0.008294466824274248
-0.017589908949114545
0.009202796015032058
0.012203482539237016
0.007034688146921848
-0.007915448635636658
-0.01835986450733183
-0.017709243400633373
-0.011632742843268443
-0.0071979946296588234
-0.005718463467892837
-0.0068988048584160905
-0.010192159331535274
-0.013659169358262264
-0.013727794365465892
-0.006300464892848208
0.01963122850826898
0.03339366066085262
0.01625695688631296
0.027922162485293056
0.044831119210043645
0.002940867935320842
-0.014542203722569952
-0.014772430371326773
-0.008595484743201353
-0.02279715995991905
-0.01838656876586157
-0.0015054038536755883
0.0025814410047765397
0.00026734403556962806
-0.0001918732557267448
0.000313931740576195
0.007736827303636034
0.0016769025203263461
0.0019404557321798328
0.002729057250264023
0.0034652823814768376
0.0041365750118040265
0.004860059137433259
0.005433419595362299
0.0007482785528788616
-0.025312854909881374
-0.02572484285135488
-0.010014479159802631
0.007521104244712635
0.007510049508396885
0.007197382493219718
0.00689639784064871
0.006510372628091907
0.006174065105772303
0.010521003502184904
0.010780179494985758
0.004581229913395011
-0.0026192434750451055
-0.011473661213101024
-0.0048856140116811135
0.0065418671649546106
0.01576148310719981
-0.09169297927042903
0.01803903870883749
0.001674315247318284
-0.005232021993437117
0.003945351346035246
-0.02526272892317707
-0.005472866360838732
-0.005312472080563456
0.007488427064168147
-0.027559803957704417
-0.056573832629715104
0.001336853669872336
0.006465571385673564
-0.014029869062434624
-0.013924011873307813
-0.004321380050021873
0.0005337260961039659
0.0027493188756640796
0.0072848368577650814
0.017295348819151107
0.01960111368144494
0.012725195227588299
0.011754855589288946
0.012760643101115828
0.014519126320911221
0.019229159775058444
0.02333354155456479
0.011824309386756245
0.030180981775307734
0.01299596255800101
0.012247729212602167
0.012655578674151093
0.012246790769067307
0.012493514993044156
0.012802389358464715
-0.0019698653694793394
-0.019680855010588454
0.0058479757817165075
0.026446776538536023
0.013240245396020915
0.011951407232289653
0.012223686661727717
0.014957512348786534
0.014502756246418981
0.005013934934152805
-0.007110378731080478
-0.018373769258851324
0.0012527231573480847
0.013113768815813522
0.013933261379664956
0.009845498174064105
0.002029639537913642
-0.001246177750780282
0.023013020518183862
-0.0018003719068566035
0.03208340852800448
0.05644571461046321
-0.008043254541387403
-0.010936279610131931
0.0005141897115163726
0.004367201444369015
0.009467073780584223
0.010551281153225053
-0.005876261212870042
-0.01055354825082704
-0.00830813131929062
-0.0073490974094160815
-0.002683908721534063
-0.009924003629714162
-0.012289718621797726
-0.014537504672002374
-0.014001971314458387
-0.007933547495294796
0.005927040308195123
0.007122985209804566
-0.03464334055537138
0.003122557967271854
-0.013410303018413278
0.012564470526428864
-0.005604648091791906
-0.01535690494560775
-0.017248769943767818
-0.014938787310042714
-0.012577780217088034
-0.009816140670332504
-0.007468681324174617
-0.005919300000286994
-0.004147690524882804
-0.0030551561410118995
-0.002566381079749212
-0.0024060817037116163
-0.0025462108668173377
0.0029003934361223945
0.0036912460032444672
-0.0024026481787609603
-0.002352608420466614
-0.0003452215150673776
-0.000862673315910375
-0.002658002680059855
-0.0010918643288287551
-0.00321519341253487
-0.004622424219502364
0.0003425708505534872
0.039400910122740156
-0.0018543085131798654
-0.0025117633998729036
-0.0008901277171459274
0.01329657693283087
0.0008562879539719172
0.0007770175345794033
0.0007268506248420397
0.0033215658430315272
0.0011152569718808065
-0.0018107041423463912
0.0021652212211898977
-0.0013081487123352993
0.003831350700424912
0.017136934382619297
0.016651557512528135
0.007488374386794167
0.008144386838537663
0.006389893282285052
0.0034456962398786146
0.007850182472038943
0.058436348114660704
-0.044709508225660416
0.04494470883265222
0.04000601704109331
-0.06294415322024136
-0.0654351828068458
0.010408036893553678
0.0344622652322327
0.01864986760034496
0.021820440891427036
0.026599981302139253
0.029154396609339536
0.027001807142741877
0.02499671875288995
0.03214711511387395
0.05340202988038632
0.027736299332260465
0.009633722070862947
-0.023042088617223327
-0.0039736876201915345
-0.01391113696967712
-0.03329865484388687
0.00320366498827352
0.032182655079679566
0.03262957339881575
0.03106423085342787
0.024895635095421004
0.019198604488972173
0.01646684993294782
0.026020935137363733
0.0444361586682473
0.006650509007709723
0.025756950632315884
0.009726463654693986
0.011712282343550425
0.009159902954164951
0.007405200168280102
0.006584939110114053
0.0056615240151182775
0.006123081649249139
0.0106320819448312
0.012832832984093032
0.014545393385424864
-0.02647405420534497
-0.0027721275381663293
-0.005953619518552824
0.01547386707068032
-0.01133323363955231
0.01247856580070122
0.01587576770269334
0.012031122681070094
0.0065201013471171965
0.0016395193004819647
0.001314057873687285
0.01302000632351294
0.008312649436661632
-0.006445519243268874
-0.009601520731772294
-0.013390133412494004
-0.014432142788587881
-0.006276113279037339
-0.0003995133694614997
0.00034572833201424857
-0.006007745926078843
-0.006208205372463128
-0.0007505699334997847
0.0007422025682851481
0.007628236587391909
0.005938464140117011
0.005620084540383959
-0.0017604834640200322
-0.0011888312076955025
3.363556108950353e-05
-0.001006431572189461
-0.002516619198343266
-0.006161462155090085
-0.00828248938229352
0.01689053658600512
-0.013631665039260879
0.0061550928594625975
0.0073054379636911275
-0.00900368300720423
-0.007801071241257082
-0.006054939600195642
-0.006103242752301063
-0.004889574197868293
-0.012129814492962073
-0.003187792984024691
-0.004989762543979452
-0.0037332207361453307
-0.004113649292333451
-0.006673883287102305
-0.0014174668880364712
-0.0007160404665292838
-0.005611998790488972
-0.0034727563134748832
-0.0030741849615162175
-0.0018691455382304353
-0.0027292825991599187
-0.003479712665367939
-0.0009209647823052243
-0.001787367662547092
-0.005354175246935571
-0.004794453037949976
0.0018922216086215478
0.0001318043511810391
-0.0034415110114154007
-0.003553368763048846
0.0035180398336081705
-0.0016754839665535514
0.0017507924525974558
0.0011833546777436164
4.8176900230294804e-05
0.004883051380113781
0.010157796282018969
-0.004761305369849927
-0.0015386678130420593
-0.00015225277288450603
0.0008281650404420355
-0.004692193910667711
-0.0027235267044615763
0.005963959179779803
0.018851070874028954
0.01130931636007443
0.014088694948610299
0.005731373659872795
-0.01106847959846452
0.015920471742113827
0.029252110742091112
0.04479435567308386
0.03549328890899667
0.012326984379194368
-0.03194493332895458
0.014740231678908262
0.0828088713616022
-0.04317398582865704
-0.006873870968000707
0.019986817063766493
0.027005681410646586
0.03090293898784541
0.025255315387657067
-0.011047889083642539
0.020857841918369657
0.018328242690990603
0.01677932543255194
0.017732434997289204
0.013324451451303026
0.010512706686875019
0.011367006485914096
0.01170768572047945
0.011152998062657692
0.00996006665665761
0.008500248162308316
0.008847727517283062
0.006367541635362257
0.026949829378102082
0.0024901588988762557
0.002810212850084149
0.008287170020309736
0.007358656374186952
0.007825877537439229
0.009234284600713063
0.0008796490263659397
0.023047104339509725
0.06245142007027955
0.0003909371294638093
0.0006267344882358398
-0.05811150972054679
0.002198240647806641
-0.0016940688299660475
0.003689752277611609
0.0019818954577697657
0.0012179055691415403
-0.00018026564973421327
-0.0017213325773634558
-0.0014566661904241618
-0.001709191330527583
-0.0024203971061666258
-0.0038531093384796596
0.0021020346244468584
-0.03752377202616947
-0.0010663693502189157
-0.0011376917738123227
0.0009964493624441955
0.004701219816768119
0.00782505053974742
0.013001621140159602
0.019971295508639485
0.013563052317011593
-0.05508187332466367
0.02571222969562634
-0.045857160957905166
0.010748736608370765
0.010661036924703509
0.00033659828101692687
-0.012818911276648963
-0.020144485261119352
-0.02045679001125287
-0.019990040816117743
-0.011065252217638034
-0.006240812817614536
-0.005280267221668155
-0.005154938186683279
-0.006299405990078308
-0.00382706740977788
0.004537636611334566
-0.003944211156740272
-0.006562052647307273
-0.0055064342363358035
0.005496876364801259
-0.005948847410659263
-0.006242756960458848
-0.012918584456441763
-0.02216149864471696
-0.011817095835227583
0.05913251477507726
-0.0489702837831942
-0.012583521286958929
-0.02877165752534062
-0.03644827354084633
-0.027558264394751158
-0.011086855097929628
-0.005055627665729169
-0.003637632602635592
-0.003652310506156719
-0.004107958198106749
-0.005181159697187901
-0.006268656915945949
-0.011682115507210487
-0.007818964012560421
0.04694107690312902
-0.0057047772126092725
-0.012476510430752163
-0.008874357765388766
-0.008304672819919135
-0.005285905032919324
-0.025900141740419925
-0.008017197277916823
-0.009639932807472981
0.002641668503128731
-0.000367446235953728
-0.006705154308119998
-0.007675430731676583
-0.005430625928999143
-0.005710076658132562
0.0001632843977892104
0.062354804825348636
-0.052315797365404336
-0.0007930604102874024
-0.0690389386347205
0.0050355036263806385
0.004409196822012797
-0.003682574248531279
-0.0036879761738329284
0.002783550606158778
-0.06703994864923118
0.006343842931525995
0.006797276722261269
0.010571244781508872
0.013635179044180849
0.017037542789553245
0.016352120903827545
0.005080796509441167
-0.02878512765437043
-0.00736061793606956
-0.0688701875390198
-0.013851225344929904
-0.02297805635840607
0.009470407313394796
0.018886389483322434
0.018468240574324866
0.01472125900529893
0.014919979605370774
0.007883087743052365
0.005194247369539704
0.002789190609063431
0.001040316000179278
-0.001025837123323187
-0.0025005799322920853
-0.0020201370318502676
-0.0007513379608798541
-0.003080705204407918
-0.00321186844432437
-0.005396110135406426
-0.005286136993629238
-0.004309718199622347
-0.00450522616600897
-0.00619544206339277
-0.00616495430716372
-0.002929725588212339
-0.0023438727333615263
-0.002340407408711044
-0.0027065949205324225
-4.3899507137947164e-05
0.002323808472134258
0.00721331821064662
0.02072886409997156
0.0068372397657256835
0.035552542198987715
0.01463451719131391
0.002420515628471353
-0.004469853630094419
0.015466435276155419
-0.011749112945431111
0.009884832707742137
-0.009241895084688166
-0.012106741877161781
-0.009645627596107858
-0.005636595544188061
-0.003963754568254667
-0.003798424873641383
-0.005523322392288966
-0.010529957966332382
-0.020341081120372907
-0.025831938601369602
-0.010122461092747882
-0.019586906411676198
-0.012131144392085957
-0.0006323452534703301
0.004560967330607583
0.002863110139149164
-0.0021967200001200846
-0.008088753558150754
-0.015526934676077611
-0.03873695940161532
-0.01978426077130486
-0.014573014135506065
-0.025825393157794446
-0.023811706534915697
-0.021709418568124507
-0.006732735964055419
0.0009372556628847234
0.003519885071958449
0.004360812257974786
0.004275014090688795
0.003457500744334196
0.0032951536552493534
0.0025838326810645215
0.0015898018181169293
0.0009306866318735248
0.0027598415922735005
0.0010865271113498925
-0.0003436106839941691
-0.0003103831379062973
-0.0004991267420187153
-0.0005947400500998044
-0.0010701719199471566
-0.005487248071955521
0.0007319932982876895
-0.0033888816304957757
-0.003736867619405699
-0.0007739530268878527
-8.583064266176045e-05
0.0005286590079702237
0.0035457029746881045
-0.0017027302660770568
-0.01400485804044779
-0.0181498548594896
0.0006969480037427832
0.005746679405079386
0.0032386157441244194
0.0022467733515763168
0.0012330780093875475
-0.001042335928704555
-0.00565919699871024
-0.007314183678042083
-0.004599735350376815
0.004345910418631299
-0.0073545296667493305
-0.010626486427139085
-0.005643306329272433
-0.0005736301130044865
0.0003420614052042175
0.0016038854668104525
0.0013806672187829801
-0.00024834877101823674
-0.0012304402415662416
-0.003859579414132307
-0.013087037051804648
-0.018077737351644693
-0.007029339684931984
0.006013774081984024
0.02612421727488057
0.02046149570834247
-0.01768155040643646
0.04257876725605717
0.031515714583966806
0.0005692633796618543
-0.009028922688579175
-0.001994570162589196
0.01888504978193798
0.028039793108133586
-0.026161117615696953
-0.017541194448572685
-0.0035835481641720173
0.029732967912541673
0.00941021300490475
-0.008237629265637338
-0.014624257250361424
-0.014939431876117303
-0.01308928391341559
-0.010526336607090887
-0.007919555042491339
-0.005315797254196882
-0.0034482232673993785
-0.0017794262530574417
-0.000412623334624006
0.0002457861364818565
0.0011446051771988705
0.002262013964375416
0.002750127949325457
0.002993079113540364
0.003441604106671629
0.003648354059733315
0.0035812458857729552
0.004242513672529941
0.005028259356775295
0.005157472155214599
0.0035809644809225234
0.0044389868247149
0.00469403537706499
0.004698415062065967
0.004644745435737354
0.004988077216352206
0.00776649181224724
0.004465599721784791
0.004093174860460571
0.003793027261360098
0.0033413533984063258
0.0026982970107313747
0.0014881116934662003
6.48079846226129e-05
-0.0018801073760255807
-0.004480789483817543
-0.0078072395076914354
-0.011415532751278058
-0.015237630439906802
-0.016671878479137963
-0.002855314592190288
-0.018406613708205774
0.006390947008211834
-0.021369235405620142
-0.007027017316553379
-0.013016723441405401
-0.010250308605992601
-0.007417302993373322
-0.004596360774890874
-0.002093804566007693
4.831281833704152e-06
0.0029544855648910824
0.002874549793329261
0.003761374706431383
0.004755355307345886
0.006419427244145424
0.006478259354336318
0.007170403198046976
0.007599648899797716
0.008027160092418039
0.008337234006396589
0.008151308122394603
0.006790094535386832
0.0054963444740056345
0.008638175706081927
0.007714665398217421
0.005715133003951951
0.01094646520939759
0.014529484740699986
0.01589407232788285
0.016946906085940336
0.0215640580290719
0.02099818481149176
0.02247001682113733
0.02389425359858581
0.021650183206797177
-0.03146885055979762
0.005146979980596184
0.034019455148736735
0.03893710415961476
0.017920339042831163
0.0021707749741756996
0.0021643082960410747
0.001159655344823734
-0.005279431597277232
-0.03130309375808805
-0.021585016784736916
0.020450711087136236
0.0072550097860637035
-0.02733984302787247
-0.006831790420000985
-0.10137412670841922
-0.024663076584778183
-0.009494105325394063
-0.014416559573137668
-0.012969834690589134
-0.013267112064438797
-0.014446898591373061
-0.006556572970743196
-0.006977191256499575
-0.008540877682086953
-0.004365220839990017
-0.006599451329398263
-0.012352259200317534
-0.017207376900737703
-0.016637795918356194
-0.019838743197137056
-0.02352020373507525
-0.028743775606654552
-0.032217504323721606
-0.03403310100111684
-0.034841810184145734
-0.03316625774528985
-0.027926889181937208
-0.01803211656915982
-0.0035151085252662895
0.014437793939593935
0.028781522712489144
0.018469902755925992
0.016806649702700575
1.682104817932008e-05
-0.0020737918370458794
-0.009907421756550409
0.05754276812050182
-0.008013078504483675
0.013630567498754546
0.00019310456033100969
-0.017158950060173976
-0.03649929874802149
-0.04843661324416118
-0.053768227623316886
-0.05416328508875125
-0.04956289137715185
-0.03578535027669579
-0.016617022224548333
0.01496312524042078
0.058405846164177475
0.01068171800122846
-0.014844365764353114
0.04958912682557491
0.01722038145926415
0.01703942256148667
-0.017149586601411543
-0.0030906476040246946
-0.006941289194067937
-0.007925882806601281
-0.003783634779043406
-0.0017795636602113678
-0.001696137321262608
-0.002452353384573555
-0.003650318009923246
-0.00020182819721676807
-0.0010772894811941786
-0.002804310590805322
-0.0041615779860519255
-0.0038130089918777393
-0.004427189347098928
-0.005536176279409629
-7.752373971508497e-05
-0.001974727917701177
-0.006098895288022032
-0.006120444728212732
-0.005434937564970831
-0.005401188128937961
-0.01139452483582735
-0.02014863599448167
-0.018090240139813
-0.005636617876707255
-0.004561652884063791
-0.008816252316861851
-0.007255385550480778
-0.007902855553535532
-0.010886544434195265
-0.01132851547335749
-0.00883060095970465
-0.015603471609393463
-0.005844425874349752
-0.001594373565370783
-0.0035426135417374383
-0.003210204511913029
0.00283652049160093
0.005847748353855066
0.007183753745368862
0.011788411786338831
0.018573626091342606
0.018578117832085198
0.022914360844544165
0.027808655345024164
0.03283928603532302
0.035756516151117336
0.026738638120069488
-0.015398504264526975
0.012384711522471814
0.08100207855385108
-0.03287333437315319
0.030802755481896687
0.03848488015147947
0.03694040233124276
0.03126780282985974
0.02602541073817619
0.021311199153171083
0.016530343058754348
-0.03954482174902194
0.011298537705749297
0.012781388135837738
-0.007472278065369149
-0.04850582240118113
0.00581362487050355
0.0003417284427030775
0.02512174395286318
-0.04359336961951314
0.03009944485080696
-0.002832246131043897
0.0011159940014763806
0.0030253125714660555
0.0020835486429035704
-0.000803631401044533
-0.012863996776008465
-0.03679263390593414
-0.0022161261973906994
-0.03275001680461084
-0.013403339041445113
-0.006800836983124774
0.003193844903951334
0.03450295988566922
-0.004041453144498824
-0.0024752974840993435
-0.0005265397728723248
-0.0009311156608532189
-0.0011296314970051485
-0.00567353958401488
-0.006309065461357818
-0.0042653349607262424
-0.0006815052895845956
0.00034540554202338615
-0.00046053080794718426
-0.002703996373201892
-0.0042963163428655715
-0.006500342201585804
-0.009470318617330706
-0.013531627252482031
-0.01919134696980235
-0.020932139034313457
-0.0963444957678755
-0.027357331755044585
-0.11196107327699335
-0.042721428884699236
-0.020095803883961615
-0.017881223386320224
-0.01480460253150744
-0.010796263034084713
-0.0072470274366814155
-0.004838051259531032
-0.0028824199168578936
-0.005883424129324125
0.0006826300826064524
-0.009487612219141454
-0.004778345409395076
-0.0029069105694552524
0.0005145663998197522
0.0008803340845908672
-0.0018339932633981396
-0.001341817116580285
-0.0008360944103596094
-0.0020487952076255495
-0.003736178697239286
-0.00638678266275975
-0.007402717684903734
0.0010588929187516304
-0.027283058017365067
-0.01120810076287823
-0.040667143342189516
-0.036551648477097236
-0.035880836905873396
-0.03445480606019427
0.012885375489123226
-0.0230548741037899
-0.02021817537035365
-0.01823292154238905
-0.03213018471430957
-0.011753043476375733
0.0201303817024391
-0.012072844705498496
-0.035799537609316506
-0.012609639861640586
-0.0016490121872159572
-0.0003004527556678964
0.0020802643175405144
0.002342634305660998
-0.0030847111014722945
0.007201849591362066
0.02296172584006445
-0.011228684193869628
0.009579042940143681
0.17677799972836117
0.0975086435685034
-0.00021052632045445802
0.004539617609228728
0.009833296942823058
0.011425210347398738
0.01768396921919772
0.004137133513772205
0.004628477536155757
0.007119637871239544
0.00144284202227022
0.0012687558405161147
-0.0017641559771682353
-0.002601843470400885
-0.0034339355438544887
0.0032377957561119655
-0.005605930638066121
0.012461404486042741
-0.011815849655377415
0.0016836956380089526
0.005082710453555178
0.007436242204555385
0.02834894556536217
0.009238984808498659
0.006649828040327757
0.0227184924002608
0.012076551706780493
0.015193124391678331
0.019190131830576034
0.02224659064601761
0.024898342028605618
0.027168538215412378
