0.002670077621359154
-0.05444168057704829
-0.01951572537181163
-0.02715787108401004
-0.03112928345135413
-0.007615020873006877
0.02367842041413364
0.020695666345263913
0.028416105696364834
0.041498050413059005
0.06967073107949562
0.03325869850692234
-0.015203272438090828
-0.04747594322601282
-0.0661150435459942
-0.07132596207637659
-0.05728962954731529
-0.02288964530499134
0.021625819346585917
0.034337947732933916
-0.05207997835349644
-0.15421611963586412
0.1733318957851438
-0.04203858059438053
-0.0960628416156036
0.048496962603693315
0.10316170439389519
0.09031142243266407
0.0522741396797476
0.02073969804036487
0.0034690932181090537
-0.014484178383467182
-0.022249388015512298
-0.023308516459291165
-0.02056652415721394
-0.015273946235369047
-0.005925982766262941
-0.0012101471356081648
0.007543845650995809
0.01108307769317074
0.01637431716686272
0.020860718238239827
0.024286397417261317
0.026743094246348968
0.025226183287122773
0.020686643946664494
0.013948675322528076
0.004411494976123289
-0.00726922248145847
-0.01779862904627707
-0.027843286581512673
-0.08838878955246034
-0.15340295831454515
-0.09855122468984893
0.03334855889152666
0.08863737480524252
0.07483987313125487
-0.06983636446514477
-0.0036671679406598107
0.017075992614648483
-0.008601520421928308
0.008942109633449623
0.01588611288721624
0.147956362486699
0.0641386657059526
0.10265838576522841
0.04155764428118373
-0.04834621982531492
-0.0604532084202354
-0.028537585554768936
0.0019976695087125097
0.01700139450341067
0.021808208253059295
0.019712431437071132
0.013647208420267076
0.00721981965898816
0.0026956794971526297
-0.003548234739617249
-0.012538079042329205
-0.006944925974038266
0.03497260575326302
0.047667031106412065
-0.014716999608631893
-0.02895465292173655
-0.030365817259699397
-0.029597156115630935
-0.027847131273843712
-0.022587974790788445
-0.00979761281186493
-0.01956687479686275
-0.019598405588096845
-0.019464603484278236
-0.01695845358697999
-0.009333739135352969
0.033299582558217106
-0.0023088523074177845
0.026343425709813056
-0.00018095033529542777
-0.009213485707811666
-0.007870813422049958
-0.00026742707958966156
0.019129068165078398
0.04891768703188508
0.005952075365088197
0.014659036089816271
-0.005509920281762998
-0.007876586175273384
-0.00755911476946655
-0.005451885162173122
0.0011203514945734802
0.010552915986155239
0.028010835854564358
-0.01908186161827216
-0.03371899974072248
-0.035220894562248486
-0.027008784846838246
0.02501587455476015
0.051176573683434846
0.01397064432228853
0.0010212022787674858
0.06935905605007676
0.06701561908047196
-0.006587406494181957
-0.027992931225750396
-0.004841874912822711
0.03498358752630429
0.039383234223678176
0.024872331909973663
0.0237778656881413
0.009592923309400321
-0.0038311082401290266
-0.009297133740121125
-0.018502011253264155
-0.02355565539351639
-0.023659146707836417
-0.028209410935905496
-0.023444072524880663
-0.005566791903767621
-0.0005950468436882888
0.002879930435127352
-9.577584992567643e-05
0.0070096640451054555
0.0809807171229909
0.05793870602029809
0.06373940621586016
0.052304434284746903
0.0021540736350335503
-0.0055156679517715974
-0.001915952739644653
-7.992684572138258e-05
-0.007095098707726101
-0.007610715727962368
0.006799716444873345
0.00537113624267754
0.04642458846213388
0.0070382586839243975
0.0043216795051365196
0.004782948274603019
0.004466197314003664
0.0055592636870160795
0.007210931372634124
0.008596135923644986
0.009829716424205848
0.012906282305714164
0.021081246166747114
0.04958393759987577
0.019315218016742654
0.022095664838166617
0.01411974891568252
0.01416749351141379
0.010256021816950248
0.007782882866559126
0.005351039317396428
0.0017006497042626216
-0.002527291700380193
-0.01036715851915655
-0.005861984370242509
-0.020873295533666573
-0.029180775051548532
-0.03588788074854016
-0.041701628310904515
-0.024001337981083733
0.014537190498957984
-0.005988196128058176
0.016430681251295917
0.0055602981468616235
-0.0314015770517355
-0.04293720170453647
-0.04157960802861994
-0.036615876769646886
-0.03096522586590914
-0.02595024775757765
-0.021397884248392996
-0.01821939038110665
-0.005336993174446952
-0.007836005951992065
-0.006622403640757096
-0.009076255337420071
-0.01224145828390896
-0.014954757664629132
-0.015604156868216186
-0.03937911566778936
-0.007029528432150029
0.05246570721745251
0.03829149832057315
-0.0066731700914636535
-0.017730490075232908
-0.010404112389920952
-0.00645924687513735
-0.011429916214797112
-0.008399842584781348
-0.016741533467164896
-0.017785240781281516
-0.01975374237757511
-0.015900504259913077
-0.0024826226635303703
-0.016494772723648594
-0.023208793038994962
-0.025643081818666404
-0.025991766108487687
-0.026459246030522156
-0.027677424289665936
-0.02861624208278727
-0.029549662012060048
-0.028753951609631335
-0.009627929491903863
0.0185952038069418
-0.018785630013111836
-0.030427283729602628
-0.027372522334706193
-0.020842941061647895
-0.017197105998213637
-0.01345859865250248
-0.048298238503068726
-0.147915530363586
-0.01567985048772263
0.017012620094702727
0.00949299321178557
0.020618086858216936
-0.015988117962294317
-0.006857470131562142
0.025532314595210985
0.06377697596016854
0.04998610039008837
0.018994125579908726
-0.007331078848288136
-0.01393937624411278
-0.0018898367825551828
0.00277244288924027
0.03511783547837984
-0.015871664617864076
-0.01328882611274603
-0.02580665326074818
-0.024206523755825653
-0.014347034388910482
0.013798291445538251
-0.010137506649478609
-0.014444175859158396
-0.001146120458146501
-0.006936993083607874
-0.010888494915691351
-0.016892859830597576
-0.01173769073275857
-0.0006631586665839488
0.00011810421482996646
0.011374293089739567
0.02394487078730715
0.002043166619939247
-0.0049217272127700445
-0.015244828478261321
-0.01685153022529298
-0.016837928558974105
-0.007090959522411831
-0.027839840247551043
-5.765085244603093e-05
-0.011181509590289695
-0.023110643123238035
-0.02134565111307567
-0.016313271118793812
-0.012936519191927119
-0.015008926327344132
0.020966184913265722
-0.008568299947063268
-0.010260782586535176
-0.004611386495559322
0.00594720476578708
-0.017897371678115167
0.01835519434858399
0.010983097710269469
-0.02874565271765771
0.0062155727417375056
0.015587489112621592
0.00022034631730219502
-0.0008447962729443649
0.002451742576913641
-0.00333526213819222
-0.005734617550233987
-0.010170376210499304
-0.013048982469093943
-0.01123131161271923
-0.0031376575726852272
0.009298318614571392
-0.004592213684072904
0.009104729946314349
0.010688192291690332
0.005432027961559538
0.006526807041315316
0.007623839864040941
0.00963326366850484
0.012351241215281557
0.019362568222239123
0.02092931278774982
0.01737265315946754
0.02272719885851803
0.029758787517818838
0.025610089189946596
-0.004322751789698592
0.02687413446247946
0.02291021997699482
0.021780490365313404
-0.022280824670551865
0.06459233561112143
-0.004738618185993296
-0.015436063333916861
0.013118361065945636
0.026110536766330725
0.02837850595035013
-0.0024837530144784237
-0.01912407486914747
-0.006346810952378165
0.0058405097102552685
0.015218895690047252
0.021511532794234685
0.028888713034031944
0.024862533875469182
0.022808472056712176
0.026190318371620305
0.021548416191763488
0.019393161826686198
0.018458422994750718
0.018578542977002465
0.018150589952006413
0.01805882120300553
0.007693820186143579
0.017492889632280982
0.021396620289127026
0.01842561675749012
0.015783530249200643
0.015317496832891943
0.016242578956468644
0.013331498806275993
0.019038682807091242
0.01929542545382295
0.004361083223797514
0.017351398400210005
0.038829020012039785
0.016603669326996903
0.01698411073956207
0.006388206679793315
0.014548510537356922
0.00853941936067232
0.01150151915693529
0.008190014854783044
0.007432114499702633
0.007299767480616299
0.002977974178990701
-0.01481158660834821
-0.04076315546896017
-0.004343391110637471
-0.020762580171238963
-0.016473139324002888
0.00302899346669461
0.012422418291556263
0.019474545833568405
0.029296312939328006
0.0336516398953142
0.047419768147916645
0.06155127155158516
0.05561414520519395
0.024538892938073813
-0.09644121272246244
-0.0042900317285156355
0.06328254876576207
0.06099023880356313
0.05049844565470726
0.03803955641935748
0.02756663535965175
0.01341319466444853
0.011942422253165904
0.007653414938346641
0.008949965947164943
0.010471560126663676
-0.0008839653176188673
-0.005154935666182537
0.007011185926625764
0.005551052975003683
0.006365532652851368
-0.0019430970462671908
0.009821871022662049
0.010357900699949234
0.03724860619072785
0.0129905447620341
0.030749543669305452
0.01693744855334294
0.011864936501596562
0.009907216338461868
0.00956669940529996
0.010587369572237689
0.00413219653266255
0.011034293106053679
0.007134430259782431
0.005175028969155084
0.006803727552487711
0.021926487954574254
0.004810998881673939
0.0039781753839541485
-0.008441567396354838
-0.015596559277795801
-0.021679590801624092
-0.024229610255167996
-0.018357949977047382
0.002512898085635436
0.034326136096001145
0.021570992501452644
-0.06706108087209672
-0.0027820920328510182
-0.038592498530933356
0.03168570688493484
0.004498002665531925
-0.014210624073076496
-0.015348699883999657
-0.011100271146948438
-0.003076960597369993
0.005479834439305308
0.011023273223769128
0.015392998082459107
0.017348856710013426
0.02132131101319298
-0.006750139413066222
0.03390093722744256
-0.015624811656216073
-0.011732768183163402
0.008656837782500301
0.02890711407766335
-0.0012281494256217314
-0.01085015980399855
-0.0037330374596380527
0.017119928698283417
0.10219597382538462
0.02748137707080651
0.004433935390976585
-0.009526112760988926
-0.007572116515136396
-0.007519754508221018
-0.005676649948661582
-0.002033929881456771
0.0011693708068363472
-0.003522869169749719
0.0014087034662195576
0.005473050658986734
0.005675529189520242
0.011547931989179578
-8.534967082966734e-05
0.0038795673538348638
0.016372891073956182
0.009961609771898645
0.0031478143666674226
0.0019686993601229796
-0.0016984488225596883
0.01657115781417549
0.05289474314112482
0.12209668521625336
-0.006927639848014529
-0.021172425821256183
-0.00637537329558581
0.03893253705841501
-0.021052580577405465
-0.010181135421494309
-0.00258288592132714
-0.0023807515752019013
-0.002134317017158137
0.0015363482412838476
-0.0008985420987070045
-0.008616690326394692
-0.020320978468747503
-0.04344055257690626
-0.049754766979843504
-0.1894757269385605
-0.04939327679916474
0.0042895196981145405
-0.03607051840407056
-0.0056055073330757614
-0.019308738803541173
-0.008819419174921564
-0.007141217300001819
-0.006750115516084609
-0.015959498561487956
-0.011570832402572936
-0.008870222470909765
-0.015937099205030895
-0.00911743514703211
-0.009100609600831843
-0.006335562664068908
-0.0007137202616578169
0.007284359604585323
-0.008801715433583199
-0.010003692863823467
-0.010701885089445728
-0.02345021438142819
0.02436367994864466
0.007433291177934181
-0.0013483299940829617
-0.000741382808274943
0.0024927647103250676
0.003816054920086338
-0.012402931229545423
0.004668876338707913
0.00032672033499189736
0.0026998489944322066
0.004431169225123462
-0.01237472920225053
0.0030819772417140243
-0.004663753359716435
-0.006261736996334113
0.004152007672389284
0.008377249698885248
0.00912857951012072
0.0096758858137865
0.00983607547051257
0.009281583936930392
0.008724867422490897
0.009128026446966947
0.011054741589094887
0.011064670816251763
0.00863202394146096
0.010342028033249606
0.007089223744225437
0.01032512048501931
0.00958028588130161
0.007442495441719894
0.007399966757472222
0.00693793140284668
0.005580713368276066
0.0035944705213046993
0.0009357779230170359
-0.0030853635118868374
-0.005479350495851046
-0.0008995360428506821
0.002938473668879296
-0.018517291423418587
-0.025400492906542293
-0.03560005636849622
-0.039612098376132845
-0.04592160064422271
-0.03889286383320707
-0.0057770544252081085
0.00904548514651977
-0.008252086067317366
-0.013428451252708773
-0.02710075829089241
-0.045677898848525994
-0.039186295611828244
-0.02582484728331589
-0.013373031220944664
-0.0035208020484412904
0.003764368358159556
0.007656880958586477
0.012522657560143606
0.01608162881613328
0.018299223607521498
0.019022623034299663
-0.03940987581677568
0.021433294936827847
0.019475246485398643
0.021888777709492196
0.022676691481757504
0.022383438647766443
0.021887543426208862
0.022316466763956874
0.022422416988014657
0.022141259642581772
0.02157954684355031
0.01577643194384713
0.01904252751247886
0.019130928357741682
0.02037711928852022
0.02002024711954801
0.019562333608722435
0.019100517020618324
0.017241340638126004
0.01581320584143304
-0.002985209638434739
0.013878807054780626
0.011012591117815851
0.013471845709349381
0.01689324158080774
0.011846372566824758
0.011052848684687479
0.008955805675657019
0.012687724634059592
0.0372081892060725
0.009180070445993631
0.005981250926524051
0.006889645666834239
0.008154049515366094
0.009085138664537957
0.008960855963370215
0.007712696670792491
0.004440935310849582
0.0036597480734188617
-0.021112837674103706
-0.009210156124206002
0.003937905411782215
0.007824298206591597
0.00843144418381117
0.0026788809653877344
0.006404583253524548
0.00046525507392479947
-0.01161494560925804
-0.023334870997036215
-0.012123297224683553
-0.002214104522643862
-0.018214795271057797
-0.020803744854405233
-0.013587077514837387
0.0024338591033783276
0.007261773316249464
0.009405904797182021
0.013405253873624777
0.007515985863029827
0.006925993680134931
0.005640450974441859
-0.01182897769109239
0.0006577810399255601
-0.004450225617809019
-0.0021803157157709104
0.0028260598754888708
0.002422202575289986
0.00037257692964080184
0.0023802666006182862
-0.015310189589126697
-0.002905039260780831
-0.013804999339942167
-0.005812235437537166
-0.007251595275795792
-0.009307316371032439
-0.007906185678338336
-0.014802929907074045
-0.02471109786213649
-0.015469081491962326
-0.018524385380928748
-0.029752070171198245
-0.03416698014154583
-0.033023423757488186
-0.04374342790194604
-0.02340603078496992
-0.05006438766913226
-0.0029307905011880997
0.06810889800400714
0.000787833119648645
-0.03492041015744508
-0.0477801259433585
-0.04276195206670723
-0.033346865346106064
-0.02703130854356544
-0.02578019220060263
-0.0342394826874552
-0.02486898402819452
-0.015472738394335776
-0.011389044021707873
-0.03526759641285676
-0.007993192371996381
-0.014330566709195103
-0.010136066554045881
-0.020528446968776266
-0.0018641339522412186
0.0023668744997839054
-0.007953059736303567
0.0027897238082577117
-0.0010988090417320838
0.0013412107497164966
0.0023215788920540165
0.002188996151207396
0.0010567750727877962
-0.005362495878205864
0.0023774497847097362
0.0025448276280263657
0.0031456536170465783
0.0031270901022428963
0.0026972330354852114
0.0016912434899026387
0.0011748812219147333
0.0037687879892748443
-0.0036635195513918927
-0.0042085346095918534
-0.013463336536852707
-0.013947609510780848
-0.0019220123585344988
-7.660073834397447e-05
-0.00655034123718924
-0.003078580000888223
-0.02974329941989237
-0.004392369877894996
0.0028122644289734463
-0.0014490663455931248
-0.0009329540063289985
-0.0008586745439484578
-0.0015550272206799045
-0.007948297787685831
-0.0033792815418599745
-0.0051379837842117585
-0.00629596647367483
-0.008330351108444817
-0.009461859438267804
-0.0029913439029693686
0.02698829579538671
0.025515039895285693
-0.005950666194815467
-0.017641979265104104
-0.011601008202464595
-0.01750285617200463
-0.005576706443681937
-0.00393650295342751
-0.009798795310519295
-0.004067044140243764
-0.001365081619648921
-0.0011721170343870835
-0.0031043446931708495
-0.0018126031724454929
-0.0007850524466728006
-0.0070629606452652875
0.004148451280631945
0.00035056275287034073
-0.00027767314146971375
-0.002403333162305552
-0.016725348223616092
-0.0018870794234748182
-0.0027161728691408177
-0.003971883186809859
-0.005900145960227909
-0.010490071231923788
-0.011768019563716384
-0.015030732938337461
-0.020010012119709684
-0.024317328665210147
-0.022760970515199628
-0.035645550904290856
-0.04794174392475635
-0.05044261932579026
-0.044142630597131326
-0.011097746883620793
0.01891304892001977
-0.00044890745548872087
-0.015323585763318612
-0.02529571853432468
-0.0474290892674039
-0.04180163329498034
-0.028911505629360765
-0.01582526560154622
-0.0059808108530828305
0.0007968019765646464
0.00565393475366841
0.00867687872922365
0.010523997575394548
0.011042882083659993
0.008757431446729599
0.00559874188100979
0.00620572175314703
0.00342899927197942
6.945056454879204e-05
-0.003508989633550659
-0.004514946210778735
-0.0035880106030682798
0.04007203978986701
0.07086153954312173
0.015708279782308623
-0.006736071532078957
-0.004359525107515898
-0.0035545107438050096
-0.0035685926574687095
-0.00641521486712922
-0.0013318097780391606
-0.002469291781654857
-0.002067912221281206
-0.002328106721705157
-0.004293199913565856
-0.0007387016828630288
0.001839649462366053
0.0022787176826907806
0.0018583429643750703
0.0024435313853758975
0.004977158459229519
9.130871741236567e-05
-0.018487660232534377
-0.0007649943206216918
0.0010372185018951115
0.0017009153167044117
0.0027259321966333367
0.0020562232797147915
-0.004874349349564477
0.0019715052686556725
0.002114820051983493
0.00019202020642016904
-9.830031359730453e-05
0.0007573544732713844
0.0006628312705001052
0.003208714985686521
0.0032387567398576497
-0.001952448160754105
0.0017549944359843692
-0.0008954177007355688
-0.003705394288371212
-0.001671049067548411
-0.018100642735778074
0.042262560864382855
0.0016197513200566624
0.0028276712112996895
0.0033860018501505346
0.0021487128602492985
0.001062347218528125
-0.006671188424900341
0.003195311047574058
0.0034151300955432974
0.0029482283139938476
0.0017592722616878713
-0.00048248621626433756
-0.0005081884381784017
0.013594361424022301
0.015676559527622518
-0.005173179379380679
-0.0029745765656509077
0.009912194584393318
-0.009246563876844754
0.05974255016210465
0.060012113434810464
0.1105848572807574
0.00028603052127326755
-0.014490562691530463
-0.004596114044818794
0.009389447179263528
-0.000489354692423722
0.02179666615849016
0.04485049325228477
-0.06328248124125316
0.007478268372650716
-0.002212104684410771
-0.003456762859048991
-0.0029555683065527498
-0.002601423320328339
-0.005511092727203281
-0.010290755412020982
-0.005050704728156066
-0.005393729782538471
-0.01040347402479252
-0.009027813197555433
-0.011906324451977809
-0.014483271516515307
-0.017610550470401918
-0.008137053120800597
0.012407474692081153
0.054665150027970934
0.003998522613140188
-0.020198342758943298
-0.009353432957983373
-0.014846426505328053
-0.011786994404287427
-0.026946311180143897
-0.0036598871346127807
-0.00045717649824651816
-0.001136083691302792
0.002685349209500003
0.005028777408597162
0.006246330658831581
0.006988846381130709
0.005174788783958592
0.00754949155534409
0.007472326992185342
0.007592855733079542
0.0057513508079372645
0.006099857924544187
0.007495716443823424
0.0063050086317976576
0.00854127698248211
0.04026146257957754
0.007631330795902094
0.004921248932254549
-0.00026124165093776837
-0.007858602722839954
0.003722810707130147
0.00167646558698905
-0.0005833640127242914
-0.006647662694066936
-0.012925537340914657
0.009512995939643339
0.029619254901684457
0.015252820376729186
0.0006083780893894509
-0.012196779170035242
-0.004477686143336491
0.013086193977021616
0.004930225474953348
-0.011996783389165778
0.00015455522623233662
0.0033662389872045244
-0.004604161526393447
0.0008520413747799266
0.04106996923600306
0.008718252735128492
-0.015913635560842822
-0.02263333131128578
-0.01703567099006838
-0.020668732026938308
-0.029743600928504105
-0.03645218384755303
-0.030836390105727415
0.0033862688717530777
0.0041242206050792615
0.010057737957009403
-0.019125371452700275
-0.04342010863385159
-0.03536944719495707
-0.027077458846892558
-0.017563442001067478
-0.012742587261332568
-0.010358625197281335
-0.01954167502514303
-0.011295489071538918
-0.007639875544514479
-0.007825859771916254
-0.002909660036968372
-0.0007621063828141348
-0.00015043556404189872
-0.0014180540479082568
-0.000507014283632046
-0.0019466796398349292
0.0006425294180161692
0.00024697727879710064
0.0004642041073954105
0.0018284611909638033
0.001631044796193612
4.655021476906177e-06
0.0011803511644143617
0.0008581569303622667
8.56973967073028e-05
-0.00026512497998979785
-0.0015004249024439967
-0.0006255177018560431
-0.000913401242768008
-0.0024454899751111306
-0.00873496848946455
-0.004284600074245182
-0.012528587542057476
-0.003194414402553646
-0.00298917802498473
-0.0023975879158419414
-0.0010460815506025216
-0.019862962342093546
-0.004185514423920698
-0.00725401226596903
-0.006396001162443524
-0.0015888664406744908
0.0009439498960587082
0.0018251100637770804
0.0033757617109273163
0.004894985835608789
0.005770111623646037
0.00535605161677245
-0.0007918000440684116
-0.017748636941050683
-0.029449517099959528
0.01178490667813013
-0.005653482316880995
-0.024707180275021706
-0.03403400503903896
9.058027524253901e-05
0.0024892603025609443
0.0014311355064646075
-0.0003861039162530746
-0.00173807698812961
-0.004032548050868481
-0.011884670244638573
-0.01101235991717448
-0.01692254648794031
-0.025711327759143386
-0.02884186606029598
-0.02963085002395232
-0.007220451257690515
0.0003048371662422372
-0.009600532483087
0.007624080181066294
-0.011575440452670036
-0.030496784777596733
-0.029288354077589285
-0.02379344905765455
-0.015922786787207502
-0.0025436353099742275
-0.007718244629186435
-0.005973591024295533
-0.0031530763677071355
-0.0007415558020133804
-0.00038754445612576436
0.00014041489637429025
-0.0017078385120296348
-0.010711987551772554
-0.0008513533312062436
-0.0002860782956219229
-0.0019029438988544466
-0.001503436014045488
-0.0047987624929022804
-0.013614631119204327
-0.004094889733137163
-0.0049523679407596855
-0.006034030209350426
-0.007580948202936953
-0.027046466846482476
-0.008062231626708927
-0.004718234426603101
-0.005819611225511284
-0.020752166450895934
-0.01234570261820397
-0.027111408556124674
-0.012305271217848716
-0.015232181724115806
-0.018107969525288897
-0.027293488249482644
-0.022889283509143328
-0.03351756040684343
-0.05023047176486399
-0.033023098729927675
-0.004960401493528145
-0.01934885798143982
-0.012158405201125296
0.006671875426756946
-0.008650476759981793
-0.005260060637213195
-0.004738143363415951
-0.00739931014930063
-0.0026652353728958645
-0.0039407217798554705
-0.003085329909713386
-0.003470949438141603
-0.00328150570659749
-0.004790365470258129
-0.05100896853836748
-0.007981352506147467
-0.013817768334325064
-0.0071992992352477424
-0.006015391259634901
-0.0032509571035823333
-0.0033395227572784957
-0.012991484308780612
-0.0032473413506330174
-0.0036382772521772206
-0.004261299333278409
-0.004553670908003272
-0.004773882839397941
-0.006161178938691271
-0.011511217660773163
-0.012148381891281047
-0.010136189219145041
-0.004415591615368096
0.023769020859318236
0.009724353163616863
-0.014702515172966422
-0.009917240155435282
-0.0060860048446164244
-0.00388380160710551
-0.0026936153815935856
-0.0021612375164787277
-0.006294406897811285
-0.007552063097409157
-0.001705270362293295
-0.00024572165576145123
-2.133268446511782e-05
-0.00029360907100772576
0.0004949695554222727
0.0005856791208671035
0.00042001371742029624
-0.0005813759589822894
0.00021543575350137258
-0.0024181603794545055
-0.00010253689920293613
0.00033676972702772714
8.231789632599727e-05
-0.00022000480062328408
-0.0020343559773260047
-0.0011183727064154572
-0.0016541910596612462
-0.0024548168444947674
-0.003478980474228707
-0.004671715278679085
-0.006024815588711167
-0.00723990761284169
-0.007405966189778163
-0.0033126322369371763
0.011154842702942763
0.03290779207810953
-0.04155723231068567
-0.040811591555035415
0.015521935735720528
0.002634637087548194
0.0018459187265937552
0.006415281551530879
0.009023410669544912
0.011661863781207725
0.012855414084471361
0.012673463324853704
0.011685667334937578
0.00786738976523447
0.002573123806895751
-0.001762014282721232
0.00295965585337789
0.03382549772067073
0.020670454914701784
-0.0018809875140169822
0.0062723333888349475
-0.000127307604932306
0.004994681323707941
0.006223916904457884
-0.00029676133639505915
0.01645211543486475
0.05427528524974148
-0.003582886417845021
-0.0031743338042441887
0.0019580326468322897
0.004800943329286626
0.006047151163201692
0.003311816155875049
0.0063911993271820395
0.0068208025944243135
0.006763420019458106
0.0062978669105552805
0.0053954042590989215
0.0035111968387090756
-0.0009911680324679079
-0.009279064617784525
-0.009333497192967973
0.011540194425321124
-0.01629788043543347
-0.00543029049397523
0.00045151164225510406
0.002283837706433438
0.0026784233142496464
0.0025222317534969213
0.0018183744530092026
-0.0011942182635246935
4.8548768094968335e-05
-4.036711092098917e-05
-0.004511546992924824
-0.006600705012019302
-0.014874123700143297
-0.016067768406742015
0.01436004749111133
0.12603862654042813
0.021084998292754405
-0.02134740382825961
-0.010976940357007794
-0.005748957585343394
0.0017406088065596878
-0.0060915031621197775
-0.005822114027427729
0.014878261318652185
0.020619126990334167
-0.029042993769833898
0.012410636968962533
0.0037335378065303125
-0.004842646280761634
-0.0013362340105223841
0.00398963046254752
0.006126028097494858
0.0064557461552107315
0.007178325742163866
0.007384388602489867
0.009322279779029562
0.0071038262626493005
0.00619618905133728
0.004534955045438507
0.0015095472641481933
-0.0043251019290228305
-0.0013977469067997378
0.06876655369002738
-0.0077371658403212525
-0.010601649983013226
-0.006212337872020997
-0.0023893859441796784
-0.0009994964901605392
-0.001070428885006865
-0.004046653142851263
-0.011050612243757892
-0.006525547558002337
-0.01206800068364458
-0.0002746165356739328
-0.0027721590905854625
-0.0032636913526031667
-0.0031155823006796548
-0.0072789853021779935
-0.007001938423907986
-0.008422072272800531
-0.012373963884965684
-0.005304735773191674
-0.007427624669927646
-0.002229549356899933
0.0007129357742046167
0.004154263204794225
0.007484103118103426
0.014561935770625286
0.03486149563394339
0.006980661561770924
-0.05689823608904762
0.023810373791283663
0.017857895176441044
0.02135500682557131
0.019519743454638316
0.013137582215777498
-0.00444030701109103
0.010450923117233432
0.005812361931981953
0.0011754769468053285
-0.002896224938298764
-0.005536753530810185
-0.008134032822021455
-0.01411868843653977
-0.017798380219424002
-0.02329112403406489
-0.029094887137720366
-0.032664194964756935
-0.025408928213881046
0.006797557671251534
0.010393056797339338
-0.020991763378478485
0.009826316004866711
-0.015094466478249514
-0.027496196261835415
-0.023118645954992096
-0.01559907183583048
-0.009686378282124772
-0.004412879354845591
-0.001317808439467651
0.0008710105024402242
0.0017432571640350876
0.002945119308747766
0.0033350609774519956
0.003431871650059867
0.003311698897896972
0.0027680281181907333
-0.00040415270107506754
-0.0016352156774567881
0.0014415904873023972
0.0012617669372275001
-0.0006131547977988412
5.1524279813873335e-05
0.0002922440209541607
-0.0010810816713571227
-0.007849210529118286
-0.0021737514604355484
-0.0034438330080848577
-0.008414080991932254
-0.003218827470325934
-0.0028924935369066536
-0.0027532611981546753
-0.0058478920220291965
-0.003771325407858392
-0.003848341362054384
-0.0046376025360797424
-0.007111752503933153
-0.018216577779485175
-0.009705669323430215
-0.0032034007555932693
-0.010361965667934842
-0.0093882126861082
-0.015100356499718418
-0.007771530729277115
0.0019035800997088406
0.013414005613180844
0.03290923140271316
0.05951405089324736
0.07032224006130113
0.010336743255397499
-0.09030385830168902
-0.06564098054309997
0.05130874425745234
0.097031491516917
0.026248774594315658
0.03233536909050158
0.013201010045872583
0.002206122040534967
-0.0010055561733026048
-0.009324703369668626
-0.007245187577917857
-0.006526359153668781
-0.009484918841501886
-0.012197424855124631
-0.008509456738009008
-0.007039942808612488
-0.00986650259429856
-0.03460131215508332
-0.03195803744682501
-0.03547013549912265
-0.03008920400951083
-0.012557789316851049
-0.001215629114553544
0.0008286348194764807
0.002179096682051522
0.0017368848263226264
0.0012690738145819016
-5.2676754166675326e-05
-0.00905787825632599
0.0025974320939004007
0.02465274481855043
0.003812585857476434
0.004402698571495474
0.0032887384237368297
0.002505237539404242
0.0021056356285535476
0.00172817833522748
0.0008323860498093338
0.0004753676562261306
-0.0031149922133993186
-0.0004122695538670454
0.0035323767277322116
0.007313511609029511
0.029742216876805828
-0.03792547428395357
0.013806357596874305
0.02350001164038057
0.01671623287630468
0.0142519418100543
0.012451645643979992
0.010511717289682244
0.008849739884181477
0.006803726749582615
-0.004280511969439124
6.778138615453559e-05
0.003452551375200261
0.0037173198593573515
0.005516378715938449
0.004812307471287478
0.004474694654731425
0.005431697167418582
0.004559616281630437
0.0006376376672169956
0.0047765539256979855
0.0018120304673178726
0.0023140856571034
0.006098821063811004
0.008509999162434452
0.002667862786263688
0.008684148732747443
0.007778391806105317
0.008292213867737517
0.00776836023257642
0.006671239124193913
0.004264899465846704
0.0015231483938389569
0.004361015970993387
0.0008473699774886238
-0.002136813706706915
-0.0026698344890182806
0.004724602762400044
0.005690200189608052
0.005589849114404014
0.0039754236510787045
0.005000060324194653
-0.001628285451597965
0.0041293610424937375
0.0029612922449453647
0.004042240300376385
0.002284198979210486
0.0006078469405921752
-0.009512693485042955
-0.0016496463362560283
0.0006606572074307385
0.0003984905727258067
-0.0012276839157857244
-0.0013164805797841641
-0.0021502842246073715
-0.002716078643224261
-0.007024979538204016
-0.007211969674538192
-0.007346918246669127
-0.007907560501397381
-0.011769653283298303
-0.016568971895543544
-0.010035585854261493
-0.012393865722184365
-0.015093786709036003
-0.013943620128788019
-0.012480930324311967
-0.012417823683432217
-0.013671124977124352
-0.017691439973783328
-0.02466521996941509
-0.021603443404739346
-0.019922010920467272
-0.024541955851244093
-0.028230195972596038
-0.028826503041473026
-0.03490149207138105
-0.05065075528396135
-0.0325704710180569
-0.022601444695427676
-0.023966034582458343
-0.030620067498873662
-0.030418683357973535
-0.026697576674128077
-0.0219291279263625
-0.01400338004053318
-0.005604722271865904
0.018300845469973407
0.05331626150217515
-0.0004129136727697825
-0.061221569696713385
0.04609572224806249
0.03251696432511119
0.018512942854319692
0.01269377542167752
0.007960324494765192
0.0071465652325774336
-0.007658323983327524
0.003928691871497003
0.002655928142696064
0.0018336510135643265
0.0011628244349661016
-0.0005415831085960857
-0.0012985234720183148
-0.0019010368378085914
-0.0021618461460960236
-0.0023006411852624035
-0.002438512766047406
-0.002590907379061216
-0.004628803963852921
-0.004559354318642779
-0.013251443533303254
-0.004436905564641512
-0.0024664763632266684
-0.00017016499040039404
-0.0010287205284999698
-0.0011743672865521923
-0.008412230194706332
-0.03935876314737861
-0.07238763511998947
-0.021927548319988614
-0.054897983068131644
-0.020131195783770598
-0.013666489583395771
-0.003938186442872121
-0.0012015742185117286
0.001478023956988407
0.001801913834132364
0.002932728339736388
0.0033254316632555163
0.0035218629952014713
0.0052980802644494365
0.005497392546806459
0.005482596073425222
0.00521002774483938
0.0032768658529190773
0.017943385868640725
0.004107700561976476
0.004477218618860416
0.0038790499873092763
0.001809784529539783
0.0010823181067682991
-0.002026700822889853
-0.009681348302615073
-0.023160261413019804
0.027144281399694502
0.046328913868058014
-0.004652045488789067
-0.021579699812969106
-0.007787395892634457
-0.002387515871120465
0.0003186006551435443
0.0036073656242146092
0.006700453347843966
0.00561715567757546
0.007314856946157417
0.009131607490415052
0.010226325043254336
0.011713311214938587
0.011889210162933542
0.01141529189417057
0.011191901617623894
0.01180511821098536
0.012668695856106766
0.012744749539400638
0.010902048933656873
0.011047117951022138
0.011829710017538573
0.003456820882320193
-0.006284069013916921
-0.018469942527561563
0.030159209961808313
-0.018693601730295092
0.008690849908628465
0.006743168460857027
0.003341256482621722
0.006241134140077214
0.007583335990148028
0.010561851472482888
0.012335962612242093
0.013457318141370182
0.014101591971059776
0.014289194167109684
0.013725427524716206
0.006605528638048741
0.009333389163973103
0.02645877612392306
0.011638151134731793
0.01178342878602655
0.014071982427175375
0.013721929774830338
0.014228541011490745
0.002105953045485617
0.01428736930560169
0.014142098474237136
0.009826063406180275
0.004955230983889658
0.012278056141645387
0.010978285054083563
0.008761607565047526
0.003002483278238991
-0.00015112987082361646
0.022333251968179837
-0.005292130195328498
0.01615294703310536
0.00016106556412784018
-0.0031802033717686098
0.001987909611889826
0.005812718773332498
0.007728071629770204
0.008684940847583355
0.008256836657803721
0.010263613741756201
0.011786082450987997
0.012322380857252378
0.012051334905272082
0.012225652517362273
0.009349858655107075
-5.263469539064343e-05
-0.020005660741487442
-0.034688276613829325
0.02300024151450748
-0.035928615212659894
-0.018677484405820274
0.0015896538431267161
0.009703940420218547
0.012127121054337211
0.012067236932628752
0.014828795590821344
0.011245409691787726
0.011029425438622608
0.010734624561707996
0.010347751131163685
0.009508906962239754
0.009251497100057498
0.007531975351419273
-0.003446526113298501
0.0024445536984183764
0.006367353655124057
0.007829992720170525
0.007600227685148955
0.008028670293819677
0.007404956843177609
0.0036697354068786292
0.006416735790775107
0.00452909664064091
0.004649835206600692
0.003990185174816278
0.00490233164314237
0.0046570977041274966
0.003934086513947796
0.0015972147687178318
-0.002718597674901418
0.02481807396603552
-0.0025888386415365253
-0.007780179854709796
-0.002139214826236778
-0.006004833908773862
-0.01302242966464818
-0.020205227611163477
-0.04388132854921274
-0.04573469367076634
-0.008007752073985684
-0.004479850441933843
-0.004140973246698456
-0.004622458444676491
-0.005374469102897087
-0.006737341535882131
-0.008440043657172217
-0.009992557598893687
-0.009916861053694605
-0.025731751685144372
-0.008483809499871774
-0.007408066420124677
-0.004614647434653958
-0.001378576479824363
0.0004017044454444201
0.0035587310362283253
0.01046594319001783
0.02605382980066041
0.03979103543307312
-0.05079102816761046
-0.01314919232203752
0.02930045578164853
0.01953055221533193
0.017603983101199483
0.014151378034076978
0.014210923945961242
0.013877283706442676
0.012977042517578185
0.011899884304596355
0.010905763499576521
0.010381136399314216
0.009825741759837772
0.009283317549441361
0.008543879921155677
0.0022693655407250582
0.006667401743078548
0.008089562679578995
0.007886512759676334
0.00813355809137567
0.007054399935707661
0.00566072654466106
0.004097241207438008
0.004620846866397809
0.005772635898885946
0.004675248777743888
0.006208298135092976
0.006547831218905073
0.005385165726019755
0.0006190325346313411
-0.004867899178535829
0.012282157335263557
0.011192531476006322
-0.005834958388850204
0.0014571860870948954
0.005202716325722147
0.0059354407758787755
0.005509206430155113
0.004593119540046524
0.0033567547681801957
-0.00249513027594574
0.003740834044510679
0.009597757358779593
0.0036247979447590834
0.004613086967249544
0.0043179921595847695
0.0045468490720742705
0.006573572688606983
0.005225883534935955
0.005234101183685922
0.005234484249791752
0.004084051891058492
0.0024739130427420173
0.0032625040185026294
0.010715130361418619
-0.0011797627838076408
-0.0020789293145320135
0.008936041228949471
0.033055675132506256
0.10760414798053
0.020982082337868302
-0.007094736162898017
-0.008781264753626606
-0.009361619198682995
-0.01748717060990338
-0.018742908370596664
0.006995148143604127
0.024904971837963766
0.008600257158813775
0.0026056943776072415
-0.012736566240814476
-0.024489941788175013
-0.01832463681395491
-0.008831026984387438
-0.000997150596420911
0.005204282064853746
0.009464058011570683
0.012415431080004431
0.014169512805940079
0.01473885155160411
0.016487131213999164
0.01697708600037852
0.017154028063544834
0.017713060794841758
0.01721510928777279
0.01715856662094477
0.01673822259728313
0.016604498122380754
0.016138152644188473
0.01567481207668553
0.014590413316294243
0.013353997626655534
0.014580321123521743
0.014038927631180401
0.013741840828911764
0.01343551205904678
0.013243591793562317
0.013005710786832481
0.012567788848510236
0.009774976182973232
0.012557961045203318
0.012725226925258187
0.012832212116451688
0.012465340596446328
0.013239690230259683
0.01387316387472544
0.014467281550992988
0.015169568190050428
0.01596462084981485
0.01675479176542115
0.017470603436630098
0.01888762717059247
0.023502788752160757
0.03050215630677798
-0.02051191461506064
-0.066228076534671
0.027549037835918826
0.02930641616530265
0.0190912954981202
0.014688329494446286
0.013101797341560218
0.012112768407103756
0.011247694061629412
0.010421826793440538
0.00804442642229114
0.009088796301055241
0.008729260568533537
0.008252778380153727
0.00521060579984717
0.0074961530122969544
0.007042265576200549
0.006544101668933087
0.0060049223959896285
0.005360938561603663
0.004540169151367449
0.0036269111388465285
0.002941739102779874
0.003755965675487125
0.002559339817225209
0.00036851730486136994
-0.0008732496602991622
-0.004395194672098934
-0.0008513156832087465
-0.00257210534455402
-0.0038330207784067686
-0.0032819507920826435
-0.00513754161074066
-0.008990144356109024
-0.016781932309837135
0.003981262814118814
-0.015050962520501216
-0.003372139214216598
0.005719082037987816
0.008994060015921967
0.010862126376657536
0.014631373430358828
0.01772553881837359
0.020291220424728633
0.0261404657216154
0.01698149388490439
-0.046166386621220794
0.005230269804557841
0.028780654586737335
0.026249432844670684
-0.0337768959091009
-0.01157133247480434
0.015377758765533238
0.018785015995565837
0.013667182414215093
0.005874180373992883
0.0021202411057172693
0.0034005562419246673
0.005340491681742944
0.004730448418499668
-0.0007615173393325494
0.0010285724224019597
0.003127769455685525
-0.003544725126442096
0.00371675296169179
0.004100602055587034
0.003772702332326503
0.0026427479001851512
0.0025699322137832507
0.003408259277341325
0.003956985945700337
0.00421232235919839
0.004454743978321824
0.005310476249375213
0.007530664937425394
0.01166161410211324
0.017470024421840005
0.023058535580377054
-0.00824924162219258
-0.045571616522934136
0.06502555317445499
-0.024679280926971064
-0.010441119486283542
0.030668567336858434
0.02459234761190052
0.01483238626750009
0.010465548310877693
0.01014638597952432
0.008272046976607859
0.006086048447048199
0.00358924816537621
-0.000768652323858468
-0.00733217647017294
-0.012708495314456869
-0.01927305544352847
-0.026822054079819507
-0.0796716712761117
-0.05789408418007349
-0.046395881054166754
-0.06120187930955192
-0.04865104986718415
-0.05162789240445877
-0.032223449414362136
-0.01788933768276064
-0.006716533624814127
-0.0013727820836208378
0.0023218678444476204
0.0034898264403819346
0.004312058811798959
0.004600190513391287
0.002579477979354551
-0.006197780492579934
0.0035637459669597823
0.006163194805135954
0.00673435383544434
0.006880772411722568
0.006451004848273877
0.00323118437532701
-0.0037765767463465803
0.005909057343446579
0.0061821318602152875
0.005833545915098236
0.0037407243819757422
-0.002434218908954785
-0.004676106463547837
-0.006777361901655066
-0.002473380052252107
-0.0003783496868717843
0.0010773407276278924
0.0024294933966658907
0.0013692494624849537
-0.00035084647900096913
-0.002054543346200508
-0.0016248326932869778
-0.008757460110770485
-0.003761112229676275
-0.01337172907393894
-0.005778668911023695
-0.00639862026617114
-0.0057384126680425805
-0.005590382384849536
-0.0072069109738617625
-0.00743883758669282
-0.012338392720273334
-0.007010004632607232
-0.00634033783283791
-0.005153658245298358
-0.0025332902682935203
0.0035188880304247677
0.0181542591945753
0.04797276459470427
0.016966242660923433
-0.056796827596499844
0.05375681010276275
0.0366094458149179
0.006709215833264524
-0.0008305658145237407
-0.003988381903775454
-0.005335862961935108
-0.00602871323212865
-0.007692764308618701
-0.01821951694100722
-0.006415120365497106
-0.009652332774090017
-0.03340344123863511
-0.05307707287123761
-0.017885346201817316
0.0076031069596976695
-0.0051050294101372675
-0.03955698099872327
0.012447598154833114
0.011860705510178524
0.001728455147674672
-0.0026001410699051735
-0.0050499238374231105
-0.009295759316401097
-0.02532175186187983
-0.03908030102279054
-0.026082118491300724
-0.03981973218525566
-0.021973387912981663
-0.012350581089303042
-5.674262800962649e-05
0.00865662690728098
0.000952102553201243
-0.001777721874354623
-0.012166858721604617
-0.0018035714587395994
-0.001299751618895113
-0.0032828911702027586
-0.0018938514942641964
-0.0039542517737629875
-0.0033931189438044683
-0.007832103059492676
-0.004991272651370615
-0.005503938365996197
-0.007025555522447822
-0.008882534087608458
-0.010779811310701505
-0.011835919673461261
-0.008794510834023302
0.0078106785404018575
0.03674459806120205
-0.029118269790369657
0.005920117787892829
0.015027268350764261
-0.010074103829606728
-0.012005540004972236
-0.008067047011451
-0.003003134114213031
8.873321817967565e-05
-0.0007801051590712191
0.002825271163850606
0.003551081604810262
0.006343591139531257
0.004387169654578246
0.004388679431895907
0.005192136645489418
0.0025297284425481762
0.004346491892748733
0.007456828974201322
0.008257007712364607
0.008605798598723617
0.00847150691340524
0.007436467365480243
0.004270525975135605
-0.001695567164720441
-0.01013258476637769
-0.04548091787924358
-0.0049454420805556095
0.0013261423082049687
0.0005244343559556102
-0.004106425046506299
-0.012453927398040507
0.007492077353212975
-0.01172875393575806
-0.01671665232683469
-0.0020418878880817544
0.003425740168839226
0.013591873351933893
0.031966044037195405
0.014423631253861825
0.005245227494596136
0.0015964732804374918
-0.0006942135835971392
0.008966607656224245
0.0092863608488252
0.006011461526503971
-0.004026719482981072
-0.007153097903812291
-0.009419707029305205
-0.01158861199217789
0.01696307686316517
0.0636000325862867
0.03004631770671738
0.014331788997107112
-0.00041678596287313477
0.0015710050836658925
0.004184840712892329
0.015503938791011498
0.009890068420146832
0.009047987371911646
0.0201608701003803
0.024169100205651245
0.02381143472217451
0.020503669202065835
0.027293390517959912
0.014692387526705876
0.00516490605897038
-0.014169779669424894
0.04284812247586402
-0.00678994617383527
0.010637372551214866
0.020999930794047657
0.02434400243039713
0.004369132359372144
0.02404465328788989
0.02143951401572722
0.02325164417884053
0.019377704366285164
0.021001523432048287
0.02203591059531991
0.02163715783224366
0.020823012918883305
0.019565165732168495
