-0.0003453964233120995
-0.07112766009114993
0.003570361909451866
0.04009843754634227
0.04866009270162909
0.026520194445245487
-0.0032810616670535934
-0.005922716792215787
-0.004191548748525579
-0.014441151955830367
-0.03267610860512131
-0.021978748269684257
0.017791714273287428
0.042438726257731485
0.03570228029991251
-0.0010422692039682927
-0.04901409743783812
-0.07688457815105981
-0.054851367480430874
0.012667947977305244
0.0457038482566134
-0.0065178324004162135
-0.02422304183968211
-0.0015292270795566197
0.050197061483783716
0.07449475146078238
0.019091859286914155
-0.04061187518273228
-0.05782883674987662
-0.05799239790626582
-0.030884947540939352
0.02209103147302221
0.04680119221213101
0.06382044471010224
0.07112655311279428
0.0695676924396028
0.03213939218686512
0.04692089446115183
0.03217211352473477
0.007627153728624094
-0.012889485075116343
-0.031331478972834864
-0.04572715518962419
-0.05282122063562025
-0.05713430850008621
-0.0559898468319239
-0.04740334949372565
-0.031446555998359056
-0.0132328637315043
0.001165388552869494
0.011652054895728382
0.005087793329950297
-0.06710626896970007
-0.09851784124883708
-0.03602904289392898
0.05033915293596405
0.06120516738912674
0.07265671938711772
-0.011901562551692441
-0.06508004317873958
-0.03902271622292507
-0.06159549370987821
0.012385411812816516
0.02443518059338948
0.0514146376509057
0.03914432516373452
-0.024584091738855257
-0.0310583146104296
0.03509147009288785
0.08627426412334838
0.09235815258827974
0.0736751899386921
0.04986964166382666
0.029354987922533538
0.014724691250951135
0.005662238894900652
0.008338715479618732
0.004461601131484227
-0.014166206995348164
-0.055505506109554945
-0.1024856350761203
-0.10610653776565158
-0.0424989633306532
0.000792484593085483
0.019575271437744384
0.025986171399124878
0.02493413758740557
0.015658871940295097
0.0038480019769654233
0.012798780806559594
0.018178624404445433
0.017221942500765815
0.015421274639195312
0.015103207818671667
-0.03591516639899285
0.007396246129001592
0.010873925495391226
0.003978229587818023
-0.0013048742974003068
-0.00051740962868371
-0.0007224730317078253
0.010363280936208237
0.025258767964065714
0.006357678833186121
0.0026532008131418846
0.006637090733799964
0.008117453666834064
0.010344537783243473
0.0115970331274756
0.01878684440083288
0.03187420883334503
0.05560623867974832
0.020592248050652143
0.015101618802840234
0.013397451322015292
-0.01112396122333846
0.014663267702560297
-0.007447155086931189
0.07144507935920666
0.05094915255159081
-0.040013587118891504
-0.06085322639246205
-0.04690697921675478
-0.020404113257746957
0.00768943833541408
0.016369487044058804
-0.006761790799489163
-0.02076974882845942
-0.020063129921607557
-0.019360818667048616
-0.020739684834576434
-0.027360100618062183
-0.020003784041603922
-0.02079576346586553
-0.019874725884374216
-0.019835225051080853
-0.019545919841686375
-0.031624472839766375
-0.033446074894884506
-0.03430933680596585
-0.025312682752603708
-0.015123320245855023
-0.026319038531355136
-0.02339441917403712
-0.04003770842315868
-0.03005377749340405
-0.0072756354289743265
-0.0032535716060311153
0.003317629215044872
0.0010561279998673662
0.006414190939668165
-0.0036375920093594293
0.009839406794751414
0.01816668159854945
0.008834614428843231
0.027700197283822732
0.027564841611945654
0.03491637026802011
0.039264390232423764
0.043048532255955084
0.04646995854742328
0.04956739790053382
0.05199891216046792
0.05358172703826751
0.05751541947276317
0.07949287942856069
0.037970505860486434
0.05535545148863958
0.04796017235792462
0.042616032508397725
0.03526826789354519
0.028272988173098486
0.01919930205258455
0.009243920035474987
0.0008988503060626035
-0.010418435200930413
-0.021357203511631544
-0.004158674171105988
0.004160599152671553
0.013041098282165889
0.019426175413089088
0.022262355055230266
0.0585179189483262
0.020472225923568756
0.04732006484489615
0.04242968544868354
0.019816929698641857
0.015009923417677361
0.0059089958971787655
-0.005729671503356675
-0.01579912356304608
-0.022386277057684038
-0.025737609759316823
-0.028691487909965202
-0.026557351442365464
-0.022346349705998737
-0.021373704732779646
-0.018312040437920164
-0.018710496130066145
-0.017121157919141382
-0.018488530756951213
-0.07627521423324103
-0.03164058625694151
-0.05013086612055875
-0.048109488268309006
-0.03161777087705862
-0.03485913123375551
-0.02279916341870194
-0.017343549396265957
-0.02969136606519074
-0.022544894087371953
-0.04344338644863391
-0.02569876550998341
-0.0271478053286806
-0.02474527828336942
-0.005308025847206348
-0.026369269756806833
-0.027453024028260258
-0.028441138434487635
-0.026888508790435323
-0.026245179998116683
-0.02583290708402487
-0.02534285546885047
-0.02592791814700392
-0.029419207096018744
-0.04034284407451895
-0.04877604199433735
-0.03678148850316
-0.026768336715950847
-0.02268739666275116
-0.020916287498463162
-0.02253153449878898
-0.004900342354035862
-0.006165043226755193
0.009672779323292014
0.008355585910956415
-0.004901533400096085
-0.011801389201666212
-0.010164401357106561
0.019652509928062344
-0.038683900074362426
-0.03680524359665562
-0.02545612990700511
0.013345057848503481
-0.008674630204410328
-0.012491647780098043
-0.013466972037390057
-0.008029056199744316
-0.021794023109581073
0.019051305242019097
-0.10137158773327758
-0.007344461839763971
-0.0025192652681299073
0.0010454530173736106
-0.0026033176425825197
-0.010350770643876015
0.00014630130711189857
0.00681962903708597
0.011430083022510733
0.00206969998237154
0.015089807176693167
0.012340302232204912
0.014405326837537848
0.005636620396184913
0.009128883112001477
0.018138834293390492
0.0076595295669035154
-0.003801969156228819
0.02721681062183509
0.023829580048305692
0.02550277476865686
0.02455850363023356
0.029651704634945868
0.06699495102418268
0.03802996809362423
0.03636001548944841
0.021836856095835258
0.04248209148258696
0.03590498231884313
0.035962824211793254
0.030487363117686052
0.03841388929693753
0.03515738501736829
0.020734399148427087
0.03358923000428999
0.03691822118729286
0.06507865808235153
0.04363086124360779
0.04070616130846286
0.020063988696246867
0.04142392354376995
0.030888180889127814
0.039969714258577496
0.01381812945128243
0.04387314058310785
0.040072465255043696
0.03995784933856594
0.03886344264541034
0.034124010265734535
0.03428756481226708
0.038213909432973855
0.037777430583960325
0.03600500072895782
0.011899752332506966
0.03198578501597317
0.00557822835672362
0.02322207990133064
0.021024754336704827
0.017288815724205767
0.012345576597767485
0.010973038669667052
0.0008293680230156491
-0.004778792663726904
-0.012803764623645972
-0.022675439484197632
-0.022765049303917012
-0.05893905970630025
-0.04274879323269227
-0.04194663960737118
-0.04093702503627147
0.030423639768788095
-0.024929296102821057
-0.025766378211560057
-0.023908447391070696
0.04291394255514296
-0.002415766429381059
0.060375015008444374
0.01156631313397206
-0.022012042217447982
-0.025346717154857243
-0.03007348418782541
-0.03181136214453375
-0.027332832269403872
-0.05185558559433907
-0.022090928668180132
-0.025422458318368726
-0.013753098899094374
-0.009017802651356733
-0.005177456890746589
-0.002301774332842469
0.00023670734091951002
0.002195309318677817
0.0037864504268573613
-0.008643597956235191
0.00573681311699703
-0.028450602897256063
-0.0014746729570179495
0.003943307861052663
0.0032596323026031263
0.0027288774098290693
-0.0016552434904932947
-0.00985070286285014
-0.02178308916750926
-0.022280449553049114
-0.006327494028118258
-0.0696237647249044
-0.014342388121953742
-0.011485694140359541
-0.02805147006611206
-0.052500649085070766
-0.019018713933780414
-0.017758872744910132
-0.02019655009957482
-0.015203022927942495
-0.012231659129794362
-0.005439772904443489
-0.0014481393622363945
0.02307347496795703
0.16074111736101954
0.14970857674524987
0.00661042710154681
-0.0009161145636076993
0.026202668754530208
0.026993934586973446
0.023771273598845344
0.01854983541298358
0.006740574917216636
-0.020249946918152344
-0.03518620886755693
0.028178692078266232
0.012387225431837895
0.03458980428895908
-0.026707555798822617
-0.031649357623092865
-0.010316485467153299
0.004077524453902959
0.010512702515820793
0.01545938245656684
0.009315308252074283
0.003144837873959624
0.003970326545148444
-0.0007681367786671097
-0.002930692832034506
-0.010991994692048907
-0.00855835145303022
-0.006115660415082348
-0.008177265111145143
-0.004602760428513093
-0.009687490504144169
-0.009067219507045855
-0.005481961160251199
-0.034708669352057527
-0.030786031928992163
-0.004296608464709327
-0.015488623593875574
-0.0037515006743697337
-0.00263177174319111
-0.0006118714372944001
-0.012397263182967456
0.004399620883255571
0.002458604137497303
0.0035428363226491697
-0.0013760211677269919
-0.01789064770007305
-0.000850187122819205
0.018322589901060653
0.016783688400717745
0.02254748488644816
0.029648651182035583
0.036455374984077984
0.03834955610161754
0.031325609754504574
0.01108945883144449
0.011936862232344364
0.06880916061118018
-0.04013048172546584
0.009971532862369872
-0.02564156046194814
0.001276470698848813
0.014426483671695167
0.01043167599990287
-0.0015075837662069601
-0.010590501712235608
-0.012259971831650857
-0.011585480039033211
-0.007040019101860284
-0.001965021415959209
0.0007052681947799338
-0.000586247326758095
-0.026283110179222993
0.013747292657296618
0.009301008910391154
0.029323051545213755
0.032812041950841225
0.017277996930633054
0.003361961550907459
-0.008342015675672393
0.03424337316039384
0.15870192412406717
0.030480671471184148
-0.006939150300560298
0.0024549171869488076
0.013442745138469811
0.013449938295071035
0.009760004487216164
0.004339397021365431
0.0005786966309672992
-0.0016192985869038607
-0.002979820786159303
-0.009804716405473665
-0.012463475842678148
-0.02090828774011898
-0.01289176796641911
-0.04214470477642212
-0.026098209254886564
-0.016588596945497525
-0.013469422300946068
-0.017775936816723785
-0.009891656327953273
-0.021034115440600118
0.0017088028979384577
-0.11732086626358794
-0.011810160998051574
-0.021636460091642096
0.031847926525478555
0.009895091188729522
-0.06184229139921541
-0.026043505248327315
-0.00859219167008504
-0.002368434528141111
-0.01768877405422584
-0.02816530267023517
-0.0059695509689618705
-0.007366567643232427
-0.012339717973052267
-0.0183350920649315
-0.04848813782285703
-0.06878033702310186
-0.1527153105233408
-0.03195456482940334
-0.02322799682352488
-0.007286559290847294
0.0015694789845887983
0.0035532647554720135
0.00474408103672129
0.005104178936390403
-0.001318432808692777
0.004123333857580941
0.010867675265840506
-0.0013544525826827238
0.001611288911318184
-0.0004498554583514767
-0.00588834778713117
0.003231917753631489
0.010211400091822786
0.0017497186694037502
-0.0028221514157160126
-0.0009361613881606836
-0.0022634681134808972
-0.0014368099172815162
0.0001815833132775647
-0.006949157345266506
-0.004922042946100695
-0.005413120659605946
-0.004810088965883514
-0.00034824599209193227
-0.0036995523073778845
-0.00020355724349921042
-0.00040614304633381204
-0.0016599283904389199
0.006403867207002007
0.001232109700137404
0.036015341222685654
0.006414540095903741
0.0018906508413359191
-0.0035304769473514207
-0.003971424499575077
-0.00326448677691989
-0.0033936471836733934
-0.003181592724084461
-0.0027347263517746067
-0.0016956194639773936
-0.003777009415479552
-0.0033750172659057854
-0.0013882541278135267
-0.0018565232661855204
0.0034584881557937603
-0.0013126238006670894
-0.0006148528180282191
0.001500175180475178
0.002035097260548848
0.0022276104082361125
0.003279283706436421
0.004702414451359848
0.006308608387373153
0.009191905181529429
0.010744520117769631
0.022590112009503543
0.028583326492971205
0.02405703862123234
0.02536722167955194
0.03179624047475964
0.0311462974745359
0.025365709110083533
0.010389537110649575
-0.00836554050430182
-0.04090018704914789
0.02081718469967844
-0.02882681704351618
-0.0075357714547578895
0.00948499715735472
0.023911891930345437
0.027582567100086938
0.02510098587428865
0.02049716571721228
0.01586689093715335
0.013114760979071039
0.009992291072817964
0.005119866853095441
0.002510813536246069
0.005331818681687588
0.0073520475523280926
-0.001955441213228426
-0.0011085897205887218
-0.003787140087265783
-0.005010933861880077
-0.004683221813411024
-0.004659610804402722
-0.005835989657751232
-0.007079470755636319
-0.007393922464964442
-0.006874529318788949
1.507837531735495e-05
-0.004576024417430591
-0.006360950886993763
-0.008344526052824843
-0.008653359733269908
-0.008691871451571955
-0.008818701979282806
-0.007840394366407927
-0.007078198047920206
0.0008705286664143158
-0.005575150016363933
-0.004802283973624194
-0.0062479372760506965
0.0178842832403016
-0.006575964517185111
-0.009490868687195791
-0.011112388888302273
-0.006293673619417899
0.005574153207774265
-0.007145210711145465
-0.01122431072565975
-0.009945788612478138
-0.009643093327489912
-0.010052174460794237
-0.010281275934702636
-0.010130784684044452
-0.009176350828371092
-0.006179278919317251
0.0025668056962286005
-0.0013943881078681234
-0.007426386883026113
-0.012727052044056381
-0.012869153865040318
-0.01147298928431723
-0.013391528940740327
-0.017363300673408525
-0.03188681847625104
-0.034338382083695634
0.0299516492753167
-0.02418543067727289
-0.006541914221975013
-0.031901528606295096
-0.012806027997779206
-0.009649596778270425
-0.009265999890242264
-0.010818365333396984
-0.01738093424766977
-0.012003314068154254
-0.012035662812164092
-0.010948375130825432
-0.013460865559111038
-0.006978154492433205
-0.003738759784046718
-0.004107365255156931
-0.008841991105195216
-0.00875716393618879
-0.005200310862114488
-0.009482969241264143
-0.00040957521312298933
-0.004564033420988207
-0.005531149911562276
-0.0020142100348814096
-0.001685560736892063
-0.023602842461171537
0.0058798920878599
0.0018145605688973585
-0.029989631190690817
-0.0030448647661846634
-0.002807178713274128
-0.0017557679807046445
-0.002049437474230281
-0.01142440735935604
-0.013538409475367826
0.07387833260406702
0.050203790976190904
0.04812098606967883
0.04085352469101385
0.04250111668867503
0.019982420104969256
0.012399647762699882
0.007005029161507072
0.00045535229852486034
-0.00108347117195839
0.0023613344762908927
-0.005807890197521647
-0.0003954680080705603
-0.0017656135524312191
0.0004863731304579387
-0.031416269632372505
0.0022997768067484197
-0.015038822330010044
-0.00403637294126206
0.0024530011318160847
-0.002186816577398313
0.004033882544811369
-0.005070428684497133
-0.02125501629079292
-0.004056984242802697
-0.0034680935603374897
-0.0031619322547154806
-0.0027729150966584247
-0.00084127148338116
-0.0028207253223112927
-0.00204443948114249
-0.0028127304313189153
-0.002955747872077953
-0.002959691115359573
-0.002993741329667161
-0.0031527460204890914
-0.00286693549993714
-0.0011781953747690155
0.003282165312304002
0.0023916578483810305
-0.003936045471076973
0.0026012775670152307
-0.0011279103176468693
-0.0017103127169519512
0.005476494360816757
0.002418139681649521
-0.01678804293284745
0.0010659855446349918
-0.019716003878461112
-0.00128411862440704
7.659505663396902e-05
0.0013160744130674285
0.002484129778656412
0.003857883061718568
0.006562752785993407
0.008373825951337502
0.01177153703645753
0.012936130434828967
0.006877733295596694
-0.019321326986150363
0.08352911205523145
0.021690985647545596
-0.008987559177759983
0.01401625650214875
0.021052770652243875
0.010652615497849119
0.011144404998639753
0.008388914963926639
0.010420265886397072
0.007551389160617319
0.003224992415245306
0.002336594489448619
0.002747919015074509
0.0012313721067412483
0.0012221322753470437
0.008926234660717867
0.002157842863132778
0.0017609156121310913
0.000911044442600329
0.0027751731105010234
0.011247692360705079
0.001514913769118285
0.001956104831401055
0.0029077579918652665
0.004585877961008706
0.00842536047451377
0.00916072901445716
0.010327500408939054
0.012979492320585921
0.017963087105416917
0.027171041703779646
0.030104840304681406
0.02921901872072499
0.025647090273702978
0.014792454937806733
-0.00230268045519078
-0.03087776545923239
0.006862487875885834
-0.03207197526055561
-0.003938817088512449
0.009026627917723936
0.021802297711984463
0.02480037064754564
0.021165505798519817
0.01608930916447876
0.0118186035769116
0.008443815828245138
0.0063410285502417734
0.0055094387309764185
0.0061690426685733
0.009567409603397418
0.014416094385326678
0.018757413402565083
0.025137257031459533
0.033140874748714855
0.037768143577745696
0.026087210424772547
-0.013648179036872295
-0.007024482771220755
-0.01448253473066248
-0.030131684190272727
-0.016581436550974327
0.008953323474883736
0.01882147155910943
0.024361226636474637
0.022248758134172052
0.021360316481290026
0.01762225143038329
0.0175967696650073
0.016084546576267175
0.008640402396403317
0.009866383198175484
0.007052692032229731
0.005368481457114614
0.004241807960481531
0.0032753838186738255
0.0001958139103555894
0.00251771967723625
0.003832545579082014
0.0032424991969246543
7.95370910283809e-05
-0.0006234431096427042
-0.0011269121835541707
-0.0007228495972889304
-0.0019138078165590205
-0.0021355090990991432
-0.0027058291778549425
-0.0032197428860657727
-0.006901807304944652
-0.004611958955327167
-0.0037287611877877057
-0.004238747887420327
-0.003814270339598884
-0.010002222031268578
-0.0024046371955178778
-0.0013949758002823002
0.0037389776637238342
-0.0014499086025681087
-0.014456372805850251
-0.022756974337148392
-0.0031104599614783283
-0.004287827307406763
-0.0042995995679567895
-0.003793393192120898
-0.0021667692761547105
-0.007579991158654098
-0.0034626485425282632
-0.003557920619956267
-0.0037160357818317776
-0.00356368498258544
-0.0019117068300279867
-0.03107435981104999
0.0003857499104786961
7.685559212860545e-05
-0.010193771401876302
-0.009051793412658665
0.019935842030264682
0.002537940733689941
0.015343703647575514
0.09435606054568546
0.04091937067928239
0.0013813379323975245
-0.013995733607348824
-0.02735852907114188
-0.007632080806006921
-0.025194583602229124
0.005954353306008945
-0.014057647062477958
-0.0030783368863781108
-0.005464529253454052
-0.009814935433668535
-0.00903272138193823
-0.00842521441838877
-0.0049489902337074
0.009139601557929177
-0.004247053719718882
-0.006023238732106574
-0.0052867775750464405
-0.008605926336859731
-0.0031287336478499567
-0.000407690132010097
0.00232924499731279
0.010210315242039275
-0.009498491500526441
0.036480160904067964
0.049059926898236905
0.04242488898539373
0.023723822864327147
0.0011327717173111188
0.006611989817688394
0.0005768324677966852
-0.011982154545171387
-0.0034480440310710576
-0.004701529035690763
-0.002194178159310253
-0.005149194071814655
-0.005831429444524649
-0.0061565889306416195
-0.006278885855407253
-0.005924679984967998
-0.006344149195977527
-0.006669430394299406
-0.007635162506852978
-0.010878064953213987
-0.009789076143579652
-0.007832774371839248
-0.00730709350728202
-0.005016432289574388
0.02135710712191513
-0.004709854147822953
-0.007236770656971896
-0.004739676931676291
-0.00813605306770235
-0.04282592952720846
-0.0043880943465356105
-0.007256396571714999
-0.009533690397634863
-0.010991007527050152
0.0007176744568017763
0.0006783472262121949
-0.04847076808054173
0.007251471445561818
0.0016823791363389693
0.008105467187624756
0.018975524661498565
0.0173644477373764
0.010534468120182133
0.015236833008900608
0.013465050914973065
0.005039559142455475
0.009021017533467533
0.026224663345250736
0.021460224774140172
-0.0010893363912165045
0.01799295051526579
0.016665409569291613
0.015364339239799954
0.018621448068100715
0.00037722621739671167
-0.010672635696539293
0.028832302924766073
-0.04758059790723612
0.026758556370556286
-0.004419750933163017
-0.0006067200785655713
0.011271760197066315
0.015030783641212927
0.014225478403676635
0.014479012133387734
0.01207217557089985
0.0026038996207530395
0.008161623143764746
0.005240321525989615
0.00117236061609546
-0.002720588753023814
-0.0030950986799821644
-0.0032453391563752793
-0.0008435851981939964
-0.033329186841126984
0.0007179968928210728
-0.0039221526650790785
-0.0050759645586348
-0.006083344850578846
-0.0046967948279904624
-0.004930710348176365
-0.004887397735065302
-0.004897806944860289
-0.005034267267865962
-0.00480808814834813
-0.004176843565959934
-0.00243228832351878
-0.004363336239180707
-0.004113915565789449
-0.0012821634730438825
-0.013410087733787985
0.0006822699104815751
-0.0029070650960019936
-0.0022727471837328235
-0.003578994333228638
-0.0037744282858612364
-0.003164429709123699
0.00455618746141114
0.00022766072033216336
0.0032752986062267193
0.00351947881378774
-0.0014953141000788941
-0.0028404647811374516
-0.0027425652948198367
-0.002648360979535442
-0.002684441729969538
-0.0031036963415698266
-0.006299320216829736
-0.017270585376300628
-0.038457237573111897
0.0011545359135007357
0.01982233341110743
0.042194351027908965
-0.03727128872313085
-0.01109927350331905
-0.00904191007772104
-0.003009532487255467
-8.24710309166401e-05
0.0023429007759937543
0.004689672372076522
0.007980592056332725
0.017036967617946375
0.01507076364228824
0.01882946489665948
0.02403121038405267
0.01612421974046875
0.0011582544207758055
-0.012125698179156888
-0.023176204097797692
0.01969594926734983
-0.016307626350254203
-0.011268702283296506
0.004067985451742233
0.017218810100886398
0.021120026836849992
0.024647328139018383
0.02494401836589053
0.014934945537145744
0.0076443328934810515
0.00592586220456519
0.005031774773269698
0.0033911854180428925
0.0020658309733023825
0.0041332967794471915
0.014721713323489812
0.0012086035219427192
-0.0007288344997809057
-0.0002769538444974675
-0.0002497870952736091
0.0033179851106809608
0.005909450084762164
0.003962915044806366
0.0011345431545417132
0.0008030723274550364
0.0025831861203215204
0.024186794573365974
0.003253349494916987
0.0003252325551320316
0.001286115421234341
0.017170336201378512
0.006904869496816592
0.018831359608504412
0.006050032156097494
0.005276880373278345
0.006135766972871517
0.035254481001911045
0.011815212333142047
0.013775853171650115
0.012983367704798692
0.0220725678667282
-0.011560595713999547
0.01965767736894423
0.007526951349764366
0.04484692798814683
0.0044256946535309654
0.0013209665010607181
0.0011041150782777045
0.0022127907813207625
0.00027267999347574385
0.0009606550886631225
0.000377393871289379
0.0004978469130374497
0.0007965238742723607
0.0016705816115081629
-0.02775548788202504
0.007085917430262871
0.0072231373256630965
0.00472529123280772
0.002870983233616307
0.0011799742274473163
0.0013794361101854683
0.011370742231459749
0.0018389531872776007
0.002505818584891599
0.0033586073882367435
0.004257328077346109
0.005844615637207045
0.008885513821692967
0.014858983271027063
0.022368595617695945
0.03529098913071055
0.01788129360800316
-0.03781085464867717
0.0032410999836819444
0.030987757647581854
0.01885055151456513
0.009833374538575607
0.004506141957717887
0.0013660307609807943
-0.0002986026712772219
0.004121115229074509
0.006260826139325694
-0.0008413240738619453
-0.004780674780222173
-0.005444000345392261
-0.0056701677215853195
-0.006466615618821237
-0.006701865045800395
-0.006550475515227222
-0.005926493160478027
-0.006286090143545363
-0.003917207511401906
-0.005409063984157753
-0.005903962634725778
-0.005313577471449103
-0.0044005606798154595
-0.0015742661317610879
-0.0018883832011015644
-0.0002954649910282227
0.0018564529639058854
0.004215776056445788
0.00679872752616871
0.009070073437317052
0.009856849826272449
0.0068570010460062
-0.0025096134272015506
-0.013076920070859435
-0.0034149442378325653
-0.05631375280551019
-0.02898428236488995
-0.0030266651785572263
-0.016958357910148575
-0.0035046696151880812
0.005451136552482403
0.006301391870207961
0.004672273647512433
0.003112688083407744
0.0020007060981905717
0.0016438111524906436
-2.3809266839454475e-05
-0.00476922481050032
-0.017837032397217057
-0.03878871746868391
-0.023484695636603343
0.02975967112589513
0.021803649213513288
-0.03668866125402068
-0.0311034147760218
-0.005260209841274919
0.012459362396518608
0.03200288630473624
0.02085119213069003
-0.044255525524582506
0.03981489415386889
0.03331531810523151
0.020639733400056672
0.01206587521747896
0.006635810893852133
0.008537155422956686
0.000203706688377183
-0.0026588711493200985
-0.004653240362316322
-0.006207596608474096
-0.007758732637407491
-0.009990015082748088
-0.014062517045694905
-0.01804370182861958
0.0004576859251409049
0.007073474202868989
-0.014563558314141275
-0.018606521514224376
-0.014074505064268317
-0.012084784891996065
-0.011456182053062987
-0.011056604851159113
-0.01054799311877255
-0.008511340107681235
-0.00505168428940251
-0.005346412924950119
-0.011644656376133615
-0.01773409687694429
-0.03522927095505748
-0.047921505344419364
0.016688418480151533
0.0784596456288608
0.05537969375154824
-0.03189561206266972
-0.020048878478818342
0.0013233550425235773
0.030713102061231193
0.01584973258967877
-0.0031699629365429948
-0.007113755136957883
-0.0018115584774204838
-0.03396265251269637
0.012765072625725772
-0.008800587543259391
-0.0030821463526424938
0.0050171789258413035
0.007216430162591907
0.0034298459615648195
-0.0008218870077571171
-0.004461964555714812
0.002017742353470089
-0.004693745272346386
-0.010940841703242287
-0.010512581827172136
-0.008339233708197192
-0.0024863925119189673
0.011822202157484906
0.030983453226183472
-0.07671764657274338
0.03323946938804402
0.014804298009446907
-0.0003558324041868798
-0.0061136802819888245
-0.009028809984867539
-0.011756902138800077
-0.01476491672185706
-0.01220883850294614
-0.008021608646398922
-0.012922220415720562
-0.009720291980930046
-0.01328034954970465
-0.012403269163925942
-0.012099386904039751
-0.008426997116221975
-0.010142497361146556
-0.011969636142236888
-0.008213512221980648
-0.002853177691674156
-0.005656718296909601
-0.0041862434084885365
-0.0004355516196662127
0.0002504643003631928
-0.0021253232328210235
-0.009806046423396417
-0.0019354135502201387
0.002294814711097956
-0.04363729531075324
0.020559572012492602
-0.01662806542813536
-0.0060190769688779405
0.0022926602868505986
0.007673636308249559
0.03808358458542075
0.003493329609716101
-0.0054572489654139055
-0.008873975833635998
-0.010328132854950564
-0.009853445826221711
-0.004607772902872519
-0.0037820091548442947
-0.001355728948816009
0.0011327150221346015
0.0023613675563482774
-0.0012898818581536207
-0.011883678972344033
-0.014551184410144162
-0.02674439991362826
-0.05310605689402937
-0.0031121698165884316
-0.015070719073595033
-0.004281588285286268
0.005925799246190868
0.008100493733749919
0.006449927342623063
0.002777232603791229
-0.00033086281509211725
-0.0029850207656562204
-0.004743097767078007
-0.006428347079763597
-0.007421073153214221
-0.00800376498592541
-0.008260160043981035
-0.007841120625202976
-0.004239904222054798
-0.0034092159747930975
-0.006965001415105884
-0.007091286043402682
-0.005464277878886613
-0.005701031938534313
-0.006124417654292638
-0.004191135174215622
-0.0014042825248763195
-0.003486602152955121
-0.0004241747339431501
0.008508048786065297
-0.0014111125815153569
-0.0031512246725320914
-0.0032594860489607615
3.089738102968194e-05
-0.002986300882962404
-0.003010407703931437
-0.0026399366006799735
-0.0006678486250107506
-3.101036719566883e-05
-0.0017508622257591557
-0.005513713638368949
-0.0017848170385204587
-0.0003437171311040662
0.005943259615996817
0.006903621338621617
0.0028562221198163277
0.0016157227642621542
-0.0032757551258534106
-0.02077348908159926
-0.0590323567368631
-0.059616587624849664
0.013882625066263518
0.020713034300885298
-0.07321807085335516
0.0073647333838777205
0.0008000624276700513
0.0035492427807869613
0.0066942047496929185
0.005110747821262945
0.0033250148746321907
0.004439965671494829
0.0032053752521101217
-0.00024975245066794226
-0.003132837681828881
-0.003902480041926983
-0.007136256332565457
-0.00587128007336822
-0.0165213929462679
-0.007301758832309585
-0.009334220583441036
0.0014530961926826856
-0.027776831190307303
-0.01410332654918408
-0.0008029247592643675
0.004276989278614813
0.00460721656761783
0.004148007702201616
0.004424636158760749
0.007369486863940982
-0.004755612718661366
0.01341545517277601
0.020268464002884394
0.009757056953345038
0.007918906958559443
0.009890481373519331
0.01112305596257907
0.013196237617615507
0.01585896146754435
0.018468420733556545
0.020067102500465932
0.02175327302704175
0.01447795965482945
0.00031415481247426953
0.016865390330653658
0.03845883200125814
-0.061574397182339355
0.059457998072697436
-0.01686908993018692
-0.008022803284380965
0.009202680014349339
0.017327936507470987
0.01954247300604864
0.019000974168333934
0.019536403370714352
0.020329901821402655
0.018801140483605365
0.01176762918076473
0.010045510996314622
0.013207787294911066
0.01132503761374402
0.006567753812688389
0.004137439368295026
0.0021587088248672197
0.0037521193610963173
0.0034603042035368566
0.0027097838522050994
0.0031009219977443095
0.009754994283860239
0.007700560094711278
0.004982690669622699
0.0023393585827387034
0.002838087998922944
0.0022225288203179
0.0017329978197428016
0.0009285186182347694
-0.00041626843244154706
-0.00035685069015122146
-0.00176825797150036
0.0013263949427933471
0.00736066057573106
0.008200468779165087
0.0053074108169522665
0.004521078074980755
0.0048816387187599715
0.006881927292596388
0.0057049196991248025
0.005957637209131899
0.006650154522466527
0.007271918096244345
0.006350329290418851
0.007288923934651088
0.009518685755803214
0.009999130590691442
0.011768452533163106
0.008707525360424505
0.008392205362681815
0.009225493043828222
0.008829246301597652
0.009002653688900162
0.009277518514163393
0.01193193104786537
0.011839160175664347
0.010886881224375627
0.011153292342630326
0.015311503111004673
0.015264829063320724
0.009213480428237086
0.00725863435017617
0.010229468224461823
0.008465849720158982
0.005180071894865897
0.004625513851176496
0.004696433762046818
0.008424489412422005
0.011293939823680092
0.005803336199751615
0.002064239001978484
0.008698787287491053
0.009169353431833891
0.012378284003191738
0.01786854687692048
0.043837402837058254
0.012172051654983924
-0.002722887196568229
-0.004643139844500141
0.0014942317316398832
0.00780374823425992
0.00885062199795154
0.016060059228020063
0.037676998706713045
0.019147288096762187
-0.0009550359931261036
0.013296477175828172
-0.014970198934868659
-0.07716478764201662
0.03647888398904103
-0.011323657897449897
-0.009232916464760278
-0.004758224177058227
-0.0010385109614569688
-0.0076881745522429
0.003496537421291482
-0.012866012503223475
-0.01406034487025138
-0.013746892510591717
-0.011660637738424743
-0.011580738133848786
-0.012178522389051517
-0.011929717765648992
-0.010979449735723885
-0.009722787201246315
-0.008250842078467172
-0.006645123581796043
-0.0030194199406856476
-0.0010472640121344666
0.020209993903588495
0.0005211558342553213
0.0007274195945138335
0.003873306951232717
0.003338752162598211
0.0007063255355041479
-0.008928359618671729
-0.020922077855102274
0.016874716151223355
0.023893128881094815
-0.01200114736338536
-0.016719414114947127
0.040881585049405415
0.00789586946852392
0.00971455094157779
0.010552287275570324
0.011991336401348425
0.011814420836189683
0.011854282049026095
0.011586952343876982
0.011039135199947304
0.01126730557895987
0.011668025845867102
0.012460254504285397
0.015579709756172875
0.0426590755017032
0.015776525335347708
0.015100638333091974
0.015688338065760105
0.015760883480255932
0.013193438304127916
0.005888941809244133
-0.009931012216055836
-0.029433908980938894
-0.06325050161632158
-0.0957237889210136
-0.04633871362917559
-0.02653341300421827
-0.009472350529297503
0.00175641403126262
0.0078115395023277915
0.01257217183467031
0.012780888859550818
0.007792399073414207
0.004471833675752855
0.002435455337188158
0.0009713539261116394
1.4272253890964466e-05
-0.0006793836126281022
0.00026802887819536855
-0.008840197640429353
-0.0007430621673334774
-0.0029115807384206545
-0.003470170527151768
-0.002616583909719107
-0.004095326163985939
-0.009777870771968941
-0.006472938082267016
-0.009941122949435624
-0.0019356823863084117
-0.006189073188045399
0.001684928426788628
0.013860987519324009
0.010168490488959434
0.0015117459402957407
-0.0058730807550538
-0.004270025519306512
-0.005361466469903665
-0.006080133831692947
-0.00651639886272035
-0.006798868915112892
-0.007019914436455883
-0.0071683835559420645
-0.008096040566787184
-0.005982937712532413
-0.0407377370830928
-0.005684658106450112
-0.008532440735525403
-0.007603580428618846
-0.006501829367792558
-0.005276453951556401
-0.009532175692924628
-0.005229576822786139
-0.004827967420657218
-0.0010834856876961573
-0.005336920906164541
-0.0030299063399796323
-0.003653155823061044
-0.003773120823532353
-0.004870858661929047
-0.0026822451413930234
-0.00880146890946453
-0.0440539527741833
-0.0566294323606837
-0.04849650018070789
-0.015951550950662842
-6.944465919115672e-05
0.0031118913058619407
0.002056459883390205
0.0022325412824701937
-0.03574931586184998
0.0021141286824501
0.0010867206194515107
0.0019339880465834179
0.003357726991471097
0.004246348960671363
0.0019256456584469423
-0.010648384895909645
-0.030588468831722965
0.01806068806940371
-0.02792609293064787
0.012705665601799115
-0.031837197920133856
-0.011506339692867953
0.00016203118998956326
0.0019898911943184235
0.001440052358622594
-0.0023462271390914413
-0.0009104038490544298
-0.0017407900966795538
-0.0021209450226107275
-0.0022021602540287337
-0.0019594480954899488
-0.0016704099430850455
0.00046241217063175313
0.014251362455145225
0.0024731592499307757
0.0007950651828085542
-0.0008153392213822368
-0.0009454277833590381
-0.0009231293561519602
-0.0006730301715109422
0.0037923654250634413
0.00017418473346968342
0.002709824599815939
0.04664676443962864
0.0025234713705626416
0.0006332455316616067
0.0002865913860982388
-0.0007984786999832826
-0.004126320716610074
-0.0027607266886743374
0.01630975457277451
0.016058250886977796
-0.005511999276582613
-0.0005004518652251786
0.003712371758716715
0.012300960255174506
0.017537866434882556
0.04026255703834775
0.023767511270387048
0.006928703211506188
0.0018054518213388832
0.0006854296348787624
0.00032953305389350616
0.00018232170369699883
0.0005174680953978477
0.0014213349259436896
0.003460657948533345
0.008675835619148755
0.03743430907965807
0.00944072951122584
0.004166817608965335
0.0033106063177421458
0.004277203605175
0.0029617558488633424
-0.0018855930162493756
-0.012467888573114507
-0.02068210608942326
0.006928263908969284
-0.06028502434430122
0.012075858478789916
-0.014646822032184585
-0.022777785680698815
-0.006876698408110138
-0.0005358417719824614
-0.0015223972295723132
-0.00232692945285779
-0.003436522149088045
-0.004466229402609858
-0.0051985225138880525
-0.006217695949786287
-0.0067695500920779295
-0.00699932908770894
-0.006585929966956809
-0.0025959193333224273
-0.005501540916491989
-0.007311820685195387
-0.007340917721969146
-0.0072962764258697795
-0.007764187612177743
-0.00811830138474938
-0.007872564578536387
-0.0005148897421942072
-0.002573587757140644
-0.00815913068794197
-0.00808454789125097
-0.007945944937150336
-0.009088062737588862
-0.011107973114456325
-0.011846543610599985
0.009188206158622779
0.013056574951290307
-0.01190606709464026
-0.012212198890414796
-0.008244882143182372
-0.006545168928337161
-0.005828001611329793
-0.005217239348070929
-0.004087400852794573
0.004539864646375519
0.0029387647800394553
0.0050554340581703055
0.00011497546217099924
-0.0006961659304435316
-0.001118175691992469
-0.0022829707359839162
-0.0010121999126195937
0.0001797178951922063
0.0011265121203194034
0.001538869114870761
0.0022489618518218993
0.0033204048578685382
0.008789852853211162
0.010427334855179904
-0.0031058541537958154
-0.021269904971339047
-0.028161964781192657
0.028012659805653695
0.1714629902611679
0.05059355587730608
-0.018851313919804685
-0.0059711264334815885
0.012565651342220025
0.011570118198154167
-0.0034753324894254227
-0.014544977045805837
-0.013034432068584137
0.020501695683096163
-0.006568135996125353
-0.018966528966735282
-0.004968828513007275
0.009880524871576339
0.014760791805121125
0.014035858651014919
0.010902154447862961
0.007679822570628211
0.004696046696885825
0.0020955953727861717
0.0006736640626130631
-0.0018961047595751383
-0.003358842243326997
-0.003845529028546842
-0.004917450812511671
-0.006137864773895789
-0.006730540566076875
-0.006956115850021522
-0.00738850805816037
-0.0075181286446634465
-0.00761719944398423
-0.00683993405650016
-0.005692941116122748
-0.006895727753782366
-0.007479893955320208
-0.007357029769873654
-0.007046927337987246
-0.006732999007320602
-0.006281414707729161
-0.005375791177479573
-0.0006654779317278241
-0.004333508308881684
-0.0037442192557986956
-0.002746802631054302
-0.0011344329649650674
4.348423155227799e-05
0.0014411570711781868
0.00331172449590048
0.005323068285537949
0.007080498412465492
0.007649078519836046
0.005137812565748666
-0.0034356963162687623
-0.021408281472482082
-0.023993475920045502
-0.004220171239035909
-0.02248927579223365
-0.005361583916290557
-0.02776713233752122
-0.01100335708802324
0.002112874605167761
0.0077307243649543346
0.008745816428899225
0.00763319891913016
0.005897386311947364
0.00860554066603405
0.0023177834940287688
0.000522921044262562
-0.0008061590004993255
0.002986147473728071
-0.002760301679432083
-0.003824642934278421
-0.00470379448381077
-0.0053603511865462465
-0.005933192709694684
-0.006366643071289206
-0.0065585180375833255
-0.006301603417291014
-0.0043751880534983086
-0.004597913015680453
-0.007441308852308339
-0.007725906837858898
-0.005860608049578109
-0.009887840098543958
-0.009766668812340246
-0.008184134176955012
-0.010097770983488354
-0.008293511302567844
-0.0029785340901344894
0.010763926149804082
-0.022420580129011044
0.021903055778533336
0.013682983176608909
0.019416703866490557
-0.0009500679371584112
-0.009140437335981506
-0.01366626501785586
-0.02118104962693375
-0.03494264527064902
-0.04045232974218465
0.03237614679149602
-0.061214411337201416
0.05210377325322189
-0.030953913849301476
-0.032842498203242275
0.002216411862097199
-0.01162108814737984
-0.017642025204372185
-0.01231126574656962
-0.01148144484354145
-0.01007615745539578
-0.009277733074050538
-0.013195072115498675
-0.013105013684875462
-0.010930418741805092
-0.005926871659526598
-0.006813858281483056
-0.009185031292918824
0.0002461642559143143
-0.008756505324089921
-0.008566610507433273
-0.00786251328335882
-0.006355709699160695
-0.00517963469646344
-0.004489394041412965
-0.003545797697456423
-0.0030098009865578215
-0.0027912287139085085
-0.0034229760450504355
-0.005892087164555091
-0.012310368209563495
-0.0237878675538724
-0.01907607455835208
0.057609513053083504
-0.020698568407017334
0.05895081370064935
-0.00824466170120134
0.09235358810326329
0.003945360299713927
-0.017804547436700655
-0.007186241396983607
0.001377513400351423
0.0032302604237365268
0.006533886871988353
0.010707585150367382
0.016048036443294396
0.024566833467831076
0.03737895286470703
0.05058070274646879
0.06450075108892629
0.0527714090024231
0.034442171351379704
0.007133261249981225
0.030369386991249598
0.028753297487639308
0.00046059385056691624
0.002828501137245041
0.00023860519662801552
0.0016005188715286327
0.0032892946229624025
0.004737974226469497
0.004138590894904832
0.003372777209164349
0.002544741006496892
0.0022665944927344702
0.004862606364613271
0.00702787224844081
0.0032522823515650336
0.0007012338130289108
0.0001678998435066136
0.00013167225120498202
0.0007921496643259347
0.004624973106544296
0.005873026440226883
0.0013595255146577766
5.111672198826386e-05
-0.000806089542049531
-0.0027805082917376745
-0.0035090579165694643
-0.003600201593150225
-0.0014992239276562487
-0.00012116456927052842
0.0019688989273030063
0.0014116732258587163
-0.0006713206437584473
-0.0011404425906284715
-0.001479942192285849
-0.0012465487088808265
-8.245558915378455e-06
0.011625282380827552
-0.0009501686163568805
0.007044507755191541
-0.00488595659232148
-0.0067233822887033555
-0.008054747787589684
-0.008783194455976525
-0.0078433917426988
-0.00798864993149366
0.0002631150924864364
-0.008055856469378253
-0.006938869641730688
-0.004764050986378911
-0.0027142088118958076
-0.0031083601834283043
-0.007606804943485861
0.005873066932153097
0.032217645220827366
-0.09430518412643167
0.03906155088524921
0.02518197070796543
0.004976407095996676
0.0025254698205104857
-0.0007002528102492165
-0.004069842735744201
-0.00491394619832591
-0.0067116717367151565
0.01807491993268368
-0.010412093668174045
-0.01468360860522734
-0.01059896698689329
-0.0034459629929352122
-0.018607407269480594
-0.01276035873428626
0.020585498903443352
0.00907662220367666
-0.020048782762224892
-0.005631283506621674
-0.004062268641117436
-0.005953361252277565
-0.00851937683634996
-0.013353663803087445
-0.019056040342808025
-0.019075279227282232
-0.016265561550071892
-0.018566653009383195
-0.024466051323149555
-0.010577132864037404
-0.008126613070114783
0.003802339767887271
-0.007835081466522389
-0.008108250726987816
0.008419537661126384
-0.007626880676076918
-0.009427773143754906
-0.010767278912564076
-0.01016550831881835
-0.010211460802127746
-0.00996916861273278
-0.005429709404336717
-0.006562734156059839
-0.005687270895248705
-0.003349953956907047
-0.0005694778599301045
0.001556842400072167
0.000521343399849356
-0.0066326238879473596
-0.004720771978185192
-0.0031117498903862834
-0.08455635910264558
-0.02586173783546171
-0.008557104997988015
-0.012351941570669163
-0.0009182405038469768
0.0031416105161505403
0.000809706564791664
-0.002032626343306145
-0.0024211719584105573
-0.00646627835294552
-0.007913289590375629
-0.00497179119772146
-0.0077487839312012745
-0.008829689731530348
-0.00829403002308175
-0.004720599630664446
-0.005146795426487517
-0.007492420463960193
-0.007389806998778258
-0.006860353198477054
-0.0063899219621828
-0.005830322848540607
-0.003241501407439326
0.000716143299078553
0.008096146165300864
0.027057986625553233
0.01712130029613391
0.0066781928890523035
0.003520755014051967
-0.004370977969665384
-0.00885435448232206
-0.01027780516294554
-0.006356085092393817
-0.006674912075126919
-0.0004124551208083755
0.004992276234015107
0.01772133736109949
0.03052326200870635
0.020600633862363573
0.008077234308846026
0.006506179597276239
0.00375759883956456
-0.001002481213781654
-0.0034685502662058234
-0.00808643455687241
-0.014229138689001412
-0.00917886140931357
-0.0082347878968677
-0.008513580674851032
0.0009855464281230083
0.03513662026306436
0.015915318142634215
0.004465135115006773
-0.0013925442470773908
-0.009818083646729238
-0.005850872179554681
-0.006194048739458147
-0.010360183880832112
-0.007790626688416432
-0.004958669567717407
-0.006573779405882764
-0.007952012213058066
-0.008206883373411899
-0.009807246349690935
-0.011249920581137787
-0.01656399666085115
-0.011971634736426989
-0.014556923840730901
-0.014486115396074412
-0.017877293543692722
-0.010431625121038202
-0.007068469961650449
0.001637603804152332
-0.007717841963517777
-0.009373873853377209
-0.01078892539399649
-0.009075148011075413
-0.008904633592126648
-0.007128946335028012
-0.005909011261941388
-0.005366197755778607
-0.004762545748250962
