-7.805907925543333e-05
-0.06829939869218456
0.13034100141475646
0.013528935782853056
-0.06354352289022716
-0.028521541490926058
0.009343729421076788
0.021831061588011548
0.027061011819332376
0.028998263523086532
-0.07924612487956093
-0.023060028320854537
0.04345585720906441
0.03442394697688229
0.0027205882889904604
-0.0171318062914791
-0.02222812923729478
-0.02026700595043024
-0.0026165582734556606
0.03890964389688113
0.027448248106007413
-0.05036351833693903
0.003887675432026333
0.03704344826568784
-0.04041536214410349
0.038234451524881696
-0.011041550487945558
-0.04347172129298319
-0.01501499759066103
0.018493132943738628
0.01306510674781091
0.020832492016484492
0.027640478107035106
0.0155942753653808
-0.0007781383977890166
-0.017886243022978168
0.041218125233190975
-0.04099798793688035
-0.05520838808090144
-0.0209919345570783
-0.005130581339181407
0.007401591416270426
0.011987432616862814
0.00011717715779382833
0.002679896752037411
0.012681301133317889
0.010846937942163666
0.0026784981533847564
0.0054538646730821665
0.03457827503302602
0.039241289863044246
-0.08876791728222923
0.011283371765211127
-0.0016169802539397894
-0.04083567790520378
-0.07723566457802834
0.006650997139036566
-0.024757806189512052
0.048928053908807716
-0.04809033044966494
-0.013268509780659191
0.008162309477992825
0.01035014174028338
-0.005756889337487276
0.07104860361326203
-0.039592149277763264
0.07551370403244244
0.03666031824769794
-0.050010771885043666
-0.006379214483805768
0.01348988533399672
0.009681771802683396
0.0032966207920539195
-0.0009272276407163983
-0.0014880424493952324
-0.007538216725734864
-0.045284253489307424
-0.03528690637356776
0.03658264669862948
0.11452891569454492
-0.014119972666052407
-0.0881404880433912
0.02118116334332378
0.028761365930436683
0.011865855918877236
0.0005710146929483667
-0.0024622497261447985
-0.010927003684361353
-0.04390664716445932
-0.011578621103131593
-0.005355083984552241
-0.0031858876798273638
-0.004340661707203217
-0.01016968555923449
0.03738019618354905
0.0038109535039040706
0.043286384383182656
0.017486321693771276
0.01979913438653295
0.012710521994500157
-0.006412048898486078
-0.03557692841662673
0.00770514268382896
-0.03947046716637059
-0.021867288090982085
-0.017206620421181738
-0.004317210242414574
0.008317305350676393
0.022655417021556278
0.020678845312749657
-0.009805995411304986
-0.007081940414324369
0.053334122235695364
0.048593932030244376
-0.044542463109832765
-0.01418684752735573
-0.16395716773573338
-0.09253042076796729
-0.018003669005975585
0.011574520928654044
0.05043104437892833
0.18233071705049805
0.062391769306759416
-0.012863411083819951
0.002984398788112938
-0.07100292765202762
-0.0014315818252680836
0.03240291243189004
0.014845013053636495
-0.007509020900458066
-0.012199511318489597
-0.03004773004434066
-0.008296251629335
-0.006619023259048691
0.010109575327661715
0.01623719199702918
0.02297606941793716
-0.018971766442316535
-0.012569729215329355
-0.011152998443619805
0.04283517353328542
0.04343140398315229
0.04544075154643298
-0.009227384398767274
-0.058453193615864124
-0.1207865123733176
0.036090062942405216
0.03131124761374183
0.026181197547345308
0.010591758926776941
0.014775186920274274
-0.01957376249148932
-0.0076346595136274
0.0030527304501211496
0.0024840873545485145
0.00014752394407056832
-0.023582630140479403
-0.004811476534839713
-0.005907744725545251
-0.007775633108481329
-0.009222929492511977
-0.00971369477225257
-0.008560906138390787
-0.0059960481239660175
0.005587267387315034
0.13501521269379035
0.06625429818403915
0.0015853879743308952
-0.019541432705232505
-0.02840354291179283
-0.03995788993177871
-0.05042556402676183
-0.05285585009138463
-0.04971845446436878
-0.04394214658714376
-0.022336694352019508
0.0031957104234880663
0.0029065247002976334
0.018966552757383286
0.02821167690876972
0.01790428552131307
-0.014858367460765102
-0.06194484124190351
-0.00621942243563508
-0.0569829864957363
-0.06001953627719913
-0.0017681539860003612
0.028720449363529868
0.03377830000207928
0.025292693460211107
0.01137523733821467
-0.0005917343461300325
-0.00648373106465318
-0.0013727542327636694
0.006487518277583266
0.03339015079799313
0.03069799899381575
0.011171333647307928
0.0051153961037679685
0.006018846030220299
0.019704035323093484
-0.03695613581715822
0.05502844099775384
0.06973464236938817
0.07510665451333172
0.0488640970072893
0.0030338512986890043
0.012827362521080365
0.016310633404581987
0.013023339803674901
-0.00921505771196248
-0.048256998971624644
-0.01927595037946219
-0.023868834558965945
-0.020597941770263077
0.06454324096426055
-0.0232131079749816
-0.030299488678118672
-0.038219819088651845
-0.03270707389983116
-0.030673507107670486
-0.025707254064824686
-0.017458694032957457
-0.004984743167753202
0.008583560031139744
0.013488330921220608
-0.11512441765965528
0.012596229047782691
0.012823071229176313
0.0014215459591466893
-0.001858553839313152
0.0008462799182749987
0.015133567016580165
0.011019634738531067
0.04016237817390009
-0.004973993975093129
0.04087007778854862
-0.03235527451823369
0.010603792421749886
-0.004020783505218372
-0.07772458520717329
0.004727407509777894
-0.016693762613591477
0.02452623902433983
-0.02580141681874792
0.014854971028525182
0.004119112328156443
0.0024490930719906264
-0.014756450255952047
0.016599461282370248
-0.029295943025152937
-0.060957056389659585
-0.006226474272768211
0.007009427933308522
0.008312457878916497
-0.008309060346021562
0.012943545074904384
0.016840966945584897
-0.008862462234431642
-0.00681201864657318
0.019281671815629776
0.012766921386186113
0.012202972316721315
-0.06859453794039407
-0.02571528145796283
-0.038539336922141926
0.02887202301323938
-0.009086754488809556
0.03452303571483503
0.028768835663367194
0.024069763719851315
0.01142690634272989
0.01825609785621424
0.006950299290476189
0.0224754054323662
0.016442474362443657
-0.010694243182556296
-0.05536013779304744
0.017827904462261204
0.019922029199763554
-0.00936197994762307
0.05418679770538289
0.014193510801981838
-0.02163576314373674
0.017548665526800275
0.018183526694892697
0.042099835489190884
0.012661968578095038
0.03015677982045621
-0.015565987822879292
0.0259517031791706
0.02174866375520541
0.02350200192857199
-0.057793639787992034
0.023761185959478136
0.02517790060935424
0.024359294528708837
0.019047932958755294
0.031760941253981406
0.029443503553576063
0.017225498814702395
-0.004740185038916961
0.001459516059933732
-0.04546217952493604
0.019346889839519706
-0.012633995923859888
0.005747726644322889
0.00247345885512191
-0.0016078481863692521
-0.006398761400256065
-0.012369649004420839
-0.011573453291108503
-0.01471135723154509
-0.018248034354092668
-0.02165620691600947
-0.01907014629035938
0.037743009165769545
-0.024809989211352117
-0.030263273757088552
-0.02533858416947246
-0.001260202276047266
-0.023371398912879066
0.016835575106486356
0.0022404655930703273
-0.015737236244926317
0.09729411181636564
0.004858366649417434
-0.01035083238658845
0.007779671804888021
0.016147072255790738
0.01236814910783884
0.009208929791223069
0.009526287563215765
0.024600493638162992
0.0030913698495692843
-0.0046927992488673565
-0.012643103827025602
-0.015015189016417756
-0.015173655802341528
-0.015615131928931545
-0.015652103222599557
-0.015070930753459562
-0.01438495733084744
-0.017594560827226116
-0.017521487731957573
-0.03924890914537452
-0.012943434665136441
-0.011749968137489863
-0.0098017497159368
-0.014697604377370254
-0.009966416614545564
-0.00199728717785793
-0.026356451453885866
-0.012915926622462845
-0.001805505411624842
0.010166097723522397
-0.0030272439255897743
-0.007537823917054365
0.00098504777864492
0.01840914881149003
-0.0048517942611930286
0.0006666593355570905
0.005729450766274145
0.004326114947564561
0.0034940347235224646
0.026108791590251146
0.06894033434317683
0.09689086971488824
-0.09107118214568745
-0.023460125157600535
0.036077670927778326
-0.020680701035620797
0.006992748922349279
0.009491727599512481
0.00792045585026845
-0.0055113111189419375
-1.1008492866996073e-05
-0.012581469363174105
-0.018530157457106417
0.01943874015886564
-0.0324896955424047
0.0012569730119780266
-0.03716874985151578
-0.03960544730565635
-0.019326573824974918
-0.0006678981005446452
0.008748801701918397
0.004360850153455832
0.00919501043611764
0.006963344797571592
0.015526250170099391
0.017241839432860437
0.0029355501463888566
0.0031518716432036194
0.001900593552399927
0.009386928108610698
-0.004673616370604003
0.007814862015955309
0.0019516046916693685
0.007321800561811577
0.0030970661250156
-0.0012778200871945047
-0.03943960142681512
-0.01898930533012046
0.0033661799515974458
0.007701023251610453
0.006965076020644145
0.004952218983420122
-0.0018714902231998286
-0.007632042662338485
0.007491382757889806
0.007982604672951032
0.0038592333952922235
-0.039120227247369736
-0.024349535957794034
-0.030675740961901666
0.0003222897292550828
0.004666610985805354
0.0008932164136003369
-0.007214120987881854
-0.025952884735106794
-0.012590870202248408
-0.022409888847736894
-0.08269409181860564
0.014182450891763813
-0.012105058161500305
0.01635744540368697
0.06965012385381437
0.024226134835916072
-0.0073766519902887465
-0.03518981410481084
-0.01811393630265413
0.0012855225087634737
-0.0034390728356570484
-0.0011276205844773838
-0.002490258312006249
0.000720041216783035
-0.010715357662501448
-0.04955146638512019
-0.04513272112653784
-0.021142551580027636
-0.0336394211403015
-0.042661963596421326
0.016523570034308415
-0.0034886414722451273
-0.0032105773525126446
0.03180822348252528
0.014146075653194631
0.004676363508565984
-0.0008228286413618405
0.014630925358538325
0.007800022666101922
0.01747668766189885
0.0005416147252343789
-0.0007243156811705336
-0.0013082667979052497
0.0017052416962916952
-0.00035439669820497164
0.0014275721279582996
0.003451846457289305
0.002480247029939598
0.004691393785043912
0.006405059038681409
-0.0037831674905716454
0.017732224076733152
0.00971196891175154
0.012484834251996738
0.016883950591360934
0.02571266892603621
0.011854516606565358
-0.025915207777238058
0.08124503537996583
0.005662682141966895
-0.0007277598087157978
0.023770576567358145
0.027560982096823696
-0.04929081338658176
0.04189502436855908
0.02127971970892886
0.012320531921713111
-0.023689073680071636
-0.011383078871256483
-0.01938740568904597
-0.005606210356368914
0.008605983970824505
0.04112244027302049
0.05527115893858222
-0.03172277798267992
0.040550691521477694
-0.07463097940854438
0.045625578922968764
0.04133705154865838
0.027142661965182956
0.019156504823600092
0.014788143344483685
0.012629127902093272
-0.024552879817874573
0.0044897672865714085
-0.023850862914444774
0.01216325638022708
0.004295402309601252
0.002776706032682096
0.012259880582278015
0.01847680897554245
0.01849340931516744
0.01122705056850071
0.005068988339199267
0.007995219385829368
0.018979393433191435
-0.0022021970676107117
-0.0013910582709847949
0.003837826390155403
0.004501055667647675
0.0022626001548105663
0.0017324117151522062
-0.017402791652043944
0.003368623576539542
0.006971045598265687
0.00623644010735413
0.007196999579010278
0.011185123876408392
0.009766913158268749
-0.014891005458761588
0.015959003222437727
0.008067024424638343
0.004700501492901877
0.003189094072034282
0.006460241208616529
0.0047651635941963295
0.0030950992691163846
0.003645380638696289
0.0032447808722519873
0.0010894488619951246
0.0009777468038546266
0.0029140732965600375
0.0010980522370643135
0.003665538225591529
0.00035457699105090183
0.0005615990766063032
0.001490970468786881
0.0006991690497330054
-3.9797615738216326e-05
-0.00022712125928155025
-7.162157713914959e-05
0.000264963806373227
-0.000277069839067075
-0.00404044978174861
-0.021431677513177375
-0.039468534709952305
-0.0034410045702892495
-0.0013100001386713658
0.004878513956727118
-0.0012947160723233277
-0.000216005254712511
-0.005115671918067717
-0.02967564138017432
-0.017299014213146453
0.01505765409912815
0.0154512094730895
0.003125674216369853
0.00818390895795889
-0.0027534892798704367
-0.007378012209159604
-0.007614211848925355
-0.006413127841958055
-0.004861379395410637
-0.0019238071293676928
0.0011866688983466268
-0.0020837497983183808
-0.0015384442816930826
-0.0033049719554431077
0.005972169992491135
3.7430134178462014e-05
0.0025988939957472773
0.0005077376491878429
0.0002998661033012979
0.0013519387230390924
0.002266104847952297
0.002551418338473054
0.0007755577463258804
0.0008337849789907492
0.0011611048316221033
-0.0006702015325859155
0.0025882597570847502
0.0018307235068320766
0.000371233584757241
8.657567276575132e-05
-6.0399489741192826e-05
-0.00019629283173282536
0.0013483988311776085
0.0018113377259884513
-0.01944467427658356
0.002338208436501873
0.0044493304058880025
0.0032096539586652056
-0.02435607463901985
0.0031752678854942555
0.002465050840226587
0.0014704449834358362
-0.0024923115025350124
-0.05414494870403045
0.0008926348019239038
0.006042542287814056
0.007349064699789295
0.0022637195760376507
0.0011618344555371155
0.0004189458536479688
0.0018583529930910143
0.004462136352182122
0.0063147805453699826
0.020985986345421575
0.009348292160972244
0.006288048568835075
0.003384418597522963
0.0018131442544016476
0.00435497339700516
0.001657790400121107
0.004817967925834625
0.011358933524138961
0.024493209339954754
0.032222978768898125
-0.012903733468551575
0.021778610237336047
0.012889884336570286
0.005007205338288815
0.006698045140634755
0.00722979835479334
0.007349888367470919
0.015383175388331706
0.004983417069100764
0.006729552696454059
0.007241803451297498
0.015374399469618346
0.0070720274290501685
0.005409336241666448
0.0029437074960569276
0.0020344221096571797
0.0009506455815140922
0.002217579731502079
-0.004062314434790132
0.015700850439911256
0.0015408028326049216
0.006353551838004239
0.0018691792256058904
0.0040406481228800716
-0.0056917256218653066
0.0036900867908074694
0.0058069651056240415
0.004261607378472339
0.0053182645760071765
0.008273466020022805
0.013147195677436664
0.016722287201966553
0.012260591395898556
0.0329875848659519
-0.003109102650891135
0.008157195771110844
-0.0150944054745523
-0.0174444273873477
-0.02865731151120104
-0.019500316400474966
-0.020903281941837097
-0.020146576594995455
-0.014289166364170136
-0.012042079412388192
-0.009427238682129524
-0.00035340567788608087
-0.006336833874490635
-0.005245576701057359
-0.007358638274036353
0.01640791926081659
-0.0044971612638048655
0.002169965159596948
-0.0014581261375779624
0.008765285599602851
-0.009700599452830657
-0.01792452439821629
-0.004032860177667715
-0.01664350538401219
-0.011563963922119867
-0.012537706202706647
-0.012943398666948507
-0.013514058566123954
-0.015395652210412118
-0.011447750208126436
-0.014696238370660619
-0.014193028604454427
-0.01454402909683034
-0.014016227091615593
-0.013107007262066475
-0.012508018730400075
-0.007794742038464468
-0.017130860652798216
-0.00542607886245222
-0.004273614048846437
0.0033887083632680353
0.00722020544303766
-0.0065390146782689125
-0.007534705082725091
-0.022748776022500576
-0.003625752495427024
0.016250970057627635
-0.001646177862569166
0.016762248999062056
-0.0018729318475242756
-0.0018832730569635452
-0.0010405832248519874
-0.0010612763016846956
0.007399030785694174
0.004553695780623037
0.009409365517551352
0.012698669535404827
0.019993374450531533
0.020875407361244443
-0.036483785845012724
0.1251617466547191
0.03226372283665294
-0.02083408681711334
0.020485793314617105
0.019056744344201078
0.022813569077536764
0.014342903419519902
0.011857779698835544
0.0072499997826058656
0.00890880263841081
0.007985907173065899
0.007351005651957799
0.009539525986313913
0.01279497405936089
0.00754083334796021
0.014036093310712724
0.013106417630237285
0.0039780656498336515
0.006014020944737691
0.00658236818313724
-0.00861221969182988
0.006158060971482514
0.005992598836798041
0.006101421321440544
0.006497552870657122
0.007783930479082865
0.006962149067986823
0.006850390326077951
0.006619424024152175
0.003140774162413474
-0.01094634177919407
0.0021020943899452875
0.010734924648921288
0.007829782532176437
0.007007145506850687
-0.01390071241091966
-0.0130909799790931
0.037608913699937005
0.03462570082457182
0.019566027378175005
0.01987081979714877
0.004060348527029992
-0.0011725821219841386
-0.0018191105412398998
4.873296655116468e-05
0.0024387777923621837
0.004551014909722805
0.006725322574236627
0.008672920139955208
0.011085007248200239
0.01565907284026018
0.019087352853663347
0.021598976134070257
0.02647891845370341
0.0304537770673002
0.02943781478861293
0.012821277298392221
-0.05333047544347021
-0.09765945253950728
0.0015953036139211493
-0.11784114396974514
-0.04877609690311633
-0.013609148123422897
0.0017413992022433488
0.009681052434854155
0.013887485364155343
0.013651739410842741
0.01189522837131732
0.009878934380054799
0.00920679192150513
0.007081985318386814
0.005797695047771677
0.0023528167474399547
0.00025208003831762773
-0.0007977383825726373
-0.0035491562092945035
-0.0008593522786389911
-0.005212281290065782
0.006985824686597284
-0.0066218892641005285
-0.006788188695693524
-0.010779583311147777
-0.008995805935186878
-0.010339784935784678
-0.0056194996684353704
-0.010544570086339248
-0.009867959928499025
-0.0097373332979003
-0.01526179018542006
-0.010736048234918584
-0.011150772615699892
-0.009047577291223399
-0.006328402360823219
-0.0051694760060831514
-0.009136518172183193
-0.013116269627838744
-0.024286282241195223
-0.015384522360841936
0.00031362856250764055
0.03279599221760897
-0.014297786453370119
-0.013811503337067741
-0.01406026372634616
-0.013988332948086673
-0.015751189855447056
-0.006461328103586352
-0.011653720368928682
-0.010027306966050286
-0.00800149933715074
-0.005257571840767887
-0.005502321797743201
-0.010029526896837122
-0.012857046998286704
-0.058099279298721336
-0.002623603008305776
-0.011003238573956953
0.0009558995974042907
0.016108213084006708
0.05658962910101996
0.018198259555679313
0.03187997216962185
0.028049985208785544
0.010152646307221342
-0.025747854914468186
-0.06572108806043268
-0.025113389734623175
-0.019845627535770845
-0.034968728841156815
0.036369131898564055
0.00663497468945079
0.011494170058709926
0.006066440317310323
0.0017191903324811123
0.003691303966231888
0.02626556890749841
0.00746589953733254
0.00016858218365303169
0.0013163417586828843
-0.0019680878263205583
0.0015675857281668773
0.005254165219991399
0.010664995449262816
0.01862222831356771
-0.05097248622388345
-0.00549473860625434
-0.03907163938676788
-0.029088584669447155
-0.004407541825459761
0.07300274663754139
0.005827234234394609
2.188089429745395e-06
0.019372761052780407
-0.003848813594485129
-0.0034174500487497736
0.005076748798286995
-0.0043704300848007105
-0.0042072398670215845
-0.0034885457448393287
-0.003206251932765954
-0.0004093928413879494
-0.0023293572383699546
-0.0007474136020607147
0.0007653668759239692
-0.004159322164474973
-0.000986913433395448
0.0024079578851219437
0.00656593579033488
0.009123054479321236
0.022955576884899728
0.010168341080868483
0.006889138136293794
0.0012021858630276868
0.01018839328742866
0.021300602014443018
0.0101079823285941
0.008728893406791375
0.008628274523469823
0.010842345383671922
0.0419497655970921
0.03503855760120778
0.05012248019448796
0.05829700085631515
0.017387012386299524
0.01080571527132282
0.0010536453957512896
0.007193657687171108
0.021152314797621575
0.010069300637620049
0.006853751323154494
0.009977065939142231
0.002694787912860989
-0.014713332344994121
0.00502652940538519
-0.0009635082360359813
0.0037843452354817796
-0.0019233931003622543
-0.018600988871853255
-0.02727425965522869
-0.027578569211856193
-0.02197950148328451
-0.034990147048156846
0.012594346517751353
-0.03548445006241462
-0.029271101189762935
-0.009867789192514766
-0.016064461569824783
-0.014070295392567522
-0.002056400193820406
-0.0017655737223472696
0.004476037375728302
0.01200771990762385
0.011417994916979585
0.008719884044575849
0.007735391826047308
0.006358055951072083
0.006837203386699355
0.0062287174254451695
0.008184501902637179
0.017375796433733208
0.0053357837428488035
0.002624851346337842
0.0004914105293796875
-0.0018679430748666666
-0.002993192626713295
-0.003893924794564587
-0.0032667851863548564
-0.005215625643290266
-0.005411735590642059
-0.00602309211799623
-0.005420398697405005
-0.0031045027687301176
-0.005170773140429607
-0.004130380996922181
-0.0022967884650431495
-0.0050694750567660245
-0.0007545533615007701
0.0027730971702378225
-0.0015306280836547984
-0.0029632760946934618
-0.004355354053180982
-0.001508971769869854
0.018099442077230056
0.00186379763554522
-0.0001855486632998912
-0.000510609967984507
0.0007905115993394727
-0.0021266377678414443
-0.0028859176459217458
-0.00387947877512902
-0.005216613912309894
-0.007017956412008659
-0.009699090846223252
-0.010004776334232815
-0.00028105142704616757
0.02443856637850798
0.04985538469159769
0.047291551723020894
0.014027686666873623
0.06044485454377822
3.094085498225118e-05
-0.0030845732332331083
-0.00351144866005764
-0.0029606135678685516
-0.0029343247425115708
-0.0025032217618242503
0.0030137848731136094
-0.004203095852274589
-0.005066797155233837
-0.0007643119620142144
-0.0076863470417903495
-0.0041925471598997874
-0.013289611629096833
-0.0016735253501586958
-0.00792436820827929
-0.00897038152499845
-0.012315075450379463
-0.005448700790994714
-0.007743229039414323
-0.006361405224661736
-0.008923127110364689
-0.027050585718644125
-0.009599595557960833
-0.004706443692792121
-0.0037171416937008574
-0.0022540355511961123
-0.004250875774435932
-0.004614508940019073
-0.003426055174936804
0.003133658851411694
-0.00451059196491531
-0.005623819887862185
-0.004484233594989049
-0.005497287489760178
-0.004469659529616149
-0.0017775693497753089
-0.008992352345044682
-0.005589240149382315
-0.004809366918624578
-0.004117588107029009
-0.046649949263139444
-0.003938316798294416
-0.005052837247433679
-0.004678195072623187
0.008468120329881767
-0.0017473083488604977
0.0015361870984386058
0.00029395961200658603
0.0030869743819903106
0.0054075965560653715
-0.015638495744455822
0.008459412245001198
0.01500697191617713
0.032386609699453325
0.01643545984832349
-0.059041167846797964
0.017343300273160927
0.010286911474507896
-0.08084915392851522
0.0027299078106794387
-0.0006443949293400396
-0.0015308516099479495
-0.00591093875808429
-0.0021941143050053726
-0.0030199689673732354
-0.0030723702927882702
-0.0024399423377771644
-0.0027648716968388483
-0.0008913554320652443
-0.007552135048487134
-0.0006914039413934921
-0.004705211577267414
0.0006544214002558347
0.0015893708313281557
-0.0012031622761429054
-0.0013814996838972294
0.009778036421293726
-0.00013903057526364407
0.00040470207876603314
0.0009880444786455151
0.0015731424355255965
0.002724027168963901
0.0036660555070292147
0.00861406568209723
0.004758900987724747
-0.0064212467086310005
-0.0721106910504959
-0.053460109970560894
-0.08461433397579708
-0.00886518049514273
0.005897178202624805
0.005960303498955087
0.005032808335228319
0.004509534394329762
0.004553169529007243
0.007961715623292722
-0.012034334078240562
0.003305929821054918
0.004547446633701134
0.004521928400843551
0.004948649150326369
0.004947451210081035
0.005211667992450158
0.005537509089991196
0.006267203152210083
0.006141370219874395
0.00491794980157835
0.006127996516039948
0.006314429934443368
0.00634458888849
0.006284975960236329
0.005256091627783367
0.005854022646500464
0.005332431712123386
0.004666840621197632
0.003361991200684297
0.0015394207703119985
-0.0011790416589689305
-0.004692078368985559
-0.008441594095912311
-0.010272179126409988
-0.0009806771956751145
-0.014637456173233193
-0.004031164960932541
0.010225370822333935
0.01632588901523704
0.0035834153386836874
-0.01308953462787636
-0.016901350047849192
-0.011178137394160258
-0.006061624411235525
-0.0024348112826271455
0.0001402234631977
0.0013136529498254472
0.006325250395406112
0.010456007928975415
0.010355284342171625
0.0025600301238326933
-0.009530857676583312
-0.06688028984694783
0.02453724034706912
0.0082745103341049
0.006523796511627299
0.018891712659803286
0.043549390964634095
0.07421869588251155
0.08398411368044015
0.1797778209730856
0.030483033178343607
0.04420175570541843
0.031307009260744076
0.021390039402657247
0.015375109244739574
0.00829277313918592
0.009195318013803976
0.007267379322738299
0.006097112966502377
0.005407113659007185
0.005197694178576062
0.0055537599665999105
0.006143714229760528
0.0016425726823196005
-0.01373974529154402
-0.05070774063114466
-0.002438908596825967
0.004615559529188241
0.005741245172331005
0.005533090777900086
0.005789165637393549
0.006283190263693446
0.00733686161244835
0.006996573383804731
0.013686069669464325
0.012751227896426909
0.009586397381668756
0.008666284834884314
0.011613314084627686
0.013226298673941601
0.03044071383150442
-0.008555143223516345
0.032202465952438517
-0.005767302726911517
-0.0024980396741136196
0.002897855271427706
0.008236756311420955
0.008326136816162519
0.005873927041688964
0.008707985348050593
0.0018133455080247929
0.015343454986022818
0.02559788899037247
0.030643452404836506
0.0047064786851204925
-0.008471628589421468
-0.007685728721847132
-0.00472669482664616
-0.0026370525132705658
0.001651832760329596
0.007431108856068456
0.013191949608654871
0.007038906211198527
0.00437397133710531
0.0032002778651628026
0.0006587250073130459
-0.013217584149691328
-0.08154402263760267
-0.015392911686326826
-0.06246429983146383
-0.01179560379988111
-0.0021645208877473436
0.0011498877451742975
0.002557754828116701
0.0030964653248862586
0.002793399578328649
0.0007681803126985357
-0.014013992014906896
0.004537434616825245
0.009288667426621714
0.006294924289641322
0.005132968087542889
0.005447700953134193
0.004990769836748476
0.0047788518052368795
0.004624503531015017
-0.0009185910514427362
0.0017385889312487672
0.002177262052482701
0.006472709180600252
0.00636422896334758
0.00214524469162704
0.0004258587071676326
0.007946992891593256
0.020021163786758518
-0.012663079543681333
-0.02720648359383989
0.06356547676294226
0.03246359287047409
-0.0026875786579732414
-0.010003146327253453
-0.007046178250540503
-0.02453172134029717
0.0023921225582157154
0.004978293162917359
-1.82879522948029e-05
0.0008876105878552438
0.0032766483250479513
0.004567350752056532
0.005578339607371279
0.007811547821111518
0.007707388617270981
0.008977125556577408
0.011599900685593875
0.01431664284029698
0.0019309123111023088
0.013031916988196234
0.03936900031469597
0.018619691751000766
0.020509987469521984
0.009420348637059903
0.00022784049240822274
-0.00176069464664594
-0.0003316641276120635
-0.0004968025619927383
0.0001165155683846752
5.5293742726548586e-05
0.0003326578075476399
-0.0006489229974956358
-0.0012013879502053154
-0.001863308167441806
-0.0024820775661585515
-0.0028821089229696542
-0.004609268179232977
-0.00557822589998729
-0.004885335881674505
-0.005691979655171074
-0.006719101527878294
-0.007297517825714081
-0.007369478771269434
-0.00783628450531728
-0.00816655745265048
-0.008045535401628457
-0.009056774423192042
-0.03517622169357255
-0.009019173729732833
-0.00933491686421569
-0.009823067683681302
-0.005096453246528393
-0.009452369069390244
-0.009011856832403601
-0.00824230715380938
-0.007217257861453696
-0.007125971097456503
-0.0043721444458828945
0.0026122996993222904
-0.00038036470814600836
0.002525672126637806
0.003920907120387043
0.007622074410806627
0.013601838407150376
0.01795356505876562
0.021291416091404794
0.015964939760380152
-0.00822190177831146
-0.01775821892050734
0.010564170304269356
-0.0025828994320768323
-0.03609788953271693
0.060391000402868704
-0.03349790977132349
0.023615091162249253
0.028224010326239612
0.018968521795164946
0.011263147089570612
0.0070716863954433
0.001616301737987306
-0.0022920350094731124
-0.007530354400078524
0.00016106916410040214
0.006825939550823081
-0.0036671865570306245
0.011434547162144202
-0.008604410278005141
-0.0519930688041061
-0.019320591322252747
0.04222928677554863
0.010668070193493076
0.0001895965749636707
-0.0027820998314181324
-0.0036537936904957385
-0.0019168352132504787
0.001328335937456256
0.007429472402753769
0.008308120017790582
0.021127569790829897
0.03379121278624662
0.008499417191469275
0.0050610713446587316
0.0038518164569281126
0.005124153947871967
0.0053238940100675865
0.003659489512654052
0.000617899461161529
-0.005006096095531259
-0.015201928983768452
-0.022833599357176017
-0.029691947115895456
-0.007023846980331045
-0.037783415000429026
-0.0627958270352908
-0.023188528760477205
-0.004939364608499368
-0.0345698962715183
-0.03534228498236158
-0.024304228134948033
-0.013632353817456073
-0.0046058835246702914
0.0005572968389240193
-0.00044355233672432973
0.007670379834890584
0.012104664688003145
0.013182010812006036
0.016735195048362284
0.016935476734959716
0.013860518581864966
0.012517865265522315
0.011010577415323892
0.01662903439002833
0.017504801247757055
0.01038662793879008
0.01588911881856295
0.016318958512457515
0.015296007430297794
0.0077562837099418285
0.009799460410979987
0.01069329349923816
0.00910724817010759
0.009527093137433561
0.009935059311474412
0.01036569287642608
0.016812120939938606
0.025152417480002444
0.013731445343518205
0.00951082476244248
0.009098301837152573
0.010488397973614635
0.008718527794757134
0.007840584293301086
0.0099141887734696
0.006843360240021196
0.011496573825644788
0.005402657952318657
0.007606077285798861
0.004387378115397151
0.0044902717029616495
0.00479298321848044
0.0002341766323557366
0.0019249529654119426
0.0024396893926681854
0.0015291643214770053
0.0027718450168419933
0.001241826790350317
0.0007520604914099285
-0.0006564359992288555
-0.0030638530505922323
-0.002697419291934159
-0.0022261434738576483
-0.003861023436894265
-0.00636354799734294
-0.01138297790396164
-0.004679224613187075
-0.004047466541785927
0.004011681888897183
-0.006690840037085977
-0.004820936345975979
-0.003147349053289864
-0.0026863992977578287
-0.007136174974410412
-0.018773661370167626
0.0012793239689171834
0.0007595783231341281
0.0029603151790311326
-0.0033170026163273788
0.002508488574666853
-0.004832792690332201
-0.02948337951550918
-0.011994772417927105
0.00604112063390814
0.0052340617821600485
0.005353108114511688
0.013350355539152507
-0.000653023615466383
-0.009723242588052985
0.003536163340450662
-0.0025963543974827676
-0.0016677686717630296
-0.009697117154517054
-0.036781404822323845
-0.0343877499724621
0.027854108134131084
0.012422886500104443
-0.021394342032379596
-0.024302130205073425
-0.02216708992542347
-0.0063903661967419706
0.010798054059347797
0.005289675192084825
0.008498131335745458
0.010266096576427105
0.01171673719537404
0.009812055382370538
0.006577460985066975
0.005018350658385811
0.0035296391932085375
0.0021408058831479545
0.0006984641874551293
-0.000692498558116431
0.0020750282610163995
-0.005621171879394862
-0.04346381971091899
-0.005838222329779317
-0.005864233876877583
-0.0034672592833255773
-0.008090488695450043
-0.008917511973614498
-0.0059567016827501065
-0.004054158238084384
-0.009404006602272514
-0.05428313904229917
-0.013947045063219312
-0.004642581507583848
0.017750940099120656
-0.001273931108958232
-0.006414284013364808
-0.005117707507579282
-0.002430389767405663
-0.005141667531662844
-0.004745656727555644
-0.0034854364333080897
-0.002466127562684704
-0.0016484871760926517
-0.0007639085201836781
0.00017458555700148326
0.0025475457122414715
0.055917531288293715
0.002541351204237293
0.003261581942975456
0.004278168795662154
0.008564890087684672
0.010513400454217581
0.01842255424416849
0.034950337548347185
0.04463155576468006
-0.0070076571561960635
-0.0014033705231276655
0.008903613221859025
0.05575958031964511
0.03380873572088599
0.023915282097135875
0.02123056872467222
0.021582362985606736
0.017333045958617066
0.013034322414789901
0.008627912813496754
0.005611956778222629
0.003957331786207238
0.002965297137528944
0.0022848628254312025
0.0015268725024759197
0.004269164592833491
-0.0002180910210801503
-0.0013283898964259213
-0.0029260128160120877
-0.0005099874021994067
-0.004692626649492892
-0.0010054169903499176
-0.004030644768100573
-0.002938994275667121
0.007518434078997687
-0.003569407863184821
0.010930335749798183
0.001515717903553331
0.002047019852037079
-0.0026562655311964693
-0.007323523977424349
-0.01009564430439013
-0.011817214503020416
-0.012464845614053218
-0.012912964123847178
-0.013155778000406664
-0.013348538892496705
-0.01298356662681846
-0.008083093513214788
-0.011589462036977683
-0.04008427890182702
-0.008057220436142641
-0.0142037251630485
-0.014284742260084344
-0.012777262820875875
-0.014918418081218516
-5.131528988136334e-05
-0.013857546457168201
-0.01272401104965959
-0.013401601397463629
-0.009695765822849606
-0.009961644755275535
-0.008245519115077038
-0.004851924446374903
0.0028926537904155262
0.02263235706341144
0.014468995060817644
-0.06983609290251261
0.01554623428833866
-0.08857835368145756
-7.80087543492096e-05
0.007502778611967431
0.0016980488282118888
-0.0041619333975225275
-0.008496574279540998
-0.023331594482062075
-0.011932733229429055
-0.012986452720414975
-0.0139854189007296
-0.01394640577072773
-0.0150947153332502
-0.014769262424620533
-0.012641288407250918
-0.010897917941422943
-0.02805755229258575
-0.03204858828978476
-0.0238556347008723
-0.009161378239823284
-0.013765928896313246
-0.016801049338255637
-0.019437742480168257
-0.021593275213209685
-0.017001991792058344
-0.021026737579030022
-0.020309050634376054
-0.02045015598221793
-0.020432763761167493
-0.019692856500749735
-0.019776799789880485
-0.01934083538839586
-0.010816842035277342
-0.01785461345108468
-0.019538422475829483
-0.018968039554335517
-0.01879126664551377
-0.01912019434942634
-0.018366833175249182
-0.014802432182897694
-0.017365952759817095
-0.016680998585785527
-0.048058330122131385
-0.015802489763577853
-0.015927803394045002
-0.015238437958491004
-0.01226802107770658
-0.005529582685981733
0.007437909356095677
-0.01182656241762514
0.022427777664961113
0.0007499922703171129
-0.009638887466000709
-0.008675395151344903
0.002262283822192005
0.0027175226569019174
-0.006449748843549667
-0.004280612519330903
-0.0010951632543236777
-0.00194255220897084
-0.002123054496853199
-0.001394219297184129
-0.0004294680063481086
0.0010419461425965092
0.0033425198421514323
0.006997058937678238
0.010715871775664403
0.018273716538707848
0.011037746014456487
0.00907993891187409
0.006878624568276487
0.004667217681840792
0.00034070878237124543
-0.005942431531061496
-0.010323260923593796
-0.005725740694396034
-0.00492778614373729
0.018209146788276225
0.02715785211872484
0.01698776723305697
-0.007270221944888792
-0.01347041160299112
-0.01020148149371999
-0.003322234781332946
0.0012977374323468781
0.0037035006335305047
0.004657368735654858
0.004558073112683664
0.004024380744618815
0.0032163835541664243
0.0023409419773004585
0.0015550478335919686
-0.0012346652988865295
-0.00032612265031010864
-0.0008103460657681179
-0.0012880236260957181
-0.0021935276616854454
-0.0021401637117281326
-0.0024454729403686204
-0.005093515902774176
-0.017746247543646225
-0.01313001242112554
-0.004997724242988383
-0.003628006695207646
-0.003302972537678359
-0.0025799558165188322
-0.002337936562776817
-0.008151264963409278
-0.047705158485704224
-0.04530370003511409
-0.007663001737385881
-0.002699644488666957
-0.003315942077339416
-0.003947269241103054
-0.003979270304877829
-0.0036995493987094174
-0.002784327139848197
-0.0014059857862308972
8.22675163627763e-05
-0.002376685162744977
-0.0008168731797083002
-0.007125673834880863
-0.0043991620544454125
-0.0011937841357311275
-0.002538971852593135
0.0010693147792139865
0.0018773568948610457
0.0019848064258724727
0.001885946992594397
-0.00048726460169542564
-0.00753174772593332
-0.022561470515513604
-0.0058769583066095085
-0.006648489496475683
-0.007060602338895076
0.02165115675855178
-0.041773675307063766
0.04386923398379981
-0.001179533705427429
-0.01192695735831914
-0.01273840394520412
-0.009948618844738948
-0.009809691581051095
-0.024687607020230973
-0.006700776736891136
-0.00930439083384129
0.017960189126198213
-0.002086244589598807
-0.004184448235855759
-0.008105238846921197
-0.007111405716439283
-0.004679558695175395
-0.0033728024537213346
-0.0025251286241408416
-0.0021613079865061033
-0.0015223513960146713
-0.0007208738102625756
-0.0015321113294547919
-0.0015907149542942394
-0.0018745443642462147
-0.0024545560260626257
-0.001888304787980514
-0.0020457814230178
-0.001922402226937147
-0.0020854476984605848
-0.0019308366130491904
-0.0017508543244686467
-0.0013594772426192706
-0.0005321785103685016
-0.0015598741404360815
-0.0011606538442244499
-0.0005710221325240599
3.175276955040557e-05
0.0005571439013658721
0.0011472211728325993
0.001859508665214964
0.0016068567333287287
0.0030234514446318517
0.003499757927787113
0.004023094639340103
0.0048061419503271615
0.004746412812394648
0.004564451397795575
0.003968763238536979
0.002487439498825414
-0.00041979930773640076
-0.005592400358942354
-0.013304506599963939
-0.023868441026451682
-0.029819055768969614
-0.02614323586277788
0.007691890332318049
-0.025761569272279777
-0.018133392182176612
-0.03456029063136143
-0.02932064580145152
-0.01897910866643105
-0.008982181083528716
-0.0023693128387679346
0.0015219177702312345
0.003685278041526681
0.004586594754481471
0.005086438242005252
0.004878112707114576
0.0044737637199047785
0.003209406549768742
0.0032798848222257396
0.0025445422659389366
0.0013774248021884363
0.0005269732852405487
-0.0004669308639400283
-0.0014156324093045015
-0.0022658378695552908
-0.002631651888329255
-0.003328382204494869
-0.004333552255607572
-0.0062740206668700105
-0.008497418016811505
-0.008392938919200729
-0.011481553951133556
-0.012050169319612648
-0.01318029229015209
-0.014800751168451077
-0.014871123698223507
-0.014118484531180333
-0.02783690206516727
-0.011104988982752551
-0.05180240077962206
-0.010005507559427494
0.0018532868377771517
-0.001291709085179121
-0.0010440548273922298
0.00323511067776936
0.00401279298591906
0.002653032397075819
0.014700362489594367
0.012597776835897941
-0.006252596423794919
0.012354003805342628
0.013251427956779539
0.00023859384228573204
0.03703444387533961
0.009384482002616566
0.014945600297041601
0.014107328893761404
0.008328961366775115
0.009659992544669073
0.009659772331874731
-0.0012153759256146527
-0.004639993727063825
-0.006794185927281461
-0.012185501081897846
-0.009798870883701887
-0.0060072862113954096
-0.0028253006748380455
-0.0017655054294965947
0.0012528406514054785
0.0047739473742957365
0.009992487558033055
0.013253451826828622
0.015276972827288736
0.018179806261194573
0.01946070006959546
0.018723314325457333
0.0145927926094242
0.0064735520731503925
-0.006485001577580563
-0.0216408582272188
-0.03809803447705042
-0.07734793366366553
0.05075408179420525
0.016123271779348008
0.08286773457715514
0.0005483048358643826
0.030879947552930883
0.0005040674591411987
-0.013113587791727898
-0.014332605345409283
-0.0014764147614094887
0.0030742723560179728
0.0026526721413809517
-0.0011953159145841794
-0.004247486181249605
-0.022572799829153264
-0.031026522723969104
-0.03753595801348183
-0.02199714596242182
-0.0021554256844664413
0.005001886665428447
-0.022268545879600036
0.00015707727515823513
0.03354299521399075
-0.01274667937139735
-0.005237481807825523
-0.0002544320860806863
-0.008821286595940394
-0.006393256397174853
-0.006394118584883204
-0.005672325506475322
-0.005093305175383257
-0.004449889308172115
-0.005996058153485774
-0.008967426427319196
-0.004251325713168473
-0.0028594111554263056
-0.0024640972784865513
-0.0021455521693184943
-0.0017603341859182406
-0.004498270647024888
-0.006759585225657153
-0.0011078165688058654
-0.00036888607799248765
-0.0007066374834344527
-0.0005083348565266145
0.000639156015717711
0.010083974325649305
0.004083394587987241
-0.002603777945908476
-0.002317449630466021
0.0023000906949936246
0.00036493843532480846
0.0005591397133384412
0.0010548344089606255
0.0030922458628137917
0.0035218560886899957
0.00864369762530495
0.0019814652245194095
-0.014334977077854454
0.004389365741447677
0.006893906337362458
0.0070265779534305324
0.007887347898682156
0.009171464274921395
0.007346786790540669
-0.007250229126528986
0.0065451818076078215
0.003656058420422445
-0.0021277426366145074
-0.010237707538453844
-0.017232885324073435
-0.01122496877710052
0.009038155582279613
-0.031601268790310624
-0.0384891232880434
0.008640116330745148
0.10426762467638105
-0.017482630185164327
-0.01693015052747922
-0.008564507369627173
-0.0014422190005040653
0.00120272470821783
0.0045434653597064695
-0.006338955441032049
0.007150568594979691
0.007466624816369615
0.006267569351613264
0.012676214804281646
-0.003603468270986228
0.014211718412516276
0.03613404233701677
0.04175196923975216
0.04988612389514009
0.00726365356325135
-0.008630607726941868
-0.009692814087753633
-0.007638145390630189
-0.006146404934670565
-0.009966543868150919
-0.012369806903717096
-0.011172671252038824
-0.011394778940294501
-0.009750506663966377
1.7366984369016617e-05
-0.0006446909002411495
0.00426076072892197
-0.004338589996927226
-0.0047870588798427345
-0.007877651989426816
-0.0012908728023123582
0.0001721903307858226
0.00040255196711831324
-0.001776831251267786
0.0022245698929084907
0.003629706416133709
0.0026533148857235014
0.004735166219742387
0.004724788927589806
0.003733001787156295
0.0018611086262533794
-0.0005999234991131661
-0.001383751552280369
0.006475699019098825
0.035172750690108834
0.03281727218539041
0.036961719297293374
0.010369586522697155
0.007974047445780699
0.010147009130092262
-0.0004323191054686992
-0.0006543418630187493
0.0006390196821154173
0.0029524831661883787
0.004182190341329236
0.0047901173698574806
0.004969922335062025
0.004271986407680585
0.00306520570144876
0.002656867124676347
0.00238711827290936
0.0001760168418562828
-0.00022015126493386098
0.0002730633163278084
-0.00048414582613356055
-0.0010440220072769789
-0.0014628611517592026
-0.0016386151722269959
-0.0012074594071441857
-0.0003287806024825787
0.003611187805325603
0.02243257281525401
-0.002863465575194362
0.004594074308648671
0.005753720356203784
0.005354095726324928
0.002643033368071089
-0.008287466633410939
0.003563351986777829
0.0010189625871291712
-0.0011430241524073212
0.005008127318066881
0.013930381632051746
0.02157247908086192
0.012953063963436507
0.002607272290290035
-0.006901998036009599
-0.007490645657695631
-0.004699354831833945
-0.002744310947279517
-0.002365750608772678
-0.0029198516722139917
0.006978372358503222
0.003174839428822797
-0.007380213106769924
0.014126782966736796
0.018864260592530494
0.0218349197923939
-0.019233977828909742
-0.009932748770972798
-0.008912863981476565
0.009912703516295144
0.010011960479000654
0.007316397206111625
0.006473679237367097
0.005084636598517898
0.0069321645433793495
0.006991156142205229
0.008564278005075534
0.013523664060151012
0.010446104553447291
0.00492065708698827
0.017532951356639223
0.001859682357220508
0.01057618103435968
0.0045253659946953
0.006724629740673472
0.006349844917637008
0.05991802237933521
0.005770421919582229
0.005725340862052369
0.009132547346594308
0.007516516530173087
0.0018486174830729784
0.0008159112679620424
-0.0009470120794793813
-0.00341831443929822
-0.005636936904591205
