0.0006927926986275947
-0.09058074353015365
0.014760991616713737
0.03710194212128919
0.02585422492046765
0.012389864492623264
-0.003190349735660977
-0.048519258753970014
-0.060556940282237806
-0.03446091097831762
0.030947626062964632
0.046946458681654764
0.011982779024889435
0.006886019811692651
0.007927418711640748
0.009621070582567897
0.00473322732891598
0.003368616469938053
0.01567921083461537
0.039660352852636006
0.03200952918683159
-0.0435629141439352
-0.005514642762402624
-0.05032433334576897
-0.0031601801984261543
0.04436649831835136
0.013744567574606239
-0.02541379654691891
-0.05079708095120897
-0.0378133810483337
-0.012888133898837308
-0.03626930532125548
-0.024389699967561934
-0.012451119730280964
-0.002597721731494855
0.005029128315617288
0.05652113977587838
0.011599151504446115
0.019688778961184115
0.00692547215984862
0.0017232089278574048
-0.003663408980826919
-0.008378808781327745
-0.007920734867876412
-0.012769275146361569
-0.013584113342538767
-0.011670341061051416
-0.0022593200583872737
0.014226718086860813
0.041118678894676755
0.08129229842852471
0.056987372084636764
0.04186012705665733
0.02129632202398846
0.015337320742022697
0.012958723177309709
0.05528489550925726
0.08841428289496478
-0.0316346003863138
0.005606767718975299
-0.033097915241666824
-0.013964761122599548
-0.005755270648431275
-0.028687157662156574
0.007502766314335822
-0.006489100129420249
-0.026202625733350575
-0.04632761581778358
-0.02988467652142417
-0.024113268884666278
-0.03399731120466764
-0.046163674857601936
-0.0535640452151555
-0.05519603209286263
-0.051386088740122245
-0.04265782349364358
-0.02707163258156026
-0.014971439411093274
-0.003143133191562196
0.041862207848565515
0.08845312831907305
0.10625852327306383
0.05090214138853264
0.026085209926000205
0.017214409804032917
0.013584675827514709
0.012422873941490253
0.016067829642277723
0.0247578104660486
0.010892976030159377
0.0034925853551282787
-0.001329256128742885
-0.005429095782750462
-0.009010714901994872
0.05193828491222902
-0.01614220562229201
-0.004632453480319181
-0.019343572286280426
-0.021321983396016524
-0.022911630901188054
-0.01936899617464131
-0.02028964843826752
-0.009145364600421394
-0.02307966589966978
-0.014444413591669888
-0.023021513626641857
-0.02484361526793085
-0.029196993305432257
-0.03487796663807334
-0.04540829973958571
-0.05118827663750492
0.003877199894224256
-0.06632243782514621
-0.05860455127555402
-0.026146928423193445
0.0843161927839196
0.03677278944681726
-0.01378018300696431
-0.0238268644485045
0.034670399142364874
-0.016495655164591328
0.053213523711527703
0.030041655228181884
-0.0257865908298082
0.10352255519245743
-0.04949217610951724
-0.04133406426620169
-0.015996281028878092
0.00971376503085059
0.030443172292260186
0.04172628037174867
0.045950860916226154
0.04084144310716783
0.03587746577530215
0.02946654391364662
0.019291429473031977
0.009786388928245501
0.012063571503219388
0.017860538409999648
0.013187437631114416
-0.004767875569180031
-0.017369767748632796
0.02593947109964958
0.012002750412609743
0.026071387031180646
0.0038858358565310343
-0.03125953825166726
-0.037912367797988705
-0.039760137075441924
-0.026444449083578077
-0.022388905569694452
-0.014325831369968754
-0.01801037344748031
-0.027982792210608884
-0.006318626090306036
-0.02585530416737465
-0.016014171273566403
-0.019153290388397547
-0.015594149469076052
-0.010973634063045606
-0.006263802876030958
-0.0010322809796362194
0.0039961349059119584
0.010328590550507454
0.01546534867171286
-0.017628988525928008
0.05311380434648872
0.023208080976915527
0.023585614067315942
0.03196694478362405
0.020940313220431335
0.020428086389617177
0.0177361202833269
0.012871550731806371
0.00896113784577799
0.004620504887254489
-0.008624304156764377
-0.002534232866836818
-0.008638096206551461
-0.01467326344364011
-0.02990321046584951
-0.027911046006044722
-0.028805378872747058
-0.07447179294629953
-0.07375550991292197
-0.025723073432087178
-0.02310621624671079
-0.016538015368488087
-0.012106222897306578
-0.008618481604959852
-0.005855744002729357
-0.0028557296439084452
0.0006104648765645866
0.0015833198752701996
0.008024014819436435
-0.008752452291425399
-0.006304608959983175
0.008642484778126439
0.0011529115926355862
0.0068287065532733615
0.012151121967729559
-0.008349541449279893
0.04454083708640151
0.08295943647352934
0.07581798126206774
0.03368002646555011
0.023444043888246127
0.005042311821882085
-0.004053351717809181
0.0008849297106915287
-0.004126063802472284
0.005603035631361056
-0.00921884888825579
-0.009698569050659911
-0.012596511897963597
-0.0122334832591561
-0.02040426092378622
-0.015551069001150665
-0.01365560260939308
-0.017825612729993705
-0.017093200287238285
-0.01868824683121345
-0.0178558688429033
-0.014066754757894281
-0.000970972108830644
0.03725304271208938
0.05815540584604963
0.030231722561641992
-0.0006691367785009828
-0.009650630618341049
-0.007870389444315642
0.00766892778138023
-0.008589026007589528
0.02969499961583971
-0.045754152820930316
0.012995382150235421
0.0036927632954993554
0.00479178212700461
-0.00022728652200846672
-0.0666386479294612
0.023246320920442883
0.05235538932089605
0.051797970866018145
0.0036790951352777827
0.010319856815391788
0.0020514863824304765
0.001302610695058725
-0.0002618990739975295
0.01948617050803267
-0.00879193261938863
-0.00852595190483978
0.004344626464980858
0.010463550814612114
-0.001024800628438112
0.006701041212608947
0.02280983029110928
0.0068174490189121485
-0.0029545460762781606
-0.0036771666362883496
0.009688747096212872
-0.009265968063060062
-0.007717688300253722
-0.0071113646058725355
0.007777996071426561
0.0047409260143071565
-0.0002681884382071438
0.020959246119300383
0.026701461526584036
-0.009063903000383962
-0.009777206924412253
-0.012312316048486255
-0.004044190870813059
-0.007447203233085521
-0.04282937271710664
-0.01341224947806767
-0.006394375704348397
0.0009338069296568864
0.008652117916686427
-0.010521392917931173
-0.015136265041926531
-0.0009519676104354029
-0.011330107006498136
-0.010169874461947297
0.0040281243326772825
-0.006246029575270595
-0.0060247763309504545
-0.03392894558779
-0.011129994224452223
-0.0064850323719067
0.012726808496934213
-0.007734477026613136
0.01916687451195692
-0.010373677085334983
0.010272865277886371
-0.017441106078394202
-0.0133103737172441
-0.01430752174128001
-0.009133061200576923
0.011898798039477906
0.012380401542415919
-0.004393840065786229
0.001479521139399592
0.02555660723536587
0.01617031030635669
-0.008712270238349282
-0.011155999019645847
-0.009636750225616138
-0.010857183353455705
-0.010915028481094366
-0.008334728850610892
0.005529646413733967
-0.001071316545467521
-0.0017634574212032834
0.004835380568710713
0.005323822427764662
0.0039673166137381925
0.03809704620556016
0.001391377833277567
0.017964648501358347
0.01348487340762864
-0.0815478522639327
0.01632294085696281
0.0019325353928769753
0.0023327550012822978
-0.017892426804297795
-0.08049850292677736
-0.03617872184720258
0.014280596350102565
0.011370459551040567
0.018625343409301987
0.015455303393190433
0.009242965395718257
-0.010063963416820596
-0.014287812791877626
-0.003623958663121045
-0.002764292852830089
-0.0046465616621902866
-0.007864961008354512
-0.010390831722863847
-0.011471446880773327
-0.013024291469778728
-0.013233494860522601
-0.013712795162098449
-0.010750266123497472
-0.017101585627172646
-0.02602386791642116
-0.015296870205507785
-0.015186155166700048
-0.01436026519658443
-0.014505149821357623
-0.010442225102525187
-0.003265086888247958
-0.01700872047146257
-0.0016525734958571987
-0.01041735369501966
-0.02589302504220029
-0.008162893768613028
-0.012867608590118687
-0.008839994300059426
0.010826631038532576
-0.012918173427862039
-0.010339292133238176
-0.014291197128582572
-0.019112564357090904
-0.04002935116459506
-0.04174709978979988
-0.04690536431612932
-0.05458898625728207
0.13358795129580525
0.11858024694709847
-0.037896186156115216
0.002524040656940302
0.014228937193665386
0.028198694776775498
0.03225656999343571
0.026606332832537605
0.03509417223880762
0.028588411055927153
0.024643995557310196
0.06458855827499381
0.10807914935180032
0.06030552502720414
0.03641406757364372
0.028757561048215953
0.033675944063535766
0.034562164333000876
0.03073333959674878
0.017146424001843713
0.020521297889264455
0.021071072367465717
0.017397224141727494
0.01351611978255218
0.008196742009907386
-0.006886459023098028
0.006041500538358868
0.004107040645721785
-0.00369663577996525
0.03298408610399604
-0.002563754322875017
-0.005600291812216683
-0.03638519887943765
0.008428964220389227
-0.017269378323010422
-0.02059916116649589
-0.011773400572373808
-0.012805950687168121
-0.013630325429249782
-0.016197972841530725
-0.02449592273362855
-0.025267814508610726
-0.019930110251988233
-0.02124332441411079
-0.021252386960882122
-0.01096087232380192
-0.021834628594937542
-0.02525489693093825
-0.016224134413882756
-0.007262837250325357
0.01139970847471869
0.03985805587931341
0.0759678616415326
0.10751846994497194
0.06825234520209246
-0.07956300486694746
0.0942665066039019
-0.07863398860726337
-0.08204434604859072
-0.023430218592301974
0.08127655407129283
0.05398749307909831
0.01142595759722221
-0.012903017756726233
-0.02260802345183936
-0.0230545240707597
-0.018459399764296194
-0.012746958129945718
-0.009655059614537505
-0.012348323532150337
0.009512308733203802
0.042933269376122345
0.03547789366981018
-0.031467310121154356
-0.03315079866594314
0.0006474099948207086
-0.009570959070059896
-0.013461082194163556
-0.004219762264430274
0.026558408737490907
-0.057237304076040295
0.029645891286790765
0.006870338242195747
0.005504531979658169
0.00444295140659624
0.009182069766319727
0.006197307048969242
0.003231543724612316
0.002865103843293135
-0.01592847185611377
-0.01156654743971753
0.0005562953493137634
0.0016447330247675602
-0.003200018140201183
-0.011117341671761856
-0.006639528938564013
-0.0010125647419353086
0.001824861484457896
-0.005781373971866805
-0.015537834322236727
0.033868672954734155
-0.026994872831926305
-0.0013199171582940644
0.11754755715049842
0.0009561215898140128
0.009092229828780838
0.041329302995608004
0.010887889561395407
0.08243216840048075
0.0074251297279314225
0.00648591251860459
0.0001253660969497444
-0.022902059192060016
-0.019308386652020604
-0.027278315332011405
-0.024731287629999377
-0.039910974964546916
-0.05432186192201881
-0.048511566262127284
0.08110878013099504
-0.06632790988164873
-0.0607184432569032
-0.04493992709128231
-0.020987862800399538
0.005318908494079558
-0.003769479764531042
-0.00018127913333598959
0.002116554272706445
-0.013396369338036833
0.002079959843256362
-0.005229616357748341
0.0017593400771217956
0.006698793047589751
0.009229949840747868
0.007447382260916187
0.004368105035887823
-0.00041560412913093313
0.0038787037377124817
0.00945599313042762
0.008038384328927986
0.015835979627108754
0.0014572846912327792
0.009690687372975357
0.012035695284545726
0.009784405596367089
0.008329446091742233
0.007671026888671746
-0.05587171620559555
0.007830328862465399
0.003022893388157829
0.004810395716369262
0.008334244379984123
0.006418464270965635
0.0071228676053954896
-0.005886873035832986
-0.0014855675759595788
0.004782400646751169
0.009001375724343674
0.009200205258910497
0.009087920399605418
0.009338172310070954
0.008478602595257761
0.007156131759831596
0.007430090008885809
0.007462377686135623
0.007249916508856984
0.005844493372123236
0.006588998399824875
0.005854570543880104
0.006860139999180841
0.0067141380182369715
0.005313449316162914
0.00551489089191241
0.005894125784702693
0.005855430249859307
0.005663040811767762
0.005458537452555731
0.00515207350930114
0.006829158282854801
0.00037694324466407017
-0.004946153414036981
0.003443813250762332
0.0017562120693832373
-0.005286549340469491
-0.001706202778560713
-0.0016762714458597968
0.00014626852456825975
0.004803584273140792
-0.025311901106351363
0.018842333914234486
0.0008705930389600914
0.002727115650485706
-0.010081921697642559
-0.010326416905599352
-0.007339930307496154
-0.004411562732986778
-0.002050215982137803
-0.00023720182446824967
0.0004034511203368425
0.0016215484729428795
0.0033832051976382185
0.0038206586210048693
0.0017695175725981902
-0.1252663782239997
0.005058059423751259
0.005322236441873849
0.005325417124501234
0.006110628456226996
0.005895722868022582
0.006332761514518495
0.007324915972777305
0.007383970864128427
0.00692147492124774
0.006991786938656069
0.002940683355388665
0.005646592007520417
0.006865534149108088
0.007557409941438415
0.007610410926975738
0.0076377718182193
0.007549392934728032
0.00781004915224042
0.006759405706317602
-0.0446093177538959
0.006250930511600642
0.005392371490592916
0.006885447258200279
-0.011743629478886615
0.005974447197368526
0.008109875303944133
0.010191327058691819
0.010457987091472125
-0.008578968465753987
0.011377973762858878
0.011027254560608194
0.006976857879610522
0.0068948777871484625
0.005478456019724822
0.00451125185761724
0.004675397404309813
0.00424613524164457
0.0020125315752472827
-0.012970936952364495
-0.014031168096463407
-0.0032838673166874464
-0.00014989007977601017
-0.0027059293337032527
-0.006657245621872581
-0.005237896418702898
-0.003766040826530122
0.0023565165239418534
0.02154781533070949
0.02941708897309848
0.026962240179749953
0.03329783856940742
0.005630552469050792
-0.009984699897102897
-0.0049507320109368515
-0.0030670805493365756
0.0015261240389659713
-0.0005773639730080129
0.0012550797331521717
0.0005526132393218741
0.0009683942668994537
-0.00042426877192801657
0.00023365266884121493
-0.006335192599467742
-0.003956407957747973
0.005468344124966361
0.005977267215007763
0.003594963452432408
0.00567141705823408
0.01446955191420385
0.007880673010760628
-0.0035612634118529015
0.004403400553783176
0.008395215651760695
0.0047845105813338435
0.00464179643189496
0.010999885748088759
0.02196642028786045
0.019986618416060347
0.022637135971543453
0.01061760420006498
0.021810170234788137
0.034852772905605775
0.04160267786393351
-3.0063447857433525e-05
0.033420921749513194
-0.04402536496898098
0.03968323300574806
-0.035481217185981614
0.005258166717267478
0.027740283091093786
0.03313570270519609
0.03524157920619434
0.029572210539242076
0.019599473229741243
0.011075532971051084
0.016351396609642098
0.021717261968881338
0.014165451917251808
0.0371665156042354
0.005261220435198622
0.006591605037880812
0.01495880807162523
0.025559266615040106
0.009551899792939826
-0.0008879151670721264
0.0162441287961022
-0.0023375576275774927
0.010506009345928562
0.006826863033203804
0.00616080490586167
0.006229725182840324
0.004796373717206791
0.0013300924626145187
0.004709962197347825
0.005753361520225344
0.0049921919323269144
0.005040563410116009
0.005500348244559809
0.006788151540515146
0.009482395464179316
-0.005627175939325534
-0.008031147042558829
-0.0053741176351946585
0.0031670668668147112
0.016799858984467102
0.008629577411594272
0.006626256621588198
0.00611597180093342
0.004199008797766899
0.016777133139924388
0.005797052364668414
-0.005935247336851201
0.007527596582548193
0.005651189682658618
0.005252824120856069
0.004883389286507519
0.007369199529901348
0.0038172662311369452
0.003162063607025291
0.0031323950574164952
0.0001414715175779625
-0.008203510012343913
-0.026107181622016362
0.03697363263795092
0.01445420533489551
-0.013919233760386552
-0.0016727828623142355
0.003367879576705939
0.003364243271767989
0.007024571557895635
0.0060645765896297325
-0.00932716260840009
1.2562796079816489e-05
0.004629840808894794
0.004125825130274711
0.004593459459993661
0.0007891519420280498
0.004449941698794436
-0.001285616701928971
0.003841196702418155
0.004015171393163679
0.0019069228257242075
-0.0011988082065542414
-0.04034814182928622
0.00025626257119516
-0.00010480128161677225
-0.0005613885347932667
-0.0012762454789181318
-0.004197465589644478
-0.003434507015579342
-0.0030107639941510528
-0.003114824644577571
-0.003931028842216834
-0.011248406120427277
-0.00978839373781839
-0.008794028578224759
-0.010898718791061716
-0.009947563618522842
-0.006586530487706715
-0.02983111563378374
0.010457767344989462
-0.013372346426392172
-0.010042110764056394
-0.02306945584805811
-0.022173407635631154
-0.01850933126981871
-0.014429351175774366
-0.010995401569002795
-0.008493081522950422
-0.006219236135843741
-0.00414890161390838
-0.0023772499432104916
-0.0005112493134318392
0.0018210768869448889
0.001490012400218737
0.005050819426938786
0.008124092843558568
0.010179473910892876
0.008164738384982414
-0.004319696169572812
-0.04067531971726191
-0.0003508719363539673
0.07082561078631606
-0.042346903996506036
-0.04371686044993422
-0.01684970095483178
-0.0038749565712121207
0.0037116815946977625
0.004117861542389205
0.0071209054384148715
0.0002887392710467108
0.0009298519897392216
0.0019951316431507777
-0.003429469471819428
0.004125140589102216
0.005576712132482562
0.005085800239385322
0.005222962321784377
0.004696788255639113
0.006115421958739976
0.005350132730307177
0.002623184388255566
0.0026115027911960288
0.004049199650483868
0.002665913087309083
0.0033728616629084204
0.0024765235500858206
0.0023508264766674016
0.002492311850857804
0.002847812934765292
0.0017105442114906833
-0.0007470131723244213
0.003632481829521135
0.0027254100115268157
0.0036087867653144946
-0.007234817747874247
-0.012999764253096941
0.002505694164271689
0.0044347023194617665
-0.007258716481385543
0.001765432504181803
0.013834303757496587
0.06195383774392979
0.002427239267624537
0.0023816698011458718
0.0014723695707439786
0.00013714499511133333
-0.0010972388723205465
-0.00019147901170772603
0.0006409872186303633
0.001210299911771387
0.0005194022896236963
0.0015895455486455827
-0.004627273683018714
-0.0035445343331033594
0.001367352500523187
0.0015278784596918814
-0.0013026547561740477
-0.010914088607751678
0.023720765105980937
-0.025751507361288097
-0.0005241508930472718
0.09565825464371047
0.04923657209883802
-0.025255230186473666
-0.005704731249734066
-0.00213781858313015
-0.004095595886016689
-2.447433560464296e-07
-0.005842759863127264
-0.0011278159676462013
-0.0635871899433845
0.012366875156572473
0.02040630303726102
0.01568585329950139
0.011638976302225804
0.014206191183841093
0.053241805499347226
0.020773070353304036
0.009767820962783651
0.009567759346344603
0.011382976153286253
0.012994650481306755
0.015212541802992682
0.01759665710912367
0.016122869531378797
0.009314027442754566
-0.025384258018109947
-0.02448633843165282
-0.03662803128252906
-0.007580404892782545
0.019563992070616716
0.018143150773377085
0.017583207875294906
0.029050426197785126
0.00912463731158624
0.006780224772495781
0.005667660513508472
0.003755244381177515
0.0016766412072069918
0.0008443328872409796
0.00023799203859806094
0.003904172654584553
-0.0010143816708707576
-0.0009381715281595399
4.198302643394903e-05
-0.0015263366243302475
3.138298656070032e-05
0.0005625766116552566
0.00175766273461548
-0.004173470895033057
-0.036415260793490944
-0.0045033787518722465
0.0025891958676465287
-0.002021622137681504
-0.005149294805190842
0.0021692654074351816
-0.003726348100174354
0.0010993337931848519
0.002520320754345495
0.007875590260489987
-0.008160437076126452
-0.01804961671112735
0.0064402811755834
0.008486341364449469
0.0015667708443000744
-0.005102924003784585
-0.009371885209026683
-0.008054321410744848
4.759097863186629e-05
-0.002623672658084144
-0.0024486706292965203
-0.002793508842086447
-0.011861058274275475
-0.008927265009269443
-0.01335129031456385
-0.02648364571518613
-0.012508308487199108
0.0005375297277100597
-0.0029238352104540982
-0.010375211580659136
-0.00945761369589989
-0.010478621501723455
-0.01074130272678521
-0.04692514613964274
-0.03490691013833129
-0.0054148119863170275
-0.008449694922457781
-0.006627769482144227
-0.001408643132983685
-0.002540450873390221
-0.0019918980862428434
-0.0029748307803737885
-0.013343531682872738
-0.009841453829949493
-0.00529465997779905
-0.0011007652195108202
-0.0005715421177951726
-0.0007272533802190872
-0.0015409908164745322
-0.004797166274847305
-0.003377246055188314
-0.009330984664123743
-0.0029776315039714415
-0.0031997049693618727
-0.005202807843538113
-0.004393845465301457
-0.004164164460801425
-0.003273863726728996
-0.0045696201055540194
-0.004535186807840134
-0.0048002065891568114
-0.004034253093030665
-0.005163218681759463
-0.003461064079275459
-0.003433810166816914
-0.006713395213194403
-0.010373210047709752
-0.00755169209387731
-0.012444088776417096
-0.003419563143404147
-0.0024593055974605283
-0.0012888395972849081
-0.0011405642001434603
0.005376536085092081
-0.0029224791686646365
-0.015860019890088013
-0.015126520636475847
-0.00393426543305798
-0.0044695080626371425
-0.00501216917234437
-0.004713270955278002
-0.003961680481521131
-0.00282753199864428
-0.001513446678076645
0.00030457463597882614
0.005548760910459212
0.037938455058357155
0.027474512777552956
0.03312855352923851
0.02898719312009364
-0.03398526576901417
-0.0006432481502855654
-0.00311433316884266
-0.004059970352599031
-0.004010634224321917
-0.003294880077889644
-0.0028539134258373116
-0.0008263051117149323
-0.0024472217325194386
-0.0029435204939195006
-0.0039917428120942716
-0.00504354128717628
-0.003536069779141727
0.0068550047785821125
-0.006178214644675914
0.026450014053019378
0.0015915818860668693
0.004735934218198404
-0.0035744244736916893
-0.0039799938907498595
-0.002190204145690006
-0.004325444867129902
-0.008555046613242207
-0.0001686430193229312
0.0011227503227993064
0.00046261664467869135
-0.00040641922477686676
0.0002958712503223924
9.298475401528707e-05
7.4497132617012464e-06
0.004000171613890875
0.0006064103945289203
0.0004113963386011774
0.0004412058711540293
-0.0003526188956525542
-0.0037693425849658073
-0.00947505636979435
-0.004799370354448369
-0.0004029691612645797
0.00044086718505346025
-0.0011086272246969252
-0.056271950606975825
-0.002571412976810692
0.0005493646207004832
7.708400751295396e-05
0.002599462558852705
-0.009463576480416137
-0.004262608000029772
-0.0012823336073261545
-0.0008220270468821034
-0.0006469313028395847
-0.0006217807070867067
-0.0029170902870064527
-0.0019077477721581586
0.008390694093855776
0.0016939730201201678
0.03877455617948866
-0.00475144116137448
0.003711402927741711
-0.03561898600827231
-7.1094591052546e-05
0.001270689031079115
0.000858901127327814
-0.0025735180643076585
-0.0025570606995960975
0.0005229645695216737
-0.0003419201879842552
-0.0001390425953704209
-0.0004178979962176666
-6.970922356353469e-05
-0.09170242821944224
-0.007121059475319882
-0.015505191085813493
-0.001994769408676219
0.00041845988812151035
-0.00026011367261271403
-0.0003915142008850987
0.004843017096798182
-0.0001336321820931338
-0.00021167187856146896
-7.07397242191621e-05
0.0006455778494497527
0.0013175554610407524
0.002114874080320513
0.004630955224063907
0.005588610197687708
-0.0014230307893379754
0.027651258344804145
-0.1068127172247612
0.04149946812113168
0.012395617665854678
0.005609000541295912
0.0027526722569583112
0.001242308628951472
0.00025727824369192113
-0.0002870065280905355
-0.001201687945723045
-0.010240128848769441
-0.0030385993353430037
-0.0012344411954514985
-0.001330720708636747
-0.0015539017856467884
-0.00136872192998482
-0.0013973411843865814
-0.0015494002827253842
-0.001885072209044082
-0.0015466400731432536
-0.004203806733045614
-0.0020463180790093265
-0.0011261139781152145
-0.0009833668272026818
-0.0008260017843151761
-0.0015716931134609298
-0.00025783155372586895
0.0003075307420332025
0.0007799464071670671
0.001335509791716683
0.001969057302505169
0.0025539994092285676
0.0030157953431239988
0.003167862341972955
0.003681958814833091
0.007542570599761116
0.02476591602620359
0.02334521312524607
0.025430269475185625
0.024639281476542544
-0.0008917845091066057
-0.003058766228927019
-0.0016441214888185827
0.001528035615003038
0.001930855909749185
0.0015304135792441123
0.0009357525037435702
-0.00018427739147022353
0.0007401292237662681
0.0016396068216035684
0.0023727830508892896
-0.0004484894255118015
-0.015924626001425853
-0.06860090048728688
-0.04262343249170359
-2.0942991389729916e-05
0.002922411184740715
0.008658059772578561
0.013354772144476236
0.02351817751053804
0.06666006732008918
0.048170431973801976
0.03660367405140554
0.017076969060427143
0.009882420152162629
0.005967186671457029
0.003289591735770248
-0.001796188629006201
-0.00012462421384981418
-0.0006201257843510318
-0.0013294597443611986
-0.001909864227464346
-0.0022572791713635055
-0.002177454852145357
-0.0007852719051926479
0.00423898219944609
-0.0067993877046677725
-0.028767039990679397
0.004908639897339735
-0.0009777919147701416
-0.0034301158861283617
-0.0038545930317525627
-0.003788883188187817
-0.003677817231362215
-0.0039023302641485753
-0.006588040047143878
-0.003842990899696335
-0.002458036504468531
-0.0017466960452402897
-0.00330287082754428
-0.0004268327509439058
-0.003780292542272968
-0.04516169715822679
-0.12694984975526588
-0.08083603725078871
-0.007718717358087257
-0.005717138035965765
-0.006698039481878487
-0.002635077814181426
-0.0017842538592937308
-0.0032462517749579354
0.012633078480556205
0.02403268075086995
0.06505334185251818
0.043694224737229004
0.004714572964367095
-0.0097564755482526
-0.00842199128099807
-0.0073549626788244095
-0.006668936544067564
-0.005390053261065227
-0.005970076138124567
-0.007650795517753504
-0.004837274775339222
-0.006367027601956017
-0.004825163935890562
-0.0037771422216119842
-0.002141449192314472
0.0027743858674305513
0.029070964403542465
0.01242549612133784
0.019105054353193582
0.0014319654184987885
2.0751456478041078e-06
-0.0027941348045242747
-0.003658661350224639
-0.0037754679942673744
-0.002281651803931105
-0.00019743603077004366
-0.015613448381098084
-0.0020683512131411713
-0.00777617197591623
-0.006012756130597914
-0.004130619837055224
-0.004048895980340914
-0.007048231110069468
-0.005485019424195315
-0.0018312948951380767
-0.004375876095632094
-0.01756551385513082
4.2102192295171266e-05
0.0034853827453869297
0.00480746779772685
0.005303077252360347
0.004476344670416579
0.006184338522746136
0.0350015994692919
0.05320179220520439
0.056349423282410036
0.05906970352833547
-0.0035451818940697914
-0.00492050508524393
-0.0017205546434628592
-0.005056745212158739
-0.02548789618410111
-0.008460815972995452
-0.005318421676021086
-0.006949211905950699
-0.006670352747596666
-0.009208605975163002
-0.013725653623822753
-0.01360432100709755
-0.012641696963450523
-0.01331299499686977
-0.01395130940725821
-0.014295957207839046
-0.013141109402667307
-0.00773067213160456
-0.0380105661952928
-0.007901376061283341
-0.0029128609018567115
-0.010831211414410468
-0.016293288428330402
-0.014319074385252059
-0.012017798254974302
-0.010208234022534625
-0.009363612779771272
-0.008586332413376974
-0.008080277668506303
-0.0075704301452389315
-0.007320096540273927
-0.00699105933702233
-0.006761352488056035
-0.006479662072367176
-0.006419667189039731
-0.010349953324836734
-0.011171657744673843
-0.005910159104545445
-0.005585446501243603
-0.007267690951593978
-0.006162430738821624
-0.004936735044339038
-0.006055565176513107
-0.010030452190909247
-0.005098232910369308
-0.007867957804697416
-0.020052332406852426
-0.005745820509778698
-0.004056553331926325
-0.0038041997421939945
-0.002479255276878048
-0.003062584800591409
-0.002607666001534838
-0.0023021203401293825
-0.003808421398122816
-0.008212690227228541
0.000710397900793438
-0.0064147776693527555
0.0037744976404430375
0.004231381954807221
-0.007161872193773455
0.0019181921863366707
0.014765512921729538
0.021037438948153398
0.02543619824799546
0.019294255572908238
-0.012535454272727327
-0.05770856183295967
-0.04648959689375345
-0.030572802322999363
-0.05110952133104467
-0.02830979616737947
-0.0654713465254758
0.0290427486146003
0.027235190083332205
0.018250924327330734
0.01260186101927135
0.002042572709464556
0.002607252537935022
0.004281548109015831
0.005597559393097578
-0.001349381062555757
-0.010844155893278126
-0.00483902983690214
-0.01643819841540961
-0.016092156658910152
0.005944912050163161
0.008148502762951395
-0.018581816300608966
-0.007309112455173718
-0.003755458294972758
-0.005345879314560154
-0.0013322093186383629
-0.0011033663125264246
-0.0012482943524229951
-0.004644054387593307
-0.026533849387708537
-0.01822363537862195
-0.011709161031680093
-0.022154890990793156
-0.005416897706507384
0.0003140266939479786
0.0009452044418185543
0.001355937040958507
0.002389115100086817
0.004138473245321253
0.006734819677459215
0.005096468900716723
0.010264166015932974
0.00894982720858284
0.0030488469475891088
0.01012846365647261
0.036743907579569364
0.009457194640082068
-0.0038127032918654135
0.0030322179917491314
0.009271107962120677
0.00924918446783476
0.007009810928054422
0.004601291001934991
-0.0007011041571728031
-0.021522553860069422
-0.013310916736557321
-9.765945741742743e-05
0.0001672370748046169
-0.003916858251934704
-0.0037216766580569164
-0.0016312364096413847
-0.0021852807375197813
-0.0022448040038426384
0.0009197502333073134
-0.001204862304300047
-0.003983665052868988
-0.008498338132192376
-0.0063702188992802635
-0.011942139369891164
-0.018243235084559228
-0.006739971083624816
-0.004079590691146988
-0.00508788989654575
-0.00545794339864448
-0.005458116671224917
-0.00413430954955676
-0.00456558695834904
-0.008024652550804404
-0.0037826073338267136
-0.021502231545404028
-0.025223373226425424
-0.006915956674235758
-0.005684567903768856
-0.005869222440382718
-0.00638214611643974
-0.005757240676988039
-0.007926048759064499
-0.006129511882713275
-0.0053535139442757425
-0.0054444908740244
-0.005238274379168065
-0.00669492795065655
-0.022403688848999966
-0.010520226310926768
-0.0050409844418896985
-0.004720420385996078
-0.003963326169312558
-0.003879199524858856
-0.0038455084980772826
-0.004446078129956012
-0.008942604060531054
-0.006813060934246384
-0.005311168166413291
-0.006064452119633504
-0.011367776193688605
-0.026012738815650086
-0.004037810695756318
-0.0010379283562030835
-0.0022509650630066096
-6.899073734391492e-05
-0.0022548648890734525
-0.002941195594701134
-0.003462311693268621
-0.009734244146893759
-0.01907182080729573
-0.0043492317434956325
-0.004653449802869283
-0.005900799193092176
-0.010506929622933368
-0.008521725492650319
-0.015112505195265163
-0.03882054212409278
-0.018707849322100647
-0.0007593533715875471
0.0016104554381568908
0.0010739877821814613
-0.010130616553413564
0.0007097042728671337
0.0013362042489248238
0.006528757187080349
-0.0008725941580673384
-0.00988342231963261
-0.01080597488688009
-0.025295230977422877
-0.0018105529505770385
-0.014216476956531044
-0.02745631916612768
-0.01805528379289989
-0.00978829942843804
-0.008538750364569504
-0.0032841963487448673
-0.02861714203704881
-0.001111777879689762
-0.0007017708879610518
-0.0014458908701335917
-0.0022394614492054726
-0.0021771105721006337
-0.0007050695589729623
-0.00013546180089679316
-0.0004207987950646683
-0.0008042492838955272
-0.0011921473399090535
-0.0015238800171001362
-0.002451555547212965
-0.004821428399892296
-0.02611752336777984
-0.005188859034854382
-0.0021863027136084234
-0.0027504844614236372
-0.002398004440237968
0.0007546967017152674
0.0022629863325148384
0.00863675505839904
0.028442757938101918
0.029390677151498134
0.02871407807559828
0.007634513123598601
-0.01914249294747114
-0.0032062269784017407
0.001444057917138589
-0.00029691892706503874
-0.0012941885195893418
-0.004455931099835211
-0.004705595390865607
-0.002427475400854446
-0.003312882484673464
-0.0033329849503056334
-0.003075451827790751
-0.0031468689594716195
-0.004836681385306435
-0.024928547499513086
-0.004193683945537531
-0.0012123328621116236
-0.000963260659798525
0.0011279265311014844
-0.0002938819806593767
-0.0017718047786149755
-0.00583725024964448
-0.007443361538453027
0.03457993032169147
-0.19112615990219028
0.005473186114940896
-0.004932776547030806
-0.002808787191813177
0.0006619062960872559
0.0006300828230759576
-0.001069423810553821
-0.002791729404964354
-0.0009367575829772459
-0.0002920007838621919
-0.0011617215466728766
-0.001931210500657228
-0.0025496493983109304
-0.002997736287652895
-0.005983841455120422
0.0856610531398092
-0.006350836966681979
-0.003688749195230028
-0.0035913921470623333
-0.001387214808447736
-0.0029464337439905615
-0.005051510884463114
0.00019206900816571618
0.005458303566444393
0.0005898227434059307
-0.027983647371845617
-0.00406084270509471
-0.011089675748990698
-0.013217610257234714
-0.0027013971655918687
-0.001343632913783355
0.0015427524002549142
-0.0007185586675224102
-0.002085793032750266
-0.0030064683966686875
-0.0035372460516125285
-0.0038313459899351997
-0.0038418603535274446
-0.004008839697891604
-0.0036579322020780175
-0.042124501139805
-0.003854935122151337
-0.0019132489895346265
-0.0038866675915355873
-0.0031750024569423938
-0.005511165711721032
-0.0031924007258042238
-0.004042994632415629
-0.0038141727284789497
-0.013754805633649591
-0.01954917230527536
-0.0034776661501432983
-0.002349939594993164
-0.001501569456647609
0.002228104283184475
0.006447710812134874
-0.0004712312416851256
0.004583595619901993
-0.23118301011922426
0.0057035813896403244
-0.0024216101582474605
0.0003412702667644567
-0.0001234165170314871
-0.0005633873489640809
-0.0034499362572933063
-0.0352341559592836
-0.0048223497369896205
-0.0033410535910853925
-0.0035841667924184518
-0.00319648349191106
-0.0031896591030889034
-0.0027616493841117517
-0.0011175274176996896
0.009495522757588968
0.034346181668019456
0.06792832507306105
0.03386458480366381
0.0067393760518912145
-0.002421767872335355
-0.0031181612441080293
-0.0037441268282337346
-0.0029657833070668655
-0.0040441286506968325
-0.003652186379914274
-0.004001498217479479
-0.00381721461177003
-0.0033829798985292726
-0.002607678592173605
-0.0026447807496350188
-0.004281005182452256
-0.009409200743166939
-0.007104044298362952
-0.0038422009371877155
-0.0020773534341219442
-0.0018046844727555914
-0.0016200532092338577
-0.0012285068934991894
-0.002113410335182229
-0.0013837030518759836
-0.0037694918068843937
-0.026928119229772854
-0.0027181474724114045
-0.0011576142950056893
-0.0015204576521729862
-0.0019177408745280167
-0.002797008641800363
0.0033412708802414096
0.007944325050393252
0.009456777456685187
-0.005054165024662367
-0.002407583877056412
0.0002570942209635491
-0.0031650154212953968
0.0009828995965123347
-0.013255637376297723
-0.02230084173150819
0.0013505314206788356
0.0030825631804216515
0.0026853943595741715
0.0029415570167155205
0.003628573920576972
0.004498242674379471
0.005373526914650669
0.005117266624634014
0.0012709077381622723
-0.03197673742843219
0.0006409247341895805
0.0052589092595079975
0.005752495057148951
0.005598425855685961
0.005639938041069363
0.0055620575060713546
0.004029998449407551
0.00585220593120308
0.018287892825582238
0.04482322853704002
0.024882340419968788
0.005909447667177723
-0.004167539211659562
-0.0021270743548791305
0.0035509772156494318
0.005061170191377051
0.004191237987225649
0.0031850680620043844
0.0021988293947739937
0.0011146594480122317
0.0004770615950742918
-0.0001560341056403834
-0.0005722192078301776
-0.0011824568285602412
-0.006077394337062702
-0.0037129286388001507
-0.0009911708388251244
-0.0008052287782628581
-0.0006866479847368828
-0.00021994295530959273
0.0006544910778547884
0.0014194638006000155
-0.008177563693351653
-0.003534029152357154
0.0025975087183219146
0.002140816092275445
0.0024187949174532116
0.0033160528597145004
0.004196800966798316
0.008412108853468863
-0.012992469614446701
-0.01305533601051833
0.00998569490062934
0.006009091806614826
0.005149038705299395
0.005426113497010307
0.005973209591315089
0.0065937130806368776
0.006685590347179399
0.0016223583906647648
-0.00011131254537680057
0.0009720219147145963
0.0024335781453914745
0.00424164850827588
0.006160148013814523
0.0074919186507839235
0.006452903581070919
0.0068826549686435605
0.007307041701668879
0.008594543044398106
0.009861164423492212
0.01169287143198406
0.009966416014412427
0.0044876778857104085
0.01552050579046471
0.017712435724971495
0.01947402044995541
-0.0021298995512492587
0.021786408757986687
-0.0015445816252346275
0.01494573081944409
0.009170985230259322
0.00463636179129395
0.0015291522122947293
-0.0009204665072185967
-0.005004115668997143
-0.04071000943975964
0.011996293523664303
-0.01207589834375554
-0.006299045215607509
-0.008178519338197798
-0.0049233251550627995
-0.0019443848096202905
3.735979420167589e-05
0.0015568817258611407
0.002474498882850629
0.0030899316229071228
0.0035642628130197924
0.0037520131994253428
0.004131675824377381
0.004372587051574967
0.004050538902585682
0.004556537470658972
0.004660196329760004
0.004563731231029457
0.0045590487688424615
0.004606458885905636
0.00469261122332817
0.004765637497298063
0.004182826260376105
0.003421902102995804
0.004051704004424994
0.005053837483597923
0.005222102936053323
0.005319753073830753
0.005420120861352982
0.005616077771038322
0.005570078513508591
0.004206481017409374
0.006385543984613265
0.006930571910016744
0.0074090397076370445
0.007681783724580169
0.00859168668830405
0.009532752118914795
0.010515380259919918
0.011634534222561327
0.012825500583874778
0.013874857919417675
0.014262102534066531
0.013275740696526653
0.01116232162119593
0.020265125811739317
0.028885807126341777
0.06812590915939962
0.02915679840951213
0.013468988472361918
0.011961197477534899
0.014228224668715954
0.014162343107687035
0.013200534774164168
0.011942671359973695
0.010638743013069735
0.007771972231235837
0.0084520994522382
0.007709507821630977
0.006906916580435816
0.004508838805379772
0.005621010614841113
0.005150323784363259
0.004639317261646692
0.0042865495797480314
0.003957179806378905
0.0036465370672929803
0.003101966141524774
0.0019990635910899987
0.000581657977867102
-0.00019097547720952645
0.0007694767751275993
0.00027432018237783136
-0.0013552792619934437
-0.00013442448378637434
-0.0008423811815717066
-0.0012981235143271952
-0.001080840541487257
-0.0002651948964839083
0.0026494042379839513
0.013836670594259706
0.047217818410600645
0.028207987926974626
-0.006749179781427096
-0.017851819682007514
-0.012249351468800568
-0.002320373960136687
0.004468469129083387
0.00882543874803554
0.010859102893395275
0.008572213637434056
0.005743269449816312
0.05642051609349608
0.002077603342130829
-0.005864404109013442
0.0035589187968938217
-0.012179740419672132
0.011917661999941152
-0.0023092421164596574
0.000895651622006549
-0.0005966012296504433
-0.0030592490483011257
-0.0071958800617622646
-0.006298999312972933
-0.00653638252031612
-0.006925801198486293
-0.013753411650055525
-0.010650730649313989
-0.006149377942621296
-0.00938001233458389
-0.004003163615448143
-0.002534670360838754
-0.0008541725719059485
0.0007586837062561569
0.003389527372010305
0.00641478665917256
0.010241830567891873
0.014359526570011194
0.018644072076545913
0.02267750315314976
0.02578132483036057
0.025769229257549917
0.018970036669760184
0.0038854805446652606
-0.06012080697681991
-0.12396325153845503
-0.01575776861205321
-0.01701873629829963
-0.010207831601400015
0.01238692586294277
0.02456729921179928
0.0314661963263521
0.03168776660090161
0.03350983765120822
0.030831417971838318
0.027208505377389475
0.02406180754800203
0.021098468266724575
0.013889000747148451
0.01845990015706162
0.03227233975237145
0.054220829041304604
0.09359683064969634
0.09650362862479944
0.0491452261247953
0.04862388213975164
0.013098814553164004
0.0290430290693757
0.006146664627145315
0.004046879633217437
0.006888194281621666
0.0032129525779657606
0.0019305465231254776
0.0012784275250118256
0.0007071250912156655
8.549665339718123e-05
-0.0046076468921167875
-0.01496652282610369
-0.003593181386601968
-0.001139566154660883
-0.001194209376614286
-0.0015073748200622288
-0.0022230666061619814
-0.00863707030395524
-0.01617162803086881
-0.003330643240449575
-0.002229726019436734
-0.002419346338898418
-0.001228286915386823
0.0022610359194381565
-0.003338669983978789
0.002661951663782714
-0.004433369788656713
-0.006593418816422251
-0.0025362697224528058
-0.002175627615855878
-0.0018725133265118084
-0.0017047078602451474
-0.004496146319681118
-0.003975636395653121
-0.007395095850217549
-0.004191887570018626
-0.014074240038494208
-0.0009171397630889462
-0.0012014523298131221
0.00030771125159542885
0.00019491160961684957
0.00015297280649963896
-0.000478422281377897
-0.007121724055697418
0.0014709198941479488
0.002025978930391545
0.0015757331019779094
-4.195081991865115e-05
-0.003954152198747925
-0.01138720763565899
-0.016758531807783524
-0.021080612793436246
-0.004127495595402735
-0.012753217723541845
-0.01295437972219767
-0.003522934043699664
-0.00030036953194968193
0.001743800648907719
0.002706815555653663
0.001725132487280437
0.0014660524460266145
-0.022598226148439614
0.0020467711021236973
0.004049170556581251
0.01057460225146567
-0.005434919571456875
0.010657425839124147
-0.0021079261463468352
-0.048841261479436224
-0.020087230911596907
-0.029154035047261176
0.0009156849554585233
0.006342013073767087
0.00391859135628416
0.0014141756756211445
0.0008554945834157411
0.0014238849348740955
-0.0028351128362749055
-0.041296642789979576
-0.006691815823827835
0.002916524696533268
-0.0025628205637255835
-0.010706612363013457
-0.01745707648284253
-0.008060544057770132
-0.004051648387492074
-0.013996108017668735
-0.008283511513410457
-0.0077104387099862295
-0.007179922537910752
-0.01147163774624576
-0.00872398490453915
-0.009622770695753097
-0.013976699510132919
-0.011789678727894689
-0.011620325973521601
-0.01236125306644549
-0.013399842055149996
-0.015023310964466904
-0.017883927979470242
-0.02189904158898121
-0.017151765423972728
0.005102034976756665
-0.04984040149168496
-0.07397658389214742
-0.026294029452647603
-0.027442392777361414
-0.022412707074145867
-0.017589640537031232
-0.014572522096966538
-0.012495436532130437
-0.012488416541077694
-0.009614030246884297
-0.007824905401726758
-0.010496361328684988
-0.007277746218897246
-0.004002907882523892
-0.004201984641510838
-0.008222785669217208
-0.006380090079030829
-0.0025669735345740276
-0.001677775072390934
-0.0008378319645946523
0.0002643707067942013
0.0018549773288562097
0.003182771440242804
0.0020880041053396386
-0.0005104942537983466
0.0028394411552771087
-0.004486719704034672
0.007733924028980066
0.009748508349775597
0.013507116922599342
0.01967889007794938
-0.007169827314530457
0.014449028798400456
0.013433588990441711
0.013822681492250735
0.01071383444761694
-0.002458382633542454
-0.006729200507706526
-0.004728950284608455
0.012001418337216806
0.013236187153635962
0.009107490635191869
0.01784442067528025
0.017668885230329622
0.019230420300331216
0.02713035654928749
0.020940628782598426
0.017672599287965045
0.036027019042406225
0.003900954482796137
-0.041480936831413975
-0.06844479160650498
0.027566267362495133
0.03752534199747284
0.03252677259505936
0.030199408687680444
0.024831170794724855
0.027225203220982208
0.010232229648787342
0.01143315335452986
0.013709901145408536
0.014083592924415887
0.01842579677282142
0.015958314859576436
0.02097997153397316
0.020346109858473526
0.031305065129564505
0.010159276918722319
0.03480632274408627
0.020284743183986063
0.014684936315755452
0.013130937272492857
-0.02274885477570074
0.013821156144222285
0.016708378112461453
0.012139485352657284
0.016382615862530998
0.016495131041776936
0.015672544968088557
0.015355008578106956
0.016629468267020674
0.017634829574961146
