-2.845252448740246e-06
-0.04945931939302377
0.10236363033963082
0.032719862077153924
-0.05156192177535285
-0.034110948866827626
0.011533328040239325
-0.014837842463763127
0.050144908877971406
0.024585875395057712
0.008161063968869689
-0.10169624265086333
-0.01955334717081511
0.04038493407151447
0.05517272712836912
0.010278071166161012
-0.013227006042052208
-0.02128709646859902
-0.024088533538037485
-0.00777954643897503
0.04039439167805576
0.05452605221200252
0.0007417424706131949
-0.027503588410151877
-0.043656835295736336
-0.034105347145648335
0.002507133704926589
0.03454618654485698
0.033175062832658704
0.014685037050310849
-0.019872238354704495
-0.008097495401508831
-0.018245529979242472
-0.017603434520420312
-0.00963158090521061
0.0017375200612517968
-0.04922030449507876
0.024980892112919335
-0.004651802883802112
0.028896578899086738
0.02716487812929113
0.022697497183409326
0.01739418328014999
0.0007890499537236257
-0.0017300531128606063
-0.008988808264833757
-0.011540190285394677
-0.02115123729297949
-0.03624834101804978
-0.032042288621215144
0.08438603162188206
0.004312340990205954
-0.0012546441508563466
-0.02909856695332827
-0.04015621057221684
0.00021524700877729783
-0.10408710586530197
-0.00402965351527062
0.031109911089670587
-0.051077430399484945
-0.006580080722565499
-0.004469861896344494
0.05334807292556316
0.0013600086507733048
-0.005893717109048409
0.03926210456580976
0.06484863795137609
-0.01723692316662727
-0.031128086216360255
-0.022078868212718948
0.009824145071043677
0.02769122553376868
0.027654883215392563
0.021413464797493315
0.014964264216519786
0.01285849018002376
0.00394755867428905
-0.010220439550409676
-0.05171137108147149
-0.1705100348249141
-0.034974349523148394
0.058336027520139964
0.03007680596256334
0.0445028412155871
0.05155252101986103
0.04720716485383338
0.03695848746427902
0.034926773833990725
0.05416100972895018
0.011069285527568248
-0.024982644921779568
-0.030763916111509994
-0.0358457327312796
-0.029814317584797724
0.02059329870625769
-0.031062202490891862
-0.06049115653900535
-0.044369894651771206
-0.06184576443158226
-0.05043482168700534
-0.0034800945417352807
0.046936306820556405
0.030195362960473832
0.042300021128107504
0.02002915719028001
0.024741880721688515
0.019190942780734913
0.018164513413578783
0.016799531315348285
0.02027204333243498
0.020884398592052746
-0.0577592445710776
-0.06585754410706181
-0.06265157075306564
0.010964644502809635
0.015915278458919928
-0.017424546845184526
-0.0865575687955325
-0.058731231727533285
0.02481213695039294
0.1476724703830798
-0.05990094336471113
0.0448892779917413
0.06548228578002206
0.03550761066712567
-0.009844916686031588
-0.006970451763160742
-0.025366341635585325
0.0019949490450416212
0.0206743484344859
0.016829397202206733
0.016632037302379613
-7.2937327433551e-05
-0.01670436644251795
-0.044781138682577416
-0.039916579339937204
-0.028648600390601683
-0.022272896068517477
0.04286748813106163
0.0424004008820613
-0.002107907342520174
0.01627282101711706
0.04320088920696186
0.1504735218663733
0.16766187507587363
-0.07538925287019047
-0.009160547302926793
-0.03340376562693101
-0.03286585294349822
-0.04402500513430669
-0.04815529581773689
-0.07664424902759576
-0.022360797781633968
-0.004640792577173471
-0.03817621062008783
0.002807724581268051
0.0010154741672389932
0.002698220122575282
0.003113244188529451
0.004279587897027522
0.0035585739807276195
0.0038221339799098105
0.004738518076485584
0.0032075284407586564
0.001692108390042036
0.04621597332094264
0.07055965347991038
-0.016112728689283044
-0.02149338558450662
-0.024113532452889438
-0.03006421344922296
-0.03833810727959255
-0.03861699376718294
-0.030199671901102572
-0.014828220878089325
0.011783783191486598
0.04379503067224083
0.03666930591640595
0.043600178822266945
0.038688497382920205
0.02541201364066571
-0.02703460923771751
-0.08737778798949165
0.0394452082801361
0.0036222912132196907
-0.05755061355030709
-0.0022313932911227716
0.01871936999369419
0.0284182941715458
0.025018648290618128
0.014695108239988128
0.002202819681687674
-0.009423343122300441
-0.016567791795618705
-0.02853488531287726
0.00776044113721435
0.012386262249488786
-0.012995203938321587
0.008629914877115097
0.015020057767086351
0.02783545205827392
0.0385121333515908
-0.010113125533849264
-0.07177542412366265
-0.06816014840197687
-0.0023219587069646707
0.016362843009898168
0.015743940885737606
0.014846068535702287
0.01573456433390005
0.009891935104199787
0.0020018358925739718
0.015089828092197902
0.01622253961050005
0.015079735764235656
-0.008675795708050457
0.03218504754429736
0.014823189374193453
0.014735080550961887
0.014745388412032108
0.014864848070542381
0.013414320597940236
0.014022304274791456
0.017110353174349568
0.0190051731951914
0.0018997122462376557
0.052217772990075656
0.004019695665002817
0.014959327568082369
0.01320924219372395
7.602331246305843e-05
-0.02470459757166493
-0.020607565323361852
-0.024003578742872064
-0.002785304743382002
0.005935944593428615
-0.010909849495896923
-0.02406867297990849
-0.004600363992780308
0.010015300298516645
0.01059955640830573
-0.0013046764253970024
0.007819030821446285
0.0057606459158093745
-0.01668316156071259
-0.004660589445724509
0.0052719948119952795
-0.0002879520861071969
-0.04662908249169152
-0.042904939400765875
0.025528815468115244
-0.05244774126539531
-0.017664779894789127
-0.004677113858197164
-0.022417792382873256
-0.037216969511314285
-0.025279152198753357
-0.01054731610685886
-0.03367059314066554
-0.040003267674287975
-0.008006963535692123
0.008238594324234193
0.017103184047377276
0.01017459762112103
0.021934446339371708
-0.050156788419371816
-0.010871045932724381
-0.03220533692891332
-0.0020622065534613
0.011740134207724202
0.014302823946723463
0.011699355391406478
0.0005555936207339258
-0.02923138269502658
-0.014699982060666264
-0.004941145803148549
-0.017950329558409053
-0.03742377958597376
0.00967057085035736
0.0139665536587998
0.011138858252910173
0.10554388512401126
0.024912051746176018
-0.0031828542410887468
0.014801639654608212
0.006990415323133048
0.007730645444456576
0.0016244473703404582
-0.013098397360791662
-0.011504271349741333
-0.003813119403289002
0.07653139403607973
0.005111515989051347
-0.00588731434183433
-0.002896656514308069
0.005865771584427693
0.009297258369581228
0.012427666424949215
0.014545070990505927
0.015540386780672138
0.0035569338017376767
-0.011199818899517471
0.0221192051822899
-0.006692291621852882
-0.02169794240879662
-0.027882631162647047
-0.005123066808199697
-0.0052571859616023465
-0.007496156643447336
-0.015249554452782003
-0.017162044319662596
-0.03978130172218546
-0.03174765042855279
-0.051059181850812874
-0.05119002011082714
-0.04471769694991694
0.03488740764669738
-0.028229413711817312
-0.02069168361907006
-0.022775306895687637
-0.014406245966278887
-0.08283732827053311
0.02451665889350725
0.02837615652047544
-0.021714087981000267
0.07377008199998308
-0.010904308996266036
-0.03247375525248613
0.01798765994490002
0.016786243797102213
0.010884904072538004
0.004476409289711704
-0.003426244404780971
0.05244931585514082
-0.01284989214345855
-0.015509456274191369
-0.011266243261297115
0.002943789334902986
0.011279802776270907
0.015433168629355539
0.018951755904536523
0.020247625642180602
0.02239307223144644
0.01625417995218292
0.0312978000775004
0.04618265815695145
0.03458484841005778
0.02780605275481021
0.02509752534362548
0.023557424010227843
0.029872525355181652
0.035254935951395214
0.061606303985195725
0.00837975199653514
0.011105514562262489
0.04046927833133698
0.012265396675374834
0.009503658791778738
-0.020830244548348385
0.10069078305291099
-0.0043920459343512325
0.0009986247397977004
-0.004593363967780237
-0.010559135811311819
-0.025140343653133945
-0.03461155276232035
-0.034485326009966906
-0.053605447221695496
-0.01756911194603559
0.005888835094308233
-0.01973636757045058
-0.04951017982758363
-0.023302726002616694
-0.02525891916599507
-0.005119505726665613
-0.002562663454915699
-0.003901173077439867
-0.007393433569728819
-0.02344918650222416
-0.04315112921228759
0.018616375255103044
0.008199916324288613
-0.006634216301406591
0.009340553046299986
0.00995392732604173
0.006058790242397871
0.0001878252379957468
-0.004948150332514566
-0.009615926114338251
-0.013990318977170478
-0.041605701825005365
-0.04802436551944245
-0.01864214752871117
-0.019770010076287866
-0.018549427019247815
-0.0194752530443593
-0.004850319630059742
-0.0036563911612419258
-0.004418392717424967
-0.007230900057441133
0.015704039781266083
0.026101208313908386
0.09903581847306984
0.0004395847793645496
0.003069102235214631
0.004708067162264054
0.0064868354371181
0.00385361314276182
-0.008730754880654123
0.0015870589200016
0.004254455267149818
0.005123444160183974
0.004023792661386617
0.005387741596034591
-0.01221958913222378
-0.02472228633598397
-0.024026802171066137
-0.035376425638977374
-0.0467574044685573
-0.054185245468951156
-0.043238335272056456
-0.007721284073142903
0.0035870890154852527
-0.025153771073245536
0.011805328014902432
-0.013515549694567008
0.006739378756738185
0.003629062853949389
0.05505972336373956
0.05221586055979423
0.010797698315777428
-0.0011857309380195373
0.006603780799463912
0.016399781039438673
0.02536646197402927
0.026740791177430986
0.010242121770462936
-0.010434411805791808
0.02044603671367754
0.04697580886879381
0.03968211424938703
0.006009835959599768
0.033054201827617175
0.04745208149223915
0.020450684003556284
0.008436428614402029
0.004153424855485996
-0.002921285478712501
0.0018329215472918145
-0.003970856538745
0.03093853108944972
0.013540989381974936
-0.0016910832399812314
0.009379581806768643
0.007141475895902238
0.005374543682364299
0.0025424889631450137
0.008379547441955083
0.005172076070790573
-0.0020665107565562345
-0.0014320234069257177
-0.0019152688662369029
0.0034763686748673452
0.01959388727792795
0.01349225086497968
0.010819015065449302
0.00735070960328949
0.001363684571673857
0.09683816026427637
-0.020174051706554848
-0.005726263487910185
-0.021154749021427624
-0.011832502705501869
-0.011671781845084293
0.0016774333094778883
-0.017904054384170753
0.009962240420771418
-0.035874793139132666
-0.012993193134143079
-0.0006353987281228111
-0.0024630153957661293
-0.028628054520132614
-0.02289990139704123
0.00014050327455362424
0.009588578538093629
0.0015552494529863592
-0.003442635448494849
0.011250207409858251
-0.04466364189203789
0.03500940095442337
0.06150270593949753
0.018407041026969384
-0.014069713134250615
-0.016938745185343582
-0.01815121298809734
-0.01805824115264299
-0.018449284883826654
-0.02090627748876693
-0.01440897922036312
-0.01933876468356021
-0.019343860119672183
-0.015543713228296003
-0.026160800683603987
-0.030141619196309463
-0.0282567359113936
-0.0299119927436
-0.021202080454579258
-0.00936986640889499
-0.014557433823282498
-0.023866270851309303
-0.03338532357790241
-0.018771291606402802
-0.020786926923351712
-0.018717441025840775
-0.016228024737907965
0.05174051229480624
-0.01165985106806257
-0.002113825680087059
-0.0010998586545708914
-0.0024350047739214726
0.007471702311427413
0.005542109246972171
0.012815609299816864
0.016842979425191733
0.008221625361271903
-0.0024716430546248146
-0.0034224329225658852
-0.003798516875880715
-0.0029279256583211047
-0.0015941542093051893
-3.595842911210984e-05
-0.0015169872759568748
-0.0009530605953146344
-0.00010985567680597156
0.0030264907609163986
0.002694766020513429
0.003005686319437363
0.002032088951491905
0.0024684381772915602
0.005265449593648207
0.004570121547543824
0.0023866836453543443
0.0014380320386621172
0.0007694494896771928
0.0006296355608781847
0.004673059002606633
0.005440853951606624
-0.0049434555934444084
-0.006764789081238494
0.000622266669977543
-0.0031627489134148346
0.006618417709304031
0.000989875840679056
0.01373488117134462
0.034898101570725114
0.024033768490224407
-0.0036343954855340734
0.022702495107932947
0.003706891553697026
-0.005823053910590226
-0.009015641836158115
-0.02144620728584048
-0.022617621394240044
-0.018521608805659496
-0.013377230636845535
-0.00831191419103861
-0.0018737817053487286
0.00042236562658818104
0.0014924263040520431
0.0032533098950344196
0.010108445001519268
-0.004866371541975916
0.007993015690077623
0.007976221800676423
0.008725781388064062
0.0074063481490533834
0.008299016322117126
0.008534059426434372
0.0061089932595071545
0.005076015530469596
0.00493984064584439
0.005747269012507793
0.016235900818292907
0.009590461692166407
0.0054869649562518386
0.0017326090291170273
-0.0002759465114748529
-0.002237063224413977
-0.0013010102593884014
-0.0017157145215267683
0.001164058196520157
0.04230135334079155
0.003941164127049059
0.0037348792825807197
-0.00045088283011638643
0.020556444991597696
-0.0037814178808308857
-0.009011475940350575
-0.009600288088639582
-0.0226994845359988
0.013789907607380473
-0.01958632763891545
-0.010905798210899145
-0.013118166951197158
-0.012988556590480396
-0.01182128317830759
-0.009933508785320854
-0.007828886352352717
-0.004689395163630071
0.0075727095291015
0.011157124001820855
0.022796485383452057
0.00987482015839149
0.0010084771387300778
0.0037995406973730084
0.0022826693169402204
0.0029779247507372994
-0.004755095059886522
-0.011757921153191221
0.0192739102312616
0.03807232954453034
0.005486132016914824
0.04298190911722323
0.009835673307773062
0.005254965104071112
0.010297372656104914
0.01153152180608946
0.010296648615384969
0.0036276677330665747
0.004039983355752048
0.0004750624128470954
0.0011316927860836716
-0.012344590700436217
0.00553440345535786
0.009979794514484174
0.009782109230592426
-0.0008438835605798238
-0.0015736779358454178
0.00202146750821669
0.016339838444136483
-0.014066861586863296
0.0054384430308075235
0.004443013910909561
0.007387063146312213
0.004244078106930245
0.015377599241073578
0.011943959912698473
0.008835169905302292
-0.0036871634061272722
0.010653135206030106
0.0137977666444091
0.01148460093646568
0.018200385796610426
0.015306726111464334
-0.03805072496536565
-0.004538086087483914
0.026199020030478366
-0.061991926912094195
0.061648566435241484
-0.06645285267060883
-0.03426037326682175
0.002941131935823129
0.01711818669278849
0.01301929213403262
0.014611119365071513
0.016503233920284344
0.005134907757084238
0.014886208179572596
0.01186324971414787
0.016898029864215253
-0.032188512457309554
0.01250743935604484
-0.0024406706396798193
-0.002461686269390546
-0.01747103139351209
0.00384959951132602
-0.003058358480118557
-0.010830900930678924
-0.012893848237736445
-0.0060733107772313055
-0.005009871506774717
-0.005188558865109913
-0.0048055193459707055
-0.007463330578579085
-0.005476199907710191
-0.0028372088003193107
-0.005628403624726495
-0.005589056441995555
-0.00554539126265848
-0.004918088904426969
-0.003593616406985146
-0.005638416282900924
-0.006291637496354384
-0.001003463470052417
0.005254757489515827
-0.011556804988777508
-0.016398325647225157
0.0005862571740975946
0.0017770503102191393
-0.03592600128699527
0.006527855567907044
-0.039291805394807096
0.003770194703168495
-0.037531209854304845
-0.00597723465253624
-0.007796816503864329
-0.012015649840365747
-0.00862887873915755
-0.016872225795294876
-0.006603056057162413
-0.008237192374390018
-0.013252866835861616
-0.00873816986612502
-0.009958196207116956
-0.0017378903789439968
0.015706885017513043
0.018188590452323242
0.0005421398216441063
-0.013769345760197015
0.0029266093787667265
-0.011338797795130638
0.0013796436643193273
0.0005849606411575047
-0.0010030744807511664
0.00570382068295799
0.0003116832509490448
0.0009353863250727803
0.0002486248205417029
-0.004767925677895253
0.0019116969989727165
-0.030172424985215274
-0.0018466620659009874
0.003945871176461889
0.0033751758203422254
0.007047536077787615
0.03168850665398931
0.00394293668445163
0.0033092503687392983
0.0027526086325842937
0.0028192456981819135
0.005253510595858477
0.0028590373539573214
-0.00033008666280489316
-0.0004982154316410777
0.0004823282717180791
-0.005655413379915552
-0.003983159539164613
0.004851365620320935
0.016660474353211434
0.0408879602272815
0.04437010095641308
-0.01624648699879927
-0.011500262519814473
0.0065856092749132285
-0.005427502956174831
-0.008545724527100462
-0.02210743574746553
-0.021655012667981255
-0.017084511544089
-0.011824062745381054
-0.006716322154970816
-0.002710947597683618
0.00022675037730789381
0.0028023648659237592
0.004853108230627391
0.005517508207502587
0.010311301183517967
0.010513249108568276
0.007065812757111904
0.004342398992338126
0.00016906673595871912
-0.004153044810895171
-0.0019693815811290473
0.056204486879689534
-0.01254718029297422
0.04097574184348708
0.012339707736541188
0.003912634193418645
6.618321271470421e-05
0.0009750931873128434
-0.00432396284706947
0.0010006929268933738
0.001408722534968645
0.002326720790135214
0.0031457111660288988
0.0010763128956358746
0.0009792358645334398
0.00016889888968303144
-0.0007499027359023837
-0.0019525233967164347
-0.00028870791898373663
-0.0019379188727657569
0.0035772535905021405
-0.01819155756171694
0.00734630915258572
0.0015231265257242793
-0.00037952554221494565
-0.0026047596704973294
-0.0010283554606248298
-0.008084080920920824
-0.0016224789461383908
-0.0031558099966607273
-0.002881197018235755
-0.004290590799170347
-0.002991057274428826
-0.002505564986864398
-0.0032446197574624576
-0.0032655736417984797
-0.00455752304037177
0.000643541752367626
0.0015802262310166606
0.004207917803277626
0.016316992639374747
-0.02868475701356351
0.015168914026323851
0.009511064538257471
0.004873480981407461
0.0035667704816361354
0.00355282582306438
0.004853133966879991
-0.012571236896762596
0.0029294084863164386
-0.002787877855984811
0.001959841970157209
-0.0028697214266353464
-0.011657932574035
-0.03387340906383056
-0.000995972234268987
-0.03847197140344778
0.0058788952230947
-0.00039935927373441313
-0.01892143776059095
0.03563760979906068
0.014968114742829771
0.019310562799717816
-0.03283439006090213
0.011220763742395163
0.0724824322743421
0.016891247984006628
0.012910115482731193
-0.04241718356860742
0.09279460520007927
-0.08305602152534367
-0.03308152064427944
-0.06515036422832096
0.005663143233088566
0.015038913121195135
0.01692949304663352
0.007975558649794793
0.03523057078760279
-0.002270182062964665
0.011697205350620679
0.009040680650359371
0.00010895334577011841
0.00727216445476578
0.010805633308398555
0.008938761832939337
-0.009401970283145763
-0.09058657673928903
-0.008627589066190475
-0.04455948519057959
0.013014792426814413
0.0117611801090272
0.03752814645829843
0.017850229208602113
0.010646673404525981
-0.025962981864384418
0.008572845921463661
0.004618362346531221
-0.009344346917916515
-0.0005125927840556593
-2.2964329972317362e-05
-0.0020800740025925003
-0.0029019512617234106
-0.006911887185970287
-0.002814976792030547
-0.0037340423481729943
-0.00509406805531007
-0.007220240911613683
-0.006788908331123651
-0.004982458631807615
-0.007972457193460595
-0.010593209873983774
-0.05893464562662241
-0.007389479287887723
0.003143932992852178
0.01138146840137443
-0.0062663881417952556
-0.014799843716380002
-0.0011412141629423345
-7.554129288185627e-05
0.0016774238969121513
0.003662577942864345
-0.030510882915972672
0.007331475962688009
0.03831074286408143
0.004383891249577344
0.0007969750068638119
0.011397710914595096
0.01962398100386995
0.02137867793357364
0.008199592724558318
0.030357834068494904
0.03119536701344417
0.006592005046660347
-0.01422457494189958
-0.060449656872964705
-0.007858187148524884
0.01196201547096521
0.01981071970999065
0.007426425913973407
0.02432603132192384
0.016868570368012866
0.013063293136736114
0.02126912209947136
-0.014771835489066753
-0.08224441049899425
-0.03029428352124609
0.03096837715173285
0.005079042837441479
0.01144404697001993
0.018428196731807827
0.016971281868319605
0.026823260626358446
0.023451750149638156
0.005305420016628023
0.016909293041597308
0.018227997151588043
0.007778030664156315
0.005652360001424582
0.003505627440342867
0.0030131397217825566
0.002702099022271688
-0.0003864231472717925
0.0028679199783013592
-0.001309985959362903
-0.009959681324242659
-0.006630090583054288
-0.006660246200612689
-0.007253300412636276
-0.00942409862853911
-0.007603250953261385
-0.007791427632995386
-0.007530521842361748
-0.007813404050200168
-0.012928308235559589
-0.00655731302214635
-0.005586424783563267
-0.0027721586746093005
-0.010037226062580841
0.0013881415110608378
-0.004104390120724117
-0.0008348244101509225
-0.0028926332677464465
-0.0020417676860430486
-0.00040114433077392635
-0.021181528637218852
-0.0003080095334984999
0.011441901692860738
0.011072858005281279
0.0009948171175337293
0.0023052962726724047
0.0030347702946356275
0.0037468028000955137
0.004588925650221
0.0034903857266100242
-0.0019612024555976213
-0.015563896253521052
-0.02024834198170059
0.027711998768465737
-0.06599627176980918
-0.013565424590659715
0.00798631976531575
0.021944618932491576
-0.01565155011556122
-0.006190906860913681
-0.0017757950863464239
-0.0006097818241939406
-0.0009036293240912496
-0.001576910261094689
-0.009448677382433207
-0.005865332299133307
-0.007621739163273894
-0.005892323004469717
-0.006926632591818222
0.006648857521922985
0.005093740324281477
0.004066312670441026
0.024654682532001974
-0.014009936215879927
0.011326960211131045
0.004865056748567075
-0.0071148464745049
-0.006222564522579835
-0.0047836146916401985
-0.006816390189122897
0.0011371913185661982
0.0023735520006818544
0.00033259831993137754
0.000539247510947329
0.0020503113213596667
0.0032092922797177835
0.004433930577586947
-0.015357006427802621
0.005831912398724706
0.004526064714683738
0.0037294068385988447
0.006492480332521664
0.014026747461456969
0.01818721549444443
0.017241337346031945
0.011661573783037985
0.012179445727680068
0.01359321548229351
-0.0035227935411631254
0.013152046178359904
0.011517653847616187
0.014392471923017446
-0.0005506662117373872
0.026243414552537852
-0.024056018988999464
0.02662601629623387
0.02470768406322529
0.026146555898397678
0.010691175929694386
0.04489323778672364
0.03448911863945498
-0.0028841658447225807
-0.01074680962457458
-0.017798343332540194
0.037280925119986055
0.027123545348762122
0.015860530002553913
0.01217055608685563
0.007166660457577386
0.003871931466817154
0.002339167301543051
-0.003524929348029361
-0.0013605374911053706
-0.0016049715158868753
-0.0023312149695712946
-0.0035758748700279864
-0.0006079348304489282
-0.008491188462625239
0.008183678986778672
0.0005087610926007216
-0.0005488764632951822
-0.0026110780492268355
-0.0016531724879418996
-0.0018474878702008602
-0.018710805572602924
-0.002528758020751347
-0.0028992833316366985
-0.003038228148480575
-0.0037619577183773995
-0.003232380814334921
-0.002058550139813636
-0.005782062452238038
-0.0019053662076949304
-0.01710528370200197
0.00578301690819154
-0.07113677427206408
0.011391917264559367
-0.0008138064985319566
-0.002354203645667153
-0.001580308334968627
-0.0008069694558498047
0.00011498062402791285
0.0012628244443714494
-0.0007711838823623812
0.011074050762845464
0.0033218210214582306
0.0019017618999003325
0.0021138485417755044
0.0022712018486915828
0.0017968232156188478
0.0019376091424212882
0.0029085691541008677
0.003384723999687189
0.0034264436433238767
0.006110680520680503
0.0044015731386956415
0.0028417840659109702
0.0027816374225715155
0.002866575806632832
0.003366461989948642
0.0026142944906502436
0.0020987736329898723
0.0017079070883783604
0.0015808138520547789
0.0012996545551762439
0.0014958185115173603
0.0029512040422845936
0.007881606371765338
0.02032498167295705
0.03554456933916242
-0.0003271702435624716
-0.012722390950155744
0.07236616983875364
-0.01384519117273811
-0.008271335332423073
-0.016857345410544435
-0.016138188705632554
-0.007778078801332727
-0.004408875295275464
-0.0030987448789693054
-0.003987105752938068
-0.008201490530667778
-0.013082314650203132
-0.016328440879315724
-0.011661265735443982
0.011158697068624214
-0.006706644267549549
-0.026282498021042197
0.04448944261796038
-0.02082456099315261
-0.02355007834297531
-0.028174730906055167
-0.022288816396934988
-0.008607237044324085
0.0019506092607572021
-0.05354227406748055
0.008700106172374981
-0.0015243392534761546
-0.003255637688103119
-0.0032392015783484656
-0.0025058057982053094
0.0003749822323973188
-0.001281986559365954
-0.0022534192965604134
-0.00227003360164755
-0.002457294934526808
-0.002998068998035605
-0.0037686437338610114
-0.0022806817103918076
0.01096681501448169
-0.017516687816212004
-0.026724088825059278
0.013062564060406137
0.002165225364827785
-0.003069777557438633
-0.0019592987156465923
-0.0014135484411552583
-0.0016624534359970364
-0.0027704130771646334
-0.00038927920391740756
0.0015313007903964453
-0.0032791288957327827
-0.014873653563180685
-0.02353965333875213
-0.018859284668864853
0.012265181627062688
0.007659324567255107
0.07572139154995464
0.016977229468540814
0.047852732916782666
0.0013364104811855835
0.010676848986902743
0.01931090913754184
0.021009829158466057
0.01794186638074512
0.039567976219881396
0.022280611594892207
0.005779549886746336
0.009149186361188128
0.0033830102682760733
-0.016572758647708376
-0.016415885274382553
-0.004983262434076987
-0.0004428290331899118
0.0005110781405375825
0.002564528369744403
0.013705281915067122
0.015402467968858814
0.0030132874719865387
0.0031683964930062304
0.003982686412149611
0.004067591714916221
0.005588573615364751
0.012855655037903
0.020352058860294543
0.025758550531667368
0.002469768889151635
0.0041615146713131
0.001540042657777481
0.0002225194101477619
-0.00010788894181785734
0.002545329938439112
0.00036524336068202246
-0.010628414071129359
0.01006134101327108
0.01950608881560332
-4.705843509835917e-05
4.7696306942842886e-05
0.0025365566570839937
0.005840510682319358
0.007780697178707387
0.003647140227063216
-0.005595335554985004
-0.024700668500441173
-0.0007809457859929668
0.008004106052257447
0.006566974162726492
0.005534137503738987
0.003083670835731856
0.012725897393445125
0.04482869716945658
0.05399408375196928
0.047290950061763065
0.012302927246389355
-0.034792734376030046
-0.026655782120743047
-0.0024229292705908287
0.014298038182777952
0.024557728000454047
0.044970875945190586
0.02152723075507532
0.004341445154524745
0.00023908816984540807
-0.000303483395553022
0.005732173837912654
-0.0065647855489125
-0.012527072010655466
-0.014798263743828335
-0.014801132775632973
-0.006500645629866767
0.0148050416323363
0.012914972150735473
-0.006299744867673047
-0.1059184372006297
-0.02789767232983334
0.0012353347115569367
-0.012922379368630034
-0.02039603312377272
-0.017654119972741956
-0.013864603024507306
-0.008637441675972654
-0.005385154316774328
-0.0028342754787591897
-0.001370244657112449
0.00022656033356976897
0.0008301375035253012
0.001711376034226044
0.0024371619533234117
0.003604166002755337
0.009944558527827713
0.011427289168517983
0.004743533275956019
0.0038755251385663883
0.00567105628837541
0.0047801172325936635
0.0031082205443076086
0.0055413851570073145
0.0037609265857639525
0.003950535613293399
0.007230778672559678
0.00830265279361666
0.003516691469469007
0.00041932357576983153
-0.00045322509132764946
-0.024231293753192697
-0.0024068541186471728
-0.003724987510309475
-0.004064917144256527
-0.0020370365680404054
-0.011029524079775036
-0.005819831610424391
-0.012369743898367393
-0.011283779255658561
-0.011024722733303339
-0.0067109519186866655
-0.01033446411490095
-0.02228112489395302
-0.02833919550517095
-0.0318952891502913
-0.02806780853968087
-0.005222130198980529
0.046567990165421784
-0.07255599651466295
0.03024374961384328
0.04657303135696689
0.027826956356843232
0.018776790826788934
-0.019795354362742882
-0.049092068232911366
-0.021229745893026307
-0.013777866647415928
-0.007942768095557377
-0.004615929194960971
-0.0022137777285736147
0.006457752074204768
0.007412911733518151
0.019027907160406213
-0.0015750065661260435
-0.023816543240624086
0.01252204421369578
0.013828998979882975
0.008542563873918529
-0.019896416527653796
-0.02102042375966958
-0.004161975827367132
0.0075902729462444815
0.007485702994514074
0.006958736650500237
0.005901052331595931
0.0031804641329995055
-0.004961349766593054
-0.0144395329321927
-0.006942212001303448
0.007180575384571955
-0.0018649869371274042
0.0015708813329648721
0.0013868481643502188
0.0004776865297112851
0.0004827048341415817
0.0009420117450600788
0.0034127104611480865
0.005966325780166615
0.006183982867803994
0.007003308383540818
-0.002515664499511041
-0.001237431065493471
-0.009187771358936605
-0.03005712955884168
-0.02389460839412895
-0.01712820405442072
0.00011775101937192247
0.005888333704648243
0.006236795181899773
0.00530381024986496
0.004384622863706104
0.009948624885277499
0.01191220530010253
0.0030447940780499354
0.0033313056590550806
0.01655261043083604
0.012269056184633101
0.0018157124364306468
-0.0005790828847273652
-0.0001682728668906507
-0.006097557407572358
-0.0031030147100922978
0.0030498880289401447
-0.003971069618453381
-0.001405875453398077
-0.03266914349231249
0.00021250100950828587
-0.0003306460137734427
0.0009008857846705678
0.002060840140147271
0.0006978595409455449
0.00035866603262981123
0.0024948099458613907
0.00023288748128411115
0.005273267955484368
0.0035225165194388178
0.008347387125942254
0.0063694584514235346
0.0006270217537023676
0.00028441138632703263
0.0002957822490798634
-0.003551145312488095
-0.00023162429020458285
-0.01191061298571722
-0.0005494420178139478
-0.005124868942552367
-0.0019830842399584663
-0.001975095535825106
-0.0023454495756322457
-0.00432385279186251
0.0009238172153350491
-0.0034630593207000617
-0.005236796903608639
-0.0076215445412569725
-0.006943277301031327
-0.006422733316083367
-0.004390373201260182
-0.001235331264870053
-0.0015784929244616226
-0.0030491272481869554
-0.0019131133011232654
0.00071526421888121
-0.025779926704137715
-0.003728930211287032
-0.004623623130937939
-0.023810100208006602
-0.009305120561783061
-0.003052304037692443
-0.002089029451618327
0.0006050039868325575
0.007256804228611242
0.006524410240308179
-0.0006683228135440325
0.004436910464689472
0.003847398300466444
0.008698088686275468
0.00825666498761475
0.011253469421130998
-0.003708987870387046
0.02606245701641904
0.009879473622948819
0.006887797409515739
-0.0017469175957271661
-0.010781256017984431
0.0024990390613383712
0.0063624551525399125
-0.017024926214007804
0.016500340135383224
0.03714100112727313
0.03505579603451749
0.025780416321969098
0.03126853432232375
-0.03866935627308926
-0.02442670956201432
-0.018785000024551125
-0.00841194524209426
-0.0032035501595999187
0.0037773874521254643
0.023219610223722556
0.0072137941996653
0.006956085782261236
0.010256650057855093
0.014897654873365885
0.009071575021078195
0.003701510906213708
0.002493060029559748
0.0009123051646737533
-0.000423817840597125
-0.0015166095051602775
-0.00221964189764923
-0.01077825304611395
-0.00048434116887835634
-0.020854628086775524
-0.005295220993254469
-0.004756830375321545
-0.0013024580983954169
-0.007129641889054057
-0.014217593644104964
-0.028279672179580904
-0.03885535171085632
-0.03133280324921481
-0.03543548082576572
-0.007052933255785474
-0.03397662037288859
-0.05380857166678103
-0.00980521958776905
-0.006636122524301766
-0.009468586349019741
-0.008987485769314598
-0.004023127263873618
-0.004680154934028449
-0.008321572925783066
-0.004984136909050718
-0.004530917894544604
-0.003691862479635843
-0.0026688718837218533
-0.00545805566610244
-0.031017545671573016
-0.0020815813485298936
-0.00221183908268542
-0.003021148978847688
-0.004934132547054576
-0.003257822208338552
-0.004799654530725036
-0.011793419022050064
-0.04449686395713274
0.04620553548583117
-0.02815128836317228
-0.06479386211958049
-0.025887053798142823
-0.00401620291292606
0.0017281184936658802
0.008202584475231282
0.023677180393240262
0.028107230595727832
0.01122576888606404
0.005999306542902182
0.005246867266111749
0.004962812680349113
0.005877118862911991
0.006443657047799701
0.006952522448848263
0.004427547611084799
0.007882960358358998
0.0074041000740468375
0.007758357922745869
-0.008297154986027953
0.007054062029599356
-0.001516012433839924
0.005183377186870421
0.01170345661439679
0.020569727262392517
0.11604149412166288
0.03239581041237226
0.05723009144460916
0.03654717297036383
0.011999883925000038
0.0029388751158053407
0.00805655031529528
0.008606204596745498
0.00811385980759213
0.007913494081068524
0.007857553852314892
0.008160455526652092
0.009054721824229662
0.0033479272117685746
0.014201495498850462
0.013111816523757647
0.010954664359611965
0.010228495418856523
0.008645095859739113
0.0072530029486727364
0.01105415931914058
-0.01623794146552827
0.010723408448210025
0.009771999503696114
0.009587859359130086
0.0024549239529150185
0.005750527692588215
0.004326066717887338
0.0035074951789475987
0.0056824583859613805
0.017239395355284355
0.08934202808240642
-0.006614814440993505
0.03755371271691178
-0.061812530744266035
-0.019475759259242154
-0.0029879461940689497
0.007505788744657873
0.006998343341293191
0.007656351196635018
-0.00908456769575182
0.010162653438868184
0.009687404483526577
0.009788777871305053
0.008047869051656262
0.005698448218617531
-0.005664702601851558
-0.026531642394624258
-0.02605471698399263
0.0002595503579274757
-0.014560602729654997
0.000597098948373526
-0.029060371031382475
-0.025487997871621378
-0.006426671214745371
0.004143599148571633
0.007101718103686376
0.0004308286299009772
0.005263504269173981
0.003998041098767606
0.0034540369450267094
0.003270586746232405
0.003004298062500047
0.004104684731824471
0.007997371548847233
-0.012459670822488954
0.009775378647976533
0.008766738785426813
0.00438739931983253
0.003137411760266584
0.001971400556275762
0.0024845352174242444
-0.00175960133228308
0.004536782954026029
0.007521859834203866
-0.007181685089022217
0.006036655324539635
0.003388560565836488
0.0006988642530089214
-0.005003015761340404
-0.01201523031261429
-0.0025942062466080074
-0.022632109889590586
-0.006279997217192254
-0.007583908976888358
0.0019856455215509386
0.013313288392867703
-0.0098498840691622
0.024885154764076288
0.018768861260109584
0.02110339145250803
0.024202295083677737
0.011330927465829121
0.0059875147510817005
0.0032093678591836178
0.0018434614135586574
0.0015064464205378713
0.002122800992149405
0.005325021035732744
0.020560896408753363
0.05081193073508058
0.023173258225211723
0.0035374605242974957
0.0007241959274323019
0.00263746512861281
0.001378304170496006
0.00255953730074459
0.012038554465512736
0.025336229729841713
-0.010164459286127409
-0.0360930164204645
0.012669284841383873
-0.015592467781398956
-0.014774470439243775
-0.015885194507083852
-0.008427635615043626
-0.004790347713192173
-0.00373178891236716
-0.0028206341608786904
-0.0020680290264783775
-0.0018358013521070442
-0.0015078330825311701
-0.0012421328252632544
-0.0006676109462986664
0.0006720163941957904
0.003696061510653997
0.003238630454252419
0.000693414468944663
0.00044983951250689077
0.0007135420320648358
0.00045082825270345534
0.0008827219355651975
0.004132130802041503
0.0038114004603048315
5.8162770728097334e-05
0.0038760864935845434
0.0010870796439995255
-5.2595840775499014e-05
9.555904958105823e-07
0.0069001751461617265
0.018601429282186388
-0.018769632592044443
-0.02580364292493817
0.019806189436948975
0.0035083971625276397
1.21182743044271e-05
0.0011295136771196715
0.002020866681224971
0.0024097453710810006
0.0029738350889311734
0.005003403975170259
0.02114137006751362
0.03374013168801255
0.013345965756912888
-0.0007513021716023944
-0.001065134359118096
0.002041704096300682
0.0004060535893676437
0.0010759598076576615
-0.0004775340584423935
-0.0033349306329025713
-0.004328553170957696
-0.0028890715062557188
-0.011790662816813383
-0.01690189462075887
-0.01226580392049367
-0.002873623239303408
0.015380663423193743
-0.006284298585601955
-0.023980783803258767
0.014889818737398598
0.027254608001762663
-0.0015440624550770031
-0.003476160218284849
0.00886989459259878
0.02980377836047459
0.025703152063720012
-0.017498623289438582
0.01720752954547919
-0.02920304379147513
-0.0068836592756805134
-0.008617087121643477
-0.016577097642091133
-0.016243960444964768
-0.012596235788233516
-0.008880579154083152
-0.005648250426504165
-0.0028382286260043377
-0.0003129202067020705
0.00130165219192134
0.0022278171725010217
0.003117846541428534
0.0041520688672193
0.004071575218126473
0.004407850171179727
0.004184399357209546
0.004164942743668962
0.004131511890466873
0.0039045409490822726
0.003877797218126764
0.005088508083968278
0.006214630397788433
0.004474478884136946
0.0015941065271623458
0.0009220997498933149
0.0001900761948118536
-0.00036302656585938833
-0.0008488416027833759
-0.0007169234927447404
0.00014437237226056654
-0.0026034420510641487
-0.0037371559485437117
-0.004476392167462218
-0.004789763231394716
-0.005800220284632813
-0.006849020870611634
-0.007678521398468968
-0.008492760783831214
-0.009130698565800987
-0.009384614253122267
-0.007925015105766361
-0.0037483240672472676
0.0004730220731097946
-0.012802547708658853
0.0377206375362687
-0.019608283469814705
-0.02835773340096813
0.006754632668377344
0.005587848742660179
0.0002482865498378632
-0.00477928912499225
-0.006523374642034448
-0.006849997298696979
-0.006567658855284697
-0.005064967784647133
-0.00593925866236275
-0.006182911033847171
-0.006084388482057255
-0.006154891135264448
-0.005823353796803014
-0.006258631338733033
-0.006773803643505616
-0.007065774793678888
-0.007377351556703414
-0.007674099619512011
-0.0077411210085507965
-0.0055704832653144945
0.0025149541479217016
0.0016357235067739671
-0.006369548401288406
-0.007072660687491633
-0.007554375143719168
-0.010176734108716182
-0.011893023664333383
-0.01484851760712633
-0.012926399346499135
-0.012749408791964045
-0.010853657097754823
0.00012033276566452396
-0.01256171865794542
0.020615810402690678
0.030750130196106985
0.04897643807440799
0.02866903833062702
0.012444304681466139
0.014297928006276182
0.01653852093600269
0.013203872766070993
0.009901100343790789
-0.0006946091565189237
-0.005458349460064919
-0.020767168176801486
-0.014617343336136696
0.015300103424572688
0.025037910317541375
0.06078402558763826
0.015579878568435701
0.006424408031281316
0.0035342050147936094
0.002480930022265999
0.002062398967391819
-0.0035958644628187168
-0.009935383138919392
-0.009647329398508687
-0.0031805392136418386
-0.004498883949162215
-0.0089891463235023
-0.01793642184944264
-0.010229987906713384
-0.010374680304833956
-0.008941166012476704
-0.006951865364185249
-0.005508971748335801
-0.0037044219185898295
-0.0015475005472646102
0.0016390790246711719
0.004615488975441823
0.0067095087963002665
0.006178490603249801
0.0005038575140563855
-0.008294080723892623
-0.001853294152146382
0.004519793513213661
-0.04036322420100175
-0.029276347258052178
0.057763157137195355
0.04196244398129321
-0.0332247945823333
-0.021724545525554327
0.00608432320234416
0.023462583183688428
0.024126863073129227
0.018482658311493882
0.012340693979320248
0.007058539384003187
-0.0007321202598304243
0.004655162315649237
0.0020100741805721967
0.004595376087203625
0.02972352146460749
0.017078373500203102
0.012720831792982333
0.01607108668945279
0.040153074417995115
0.07293678711426392
0.012064145914614618
-0.010723709062585247
-0.016220889095645768
-0.012179221509710498
-0.014603069013128406
-0.012328323656324728
-0.011650052450690392
-0.010703275185679824
-0.009417819758178462
-0.00367405704179271
-0.005650223127499245
-0.004514115153628757
-0.008609756232983254
-0.00948497509930953
-0.009408870013778077
-0.008461501567225938
-0.002114374247205039
-0.006370754769901739
-0.007809460319178624
-0.01067483480410005
-0.011957163238768193
-0.012343385732980034
-0.010438406886554036
-0.008526365918470372
-0.01222212426748051
-0.0056865423079261596
-0.006396379233507914
-0.012925294445642152
-0.010381226932875187
-0.0102501653230901
-0.009649296455496873
-0.009088241491143338
-0.0015958564478048029
-0.016596283503303864
-0.0021592870668934463
-0.017072952512779602
-0.0045486777794022755
-0.005855061428710832
-0.00399140866776466
-0.002563780854447544
-0.002677685310733471
0.0017388718225669138
-0.006529989492586867
0.002375424609025645
0.0013722910095568842
0.0001459185651999159
-0.002275780809060598
-0.005000518650855143
-0.003592736368278339
2.3163359233734873e-05
-0.00033153723200097515
0.002595120225426215
-0.021268170961981657
-0.06536157420265178
-0.01072750575353165
-0.006571038487826308
-0.0026212727297349903
0.00021547602859267912
-0.002938761070673888
0.0006999650153974368
-0.00836611184659288
-0.0019480980804576034
-0.0013066515727121037
0.0014294460049201737
-0.033526535151901585
0.004858705454821626
-0.01378480352082909
0.0011698022791367592
-0.012603583989488413
-0.003995489795835604
-0.013769212126220527
-0.008519322066975994
-0.010929484432705259
-0.013812594488472402
-0.015298291602063056
-0.012275005362167099
-0.025632476992244618
-0.02443999322686416
-0.029477646315602186
-0.01032772603147875
-0.020295043227964285
-0.0054883012633769055
0.024343742404040733
-0.005735055867828355
-0.0037152749437161492
-0.01241222180582054
0.003179488588431014
0.0019089898933951606
-0.0048082907980663316
-0.0054821829076283695
-0.0060927807942924295
-0.0031759048766746654
-0.0034463738004570635
-0.0035655163396556243
-0.005993892259514859
-0.007152843723496629
-0.007929219589936108
-0.007951013481099809
-0.005246946402840485
0.007971105159193146
0.039009646934321476
0.003636778924393531
-0.031674079809339804
-0.036691474630891834
0.01618806275913195
0.0010595044288551876
-0.015164632809105103
-0.016369052670258375
-0.012242573562354288
-0.008500886750726607
-0.006196353766276614
-0.0027503081383729337
-0.0019309279145102304
0.012882565458096221
0.002942047658267053
0.000996302654213504
0.003515534610800966
0.008809421831218092
0.0076534541128342225
0.003180724695098799
0.0025501103825644007
0.0019877322396167096
0.003739614739513899
0.0062982956224256975
0.009872671209924622
0.014389915889149469
0.0048375190827515254
-0.007345291070084193
0.05883800504941347
0.0389045048899904
0.03328022231597233
0.012785785741957548
0.007059125259732655
0.01700487989018281
-0.0049594328701225866
0.00272890197021636
0.0024212795957865908
0.0024733294454627464
0.035761782435668125
0.06580882101126784
0.04032562375755456
0.005619322181158156
0.009042323319862293
0.006967583963260002
0.0025133076520920928
-0.002476776001483119
-0.0061394420922580885
-0.0008249183316184465
-0.014857397302881365
-0.00487644278886509
-0.003511135558319143
-0.026126524779408175
-0.02756884914369837
0.0050557878635628245
-0.0114633415357175
-0.0139089829162926
-0.0066823079785518266
-0.020549628046307496
-0.017422165304632673
-0.0094958681110737
-0.006832214545039782
0.00011718040397509757
-0.002197894100253215
-0.003898878116125611
-0.00517599197733392
-0.00029752877184159696
-0.013891742787970084
-0.011683705746745206
-0.03597385314567857
0.008619691180105808
-0.02289427383325821
-0.013898861381351362
-0.010899767790082799
-0.004777364442514895
-0.05580122716898348
-0.0015692765246387171
-0.0015529311472727082
0.003064245203245605
-0.005321998393279709
-0.003626307665273505
-0.00563370555515304
-0.0054340397759191994
-0.0049185563452504525
-0.004786613526233867
