0.004494805261124878
0.021432495952808425
0.019956870611140046
0.0007919483493588484
-0.020377910936247072
-0.03963790211339499
-0.05221557875791063
-0.04540210919525276
-0.035643169973963246
-0.027275467296885483
-0.02918647314861819
-0.009629606197884203
0.025761530410268883
0.04834559364042463
0.06460304691070397
0.0728294045199211
0.07610999861811725
0.07394683007326343
0.0675803985579134
0.062187994078918264
0.06592952504540239
0.05624627488671901
-0.1428981243193031
-0.008279391957891371
0.039555485459090774
-0.016838292321267812
-0.0638111237524676
-0.0911470151673587
-0.0963477296559071
-0.09351005360017459
-0.08736950077530975
-0.06503010532985048
-0.05093220588419668
-0.03685900340590596
-0.02395096417481557
-0.012602443045796519
-0.009514304116296734
0.005720949281813487
0.009807929888359426
0.018119100350297963
0.02305946936422858
0.027300255109686776
0.03134338684245406
0.03448389811299753
0.04039063700623444
0.04677763099671882
0.05589654233860419
0.06569550455399498
0.07557702828656888
0.08117177514839027
0.07329529169541513
0.059006368026462586
-0.004291886597550965
-0.06568383606767775
-0.018837580027935057
0.041686891702630215
0.05133704208516013
-0.06889424062838657
-0.01901394217117022
-0.004808748123740837
-0.04164034048346127
0.002019006842488655
0.010680836084576777
0.08514550563373051
0.028989522932115413
0.024186979682169027
-0.02033441420993441
-0.046214564868370535
-0.023129173132778878
0.004884578519860584
0.000929137846956059
-0.018549040346807297
-0.03795862605785868
-0.05198300051096396
-0.05950053127905161
-0.061335779462663914
-0.05828491472584227
-0.051331590768751614
-0.04583977256682328
-0.045731528159475454
-0.07454190531459219
-0.07512229724456392
-0.026963731411518144
-0.004944177067479246
0.004588331681312261
0.008991817117695075
0.009748752923304066
0.0054647744181987624
-0.002701517559026621
0.004879005555573066
0.00973490009328746
0.008733745765706197
0.008005270871495785
0.008664404346118204
0.006497701467742948
0.004188420537085921
0.009107794428879233
0.0035086805736192117
0.004066893402037543
0.00789758633411259
0.014023215619098632
0.026383516373082398
0.040860549095491805
0.030942707497836543
0.03173875904706642
0.04115105189857592
0.048574156479278964
0.056679888271188916
0.0644673330690644
0.07153421541769221
0.07641940580407541
0.04495249450156111
0.05789890893586527
0.03546685611362857
0.010867241382197924
-0.01738493327037525
0.02130841298444255
0.045361433926775954
-0.11075410874011188
-0.029342585865988344
-0.008409763498540817
0.0036481744346014205
-0.03460576819549438
-0.02845362441117906
-0.08278844264473878
0.020417062404317475
0.026809616109685252
0.019521600760042362
0.004932750110730634
-0.006637103165928308
-0.021626765431947994
-0.031015621405413057
-0.04238653954014434
-0.048047969365538915
-0.04860842950563933
-0.056321169783299936
-0.05596823254181929
-0.05542448754121873
-0.0647441794197353
-0.06373527021940548
-0.041847349437813784
-0.03666384256392199
0.018807498066573388
-0.028210875094189142
-0.04850411718654335
-0.00800349426352799
-0.028029114627029488
-0.028291843193759447
-0.020570778489591397
-0.006241922264382086
-0.016588941693350887
-0.015681817555730133
-0.013004899417726628
-0.008194897066242515
0.05781458939405016
-7.518251416789601e-06
-0.0020656815482083543
0.003982714963567357
0.0061530738138835415
0.009370979883256244
0.012535802138056284
0.016358522396631332
0.0196379891149955
0.024291570324845208
0.037027822293076273
0.10832080914340392
0.09223998268106967
0.04495884569347074
0.0384207651483354
0.03907841717690124
0.031016594847005616
0.02909135909881701
0.027136762127659413
0.026440096718191152
0.022750424778439936
0.018724568081839185
0.00775917851578115
0.010044111333674706
0.00978659704741459
0.01079640341331107
0.018034175777212325
0.013775387434684832
-0.003135882462841549
-0.03070113530523975
-0.020396511230713694
0.015471903891799688
0.014990230211996719
0.010340756208143407
0.006767158187898618
0.004663446545804401
0.004070077138642338
0.004680038292851842
0.0064551048510211794
0.012781270713016287
0.012325504077711097
0.04965138619044202
0.04920049498376874
0.016891025463073455
0.012689990970545477
0.012395419913634406
0.011466335835019376
-0.01976268119489055
0.0031839632950427165
-0.015919987014480986
-0.012738604849930552
0.00338998448127637
0.00531638678446495
0.008592556624854718
0.02884625649334466
0.04892559259674015
0.01265708250280967
0.02118305504890706
0.00393575059696656
0.0016325465032292394
0.007429717006432403
0.070920309288799
0.005330703780646689
-0.0012119504828574804
-0.004277335032410692
-0.0034412336714600405
-0.003049963194450956
-0.004201635625638623
-0.004369972151422632
-0.004641499068948226
-0.00623621861360595
-0.010742179675672226
-0.005117473783522376
-0.009466557021607615
-0.006761723615227915
-0.0038909195444403115
0.0019888306267381805
0.041442902243587716
0.018124121864096038
-0.004914581931514585
-0.04907043884391071
0.01781786846427681
0.049705457980027734
-0.008607483273857054
0.025997468840819882
-0.07226023266321394
-0.00285382297461365
-0.007780512168540367
0.05196478258959204
0.07424622066809443
0.047022595173345054
0.004502978620425895
-0.004093717836593687
0.005031883021721298
-0.0024083952103726345
0.046380990951977036
-0.01846133817365508
0.01272445660436965
-0.006622802619436506
-0.010309524565295913
-0.01360658721973617
-0.021096932591341194
-0.011860131238444642
-0.005227906133304232
0.019837516657758632
0.053552308732608175
0.0013753184391918827
-0.006301247453544716
-0.0036725720362178953
0.0018496674280504659
0.017891660919923166
0.010764455261464313
-0.0045039485823889745
0.03997451995446172
0.01515533192960078
-0.0038371356531263683
-0.0057177034853361135
-0.008230064726105416
0.0008743959330256774
0.0009154518599393074
0.02728713496569091
0.017339294730379592
-0.003056395207178118
-0.0013359174561335954
-0.0048166073881299575
0.0027067200210640512
-0.004724665514852997
0.04516010254415855
-0.004679128007134674
-0.007543087814153477
-0.0066715160317289725
0.002441218783308912
-0.0667598021571841
0.017941360715818044
0.012543111402964461
0.03062806627710232
0.008324472773180113
0.03799404377416237
-0.001923542302286581
0.02253687789693667
0.009666628356691674
-0.007040328566162247
-0.009724068363674178
-0.013455773577885244
-0.012246442006762332
-0.012844525213987209
-0.007270421023877176
0.013199310927769107
0.005053102754140624
0.012928770517529097
-0.0020924895034965503
-0.027368468973753293
-0.018785749332666402
-0.02034053741998837
-0.022135098770010814
-0.023722756515280927
-0.025734467649327592
-0.029867826033667652
-0.03188401554326978
-0.03611575980472803
-0.04018443579035725
-0.034449786723385986
-0.04880879558050605
-0.028985562796560553
-0.04812688478578351
-0.04961312633864005
-0.1802550845401388
-0.04914887707533274
-0.0165451650711553
-0.006706773124582503
-0.0025468894272458772
0.0194983544772004
0.006655099772003754
0.033143836195981345
-0.004787535230943467
-0.021764889099840354
-0.030018498345587022
-0.031889285523392534
-0.018277024385719196
-0.002105099913042849
-0.02668934038307779
-0.029826869184212526
-0.03281752229969417
-0.03158256782772638
-0.02865920482429864
-0.026404028834446328
-0.024121867797519177
-0.022380453850543755
-0.02099564515069777
-0.01914001031199364
-0.016369861776676462
-0.037138523494589626
-0.020978188978346343
-0.019294909823965017
-0.01880664456904273
-0.015440941197844303
-0.02079851136318853
-0.021043628899316037
0.0028132725879928587
-0.016878742839376217
-0.015923408687144473
0.0292355497296961
-0.020747948409164097
-0.015115226611813033
-0.015314885091563528
-0.03099973133017863
-0.017728255017731846
-0.023100752273481916
-0.02164644778207711
-0.020807620928679004
0.00034468274788618415
-0.0011961880239501304
-0.0055208067560889255
-0.0019994657506711526
0.01763389924565606
0.025532946385058267
0.015829919305609435
0.03300639104732766
-0.011355488881340014
-0.008340835716516184
-0.00650232727999937
-0.0015294754811673965
0.0031436619573080274
0.003010577814778854
0.001165671037724656
-0.03271773197764561
-0.056315627596855294
-0.04712947525801878
-0.0031491147047767614
0.0058262981855238686
0.004317701137800999
-0.0002039652639437266
-0.004998078460966698
-0.009716683303883422
-0.010831311412650466
-0.017767047921611958
-0.025775034817394817
-0.027499263434612467
-0.01971514244542615
-0.014231904475538222
-0.021945086523991974
-0.025485542174314813
-0.021047385415074112
0.013975428552550014
-0.019871486843642733
-0.01616069825757752
-0.010525311013950446
-0.0060377580343054255
-0.004246561892881616
0.003672756542595116
-0.00896217406801559
-0.010324255013837881
-0.009621569239805675
-0.007125497670401939
0.003938437769480968
0.0002843157808645643
-0.004308352267879679
-0.003334517690044116
-0.003109973325929363
0.048848780885003544
0.010469535049523214
0.008232241913285627
0.004652202810478261
0.005375139152973623
0.005333614072886577
0.001202605811707413
-0.007345471927529164
-0.01970690338913388
-0.01736619001700574
0.009483098292926047
0.00884864691746243
0.04298445384842554
0.019324406635258803
-0.02801212611836685
-0.03067163130411481
-0.028452988249713197
-0.006898048097548963
-0.0007951433875997484
-0.0013393498941175598
-0.0016078505031881208
-0.005496531736440875
-0.003198295223045873
0.006452649924091657
0.028439439711791952
0.043694198789029144
0.012506278330260502
0.014291060826051534
0.022220221628135663
0.001916748523329644
-0.01590465963940084
-0.00559259026588152
-0.0025374751340163757
-0.0052600723473897725
-0.010269373746237258
0.10128481097376338
3.338833724716452e-05
-0.005328921211582662
-0.008655805590490548
-0.02012577254958838
-0.014503953883577564
-0.013972101563363298
-0.013805942725815706
-0.01426404524856615
-0.0058500631720932094
-0.008010299866827369
-0.014001372381457816
-0.014944506834839446
-0.02157590269148284
-0.007507299716172419
-0.008450041973159022
-0.019279660215353878
-0.010898642590423798
-0.0022739694218379533
0.008580248514805525
0.02063041857755318
0.0164986599824769
0.016972335925140025
-0.03478862291830657
0.020441257303358648
0.021082718597374987
0.005826141186235319
0.007554627045218015
0.05954798161291863
0.005619772320830196
0.000999392624251979
-0.0007549330093997346
0.00549988550082058
0.01736780571203789
0.01797071414452876
0.011589783784367206
0.02309730519295313
0.041664791535749805
0.061042422840952015
0.03364704629374182
0.049363741960882904
0.06487634648130108
0.05286041848141055
0.024431587709650794
0.009382660962502357
0.002167998272689204
-0.0009272150922026421
-0.0018969078865678157
0.010459895883299522
-0.012141864813908469
0.00643117377832166
-0.004276954274703956
-0.003089288782817603
-0.007030620013384846
-0.01725066964622209
-0.016988017403280178
-0.017213191814775503
-0.010320417791134342
-0.004848729379193041
-0.0021389702083185014
-0.004220269457506523
-0.024361662344709115
-0.009234191292779451
-0.0030433584457509296
-0.0012842959762825723
-0.0009483816085192494
-0.0006161191971445263
0.0017634378050807606
-0.00038394049276975657
0.0007618423287664524
0.0008010498086422525
-0.0003803687586092761
-0.01693309384279516
-0.00045223446431966137
-0.0079748674411512
6.443571830788949e-05
0.0003592125668276731
-0.0005007512917979628
-0.0007783581424418613
-0.0038284767376459083
-0.0023602162379095896
-0.00048663157298697954
-0.00017337711513443598
-0.00029440194739676636
0.0007877875431731203
0.0009570745581388001
0.000578999472584076
0.0011437986627124486
-0.0013712686776683799
0.0012002248555439434
0.0012449945268104595
0.0013641212419880234
0.0015051083780008984
0.0016133690264239057
0.0016358249009581437
0.0016535028661097805
0.0016472935472530007
0.00019219128439541353
-0.0011205291870063831
-0.0070410820703665136
-0.008090573809028646
-0.0006284508282254982
0.0027736853337145925
0.004339669272029198
0.005448862595530314
0.010256937457237823
0.01710197623436737
0.022270705797972423
-0.0009168984176889657
0.007725390320719455
-0.009870845010755209
0.01727655210250537
0.013424385864195226
0.00832107477283967
0.005586922118571729
0.004275276698443484
0.0036417681865098532
0.003290263398153536
0.002808325582502505
0.0008618895953646043
0.0026224460234753684
0.002721797541323841
0.0006499282659248818
0.017890213498214177
0.0024460337740059086
0.0007683074432582185
0.002219346297864872
0.002129146361984675
0.0015552577426617366
0.0008268643341044189
-6.028855953635383e-05
0.0013985317297747124
0.0017904043344405655
0.0017346796725897843
-0.004615489756941981
0.001171477968660647
0.0014585008085336029
0.0016744379594986279
0.001743553263575507
0.002013174403098093
0.0016918569195980187
0.0009840961290177028
0.0012594111138782246
-0.0034124797925547206
0.0012956268240519164
0.0007801159370744552
0.0013644951478689546
-0.010904737066721838
0.0019095482769194891
0.0015354789607635718
0.00035978197415366804
-0.005092713767172397
-0.009383303717546952
-0.004439453970787587
-0.0022782261493530177
-0.005223475774351317
0.0008362274811567357
0.0024092416387542634
0.002753547452735259
0.0025997450256552254
0.0012015738338647603
0.0032379777117717465
0.002524099831406584
0.006232063181769046
0.006403479818361838
0.006392666041872409
0.007682239516927067
0.007849583158218053
0.012565763101168779
0.015249344360737141
0.014880082497178839
0.004457040059058635
-0.004502072153324443
0.01971463919936687
-0.0010602077836616207
0.01224476962569676
0.01633634543637566
0.013532471555419603
0.009440522589516845
0.0018496756237475827
-0.012515900814013341
0.0017910432761076651
0.0036873624216463728
0.0038927957770864864
-0.00469458844515341
0.00419460586064436
0.006863946427864446
0.006242814847101867
0.0041927862171091314
0.004354925791228431
0.005858395412031112
-0.017694994411440252
-0.006593428395411652
0.00474264613545999
0.008920933200060537
0.005384263344179638
0.0054621841267345015
-0.0007744647999598065
-0.003049812111118718
-0.0001776981088523265
-0.011755566364041197
0.00048476493441100365
-0.00033796493870015396
0.007887346046528524
3.8287985672345175e-07
-0.024322510144861406
-0.009370412891193938
-0.0514454677329755
-0.04999932265896947
-0.029470917616282715
-0.08431771250178484
-0.05778751178261551
-0.04262200833857196
-0.03072394859557978
-0.020282682336789107
-0.014050777698091871
-0.008077303049370836
-0.0019243186893600338
9.39654206528296e-05
-0.0004363045498229673
-0.00015896776729220429
0.003706519381643899
-0.023393169496901265
0.011151597775113185
0.010892857423735523
0.0005187087989952893
-0.010664522357405129
0.006282028363910751
0.003487204043617135
-0.001212534774921813
-0.016958175497096547
0.005484376475860586
0.0066993732137105785
0.007445440109859655
0.007521721554212259
0.00909151230877278
0.005956547504755638
0.007451734521423323
0.006938872388606025
0.007161751002266324
0.007041879322958529
0.006721428686780106
0.006002004499277481
0.002640397442588533
0.006687936095553207
0.01569516306570961
0.013404112610314888
0.0017531279419504438
-0.00585414017958118
0.002764651909915979
0.003400270784686465
0.028604972711874403
0.0031405046122902048
-0.018847549230385785
0.00015934079757419002
-0.02796340980634177
-0.0007886238285152915
0.0007389637053218438
0.0017993963090088304
0.0002706168045208767
-0.004135443348792716
-0.0007912628104346326
-0.0015027867469750566
-0.0013964500422455753
-0.0033794715959099726
-0.0009455848061316592
0.015831875033546824
0.09045168399378607
0.06435982968704992
0.0019236293340342064
-0.008238663778472238
-0.0070284513752407575
-0.009616879774543034
-0.005676455732932424
-0.004717729074655749
0.005027164814108737
-0.0022679995109762667
-0.004155584128474178
-0.004327666977898301
-0.005859642266191315
-0.014167820563030559
-0.005745868833110678
0.0076373172289752106
-0.014168777223246552
-0.006152939999549698
-0.004296468277092519
-0.003589734088688303
-0.002058417846712497
-0.00396246592960427
-0.003946889174419343
-0.0038944718489068077
-0.0038289370653411367
-0.003247128618729919
-0.0036117626433596617
-0.0040931060368052255
-0.004726362612372892
-0.006187150323361035
-0.00918877636044443
-0.006404441737085188
-0.0023451744264888614
0.002106660769559469
0.009168777864356539
0.01932277606582116
0.015349278916313977
0.031074348393577044
-0.0028742026772259474
0.013843180841713612
0.006514850117775272
0.0009921929809176859
-0.0012469581212022002
-0.0021078339324795067
-0.0025481447056257406
-0.0028017556994343893
-0.0030657003981352363
-0.003515803379607834
-0.004016854390677486
-0.004820984898339761
-0.00679814125390573
-0.008045510263727993
-0.009396643147217724
-0.011713079059636405
-0.014059249878019464
-0.015080129218891713
-0.008663864341175422
0.021245327170076916
0.08688862720151458
0.08257073479104246
0.07223859113248905
0.027395547670110668
0.004025353491564221
-0.007997225902355335
-0.009565820715430374
-0.010354342909405729
-0.008857083455517282
-0.004273995255889494
-0.003807872545592805
-0.00498826403720684
-0.0021043065662568706
-0.0051564915710767744
-0.004696053451649107
-0.004153104925172655
-0.00401165533540023
-0.003464979325880946
-0.006846234889384085
-0.00472671190365957
-0.010919320607693697
-0.0019891611677707115
-0.0014171962612422866
0.00025359082445246847
-0.00011961965049477019
0.00023149867917064568
-0.0019203057137936034
0.0013708484995338382
0.0017842854470799536
0.0014355977111451003
-0.0046837375488690365
0.00037161314742568475
0.00207629372920545
0.0030304914650704493
0.00868696486196508
0.016320896549561804
0.006342039803446519
0.0069285209506563
0.002716468215551396
0.004095606606484906
-0.009927289477059339
0.20080324676450936
0.006205738995840486
0.007009722001527072
0.007636129658348799
0.007891623655588072
0.008029657288390772
0.005082721332731729
0.008979633027360824
0.010779929361261235
0.010124781761833174
0.012050337925856164
0.01687426136298547
0.021471950721599426
0.013020840660550027
0.08856114460106145
0.014253541488665498
0.019414448324238217
0.0896010846975129
0.01324892130181141
0.02074534263966972
-0.02554381248913009
0.020374759260368767
0.02684872983139114
-0.00702714694864831
-0.0004791568080680074
0.011343694829354746
-0.003956221420851476
-0.03696140640157472
0.030752922633591313
-0.09615288586265769
0.02577212080468642
0.011483984360338496
0.009901725605103075
0.010989274336723887
0.010859531990107849
0.0005432519592506335
0.006188965286326841
0.007930519239179618
0.005843913453014928
-0.0029085341347243557
-0.0036268783483048004
-0.0024092934157234546
-0.005768451304485812
-0.005717561603327898
0.0004285706423138055
-0.03221789052998535
-0.05335072873267767
-0.043663721257942684
-0.02627982527580602
-0.04405959739241444
-0.008133431002364262
-0.0013496957650060907
-0.015376429589402675
0.0049114966577333795
0.00721705542022801
0.005129851761077497
0.009846056372868187
0.010550846118343657
0.011364493788119535
0.01163221730321333
0.011108274928491065
0.01186198538397673
0.011726155978029876
0.011198171541952158
0.006852782043693917
0.008315424850666355
0.011002279936707458
0.011127635792060418
0.015897025972799197
0.015836335386362574
0.015909572465629716
0.009708919234967969
0.008166634179596793
0.006724815440845527
0.0048395208623002095
0.012782182706037789
0.009553109876118553
0.010146320823569246
0.01067676318058013
0.010267093468796467
0.01116084642101227
-0.016052497418432825
-0.012459024967996519
-0.002279746053596112
-0.010858331851281775
-0.01942643333699209
-0.018708554001267304
-0.020354557293384593
-0.018145010241424484
-0.019290380592678402
-0.011081103652371553
-0.00534357912883865
-0.01847117920753797
-0.004911786444090393
0.005686683881168035
-0.0016962991576477116
0.001901354938016744
-0.003429394748065895
-0.003766100514136725
-0.002805642403059385
-0.0010873862976354112
0.004477776180552299
0.04710298741539501
0.011498849810509549
0.0022191262863413223
-0.0033172043187744385
-0.004633159911221282
-0.0049601557896269185
-0.00965802588363729
-0.006840291762012406
-0.0055850933024568766
-0.004099899774479218
-0.0012929799295072098
-0.0022346815875566597
-0.003889280103380828
-0.003352626202888737
-0.00021136019513523564
0.0010537492799505763
0.0030096350916420816
-0.013876514811886101
0.005817446412705297
0.003273525550904764
0.00475111871114647
0.003028159456642823
0.0037747984550290455
0.0036494914835450074
0.002966691963528333
0.003914832822559615
0.003921358806948611
0.0037990240240110174
0.003506568996773569
-0.00030091317439144116
0.0035640590919483327
0.0036930520557052343
0.004958566287464017
-0.005395670166805219
0.004702203871866215
0.0031409160027379424
0.002558213278255619
0.0009278933690511227
-0.001061422921116522
-0.0008852438925036472
-0.009529094973156958
0.0028230551402273307
0.007507501262529923
0.0074819658414465836
0.0035426159665317234
0.0044141778561750875
0.005148601425102561
0.006066318899248766
0.007053511103291874
0.008278211926994232
0.0096422382510341
0.009383650043336475
0.0034438039204695487
-0.01471968008319845
-0.02705163172855321
-0.03654305847196303
-0.006487243242058054
0.01558638292112028
0.010325824422090008
0.009286092811730488
0.007927972011411365
0.006745178532571632
0.006015494187936614
0.005343656382821575
0.006990190878797179
0.005919164196086823
0.006535328139089237
0.006169874137389269
0.009603655732278688
0.014661094435964087
0.017611849096568922
-0.011287379724825571
0.0024210792114576778
-0.0034375410098398847
0.017904819119102272
0.013901036379855323
0.009422513727329813
0.0067395700717279025
0.0025758225498692827
-0.0020382723336671944
0.0003878473681285906
0.0034802646095929758
0.004066352601052023
0.0017064165447541605
0.003607824815307342
0.0035415640776558606
0.0023931667093407055
0.005730738960206779
0.0013488828496939257
0.0025386237118208547
0.0018146988844421844
0.00227996431947033
0.0028474071239723247
0.0011141439345458356
-0.0012416267748287283
0.0004159849708631051
-9.752151555231921e-05
-0.0003147585016083392
0.029929788759794882
-0.0007083654370524267
-0.00017483895666230666
-0.0005710823874153421
-0.005281244850210824
0.002345090616961644
0.016492455984028577
-0.0023636076849359823
-0.003997856673064003
-0.005429747638950342
-0.001260643273120441
-0.004644445080619452
-0.010932063474142004
-0.022933506596262494
-0.020310274880834533
-0.003077832451626206
0.0014348069744076523
-0.0025369161936325177
-0.01039368284738416
-0.0025768947070612274
-0.002667191590218408
-0.0028513549308685107
-0.005842260110995051
-0.009655723038246446
-0.003367172918854504
-0.0027976391266167546
-0.0030131048690631057
-0.0022982364584991453
-0.003612279386853646
0.06868786959589337
-0.001278110822008406
0.0025998823698801716
-0.004311928903893588
-0.004443801371909958
-0.0034290277019147406
-0.0035944724855253656
-0.004098998254710499
-0.0037784509538359395
-0.003941516342174496
-0.004497726234020419
-0.0051413396880886
-0.005205644833110405
-0.006177715669653901
-0.009935769149480893
-0.01243477859987192
-0.0287576366100935
-0.0340956186523917
-0.0035255006130595836
-0.04052714355596106
-0.01997850283012638
-0.010558838320413499
-0.006696496962222627
-0.004820714340494253
-0.0037767720073503055
-0.0031154742803521872
-0.002310789711707676
-0.008185685689096098
-0.0024965259556594594
-0.0018466004898052295
-0.001752681733362961
-0.0017923785088845069
-0.0014480476621078465
-0.0013479721010727906
-0.001330394913841377
-0.001647918867939946
-0.0012415370725161624
-0.0013476693508793415
-0.0008644250458098668
-0.0009424589215839789
-0.0009695416868863382
-0.0009597559572773122
-0.0019057726004000782
-0.001048001749801396
-0.0011865281897530074
-0.0013956910869535634
-0.0013597644448704296
-0.001435874303549312
-0.0013697906998311024
-0.001168578295125145
-0.0003464228167825241
0.001613864980781098
0.005083432850159752
-0.0008603201682155183
-0.017326825417834812
-0.03350432452111765
-0.005160867415309427
0.00025760853282837944
-0.00032560307900383493
-0.0005913822475984171
0.0009697614843892943
0.0026303553624041675
0.004281309116241925
0.005923059736916189
0.007431975333229657
0.010022384317886629
0.013209782339000314
0.01745043782458696
0.02305871201644561
0.0174905967321095
-0.03110468270741365
-0.03840851074814381
0.017313132129740106
0.022485798840393385
0.019364581161184363
0.014921174442361105
0.005373152483430714
-0.02339812416921186
-0.01049748169496803
-0.017746336191838206
-0.00434099848208476
0.0008157618520383853
0.0029816580322477183
0.0039459617083197115
0.0006119685539459882
0.004250268892928487
0.004143725247562258
0.00392642810139144
0.0035934154197724134
0.003167095423613502
0.0025073597211642
0.0008309876693325863
-0.004864778744582389
-0.023227216707847664
-0.03231373387875329
-0.01233667827409917
-0.0020683783364559573
-0.0001883250546065312
-1.2464269798049034e-05
-7.657140311772567e-05
-0.00019046535408775983
-0.00032761068974604884
-0.0007929103472847126
-0.003292691869332337
-0.004698811941928363
-0.003203691358141107
-0.005711201847297757
-0.004458114652190223
-0.006584170816390266
-0.011526669036279748
0.021948073733547475
-0.017175677253583235
-0.013010185012310261
-0.005970961528393054
-0.0062099976929752285
-0.02066719497625383
-0.01139399834757222
-0.0052473362242243925
-0.0024245466135498737
-0.010822817262129886
0.017391903662035833
-0.01777992799748736
-0.007390670165253323
-0.007985024723576229
-0.007658806033842606
-0.00729732606953396
-0.00598814890729466
-0.004769294235105312
-0.004046188904629243
-0.007390152490443868
-0.006085012813362601
-0.0034112579161941926
-0.00388785635647902
-0.0049186249534279485
-0.007156670933508299
-0.013776125668325818
-0.041542608028341046
-0.07930639137784139
-0.035677317659390036
-0.018435500557089996
-0.010112404036816866
-0.006797883502890553
-0.005480369249016795
-0.004841922141101175
-0.005508591210006174
-0.01181114232252342
-0.022203182960675413
-0.010082643642767756
-0.006738024554017347
-0.0031231432951780496
-0.0031082821951557097
-0.002820031110854832
-0.0032061341120490756
-0.003532720329387978
-0.006529116570628065
-0.011359906137133311
-0.02582144127675948
-0.00952930297730367
-0.0074116890941980824
-0.008513555613116876
-0.010722825704472975
-0.013934070387432855
-0.01716583064486828
-0.0207253956403522
-0.02774598030944511
-0.027768257665437484
-0.034428965095890156
-0.022479305198304843
-0.014996668120386551
-0.010393833695230361
-0.008618020553509255
-0.013079715062226868
-0.00361379010455321
-0.002917100437804699
-0.0031686301739528365
-0.0013782128646610094
-0.0002259234559510782
-0.0007734695549919212
-0.0002661951326490033
-0.0014975200395574925
-0.0006262450272905714
0.00013775284642275387
0.0023323572698842584
0.007525776713089558
0.013920968870743069
0.0013513886096308285
0.0113839645396802
0.0024478967249729777
0.008761571655722883
0.0033817818452431254
0.0005840426337253838
-0.0005409814314103285
-0.0007986036335448748
-0.0007827976829625779
-0.0007897242148807295
-0.0007425701889030393
-0.0009956367057237705
-0.0008455934607700895
-0.0009195749603132355
-0.0010936142087442033
-0.0012376379226488516
-0.0014050728598217388
-0.0009749855564800823
-0.0011486011999668076
-0.0019990444381022335
-0.002232988631794523
-0.0023353649242192913
-0.00242575208470276
-0.002669070131037556
-0.0027611662836749375
-0.004752911109881183
-0.003135614123183453
-0.002521050149909914
-0.01885563108359328
-0.002781880941220853
-0.003189238948546985
-0.00313773242400399
0.0005492252156843615
-0.0032065973348470176
-0.0028402665021727658
-0.0025783339230830856
-0.0022298464270485412
-0.007953669939645103
-0.003439097000204331
-0.01697512260313081
-0.0022601428487778875
0.0008969809576676823
0.0049173719070325665
0.006678366787549944
0.008278831578518607
0.013560953556092718
0.021945299897737684
0.03494473389627111
0.048314667067715915
0.03960702939699922
-0.0173615502944975
0.005032019439321699
0.055546009179407205
0.02384980958615403
0.02519279203873814
0.02291017078587803
0.022179995712648042
0.009738873581992673
0.009401983743838513
0.008580546609307568
0.008148219284257038
0.008954149254501961
0.010019826176800741
0.009984583391677038
0.01575165640827386
0.028848724596806482
0.04378142932341691
0.053792343653649925
0.035531823461275334
0.03591171643942026
0.04482146557815118
0.03691147848253961
0.026843923408405083
0.0179054460648659
0.012938770869523698
0.009558856047237394
0.007947527828549522
0.007589075951588248
0.008865193904049886
0.01942967699825483
-0.003121575458579911
0.010632814932393686
0.007720192539194406
0.006285293589509019
0.00538419314717264
0.005353934049402158
0.0051826543680175245
0.005054097180992412
0.004825364777013626
0.00349063490345221
-0.0008440423975129125
-0.007546369723704575
-0.007494814011104749
-0.011757995242809773
0.06169942919240903
-0.014875561859506595
-0.021868918681265302
-0.01207058358409898
-0.0025187497389447884
0.0021793898463335253
0.0038520983148038713
0.004136962879200928
0.003423002185007972
0.008807589509354811
0.005196659664316768
0.0007434594929185051
-0.0009289709156527727
-0.0038971644969424285
-0.004185236140916547
-0.0023354079834748383
-0.0014289727573707758
-0.0012634434375744545
-0.003862145234740788
-0.005036643129749286
-0.0006644141006450328
0.0009619638709794111
0.00021003740086993983
-0.014719711992239756
0.00300755847030662
-0.0005434430672969017
-0.002665587695054871
-0.0026844446175164636
-0.0030191477763687954
-0.003250429195516345
-0.0038503860716639616
-0.0059674905850395
-0.005863103422593507
-0.004869423210389874
0.0012202984434471742
0.0017045749051707005
-0.004619695853170975
-0.005311563525379416
-0.005642837197171794
-0.0065466862039574745
-0.006195338245573686
-0.010240629553628795
-0.006571715770599287
-0.007636363688684451
-0.006776934891354915
-0.007450381785433858
-0.007864546808822663
-0.005838241586598176
-0.006646037783650076
-0.00799814969336663
-0.008121338289592038
-0.008917139184619461
-0.00884675075878953
-0.0093508093954502
-0.009461966680511554
-0.009438852762930354
-0.00995569296270182
-0.010578742488701491
-0.010591071289904374
-0.009498416691860604
-0.01837627790840548
-0.011506661373058514
-0.013056646833369233
-0.013870860975755048
-0.017550254406771982
-0.012980259145400757
-0.012682830352382176
-0.012844466684462066
-0.012080328785372059
-0.011987031667873113
-0.016208493797237378
-0.016058791227669737
-0.01640125090461847
-0.017156455009421662
-0.01841082229476636
-0.02006791988872124
-0.023986631506215095
-0.015391064593369294
-0.018389067054189592
-0.020637211546935236
-0.025722640778757397
-0.034575400270721805
-0.02718197668461391
-0.027891123198220236
-0.04142974865145255
-0.031903730689197475
-0.027042072002901332
-0.014143508604572563
0.02496822280154553
0.03694835223874862
-0.018360902566513636
-0.031562576579208135
-0.0305278538123172
-0.025997400711892934
-0.023003117195066328
-0.01907769808802335
-0.019602659939163363
-0.015549330709970036
-0.014604103729506449
-0.014258005582374396
-0.014435927375471978
-0.013659642254549983
-0.013397567280331344
-0.012444089198744073
-0.01196542571273885
-0.011597071768011483
-0.01131104552174535
-0.01098242742984115
-0.009232153515871226
-0.009879712407765478
-0.021349542550412735
-0.010165034256089368
-0.008686269514099187
-0.008077206714514572
-0.006096227530341451
-0.003806509760518246
-0.0020977763328047993
-0.009065057957102649
-0.028783166700856316
-0.02419299783683611
-0.011993750676717796
0.0013750181280230238
-0.0072176874187419564
-0.003741610265525362
-0.003242519422086161
-0.0030173885311693895
-0.0043374498765690024
-0.00450948094476087
-0.004909325541011312
-0.005552933396294823
-0.005519187084439312
-0.005807933455836767
-0.006039575188914408
-0.006173126635148502
-0.0048125785604379535
-0.017773977002116505
-0.006446697099388571
-0.007818940020174955
-0.008573125584446712
-0.009597353552432608
-0.009761481707114822
-0.009666799714452603
-0.00937404047750905
-0.017604725658054498
-0.08144163424567638
-0.13943500018175714
-0.040236326763687526
-0.012313675886390377
-0.00961032046517837
-0.010677659936380092
-0.011826321574445811
-0.014247504627927898
-0.013152761548202047
-0.009551939237463728
-0.006871804322723652
-0.005235418370840567
-0.0044211752326202445
-0.003591264546473133
-0.0029503333854694292
-0.0016879724345171998
0.021215049735038377
-0.0011623076896987703
-0.0019186096543704991
-0.00175969359368159
0.0023001983153446296
-0.0018524963839880583
-0.008466301046977251
-0.0013997009628490143
-0.0008629572478072569
0.0019419027208608514
-0.005929041394009903
-0.01050666220578795
-0.014818821080037847
-0.012069437802829926
-0.008673641600892146
-0.012260216256282264
-0.003951778259337551
-0.0018881545966153972
-0.0009786909356531118
-0.0004221795626999133
-9.040306964853794e-05
0.0001344358451364772
0.00031864988579858114
-0.0012428247708742499
0.0007654430196901966
0.04646037354428913
0.00021124402566266226
0.0005710932746266923
0.0009639264722988411
1.0527961752767078e-06
0.0007022221748965181
-0.012597355850388334
0.0004351655980089728
0.0005795531089562672
0.0035019386910777077
0.0053296666485083055
0.0003452313895835135
-0.0008505191370178526
-0.0011062640420812903
-0.002078090959071301
-0.0035000197136597247
-0.0039222378825685186
-0.005627741597005509
-0.06804458373219131
-0.015381514142632929
-0.012356016725072754
-0.007498445333836814
-0.004798041247510555
-0.0018898940896132329
0.0008201492526453874
0.052619147699968345
0.0042396662367630965
0.005587722450589901
0.007790304306350299
0.010582948287156219
0.015270554081392372
0.02110115049481767
0.0274101916980017
0.027587480285136592
0.015033486650478586
0.025918585996485315
0.01475456284521897
0.027398610721080508
0.026501385585616023
0.019994281214004834
0.014397389019846977
0.00905369489498809
-0.0006952045943727234
0.005423733744498265
0.0047181719716964205
0.0038493810638609034
0.0031486221096926966
0.0023521231843613944
0.002113566555720743
0.0019127564482949518
-0.018911474830577656
0.0006252374389502118
0.0009226755618804916
0.000928341362995185
0.0005744094665805538
0.001007543250738794
0.0006327121281438458
-0.0021335030697287797
0.0006167329564975603
0.0011628674714642504
-0.013575720992560795
0.0012848155702068766
0.001228208718600108
0.001931906038319186
0.0030183709920811558
0.0045987161241635875
0.0019349189239914904
-0.011677877101058165
-0.008936930642826812
0.002654500993527272
0.0007355963606865068
-0.0023446659935587137
0.008515731007668106
-0.008396422530999204
-0.009041694434579048
-0.013006718726606822
-0.0030933311613306176
-0.0027356623063148826
-0.002523781090923484
-0.0027136021784623116
-0.0030438973927361876
-0.0036778245551043207
-0.0047307029400425705
-0.006432335586888806
-0.009211486248397672
-0.012749671758450189
-0.008967847786677526
-0.006338112416103237
-0.00520222640041165
-0.005550844929483496
-0.005811740104873086
-0.006259343819950323
-0.006289702431847723
-0.004677090435593071
-0.00685973605072609
0.003809087686621094
-0.023135493416719742
-0.010325837537782821
-0.008648199415149452
-0.00930381634406293
-0.006183960774049751
-0.0035038388521591874
-0.0018070759291686494
-0.000674327179358663
8.145353113340303e-05
0.0003462822413983731
0.0014346145902920339
0.001990570327052381
0.002367720332942655
0.002709752476269094
0.0014298136980849458
0.003370689427648848
0.003464611912407211
0.0034442650207693053
0.003433940530271516
0.003663603416158266
0.003548530671626614
0.0018694572597853128
-0.0031798285813515806
-0.0014903025519411208
0.0026570498440258578
0.003994401816007535
0.004222497730478051
0.004033215676438811
0.0027574414165191263
-0.003415314620410622
-0.02059592610595896
-0.022240661560963368
-0.003968367151155066
0.0030319537571082697
0.004104330182376263
0.004102624166073778
0.003860378396167251
0.0034323382144407786
0.0026838922564677782
0.002237297081871865
-0.0009313977613575864
-0.0027628900514958268
-6.232469289746433e-07
-0.0001981899609807262
0.0011749901867353096
0.0031772281317952074
0.003619754382780644
0.004753501037835536
0.005134711474665475
0.005367804116722596
0.0053053176513364626
0.004422685838677608
0.0012534912146405135
-0.0008385761129515482
0.005424841212694823
0.007309544439950733
0.004342683219176752
-0.018416166764972763
-0.02964876579476519
-0.028991016831984802
-0.001470713830876595
0.0069689420997948205
0.009515663217177927
0.011116329845502327
0.015349835796854602
0.020382608975370933
0.0005560530498405481
0.005182682846778782
-0.00429300928149833
0.01698098935301691
0.013380604421806093
0.009559738498423143
0.007582574539858137
0.006582876730720512
0.006103335258418983
0.005759783164220274
0.005572231125255961
0.0055792910068437306
0.005094004793059632
0.005578864246497303
0.005522329787808453
0.005298088538624151
0.005086277179952763
0.0055067189981044505
0.005640649497550338
0.005560532715780005
0.005690095172532943
0.005698633689680799
0.00569716066676336
0.0056481148177713915
0.005025610940571316
0.005415833566310209
0.005727774817910187
0.005860998820273402
0.005913658195411161
0.005946343310334543
0.006050383422152417
0.006125471513098736
0.0037569109102483945
0.006257953097914991
0.006337421090782387
0.006435621526797337
0.006415523302493441
0.006653147040755547
0.0069014571623841805
0.007140665042844893
0.007453305850675767
0.007883413202142215
0.008485099230057979
0.009137990840512334
0.010228846480477706
0.011535763957890853
0.007069677353847609
-0.037646565104618175
-0.03930982123103084
-0.007187328886361071
0.01278423004795537
0.011746456467960286
0.01020474655886682
0.009033201303892265
0.00819195513393078
0.007637616516024042
0.0072720307381970075
0.00564642478997263
0.0068218910799956725
0.006763935361488959
0.00672302755929074
0.006603906096784959
0.006637145267948079
0.006767308686300374
0.006958791471537556
0.007001896814419165
0.0070992788423074596
0.0071378571669609946
0.007066867448757534
0.006678061798010087
0.005630963886237456
0.005874954891984767
0.007653161830983202
0.008981949209146477
0.009080114866829898
0.011021070246628021
0.011391150257553719
0.01336861611499378
0.01385420479215069
0.01431847768009699
0.012883745475428476
0.0020367251953576078
-0.0718405148067666
-0.016397064712507497
0.017904242408119626
0.02138666340301584
0.033828939663791975
0.0376687479132911
0.036418899305490006
0.029382494131601374
0.014068242208975838
-0.00702699394863372
-0.01070149780544685
0.06784029106025802
-0.009655323988834992
-0.01146506594256845
0.002604590836381208
-0.012298572636838681
0.01525280883090673
0.03747406777179829
0.041211228021306764
0.04107199353049222
0.03875330743729082
0.03582936348180136
0.03945104659395172
0.03981389824542268
0.03954273967943755
0.03995579830835351
0.04033894713562512
0.04042508843049954
0.03576720654920926
0.041961582572122146
0.04276153454887413
0.043153798823422365
0.04256545219527675
0.04223203436875037
0.04144312461742712
0.039258822613871106
0.035660940818355996
0.030308890220180563
0.022946731769696267
0.013081954625540263
0.00046733580897621185
-0.01477313626090044
-0.0269503690994338
-0.000682293798892092
0.0643465125668532
-0.014185520216937104
0.012597463158365374
-0.024308472451579292
-0.03534319641872441
-0.016259245943438343
0.0028081485809562335
0.0183915032537864
0.028276540903279048
0.035096387639843
0.039378220041514145
0.04152134727110848
0.042586856874314474
0.040959869811120465
0.035992317619769225
0.023887908901354407
0.0016112750300650489
-0.09122057007467617
-0.05510806028960895
0.006956619408599682
0.01651088566928782
0.00964025008143963
0.0180817775571802
0.021625747329870697
0.020949544864614606
0.02415330404103852
0.02430911053432428
0.024509989192662777
0.023680216375785424
0.02279486208477993
0.02192244289963441
0.021585488291516835
0.01945710949465274
0.01922611290449267
0.018414474601746583
0.0176245703610751
0.016847621294128912
0.0160550664176049
0.016258855275518166
0.014745031295378458
0.013912567070712844
0.012962162665574307
0.012294072400911835
0.011301678532404548
0.008079047245572275
0.0003451698313702318
0.0038474882550135698
0.007645508341776151
0.007857781078341682
0.006075495702999119
0.006233343316514889
0.005226698152601884
0.0036616620629012983
0.00136732784935512
0.0005433765574658622
-0.0023453707018452046
0.0004910469940717764
-0.005946132044219765
-0.002318244907576165
-0.004593977192275421
-0.004515294992890076
-0.005632877218533514
-0.00771716898871397
-0.008920386374965618
-0.013947055859573626
-0.01340351973604147
-0.016373836337270898
-0.020017387214371938
-0.02457284335974846
-0.029933077478749993
-0.03416995196648257
-0.028394879086404725
0.010458765051373897
0.05872991639705747
-0.013966876072956129
-0.0455631261156491
-0.032809892507769174
-0.027147692252612893
-0.02207195093091627
-0.017883432044352988
-0.016254305521538236
-0.012076543781774278
-0.01251674960365126
-0.007096395661588889
-0.006458872909536633
-0.016622451747767584
-0.029391820893322488
-0.0011903868495145482
0.012521332685489448
0.009265730503108839
-0.021528934801893263
0.026391018485661562
0.018203221883300886
0.011418727741836263
0.007950082061544777
0.005746860825921387
0.0034898140832568046
-0.00289995803587386
-0.01571670895126957
-0.025186386973295807
-0.017667812398603055
-0.003810067378743332
-0.0016134486799196405
0.0018484932563149086
-0.0023608275606030347
0.000946009932050771
0.00029245176047913533
-0.009853519616620302
-0.0013280120006556283
-0.001848436370545569
-0.0026944444059355194
-0.005631266541768442
-0.0029902548449675945
-0.001755488334354219
-0.002712333303274289
-0.0019249972126454508
-0.00228383999451985
-0.00267471200749116
-0.0031253781255523635
-0.003542487822676453
-0.003625076179472615
-0.0026081856968536957
0.0008200606739682011
0.0007482798512963296
0.032945811149570535
0.023104762234010427
0.008038771244021149
-0.0009443224829404911
-0.003962313783381104
-0.004394918800741401
-0.003685010268337053
-0.0032156409619802247
-0.003966195735274283
-0.0027358751398660467
-0.003138057311230873
-0.004870057029993377
-0.004264157207634672
-0.0036594415344282246
-0.003399570940101613
-0.0032002573127342194
-0.0029000320829450275
-0.0029425130946620485
-0.002937885713640649
-0.0028462649902645095
-0.0032891718404372016
-0.003890582426860341
-0.005728309246194848
-0.008969627854141493
-0.0008418298930154048
-0.022737497089859508
-0.012742843066523128
-0.012266191180021254
-0.011665568613948742
-0.01063265920251491
-0.012167123841157626
-0.018503892529249406
-0.013717781445036678
-0.008623127876509576
-0.005822236464906499
-0.00822231690605078
-0.012560598887093648
-0.022281222789490455
-0.013672707565313436
-0.00914745879099865
-0.005377828996324131
-0.0034038400743239194
-0.0025788090230394935
-0.0019414801528327957
-0.0008014172828809245
-0.0020417183053788243
-0.009354633939045995
-0.009200174064500247
-0.0009797051960965548
0.008284371602851379
0.012218670371377516
0.018034438290593036
0.003308546865589893
-0.00261142674240236
0.0010975614614080298
-0.00348906057342311
-0.005757850987600303
-0.00044433780544358693
0.0020994088317069976
0.0032836209436132415
0.0031348785014269284
0.003473666551389419
0.0024823002788821914
-0.002684047476173282
0.0029871293300744012
0.004608887952149101
-0.0044124260876845945
-0.015530940061891329
-0.0019369576350586916
0.005480860178966237
0.005686221114383997
0.0055802065861553195
0.04811304326925988
0.006023161740787988
0.005693276814564371
0.003990741772930948
0.005523266030345463
0.008204161541776174
0.00924510649405177
0.010321824338412307
0.01126458687745216
0.01258092639796177
