0.004427565894615978
-0.02602836503284476
-0.025305623003325575
-0.03332094271059929
-0.04048073172415386
-0.04176953654989861
-0.037542463475525256
-0.030543211444244506
-0.018934004514449498
-0.0032437474889881685
0.014421014420541188
0.029475182875179324
0.047319698539763935
0.0629743662353049
0.08020060929625747
0.09864742317008743
0.1186319857196985
0.13590054368045648
0.14411060411694274
0.13418790941312114
0.09025589253465457
-0.007857023265784566
-0.08317612756765555
-0.0751790604628759
0.007484930384666245
0.04719289714315568
0.047609491638707424
0.031671022112269846
0.009688352567794737
-0.0159671206509317
-0.039216467345967634
-0.051463081182727334
-0.06554906306522358
-0.07680965543850769
-0.0852420890478782
-0.09116817285336408
-0.09916584064413923
-0.09610319626948868
-0.09669934881767506
-0.09317635427953169
-0.0893486102430225
-0.08439844687389292
-0.07853313626795554
-0.07230451406424517
-0.0648117152366015
-0.05705457525607624
-0.04919824595806132
-0.04188858379392025
-0.03520090301067948
-0.029709097272045945
-0.027326046177453392
-0.03048859417220528
-0.03540958751805031
-0.025234956253280337
-0.003908867906842271
0.007080857010245979
0.010107617143342459
-0.013182906868485767
-0.01402021025174017
-0.009565173505348036
-0.011171882008135356
-0.01618991028105197
-0.00848284145162006
-0.011736024145785843
0.0013580441164088685
0.01678090462468073
0.011733407327601485
0.008564731836987253
0.02592805329462054
0.048437799929928596
0.06400292270578002
0.07306059820896116
0.07721967689965377
0.07734654561820675
0.07415822177922993
0.06833425875859332
0.060064244011193646
0.05171431897272281
0.043690534398699965
0.032696537496406476
0.022995316608681315
0.013839304547045654
0.009671390531480131
0.005261151905569603
0.00042943104638968303
-0.00397275816190093
-0.0077784182120711415
-0.011320881770286851
-0.014455624702622747
-0.015522886135735185
-0.01656826012201592
-0.017398443027540515
-0.018047917125497377
-0.01961148632665945
-0.03916275764651573
-0.020956990566790096
-0.028112101042008404
-0.020832136340025842
-0.01911259043376855
-0.01881250393789056
-0.019463209312629928
-0.02330442780794047
-0.03193193868364796
-0.020943154503157202
-0.02558282375198771
-0.018415733522847783
-0.01731776988705167
-0.016011107813990892
-0.013904438280657882
-0.010387783046176633
-0.004300502876553103
-0.0010448166549330339
0.03249739674139705
0.06066616988040961
0.0920041416946571
0.11114119798048377
0.10600470309434062
0.03680128655690083
-0.021418225602925237
0.01842641612349279
-0.0006674089965859919
0.09014063314572837
0.11922244033203877
0.09301569617450278
0.031691312844117685
0.013570523865091584
-0.0055847363814789325
-0.012932804728983881
-0.01863040380108675
-0.01379125062535145
-0.00876206357806982
-0.006713156140422681
0.0013767004737781105
0.005838650931576247
0.010171120902854887
0.013910411999621132
0.015139232152956383
0.011040741269494826
0.01507418279909876
0.015732570038566724
0.015909631857958684
0.014699758146158242
-0.0045283715060577615
0.005308164847165017
0.006876671525769997
0.0067211055959345645
0.01682379000280222
0.018826699301843053
0.018273537390388832
0.018694404758015152
0.022242176974791025
0.028888794485570014
0.015855141449366006
0.01231951630341134
0.012038882401704783
0.009239971546416276
0.00756123171481096
0.006890338542198912
0.005266235390442563
0.003177863823030923
0.0009808418412832524
-0.0016297660785123433
-0.0043697499810513235
-0.007824973511758478
-0.012057299263696102
0.010382699141502244
-0.005011786034316048
-0.020978748757375557
-0.0219120211993067
-0.02556743693540118
-0.026968391999751713
-0.030402828705539144
-0.033096821865045
-0.03501933446876503
-0.03636104319585963
-0.03483617550260248
-0.026524854596907375
-0.035183968353052604
-0.03396819221528989
-0.03209132407428666
-0.03443136501096329
-0.04675307474246719
-0.06782080426481582
-0.007452533622106565
-0.04862196294226226
-0.0611576107888072
-0.040784270157745266
-0.0332872600116674
-0.03286748207996333
-0.03456910835657417
-0.03619326378479436
-0.03713454460181227
-0.037361671009121036
-0.03701913307165991
-0.035753071435476756
-0.03362271861114789
-0.0301020798067008
-0.02902917935175511
-0.024293882133339155
-0.02176915505306249
-0.014272579472832494
0.031120793671212413
-0.01810829126713405
-0.025977794283965214
-0.02658106697215744
-0.020758952856336492
-0.012856538825809356
-0.012353914862600115
-0.009639867117452473
-0.0029733548254881124
-0.00851191544540108
0.001045123999336493
-0.004177802802467809
-0.0030557211913681058
-0.0029009147662395307
0.02022452636263371
-6.399769751221658e-05
0.0006053284900308856
0.0012647891244951814
0.0023985729224493733
0.0028588864770679465
0.0034263368457337516
0.0036148456257328885
0.0032644846169957668
0.001975128884862045
0.00215785986977639
0.039095640187641584
0.006640860163309891
0.0037766217447344594
0.0034215579033372323
0.003921447209341488
0.008182633471953962
0.005334500571023546
0.02898642648516571
0.11251019211346008
0.016127611034563956
-0.003524437961979116
0.0010335833259221658
-0.008843746709369361
-0.010521195476455695
0.018620371976868992
-0.008470038203889044
-0.009926045696535869
-0.013219103165357156
-0.000691473171703096
-0.0011301885818294725
0.0005364584496350254
-0.0020920256162150954
-0.0018567643730887271
-0.0065150091484570075
-0.05006390095707626
0.034376518000133686
0.018468565338444286
0.008413203829241957
0.004004783863935597
0.002649169463197357
0.0031298596689846633
0.004259246155611827
0.004503615596033199
0.014200043598373032
0.005906092071452483
0.006690685953343222
0.00444966722045896
0.0024752667698388566
-0.0021970446168562527
0.014402740776712403
0.0009480785612985248
0.01240573627595704
0.005016844735995666
0.007510860377091742
0.00914296040492785
0.00814758156038469
0.006607817018047147
0.010727747039239528
0.00938674580735115
0.015816263789465646
0.039647345992187305
0.03751779926164452
0.014989695085875063
0.01217776436673758
0.011193804629267588
0.008698098188230396
0.009370559718458352
0.010944106773940213
0.007351429229468738
0.0037620933471918363
0.0034598543797509955
0.0008774450219009251
0.0037251029798718136
0.004620692190197683
0.005782590856493477
0.008295974628429929
0.007629507015794335
0.026509641292665722
0.009389907964540135
0.010067838212161236
0.011651001436034022
0.014542372023916814
0.03749983959401356
0.033875089007118914
0.01532084274710044
0.025857020514110256
0.028415787264073976
0.025663087916262758
0.007951874786143398
0.022182594167458335
0.006627900265048839
0.004780826921412424
0.0034077055411208088
0.0011631535509041377
0.00727364155377992
-0.003059140054120824
-0.004814525214922762
-0.007809743374497213
-0.010437612400068368
-0.016742901194853655
-0.01008749049778173
-0.022330134655378343
-0.028140010521512625
-0.033683046837196376
0.0014882770782645687
-0.035464527672694784
-0.029716390575604087
-0.032920315856391845
-0.04434376181601838
0.01864681025651562
-0.03811669728381118
-0.037034440248817864
-0.027010241798655483
-0.0226373610908346
-0.020144737256351464
-0.017848530536825353
-0.0160180376855144
0.004985731906561843
-0.010951194566850437
-0.007771738609581703
-0.006254288405916812
-0.0036428416592558257
-0.0012861447276689912
0.0004191464947222744
0.0018722922904955799
0.0024742922886279465
0.0027157934383816454
0.003563908622103481
0.0048764289332431255
0.02863195134974885
0.011572492824565777
0.006012309578772108
0.005073042013591729
0.004867161093232092
0.006100637686728781
0.014298070215248633
0.02273515919799622
0.0029365786875221677
0.00019868070183208842
0.04010602379738272
0.0005399019304580552
-0.004009259852841962
-0.007589929575619013
0.012148467943635298
-0.006659459920882287
-0.0016820414118525952
0.00012605631219055044
-6.094251231943005e-05
0.002396026195540644
0.009464676907544173
0.02367392148076366
0.044114616742942904
0.028904012949749012
0.04328567940864386
0.0475109820685075
0.019862301105155702
0.0033314276233030204
0.003441763818076056
0.007131731715419968
0.01023806408941138
0.013989734431721149
0.01416104064967358
-0.004210829696637747
-0.0350656610578922
0.023818628906893315
-0.027807880435468207
-0.013293836389391384
0.009654827138615275
0.015750445253265705
0.01426992675437062
0.010695170351526912
0.005544152608058521
0.0025780267050999226
-0.00015045481734157876
-0.0016803247947295358
-0.0023560019108660457
-0.007411091464951827
-0.007280070172975129
-0.004616406444072713
-0.003002882124522747
-0.004686008268359424
-0.007127023377791417
-0.00187528740615254
-0.0006584691026855576
0.021600856590627212
0.017686883056477358
0.050191271728872514
0.008098329139696641
0.007544694041078456
0.0053214700906854965
0.006240432714929461
0.00647155946824601
0.0069930335902092175
0.007457491151181738
0.010924581065368567
0.013268487493534955
0.019259275127932927
0.027114079484815787
0.01517861866225579
0.01692899635764171
0.022909096939671972
0.026132161846933146
0.027159098048203593
0.025363177507861597
0.017212107414833647
-0.0004536428471013199
-0.025116678107918407
-0.048994279104734216
-0.05473598945295361
-0.0461081953555587
-0.06456809971150651
-0.04856130510994328
-0.01968637101608268
-0.0025201827464063986
0.006945517193670077
0.00785083025132602
0.003877686460009017
-0.003259450391871229
-0.010658997078910588
-0.017652425739357876
-0.02387602682976629
-0.027577570815215127
-0.028102657999753474
0.006920651586463541
-0.018560011697860725
-0.018105497008710263
-0.010964403667699777
-0.0016004826667742002
0.003042951562544935
0.006383024210128621
-0.002840941296736177
-0.021399966412837604
0.05931767396259995
-0.019398702802160567
-9.968171666343726e-05
0.009505641403508767
0.01068669881830562
0.005126653341649891
0.0006684237866836174
-0.0022258852922864454
-0.004609658147947723
-0.007713384902822368
-0.00828692944935335
-0.0073923666882032765
-0.007444000900776712
-0.004020302379523999
-0.010792908090022575
-0.005839166729043048
-0.002365297928101613
-0.010575913911469373
-0.01512432772344322
-0.018255682210703884
0.0040163985282690925
-0.020015893338339138
-0.016182675693150364
0.003604142604463574
-0.02263882564855969
-0.02045837366861336
-0.01758609743001979
0.007034785858938413
-0.01848541578726796
-0.01049961163440774
-0.010855618479072146
-0.011974435245576866
-0.007696020387291313
-0.005738179013559392
-0.003982130164260402
0.005588170076025418
0.01739918572980122
0.02926668758450955
0.012714406569167176
-0.11871733469026378
-0.03433136257609777
0.002133220309379641
0.005708207453969891
0.0062303119587986296
1.4727201257816678e-05
0.0003420051301812296
-0.0005296579827837783
-0.0016620938163773935
-0.0035777232866294087
-0.002011137465105555
-0.002538956392371691
-0.0037916000235884775
-0.002771036629513629
-0.0020545926836271905
0.0010254481946509364
-0.003519001878422562
-0.00641160732998491
-0.00522744367218375
-0.00326927987801415
-0.0036481097923222643
-0.005826994248156788
0.007438948787180038
0.0020566918005990023
0.0010210314606738274
0.0018242712139268874
0.002789366979931475
0.0031229194420154655
0.004415116102168177
0.003191447045612969
0.00212086632990943
0.0025196955345778847
0.0028342443121926342
7.246983869626774e-05
0.002297974616905475
0.0013536735498426026
0.0006615207548956904
0.0032292502429315862
0.005086777919108499
0.00568814722019428
0.006637083633946543
0.006527109076681056
0.0060329924304095926
0.00591566184548018
0.006157040992227626
0.0067078747740908036
0.0068214245107449745
0.00641198629115522
0.006872290734452944
0.006407840358254962
0.007277693529312564
0.007319038793848881
0.0070192079235357535
0.007242548020866397
0.00749598247151665
0.007518878849784347
0.0073996626956231515
0.007110115286199516
0.006441972772426221
0.006014122488691676
0.007573207809744583
0.009122788027244326
0.0042941674638863996
0.0031796480453035575
0.0007582201990721342
-0.0029139567103335373
-0.011271495749519172
-0.026149486267247828
-0.049462121115009666
-0.05058075377950148
0.032903142387704185
-0.06091940113980367
-0.05032185437851598
-0.023171814210125638
-0.0077322008748657725
-0.0001142979819025954
0.003719611020016693
0.00574898122099272
0.006831619274717117
0.007100818587079045
0.007871262006431592
0.00804827153392155
0.00815525708162335
0.007837397373859896
0.0060867861349276475
0.007987914393484924
0.007488180649567822
0.007842574666222391
0.007948815232569705
0.00787154435115254
0.007818040061320008
0.007984267395288245
0.007710303043322679
0.007511220096988238
0.007177980889307958
0.005979878548831327
0.006327464763778128
0.0063918550310308265
0.006781133640045426
0.006707560252610504
0.006558209476232381
0.006420714849004127
0.005934786941450958
0.0054039702462344765
0.004839809268428776
0.004578134467859573
0.003958003150903263
0.004399726702698095
0.005098945528353659
0.003996034771479914
0.0040168680828359185
0.0033634632223787926
0.0038374532057870664
0.010043143641052814
0.0029242393911317398
0.0031773044373988395
0.004318180930673329
0.002985965711272943
0.0024868520196153045
0.0019354817193905232
0.0009781388863153273
-0.0004454365152444023
-0.0023857979012018196
-0.009596470344867032
-0.007555899319000563
-0.004684144207363604
-0.003849922645472509
-0.004411324152746018
-0.005838069171593869
-0.004353138662166969
-0.0026297133509620286
0.00039332354147767764
-0.000639091111818188
0.007768642885314808
0.03316419428822079
-0.0023110220306269223
-0.0002463623017673154
-0.004257578262589298
-0.005304970678739058
-0.006153996951055063
-0.004625092517449557
0.000495332544604849
-0.004813868411901897
-0.005131377774263455
-0.005379913482977656
-0.007814197009136492
-0.0063810745866832545
-0.007455635601882621
-0.006348499142211076
-0.003891995196993497
-0.0035765692463764044
-0.0047380866239699025
0.001853198250521087
-0.007283748503602418
-0.005454402912182857
-0.007630717828224518
-0.006382250759472105
-0.007115374914421515
-0.005000465488839018
-0.011388685949786415
-0.010969853935399926
-0.007359204714544428
-0.010724139025861931
-0.012378394971325517
-0.01726836091224781
-0.019729223254205525
-0.019051931370606633
-0.03551700566007883
-0.0397806220267239
-0.04899804923590626
-0.06418523448507044
-0.0554299398216458
-0.05532005555595259
-0.04272523545704137
-0.03487065004364724
-0.027188108764502256
-0.01993026162423718
-0.01583989345979643
-0.015132078951933414
-0.015342406701235222
-0.012510622138380985
-0.008601473201991837
-0.008115954082261347
-0.00740090997764317
-0.006954763536078569
-0.004117128370184963
-0.0040149415508451605
-0.00399513444496458
-0.0013717650981769007
0.0023388476220322744
0.0004215597399028435
0.010601942916543601
0.0022179504948329778
0.0016493907081459639
0.0014949451944750853
0.0012438945643795908
0.00021134405948537884
-0.0007602428039444028
0.001058971907651805
0.0014669174183117731
0.0017371844091564569
0.00173919851309089
0.001541526642039926
0.0010396834664469935
0.00044507459723951707
-0.0007724584156893229
-0.0035933197858310107
-0.0029176021400005854
-0.0032726373653339602
-0.0022812922386272103
0.00020502713856567764
0.0009228005879759598
-0.0007951572908267939
-0.0009181434540765417
-0.003300270120597251
0.0007057879640704375
0.012131064100314287
0.003161826659287262
0.002584221420271807
0.0023702703536406253
0.0022737110936419803
0.0011023972294226855
0.001981056149082071
0.0022122971136411583
0.0027503333458582485
0.005211332417203173
0.013718869948803836
0.04489101703575158
0.0944197237885508
0.09679636561604447
0.029700232229500634
0.004610464634180396
0.0004638244566359545
-0.0003452097212845491
0.0017341823834104038
0.002300908060951031
0.0012106362132709406
0.0025782417803609952
0.003900704638041318
0.004403564711201988
0.0045990199255391065
0.00672752293107177
0.005741687984427567
0.004020656136877973
0.008883281880668056
0.006787622276289415
0.006664469239272227
0.006428235930274872
0.006035777014484724
0.007429716731587225
0.00774467118336495
0.007959402726065407
0.008005384696429585
0.007498994465861315
0.007851161000051773
0.0078746846670341
0.0073818081829420835
0.006921988663389171
0.008204970609041816
0.004856051184280145
0.0005675739896073205
-0.004743541625147069
-0.016412316576269865
-0.036016956099875756
-0.04267492056362514
0.042335937151363134
-0.04635327706932896
-0.0424724260615387
-0.017015057757134106
-0.0030028625244824195
0.0033307963555177706
0.0064566604084762775
0.007939208283736024
0.00853035242315073
0.008732077645363746
0.008627503198023884
0.008331827501770557
0.007778693109528606
0.006624098457331611
0.005125423681452222
0.004514807507310004
0.0034795060349299177
0.002572093850285032
0.0033087782070028407
0.010857572686236827
0.03657183589439991
0.05206406330105941
-0.10481961663223181
0.050014932032654134
0.032462421943085726
0.014906162334449588
0.007997646448042404
0.0035739387712732705
0.0011923350044201679
0.0014401546141981163
0.0007949164019107962
0.00017692243690734427
-0.00016159104390529625
0.00022979035641862208
0.0009098563509011293
0.0019433719673910338
0.002230883131082314
0.0021969704817319698
0.0024244255317964927
0.004207344949951295
0.0016345504375110892
-0.0026875490964607786
0.0003655472589194728
0.00151816923857441
0.0018779274740977681
0.0020438434287617536
0.0016186909896519688
0.0001833272921644737
0.0017634797605314205
0.0020114820731866514
0.0019913607791544026
0.004184139882921772
0.002838422937087402
0.0017609712729387845
0.0023029101586709566
0.002177419597049502
0.00044709390931676167
-5.0215744813226956e-05
-0.0012520330680632799
-0.0009301884904073473
-0.0019819693570040315
-0.003783941485089417
-0.0026676389885912925
-0.0003099971368619221
0.0009334813548901266
0.001222678939838577
0.0007109807471284497
-0.0002444230316410842
-0.0011869735116812575
0.0011362679319760463
0.0014356699700976566
0.0015179950615909492
0.0006460302424372718
-0.0017508672860120165
0.000869244691911174
-0.0002878759764726549
0.0014921736026517751
0.006536809107080382
0.009380659108279472
0.004122475159021853
0.020022440225490892
-0.003984433259255077
-0.1590650159967195
-0.030364378746415392
0.025246569913869442
0.013069246061996548
0.0014631553917796038
-0.00920723972076945
-0.020931856145971182
-0.0159919091012153
-0.03071259812151215
-0.04373175961696366
-0.018891759217014723
-0.00978164471422134
-0.006297620085221186
-0.005164154041574172
-0.006111243281845873
-0.004284643134436456
-0.008030957564785283
-0.005457728364390038
-0.004977786508515455
-0.004157655847750758
-0.006668833897121484
-0.010124082472259687
-0.01387413578325385
-0.0201562032290642
0.012527186134842506
-0.032212442468990854
-0.03694397760576732
-0.03798375668678599
-0.03111065443924905
-0.005088888646463852
-0.01742601819484878
-0.012901791164279293
-0.012533270819177593
-0.007628682104533117
-0.005560821952036923
-0.003852731977072009
-0.003812158517109375
-0.0025597621822195265
-0.0018741136507946527
-0.0015071844755509772
-0.0019177163467207843
-0.0012666751038072606
-0.0010762525484873352
-0.00038416504610189043
0.001403746876461311
0.0006472441569886523
-0.0010725374780020563
-0.00236688739606518
-0.003635638242970666
0.028740939049011798
-0.004709520963698097
-0.004804866236284457
-0.007780782606441787
-0.010481474989811692
-0.00023091808153255172
-0.006760678943493765
-0.006229604431174353
-0.008047391815041749
-0.011296743155088919
-0.007262544165683423
-0.0019199337659182732
0.011365469457847274
0.00029667001045550134
-0.015492154764782757
-0.016826361743389456
-0.019156837006861188
-0.019905499633907732
-0.020908068252646343
-0.020280635211742223
-0.019085041549740268
-0.018860665332457473
-0.021432528066585577
-0.020123906612133584
-0.01866433624104546
-0.013782300902327136
-0.012169202187447353
-0.005792327899276771
-0.0012723414874840212
0.0012510339059726792
0.0021755700981338257
-0.005159773150917521
-0.018101473354841607
0.04483170694585581
-0.0096383283822444
-0.009741045391153136
-8.500064839958832e-07
0.0028602149762103454
0.0009940303620099532
0.0004916874396721235
-0.0026959927969244786
-0.004293971247015834
-0.00666916439766278
-0.006912284055929403
-0.00614552438158516
-0.005033652117446733
-0.0031403373190102843
-0.0034156270525386393
-0.003728285608176688
-0.005171267246571489
0.0006063353625559102
-0.005753667333204184
-0.0035050496642505466
-0.0030032708642955016
-0.002424162401676222
-0.002219322471017569
-0.0020490778726727004
-0.002219728698590418
-0.0018089691951027206
-0.001788725143912622
-0.0019225049102651556
-0.0021113650733606878
-0.0019206318883274065
-0.002067662472541803
-0.002207110869673516
-0.0031916995066858817
-0.002279152217448913
-0.0039868523400149875
-0.004741837197871943
-0.0024887101071847588
-0.0013876953036732543
-0.0006748207620495679
-0.0007620986681802016
-0.005530913640963348
-0.002792412500305893
-0.0038757485613936256
-0.0036107840716020374
-0.001804620601079554
-0.0008123701633809645
-0.00032122333787995414
0.00040014126554428243
0.0014464046268551775
0.002957201252228083
0.005340703331217508
0.007986357705646636
0.007279886336013107
-0.005616381487759609
0.030258218306495343
0.005694336159898834
0.0034500727556525793
0.00480511807620347
0.007511234801490481
0.006635797131573557
0.006189536552977066
0.006193956634862284
0.00657161022253811
0.006770241923072026
0.005500559566124807
0.006336657834728485
0.005039072166894282
0.0017318807938442207
-0.003652581663147068
-0.017922266397360807
-0.0440524526352895
-0.051701133145813684
0.031085152684242966
-0.056096999252237593
-0.03949589133998163
-0.015092221189774309
-0.0026643070074875053
0.0024217740390138844
0.005195908975045924
0.008545114053379347
0.006510756083521332
0.006493978327151897
0.0067385194568784935
0.007100480902097381
0.006422517581010459
0.006079642472859577
0.005222397528150575
0.002426298871668906
0.0048124620741414725
0.004621726225814034
0.0039035102660633144
0.0035505645210832633
0.002020059659653041
-8.002094689922524e-05
0.002032338066346469
0.0016121354449267207
0.0011660648244775273
0.0003981275279963868
-0.0030132875711173235
5.2795918253487704e-05
0.0009300000892929152
0.0003818494246588787
-0.0034272082483846646
-0.0021787426823525794
-0.007155409666127454
-0.002530561170182091
-0.0030091636877756325
-0.003972019391968781
-0.0067672325258630915
-0.007016815688278821
-0.010782249805361502
-0.016662761491295554
-0.01503728324733814
0.01005465253941894
-0.008911680654946769
-0.0035719264944140358
0.005076542018893184
-0.0006998158525421339
0.0009423021711336481
0.0014582086146413692
0.0014166831277404317
0.0036728852825157416
0.002462804810527945
0.0027148509740252975
0.0027233431285680508
0.0027846301225787594
0.0024486064303961374
0.001093044238263531
0.0012197964058044174
0.00038059217461017323
0.0021716134096025803
0.002930070802749468
0.0038756167103732595
0.004053447781928983
0.0018333050368556682
0.004414268246981579
0.004505623295761797
0.004615809155779877
0.004738720476410516
0.00463400362427505
0.004292765001518835
0.0031425238420505004
0.003278235719914871
0.007091131592858803
0.020262329532057345
0.1396766982394806
0.03295429266846746
0.005840364546675342
0.005102533494621726
0.006147901619605723
0.007015548434221798
0.007627097532713573
0.007976474991410454
0.007058786240488131
0.007161616218737377
0.008865837966404307
0.009664226462208573
0.010033980831480892
0.010276237345324053
0.010778063076963763
0.011103153021417862
0.011346316228844251
0.0114552665174916
0.011948285383431826
0.0116795623379326
0.012544211672052026
0.013117093487033145
0.013499705338357983
0.013883249078635054
0.013968884879649372
0.014734259002521306
0.015232335346746983
0.015703577791151883
0.016116376651819843
0.016444072352490742
0.01647464745083415
0.015744761278545995
0.013098069538589859
0.005882923331242363
-0.010754041181653892
-0.03324266329999229
0.012375366203539278
-0.014944175723177777
-0.033196901858310215
-0.00519480055800907
0.009939765008458834
0.015622183359678393
0.01634621204584086
0.016069526713749258
0.015101241468856547
0.01377288636108234
0.012406107361402928
0.010060446799031342
0.006522043733286327
-0.0005645547264165311
-0.01755011878052872
-0.04821493083178876
-0.008004172863736706
-0.04532591918523347
-0.04513849461089329
-0.012923261243518482
0.0008490522042690204
0.00501884903022728
0.0057439352575921745
0.028125538835535605
0.09306471645000831
0.011456002883723688
0.005090793178330412
0.0055926854830863505
0.0063729608256427
0.006880081956220453
0.006500995928197323
0.007515127782769121
0.00797210742642598
0.008284044108376628
0.008539668662145939
0.00876953440493729
0.008905307698932854
0.008646137066706446
0.007822605501200126
0.011700991630973911
0.020178598638896685
0.008136415376342847
0.009579808969408042
0.010697642554985376
0.011189557503177286
0.011563291315803944
0.011934457401406438
0.012277167485120621
0.01222608430036102
0.013010580694607853
0.013790127546964423
0.01391309175359941
0.01403690478344654
0.008841869544471102
-0.0029312651158877913
-0.015042781210139093
0.04871291028093858
-0.0063212746405631615
-0.0007922285815399224
0.012890832891250287
0.016814429526034402
0.01956121293333747
0.015767147910448753
0.008018648657927062
-0.01246238731768597
-0.025482004655495636
0.04473229606001794
-0.033452990538315866
-0.010138748560640827
0.010616085784373019
0.017824002676153992
0.01916003516222826
0.018617528214223068
0.017582089052300135
0.016600859125284622
0.015195335016581988
0.014944970679847328
0.014109116564411257
0.013246614218396341
0.01227712586077573
0.010988336860231889
0.00925953070036566
0.014456891796617835
0.09786204721004209
0.011748235350705457
0.008264550523931545
0.007896635090526741
0.008572756760266047
0.008897893413568067
0.00900770080426616
0.008676460243267774
0.0088137913125665
0.013995630359072952
0.00745318770566559
0.007789526309818974
0.008405923854047976
0.008796493359664972
0.00936446434452672
0.009069174459699889
0.010151899413513818
0.011742935080737945
0.013835737478185063
0.01999476231780013
0.01720331685575806
0.01922482357541122
0.022305500292730096
0.025576050886767603
0.02709064824286352
0.022312257845105498
0.001814142435825285
-0.0028775544739516913
0.022735993612275424
-0.012657128332440112
0.018641192454630157
0.027700841982354108
0.0253318141778906
0.02025810019945622
0.011071574416029512
0.01254011310088886
0.011174152412400861
0.010704112492609531
0.00921486311702063
0.008381544155008788
0.007881998031064092
0.008185481239781717
0.008815859936655283
0.008367452086126236
0.006612720845594069
0.0016337380880592125
-0.010355485908892018
-0.03243512516702976
-0.02832860296452761
0.028404853940712082
-0.0447734592815511
-0.024140757996711237
-0.0035813144651493673
0.00565407799046401
0.009222291081682304
0.010306547615229542
0.010677845348106276
0.010453612622870772
0.010082179685801444
0.009505025429849089
0.009077623010794796
0.008540306010337242
0.007988378731215507
0.007408539622710819
0.00670193375326275
0.0052740133767042625
0.0045201069015707055
0.00498095529709298
0.004610358978188
0.0037459635308983693
0.003486248675101944
0.0031993041581139187
0.00230968503044415
0.0005388808127493515
0.0012706190350467135
0.0002952920076382711
-0.0005927865069808202
-0.0002802432024719948
-0.00025902156540762915
-0.0005263481542784631
-0.001962798987181061
-0.001537475869454123
-0.0019623634912828126
-0.002692030227339513
-0.004084184144552402
-0.006668946236488806
-0.005171066190760465
-0.0009245507803808961
-0.006698025570324972
-0.008638631700964057
-0.01191792915262486
-0.012483588058712735
-0.012315431698414024
-0.013036444006425264
-0.013100934179951795
-0.011588100835795577
-0.00950126107111879
-0.010466967929908411
0.0010890927157487739
-0.017468795480625094
-0.01349446025050389
-0.007438620380232864
-0.017075258917688355
-0.01857896583650473
-0.01977705137461117
-0.019159374334630053
-0.01858421161674252
-0.0199837400171646
-0.01955606528966864
-0.0195369511274753
-0.020513467356529338
-0.01823271323375995
-0.01620440730246261
-0.021699088868304597
-0.02032525491065197
-0.01884509452463207
0.005622963126900494
0.0005739497622830251
-0.010681300664939827
-0.01883026702388861
-0.02059433572223662
-0.020472288793868604
-0.019803143090375824
-0.01906577288221629
-0.018722183766394083
-0.019325656075974095
-0.02033664375244101
-0.02133725138993579
-0.01680552400281311
-0.01888023811751959
-0.016394042722691377
-0.014719228739659827
-0.012927929175953106
-0.011101384532051473
-0.008945607916774331
-0.0062521206997050585
-0.002379293335177569
0.0022140677350641833
0.010045315100686233
0.01817295388738026
0.01648159341714879
0.020212843712653354
0.07339551125945447
0.01925268399318612
0.022770540301939077
0.021103079080537598
0.012677449824294364
0.0046926871263892455
-0.001322233315647232
-0.005557426768361214
-0.008855243801230369
-0.013136116696855688
-0.013035855395707039
-0.012408957624514886
-0.012733980166165433
-0.013533223522655027
-0.013416934730411622
-0.012424427762173533
-0.011759538246609939
-0.011577052466914338
-0.01164216455791355
-0.009907272702720162
-0.01255998968608798
-0.01336446344963692
-0.014137843658037821
-0.014817766190723862
-0.014354065286248772
-0.011608483272986444
-0.010993732598760722
-0.010190685747636596
-0.009749820554803865
-0.009559541615541685
-0.009602147801880427
-0.008397986327070995
-0.00606728150382063
-0.009791990944964012
-0.01178382682602347
-0.011659352901742035
-0.00916037344338115
-0.008291958683461383
-0.007999619166491872
-0.008109145559887896
-0.007670799438255963
-0.008661427096339313
-0.007412780548120893
-0.007306503493084092
-0.0067922578370748134
-0.006927019801775271
-0.007193516345136972
-0.009234453971628354
-0.0074343061834382836
-0.005893720729107105
-0.005337504430705954
-0.005205107653736546
-0.00473106155811959
-0.004427285832896303
-0.004116140612353284
-0.004779526938332863
-0.004267711874267575
-0.0035722599715242616
-0.0031187203626557593
-0.003621913489868607
-0.002432421472330827
-0.0010186024111788464
-0.00011594307261183432
0.0016788969410911506
0.002033055356735109
0.002042304437189973
0.002690349033118561
0.003119839541569029
0.0027543569478169143
0.0021730259690419117
0.004308699275285572
0.006255529879615826
0.005425962896378716
0.005577125120384853
0.006284272385178238
0.005677277395937559
0.0019877587492441026
0.009352613751519443
0.014272844920304485
0.01632424265415712
0.018375903877122155
0.023119597689355897
0.021820721679557162
0.023388475006105466
0.027555555937875214
0.027999262591341306
0.026729419947830547
0.018252516479135488
0.03391413530776107
0.05321926782729904
0.01124915256041024
0.02474030883583016
0.029477557201241348
0.0279371976678569
0.024373387669255057
0.022014805124366994
0.017471481247825563
0.017519692875477253
0.015714296454133844
0.014048857484516616
0.012363121953677263
0.011071776972641197
0.010133089489389136
0.00910151124311282
0.008156346901617819
0.007231124403871428
0.006293364797861201
0.005320259609368417
0.0037506588052828114
0.0027512542042797744
-0.0008026776724167298
0.0017677161303512668
0.0007464433215992768
6.558144174990222e-05
-0.0004947444634948847
7.095763209148882e-06
0.0011559957748295778
0.0007190523655690493
0.009094291402329455
0.027315946366120752
0.0024405001486338005
-0.0003988884606986583
-0.005851215127137174
-0.003325611509057478
-0.006273951839780988
-0.007127463028031894
-0.007705748098329456
-0.00792235831755932
-0.00815938467667774
-0.00830454120969396
-0.00822183271256677
-0.008468650117082682
-0.008814793337658274
-0.009309000105674016
-0.010666979020054548
-0.00378322190728464
-0.010606265317658825
-0.009967156562107797
-0.009668680068101449
-0.009366434243163557
-0.007538884262647052
-0.0034878740224428377
0.005898621593029394
0.01964927427654432
-0.03478282529678154
-0.17309775626934518
0.012649988415585267
0.015916739019796934
0.002740605942641693
-0.004817185232515576
-0.008498260867762638
-0.010696092796733883
-0.011186004341641435
-0.010834526012204167
-0.01033608322356516
-0.009957188470913413
-0.009778304667009314
-0.009576653394465704
-0.009777660962457493
-0.010598897725354304
0.027986770247954252
-0.010589878336752144
-0.009735034266960476
-0.009563465403859966
-0.010250971538645437
-0.009799693804429147
-0.007900369808049862
-0.011852021870622278
-0.014880983065263453
-0.01787368269999082
-0.0014300603514270272
-0.02147182166222238
-0.0208412537423946
-0.01752271894982723
-0.014576563347585015
-0.01073220393590164
-0.011373499490963937
-0.01033827495185211
-0.009574780917239671
-0.009062623758964425
-0.008728616038860486
-0.008564167712408163
-0.008737369417268076
-0.01045713034052908
-0.010367816075524764
0.008310957968246609
-0.008867302502325836
-0.008728028440612679
-0.008042463711609146
-0.008143091676366003
-0.008406579715186538
-0.009819515337171255
-0.008298147816021319
-0.00836684989333337
-0.010129279687212014
-0.010540540627503371
-0.008383046306136475
-0.0077917523569842355
-0.007587318391465515
-0.007824882909770771
-0.005888068283092972
0.007663819425770392
0.03554518570533207
0.021971205196275264
0.058000770233162344
0.007713650958774365
-0.004827581501333877
-0.008137693372833451
-0.009254958798388155
-0.010358764419283116
-0.0003745631949967305
-0.011236097742759339
-0.010931080875231628
-0.011162769511186795
-0.011431913524479373
-0.010911155505291101
-0.00943551574801142
-0.006415181595947581
-0.0033875235233167033
0.0014798628306992643
0.04408842937252328
-1.2634341347186878e-05
-0.003335825845287199
-0.006020552897716714
-0.008603409221455579
-0.009424103784362113
-0.009012460079105951
-0.005932388196226253
-0.007870137545357366
-0.007270043374065207
-0.006640612646774619
-0.006115345075969163
-0.0057967810896354215
-0.0054946428841248654
-0.005900655041249361
-0.006991592098969545
-0.006451283313951071
-0.0048947337415748415
-0.0038417596999888227
-0.003479931403800637
-0.0030836309442325567
-0.0029666517247028306
-0.0035427501047943246
-0.002896205298849851
-0.0035505058892187943
-0.0020022378856750494
-0.003190651261151004
-0.0024100645841931573
-0.002141204138021689
-0.0019251977756372144
-0.0018608887421594233
-0.002625053467114927
0.0032877533906932772
-0.0026730011109122767
-0.0025260922624357855
-0.0014210013520010853
-0.002238127200873545
-0.004134591028853746
-0.005573494272731306
-0.012663323233417205
-0.010799796440632505
0.00023998872721977838
0.0028441464174136484
0.004005443699705641
0.004808280394184476
0.005514924847935294
0.006071194412965901
0.006541027734440769
0.006975786142306439
0.007352399218796768
0.004376277650385237
0.010407130245971815
0.013210855920624794
0.01568423563777557
0.01790515163283662
0.01966042297271912
0.020202261219171246
0.016894984560240616
0.003911097090593815
-0.01566280025196146
0.03850019308145861
-0.011806726107014916
-0.007884115013820053
0.013363872312125862
0.021374340019287893
0.020796530576744087
0.01939779495221211
0.017678774224112438
0.015876253179532156
0.014210859631719771
0.012801253727020916
0.011538616664550517
0.010487694154479385
0.009580446125797771
0.008696109904412282
0.00678308630292424
0.007331622474072292
0.007393099986109874
0.007160883521960877
0.007055049400783357
0.006739355993516708
0.006387243416027081
0.006148968750304441
0.007425720930432507
0.00732455598065157
0.0063675401156536755
0.0067678277188365065
0.006988510605444617
0.00691097575535118
0.005994886931569284
0.005079550512548753
0.011918597396826111
0.011757480346184327
0.005288616127054151
0.0069626593913629095
0.007731261612790603
0.007865029351977687
0.007794967252496605
0.00761316889771362
0.007282171988813583
0.005725750439036035
0.006351490527373399
0.006845443950539942
0.007657823301654326
0.009417076007559732
0.009841531192549772
0.010135429691143363
0.011066933571541237
0.01104199378616445
0.01148198116354585
0.011938822891806688
0.012077453052332097
0.011925671868264619
0.01244771806643603
0.014426488801189928
0.008179175307568641
0.0001663908118028911
-0.0184047293807197
-0.03269758861748542
0.04948498871144546
-0.032762345529980405
-0.01643844947347617
0.001222461215355945
0.004404242092302678
-0.0009019690312315383
-0.014169109644511289
-0.0374432046476099
-0.042647893788601426
0.03245739548335704
-0.05472200949798656
-0.037893408874271235
-0.013443916189208323
-0.001007788222586517
0.004711213622996082
0.0073936740864295365
0.008825031683171133
0.009572299232225018
0.009977705536720368
0.010116792306512285
0.010069018385944187
0.010310569800428613
0.01032654687695203
0.010320205584739105
0.010392159473025008
0.01026913710110588
0.010267595065291924
0.010207022717652838
0.010226126470210433
0.01019643408916498
0.010171190462695419
0.00996944266829784
0.00971815452917455
0.010163366297421898
0.010433248588256082
0.010654113477245377
0.010863017390172904
0.01110304025392547
0.011327313048234441
0.011498559204729263
0.011193875513877592
0.012178338716567403
0.012591404554915702
0.012972017961418053
0.01325127258755999
0.013782578216290284
0.01429219204994854
0.014754603326634272
0.015164319271556828
0.015404574331121981
0.01515526073947186
0.013604738341641007
0.008681494743262292
-0.004110203808694722
-0.03235553466735569
-0.03642532074978981
0.017350935944995517
-0.04467634222757167
-0.01712472202091125
0.002770668680399809
0.01096180119452421
0.014083717832389795
0.015005069625872551
0.0150372701867269
0.01469957292925975
0.013798605956317279
0.013739950922807866
0.013268252935920226
0.012735580016791384
0.011564736475977808
0.011649629901115982
0.01110048842265697
0.010513099263030144
0.009874867144355228
0.009174976011838289
0.008388989067232266
0.00751797714462096
0.006535984921993374
0.005485891131054703
0.00454276222158294
0.0037178187953263255
0.002668753561132108
0.0010707813700474547
0.0009666443566391905
-0.00039820832752594017
-0.001883853029092623
-0.0029612129497379237
-0.004764133458558633
-0.007017687383981383
-0.008747593182569869
0.023905924193373163
-0.007328093770463083
-0.01367418817152529
-0.014020476228146264
-0.010036628070065839
-0.005628835290781703
0.0007094545455762934
0.009520961354736941
0.020117370203610953
0.02829921327248695
0.03218805461419606
0.07958568278710873
0.031643458257778125
0.028138177023126768
0.024213069659073893
0.02572241871927003
0.008963970566590183
0.00029269550705760385
-0.005564280716743599
-0.009818947781076153
-0.012171391137188204
-0.013254668368227437
-0.01583220730850404
-0.016927121276307962
-0.01801621133433455
-0.019984315995140025
-0.02004879651168788
-0.01971930718343578
-0.02150787262061294
-0.019639403101146643
-0.019224001113484518
-0.018601038362677555
-0.01746025746178616
-0.01616298217375033
-0.014432285574031402
-0.011744159622285437
-0.008201659463601504
-0.0037223700064443516
0.001933619551687388
0.009009433110398124
0.017375781103943683
0.02585981641861101
0.030773998019032876
0.041893603915898574
0.07746729232219936
0.04254857472838906
0.07982286467856384
0.05581946467772056
0.04092749272760113
0.030460030640639284
0.017995373392031097
0.006407233561622234
-0.0014979426620902532
-0.008006795662790478
-0.013355200650584787
-0.017853447133691577
-0.022201919138223006
-0.02658253024088561
-0.02993126731182151
-0.031066345002796907
-0.017324932239732624
0.0582411303235064
0.04553951308337822
-0.019859324684217545
-0.025727228039176014
-0.009760254160036501
-0.02515446440674224
-0.023379481511918963
-0.021163434196129406
-0.02328523840588658
-0.02298988642952418
-0.022139329725050633
-0.02156004740451221
-0.020911116073840528
-0.020427851066511255
-0.020788927432409298
-0.022144843552943567
-0.01929743696751359
-0.017759507999674524
-0.01691949302660692
-0.016263003413890198
-0.015846372377329793
-0.016318751186693205
-0.016999677507342794
-0.013970549902675461
-0.012877871693622634
-0.011929779026026963
-0.011118055869456576
-0.010211818245893081
-0.005787066343954438
-0.008445882616923374
-0.009324049619552941
-0.008745282751010207
-0.007579881969382419
-0.006305624478922417
-0.0055070763369962335
-0.004625677471776523
-0.0031679123685676444
-0.0026859792636458203
-0.0038371712203956886
-0.0008980427454178754
-0.001591688441989424
0.002460556508476193
0.004673491831461293
0.0057919379004289446
0.007437144926113744
0.008902508480228177
0.010842483228465804
0.011683822910360585
0.015712527829333165
0.018655314771811086
0.021994312243782312
0.025822087876383217
0.02973949259863033
0.03163519861089375
0.02604466163884859
0.030567265721044685
0.06835686784110098
0.02108788045486416
0.03202781900428142
0.029984620993514698
0.02688373479771085
0.02307052041245421
0.01953454487954512
0.01652111808579261
0.013412830014358446
0.00809873896823523
0.009578207025559267
0.008072886806147261
0.00723672621974196
0.011342756729332411
0.0015187280170647077
0.0002355736341189162
-0.0032806199443655374
0.010863840094762102
-0.002066123376668728
-0.006316740968289215
-0.0074836608250769725
-0.006842216665546319
-0.005963942144122297
-0.005373876055061089
-0.0062409791640866755
-0.0006628600108504738
0.013745339485904432
0.0006433417048601628
-0.003878342855268621
-0.004361646398093195
-0.003177832294823953
-0.0031992747612374028
-0.001801728319752044
-0.0007568922813695917
-0.002120938532243009
0.0014690521036603704
0.0029271174010556244
0.004465205622838189
0.007113177294571277
0.006854455366975929
0.007671965425953571
0.007918770278017252
0.00995093803492873
0.01145007488224013
0.012747587677616122
0.013971282912278386
0.01490259903809914
0.014686370794454208
0.010583927765409158
-0.0035106618297373214
-0.013258643741082664
0.01981693962286445
-0.005446009855327885
-0.017586354089909544
0.002750767300839134
0.011718931745883588
0.014005368055489272
0.014195896052936004
0.01338212125147769
0.01166054072718965
0.010973043709455808
0.0096810882049312
0.007996133246003484
0.007066918919237515
0.006526925135761197
0.005751517702184984
0.004071511965765336
0.0035715738917290753
0.0035874429817475237
0.0029708375050181593
0.002197380414578754
0.0013396431381902376
0.00025783151728858624
-0.0011864539692588787
-0.003235308967116058
-0.007836945274250419
-0.01846615431238454
-0.011024053410224784
-0.00821156005069646
-0.007953724290789858
-0.00757571290409036
-0.00810863594045836
0.0030725451451993854
-0.007255141238557668
-0.013678122290690709
-0.012769149735073997
-0.013761140403485783
-0.016075131992088685
-0.017518468901643804
-0.01789967700688119
-0.016691030909292685
-0.016756714375246236
-0.01651092946609612
-0.013730210612716712
-0.013247336940845865
-0.013589511740076395
-0.015284894831925138
-0.011120959635792151
-0.012402565202218682
-0.024131997098157085
-0.027309288553121418
-0.03201538576230483
-0.033327436744067886
-0.028086140314819666
-0.02428600489815241
-0.019207129635855816
-0.01418881183013821
-0.010000702662188525
-0.013850825116650528
-0.015297024812906998
-0.013277420712812064
-0.01193961335308986
-0.011641957303283044
-0.011677769770240286
-0.007765130454988004
-0.012095138731921045
-0.014097030096497487
-0.015700061095600633
0.004921241548030616
-0.014232238296543706
-0.013752651363723651
-0.013286953166691734
-0.013870674079585704
-0.01880845119039084
-0.015221730553572123
-0.01567758653552943
-0.013296388734869944
-0.016091597017008644
-0.017982838276304203
-0.018810620314225538
-0.019845552405454624
-0.021068704032705592
-0.02247418820910763
