0.0001436754084364193
-0.03622447917236268
0.08645672174147498
0.047232009099636145
-0.005238401907406684
-0.044905027806257033
-0.05608038697694425
-0.01259195186761987
0.005016399401465786
0.04055170917038838
0.032004270973763405
0.06206718148590887
0.021210483814157646
-0.03775649475044451
-0.06580617037695055
-0.06321060593124894
-0.03130493090160315
0.026820565293552028
0.08614454540611871
0.08034097777273651
-0.06002358842069338
-0.08226794504639127
-0.07467270402163025
0.15953867075048275
0.01179565983885466
-0.004947114410034805
-0.027054677822740493
-0.05471334316924677
-0.047505257905766894
-0.025527066823585087
0.025659111378842987
0.04138766509871525
0.04483825674197358
0.04612217910278789
0.03959903583162521
0.0279343080647546
0.03132857829303418
-0.0038542061100271716
-0.022454107990894676
-0.04852087800889787
-0.06316840284317835
-0.06645368221101648
-0.05642668905301624
-0.03395619455930504
-0.010854193994821989
0.008171720753016162
0.03543699879621522
0.06327555675356773
0.08284617092597327
0.0773244384041075
0.0015289568780717556
-0.01605744542815467
-0.12216151458222216
0.03856295840968307
-0.03678981508389644
0.013301334620043358
0.005134583140588135
-0.047848874597582275
0.02812764089360633
-0.011083150596651114
-0.0781317395479854
0.03260742905357958
0.05233325801139346
0.005574543482404576
-0.05538772743304253
-0.07007776028794897
0.07370539256853323
0.12427676231898846
-0.04187209689593369
-0.09693798407651559
-0.04984513630060015
-0.011797046208290089
0.004610265901735889
0.00616223852731283
0.0015896467636024195
0.002107566399624878
0.029696806880627598
0.039930304720769035
0.023410828319369754
0.02047241846773786
-0.023872334616049554
-0.026710927016428045
0.03488990436265254
0.02100562553662408
0.003488248800830184
-0.005934543621518139
-0.009267532118777944
-0.009296689764879853
-0.015822684100940707
-0.013195321116547977
-0.017332135130070227
-0.021332072732197588
-0.01626010559615082
0.0012656729121479605
0.07951650420277802
0.012745746083466155
-0.028532304861579552
0.0037670438507797005
-0.01897525186700606
-0.02273983325362554
-0.013634604623817966
0.023404138229245718
-0.01663982251166098
0.026451781855952036
-0.015181477228666878
-0.0006927884284890724
-0.008121795624322525
-0.008764927171008264
-0.002707857431083827
0.016314188387524665
0.0574008428937478
-0.04133620608440163
-0.004679921947383037
-0.045953917710081824
-0.037895470360558695
0.03108697047954652
0.07651268506235015
0.0460943350284813
0.018768655775544634
-0.008135011998495046
-0.057231073649375616
-0.02654041635728229
-0.03832958777960523
-0.024147157529746676
0.0018081020352212229
0.05695640700985872
0.025455973577213856
-0.0018889241654893821
-0.022447099926353756
-0.0006911922165555958
3.7409962994681976e-05
-0.016079831189163795
0.0011388855813410906
-0.000865390743306051
-1.8976897903862986e-06
0.011408918157496405
0.01010657653309705
-0.01884256453521231
0.03179005443353586
0.03240553266582258
-0.004646361596023357
0.027930156372351297
-0.04689242818379735
0.05283726647752252
0.05488261972400176
-0.00661153223598736
0.01037342884957115
0.005535566285248355
-0.002129376308698843
-0.014502753532143312
-0.026027057015198952
-0.02208212852914924
-0.015012422189119528
-0.013755690161864651
-0.046078174524464076
-0.01204609667547245
-0.022865380751271123
-0.01000590472479546
-0.006481020724397642
-0.007224154954607092
-0.006620871448235588
-0.006981734571977868
-0.006066955639289827
-0.0049001423780481905
-0.00029928693865983205
0.06939895972904014
0.0318893782475419
0.0035283730362747115
0.0033870513875029927
-0.0075210803761100896
0.004136980770933728
0.008491982444558148
0.01441241959721027
0.018982320695034794
0.020142732361411918
0.007517518341806149
0.017187381309167783
0.014096236118524655
0.007765709117164578
7.851011970344688e-05
0.007536356554621492
0.014824628406229376
0.006784414534770519
0.03193102529778843
0.015901499366350394
-0.004864134227111096
-0.011962465980734326
-0.022002641461590446
-0.02219447075752111
-0.01789345236495591
-0.014098709840015183
-0.01092542004415732
-0.008311386450804155
-0.01610880103644909
-0.020749288934759764
-0.03059562345276097
-0.02224658886617627
-0.003037567153911034
-0.018736123675585442
-0.023465975025514705
-0.02708622124656897
0.06012765396873981
-0.02527475144030995
-0.03607758186641149
-0.029509538399715273
-0.0015667635940345647
-0.00882359890530717
0.005402622550092558
0.003101101841643534
0.01814474088073916
-0.004710839197565077
0.00396717002106361
0.00851356006380983
0.00975131533011272
0.0059904377542398125
0.008911640683144036
-0.0054598822385964006
0.014469494798402394
0.010182873651545033
0.015512531609873202
0.015817928069737665
0.019820206111664494
0.022704765939428835
0.023328515091808742
0.019637212078243517
-0.009324086887438408
0.06263609604314783
-0.010579668686669347
0.015526921641837048
0.004937515641498681
-0.006454909624341312
-0.006017775782024548
-0.019453708375790732
-0.06678112499967732
-0.0036365942904959913
-0.06670381676766206
0.008152834546197106
0.020719882960371666
-0.010867571873094856
-0.02089376479314035
-0.019463294178870785
-0.014176308341950316
0.04241281113623172
0.0026822830877256303
0.0029493921771056478
0.009620532042385246
0.0010925138258068654
-0.01003311769444297
0.032536684477012676
0.00850917938256621
-0.057500655070270995
-0.008356943761046473
-0.01500703066149841
-0.00131302859851692
-7.216721666551341e-05
-0.002206439570037769
0.006599494155136552
0.012805979983555515
-0.0028900699442583173
0.030594442152082745
0.016919631749897815
0.009288041236477038
-0.004187555086617072
-0.05125328106496859
-0.060725917156976304
-0.011329287478827058
0.006010289172720893
0.030488207571579978
0.008199693172349481
0.014456998165721754
0.015104866631275264
0.007967045453969927
0.0061200009527082756
0.03414950998583187
0.005784781915277984
-0.0012769702793755068
-0.022876056931626705
-0.03956966942839892
0.003898816962129471
0.0005489338120742706
-0.008756603330776363
-0.06341963665876851
-0.004583149430409623
-0.008602879714527247
0.0028788585577083727
-0.002979851687151297
0.021715463005163173
-0.012310436524339446
0.019527337584544748
0.046793090040413626
0.01622621922002887
-0.02996968707897754
0.01410398643261125
0.0044703512125519014
0.01563891199273668
0.01974555728237296
0.01554176537380169
0.006850065718363256
-0.04424896668469848
-0.04143174801556175
0.0011027742893519898
-0.019058306515958988
0.013334540565399232
0.007797620030942239
0.011150952729877615
0.0200680647980285
0.0074702367644857515
0.007288774598304953
0.004130949939427193
-0.001604921617608156
-0.018691747741441594
-0.00886332142591196
-0.000849793441735219
-0.006044285709010593
-0.017879731512149576
0.0015985385732746407
0.05144207468798738
0.013539734497305988
0.03587202586910216
0.02300177049794853
0.013565074786532069
-0.004690179758382961
0.031768321393151666
0.003648241135741242
-0.012615979167103985
-0.007929677928585496
0.007514271683148045
-0.03895256742728293
0.02019963303083346
0.03635204545909186
0.039818614372794804
0.04232472830975469
0.03481084234801553
0.0010827499761156538
0.02891078488186937
0.008586537717333328
0.0032329402149586933
0.009887075311239632
0.007707891265999319
0.007143969348992294
0.007502196328426914
0.00668278421107515
0.004571270627329966
-0.008571146040112955
-0.004787323150754826
0.028376270028947433
0.0018078827994359664
0.003980959715430378
0.00432634965926847
0.008350070912560754
-5.847214498997817e-05
-0.0077560452483747
-0.03250792054257096
-0.016220848713970337
0.005443137628569678
-0.03905783489925275
0.0024528716765339228
-0.010655269068074852
-0.018565652063776902
-0.04716128829749344
-0.023752365955670342
-0.0008899943138095028
-0.0017021732814427126
-0.008575421762626005
-0.023507196122659044
0.010947152412518292
0.049310953221351136
0.024218918158055557
-0.014638911821986596
0.010526457891700374
0.06466530563305845
0.08336615950096293
0.011615544001279319
0.00574477414139942
-0.0013035064295588822
0.0009939329495737695
-0.012563053907787211
-0.028925328477253445
-0.030052714428920897
0.023367173455239636
-0.0019574427963072985
0.036915265800234895
-0.01049383338788763
-0.028195107835004552
-0.016774137195714665
-0.007851038845754013
-0.004604498771987338
0.003986791501428085
-0.00023036425293166275
-0.006766945062875121
-0.03211752149146694
-0.04421796507304768
-0.02540049065962352
-0.015503609930778291
0.0012947490745883587
0.004115088808039882
-0.015504431794924707
0.021804279125532074
0.0031098089391317432
0.011891627558581511
-0.05286580415046891
-0.002173421741546535
-0.029167201040550428
9.935111173885491e-05
0.012745132655511198
0.012583613838811528
0.012029477198190376
0.01097992748922695
-0.02487539744173644
-0.006442866316958072
0.01116055004735307
0.009536210374311823
0.009404395702067
0.01131335791924116
-0.05312317039668428
-0.0012819438388510375
0.011989870358656361
0.009442154696449209
0.009681272027094557
0.008657706775968091
0.014699540077427938
0.006453618528050677
0.02844357144780534
-0.02573336386319125
0.05449699370726761
-0.00914861773381326
-0.061094493481080106
0.019930782228831025
0.009128738700279108
-0.054286181311372764
-0.029844178815230372
-4.7950741066944246e-05
0.006064407046876851
0.00785646552802021
-9.030544183621396e-05
-0.004541487609255688
-0.007543052650112652
-0.023685274396304554
-0.035799504112779545
-0.08093908284782285
-0.037116952067129
-0.001908550667991284
-0.00693197692125197
-0.03329140500889966
0.0006803618611410145
-0.005519690912953046
-0.0027244819071822936
-0.00998978541268526
0.003642045389204361
-0.01265116727548146
-0.009920723961202672
-0.01452711314696345
0.0033833238878057874
-0.0014727686858780095
0.0035934597611979795
0.009336401303757036
0.013382868607989002
0.014901779215523258
0.013461517129716478
0.017572877309690562
0.015743549252297845
0.030452051463297318
0.014073473229336752
0.0017356569100986893
0.0005928893661390109
0.00401084240008342
0.010284593638230593
0.020922779341149746
0.017058109196309346
-0.043849609714397456
-0.08104081151613744
0.056545944542446776
-0.025086565959459645
-0.05229506937987911
-0.032101539817161504
0.005353228389778554
0.022633262560963034
-0.03758957778520108
-0.02223801182916889
-0.018236590220886063
-0.030110562852136973
-0.05781806846447534
-0.04257378909035799
-0.008726485736373276
-0.01310250574645106
-0.006882220335980943
-0.002680803211407655
0.0025994590971241257
0.03405024366959367
-0.001281998425216382
-0.09490846454226091
-0.07438958001047909
-0.024177078758792974
-0.02225545644766168
-0.013726031602413244
-0.009725624180178818
0.006002859517754265
-0.020535772993673384
0.005348341121261516
-0.010596176078647929
-0.008913073725429705
-0.012373755773239452
0.0011992030127650891
-0.0018347425862136797
0.005755739473084453
-0.009609948704192708
-0.00904437945527612
-0.012200692254492463
-0.014002752520510312
-0.0042919170253921364
-0.02481809065844069
-0.01638868848550686
-0.006618420183759471
-0.00710790221296557
-0.006473229485192716
-0.03590400562748153
-0.003650366387051738
-0.002572940852536363
-0.00267048343472072
-0.0003985666953844983
0.0038147085298663604
-0.001085796903380119
0.014283900516956063
-0.002391901836021637
-0.00335165236153977
-0.0014080392897593125
-0.0024046217380680537
0.003855888984353297
0.0006297462689423301
-0.003298549672171176
-0.005163533854553548
-0.0024042600645908753
-0.0038952125583570597
-0.0036835334770199094
-0.003722496750671252
-0.004363868072858671
-0.0018093903185987283
-0.004341384011219278
-0.00470479074944348
-0.005851435670210736
-0.006212951158855876
-0.006505752236288624
-0.007426899377911165
-0.008440348429803606
-0.009411603089549785
-0.010311012516082609
-0.01377233839499306
-0.0049215849946029604
0.0005227525382164094
-0.020309050019147845
-0.02160042033938367
-0.023933814073950687
-0.01669010358618121
-0.006434374886262561
0.015022836011578968
0.019301966269889236
-0.03221616167303467
0.03489745042126383
-0.05073793965441845
0.05716525321773169
0.033201931957885844
0.005694969324863434
-0.005209449713836944
-0.007466817483839379
-0.00630344279960382
-0.004040154897200972
-0.002018408896290068
0.004010613138671517
0.002308610941547692
0.003635856063961769
0.004752450654940159
-0.07291825798473621
0.00634224286968168
0.007877798457895331
0.00634242637073621
0.007390181244960892
0.009107189218278047
0.010341364770177084
0.011867833609233628
0.00853320628608608
0.007697669900314987
0.008118157770201091
0.015031698264928636
0.006975043355605439
0.006232580726673018
0.0063235952485441345
0.00602108866144675
0.006176538067599467
0.005275940437634186
0.006053430041164698
0.004046697848155149
-0.037570721992562894
0.003525324763275609
0.0036397665101767437
0.008474290375103204
0.0005506365923073673
0.00804121072163418
0.0055807185911491706
0.0005956171282201289
-0.00856537209147581
0.006228260778466766
-0.009698003556455913
0.004709568971640273
0.017294534176495322
0.006242207909196304
0.003993696508605575
0.0036550142203458495
0.003618167650303711
0.007421865172191445
0.005595706825181944
-0.007182031076706812
0.0046003915507255915
0.007415900528628497
0.006641179174260831
0.0013464866161677614
0.00032039998427907406
-0.0038991320309662778
-0.00972939975285564
-0.011360045238257805
-0.018344211096868346
0.045195780699185284
0.06464227399252762
-0.010535886347841118
-0.0069444536455196436
-0.0017059227862591397
0.002551395202993267
0.004390008357263964
0.010168738826501529
0.03141969263990314
0.01104504079648284
0.009469690903465817
0.008645554987226637
0.015727108562538554
0.005966922127107494
-0.0033487757621754244
-0.00218796984442956
0.010030849126126243
0.010109318885195052
0.009245053086080608
-0.034007647613683814
0.021579129415586998
0.01147045083301366
0.0022996170203576187
0.011282773255341473
0.018779631158833902
0.011789124859243069
0.03475844832560205
0.017753388321727036
0.011411801960283142
0.024531231164576422
0.02826610359684498
0.012344459267723245
0.020508725221176645
0.06468678669873931
0.032774587093112637
0.047506665451557774
-0.07769525634511583
-0.019858992823252004
-0.14051837142342746
-0.018870936484515
-0.02916060633118537
-0.01904206192533839
0.0014196982356634786
0.019567867264169585
0.017830517976622995
0.006718801364879435
-0.011138993156707199
-0.006377492501425604
0.010735548254264465
0.0034014119924094485
0.01023506571073277
0.005726964683480485
0.008839222878516512
0.006494482044374765
0.023205806510053245
0.003425445568227325
0.0040178560357112866
0.010756588331166139
0.041888785055085594
0.010252111973834304
0.003765666779664972
0.0024512691288416455
0.002480563365301656
-0.0019672124370744863
-0.009534573758473238
-0.00023222406635945177
0.0019207514286239363
0.0017794017344763822
0.00215813460819611
0.0026269929359051384
0.0032712462018987067
0.0021311054879528863
-0.01878932467537625
-0.005197816350209603
0.0005091956388085799
8.838740411805047e-05
0.017794387836891277
0.0017318798785302815
-7.351222221829823e-05
0.03398062601298292
-0.002487373984356967
0.004963358608498402
8.759368422136271e-05
0.04232894843408958
0.005712074300073302
0.0036596636852064537
0.003993650098925585
0.0028264885173103667
0.005655103704378088
0.0008949229138703583
0.003286325612504658
0.008653726886171694
0.01454561249780882
0.03529489372662445
0.024033606776565516
-0.0005251166522514303
-0.05764368429620115
0.035343101725404814
0.007501395723075024
0.0034947938736196817
0.007968531296482185
0.00408564815387898
0.0040707147321157695
0.01150120662408274
0.0019707014516881518
0.002183608113744125
0.0005327755601182366
0.0027508017879012236
0.017793505355722106
0.0010416549936387443
0.018990444074551156
0.017403857028308257
0.0010522741984397477
-0.0008322255313663757
-0.0010428734929190007
-0.03162640628435473
-0.0031136757420661483
-0.0038715844508052056
-0.004275856705423385
-0.004853700956106857
-0.005048832114285033
-0.00768624093613686
-0.00909516564091134
-0.010968791539078489
-0.01364238265123502
-0.0057779513268894495
-0.00934211757158239
-0.012063374609964837
-0.002051400643353604
0.013688743152888731
0.018831618805247738
-0.028873243880298768
0.030164834602461537
-0.04783501847377347
0.055445762694932337
0.037764761539046954
0.01377473182755817
0.003744058509465078
0.0012152860790447385
0.0015879930134473593
0.0024615984997289272
0.003451533070069401
0.004307102345224985
0.0045657513875246025
0.004618898418721463
0.0060812231474112535
0.0021646512285263876
0.002611460921000927
0.0033803772465782617
0.0060390916726593994
0.012813648192185997
0.02545028515230952
0.022464036718661175
0.009710681439029327
-0.022356263002613244
0.004278847578598771
0.013850227565117711
0.018841800721316606
0.021090015596010116
0.010812586122761883
0.004794729980669836
0.010812829970169897
0.00914221488506346
0.008212045867779372
0.006039762703007248
0.010255013167036933
0.006162494706081295
0.00591576439648068
0.004156704846372666
0.003726389067904076
0.003288484276083318
0.008184960844565046
0.0010525695044905435
0.0020973520463022735
-0.0044797424719852695
-0.0013133013913827008
0.0010031598548018257
-0.0024266923645093696
-0.005476908159694399
-0.006369456369017986
-0.0031743003725252794
-0.0014782681774575999
-0.0033174828252956782
0.012068574443451333
0.0021384289038252997
-0.000735877607758914
0.005516162892988474
0.004446217906246998
0.004929837418176482
0.0022902421082040716
-0.005119023079402559
-0.019935477640254714
-0.019338961625443442
0.004129489273459413
-0.060445962105775713
-0.011493967029360149
-0.008145097221847458
-0.008647651185719503
-0.012267276201248397
-0.01843310703402188
-0.01591250877671189
-0.008421474304179583
-0.0045526914773709164
-0.0045463173282797266
0.0001581007601389977
-0.006730293996504054
-0.032415102274724425
-0.0369521617807636
0.04839293595133739
-0.001363549959237043
-0.0022753404297283504
0.04061377636408327
0.002170021887177002
-0.031676707775604176
-0.023878003632203527
0.05662237882502795
0.006871401346043549
-0.00023616412509374916
-0.040284567209502097
-0.039437749291664805
-0.04478808178940857
0.06129416272149924
0.07539099207989192
0.008267840064009022
0.05064223035714645
0.02777969394677711
0.006799242533669922
-0.006550437419356737
-0.020274919968390384
0.06266820805122623
-0.015585983198899613
-0.01584408306419725
-0.012579254435752767
0.0051650371096493945
0.002518699212483334
-0.0034162098178932288
-0.004172630360710604
-0.0008269442594494297
-0.012544807695135895
0.028145688564094565
0.026914911369062995
-0.0038563327049393487
-0.0342723803528154
-0.05710218963086881
0.013016456510259709
0.0054728470067930916
0.017536955047861152
-0.010201345026302962
-0.00967519896689022
-0.0014705530441001037
-0.013244039776503565
-0.01215167449785227
-0.010772052084267764
-0.010987104541143503
-0.006029566468198289
-0.013403974269482505
-0.013078135911334993
-0.010334233602549583
7.513536972304308e-05
-0.0030766532656284658
-0.007040260286158799
-0.0012684481830373805
-0.0009235852880039822
-0.012113312598350065
-0.0017769609472222151
-0.006994126577221274
-0.030130325837063168
-0.03353583591283787
-0.006010470373973365
-0.003380867497833183
-0.001414018406812071
-0.004275409352937314
-0.0221856654988381
-0.01633361074260913
0.008558872602363127
0.028437541379955866
0.0024647089505457995
0.011324368399746198
0.024566416590841834
0.04747223391573887
0.039264795626948276
0.017597367533191497
0.030155497126479542
0.04019006698015452
0.012672560525662083
0.015427481303837193
0.006479617524658386
0.03852730439597213
0.03448997795192126
0.013885607044192512
0.02907325157274158
0.02147588285041904
0.025120394202979648
0.022762062647541294
0.01544230553291585
-0.013429204031681055
-0.06862278330798702
-0.006245629422714762
0.0033572708742695863
0.021880242393119954
0.017549564422447643
0.016626482913399333
0.024579310111838015
0.02176729311742538
0.019432534059513607
0.028578134012552665
0.01182819485951204
0.001033521202125844
0.003080786581719862
0.005044143281364486
-0.0007446101202508395
-0.0004332382854214367
-0.0008990844737207763
-0.02504030244857465
-0.005484859853994882
-0.0033829017045669085
-0.0024955320023266414
-0.006181662173608143
-0.009996265250784063
-0.010805548575344187
-0.010167199353406025
-0.011663913449547942
-0.011781693255777059
-0.012183862766006054
-0.013765657134514723
-0.009704561514797668
-0.011421243606844914
-0.009025762205393417
-0.008331914565443256
0.0037591430365972837
-0.008806952675336127
-0.007151977444738549
-0.009613604764293755
-0.005206205568756919
-0.0034928939266698172
-0.006414060812878927
0.010856397716819852
-0.0017382793021867337
-0.004703879936106786
-0.003996887507004881
-0.0015867927814178756
-0.0041914841482941995
-0.003908487608321362
-0.0035436205591742923
-0.003141190447971941
-0.0029229537317998176
-0.0037863823025219468
-0.006458115779623208
-0.016125179309947345
-0.0505669019131266
0.03294182634406468
-0.008090870390914703
-0.03730171378314125
-0.056093755508219656
-0.015385725018209095
-0.01097342899755436
-0.008486766437051676
-0.007188488089521207
-0.006658180868520676
-0.007272301705159719
-0.0019457793746090956
-0.011451502962637338
-0.013278474400111253
-0.015040089367157297
-0.005223134877537987
0.012903037235875494
0.030776552609154753
-0.03487296260252705
0.015227374648563927
-0.031165071742409588
0.029989782819019498
0.008673576229677332
-0.008386814284298435
-0.015154903840212718
-0.010835284219666251
-0.002346698953484788
-0.011002095207317776
-0.009696119867399499
-0.00858916267930059
-0.003438492909779539
-0.008049707307131889
-0.008454408686715013
-0.006450312827018881
0.010740161878043766
-0.008339260565046398
-0.008860837923038472
-0.00893632679674677
-0.008825377773095153
-0.00944699533232111
-0.00854965570446298
-0.015353403845142265
-0.013121641552093331
-0.01341968141240045
-0.014818674461689831
0.0014428511705839638
-0.013201128702516128
-0.011873005992546154
-0.01305908141259011
0.007300905566673486
-0.008941431791888763
0.01476339269047236
-0.013772668082278726
-0.013105588879884701
-0.011448189493081655
0.02497242850997438
-0.01247218172577968
0.001113765123398889
0.016910035269955742
-0.010841928023460923
-0.021268964135859263
0.022341447616098197
0.012529340772391479
-0.009038672133938759
-0.0017595755037901608
-0.005426150973862979
-0.006852823206922151
-0.003329405496922476
0.003902882673587386
-0.007522814878521489
-0.009181993999176937
-0.008953115618542236
-0.007570764191533156
-0.00756709791799544
0.06484231599577851
-0.0054114934723475975
0.009336007622380299
-0.0029824136424302697
-0.0055178576049761795
-0.0077810758258794474
-0.007963579781530351
0.009249754768264671
-0.007942255260206138
-0.007730030528440198
-0.00664305283955993
-0.005047633405560293
-0.006119573307780568
-0.004844177025912806
1.5633695826333548e-05
0.004318043000862625
0.0059831414084774714
0.02686116714204423
0.08162356245680828
0.008830014379882276
0.01902964590767425
0.0018639723618973669
-0.00275143926693417
-0.003498492040270608
-0.003143901358443516
-0.0019664620061818215
0.004467866063904985
0.00895238126654119
0.00044318758764896546
-0.0008969793480122
-0.001469318250106928
-0.0018176067388892242
-0.0009072052108137031
-0.0005430168093132472
-0.0004587349849548253
0.00012545342774948292
0.0006259825378715845
0.002243133742007313
-0.00026693540896939474
-0.0005124436882014535
-0.0011327145476224174
-0.0015697834734668202
-0.0009163386038527879
-0.0030166344023480813
-0.004005721980803873
-0.0051199223119083835
-0.006913351893733949
-0.00874326518839892
-0.010463444427618315
-0.012376798876699222
-0.012321225878498359
-0.0066192898624365445
0.01057458287968584
0.013486462037032873
0.034986112584870444
0.02045830238567715
0.03548558111863658
0.011448917659222005
-0.005435020080551036
-0.006334098850954342
-0.005667279121926053
-0.002599988672350966
-7.839435502036816e-05
0.002324650727102757
0.005096282755104256
0.007156351488676947
0.007220048570220632
0.0023367068209927057
-0.014236389294898073
-0.05813515459811958
0.05514487024744154
-0.03382248006664805
-0.013371832929695668
-0.006452128785995787
-0.00880736071099688
-0.011036299151165918
-0.009467161685099517
-0.03908101758212055
-0.08929843873405886
0.012696570838281565
0.006161647653413266
0.0016621365171719488
0.001419046433105044
0.002169491797078847
0.005397418591679456
0.0034883725550606285
0.0039517848463846775
0.0037212251115407873
0.0038024630812152765
0.004106411875880969
0.00506996174011005
0.008256387181718254
0.010356418118168694
0.019861272048669505
0.040715131076086986
0.00841380992900517
0.010674701729499195
0.00634331181144721
0.004671598456040008
0.0043248721208536695
0.004401277304740498
0.004874106449156882
0.009050081129678004
0.01257792304246382
0.012718712307841652
0.012824816181522628
0.016006657134370956
0.01900451953853125
-0.00446587226070131
-0.04816176386483443
0.0082658611064793
0.012141613728866013
-0.005508673020486612
0.006536113636746852
-0.002396815930542769
-0.005562550335110354
-0.005219322096010149
-0.0033987597477899297
0.016744997695141588
-0.019874118435855775
-0.060669377643592384
-0.00735663238792633
0.026513783960530675
-0.006173667727720873
-0.012651496059520017
-0.007287505442970004
-0.003791754679491258
-0.0030453341675577834
-0.000907253342960611
0.009413250309437486
0.010899662187343116
0.002398325210190583
0.001243637808319946
0.002001478549672177
0.0032060007680940147
0.010153747474486951
0.02786346277633541
-0.0013377826707062172
0.017785707730704797
0.0035681964630656544
0.004069547392878701
0.003014086830103457
0.0021031742844495028
0.0024274879880074552
0.005092617216129623
-0.0006814166961316099
-0.020157105898898655
0.008961803375220649
0.018120236100164586
0.0036210582398964524
0.0010638524547799066
0.0010826803306369637
0.0037912776490982023
0.004063074639825076
0.001966171398513663
-0.005249183399688359
-0.021730864876460688
-0.004827641846257741
-0.001761966256308308
-0.005027200788710639
-0.01107752565398185
-0.017932793749579953
-0.0191605852831205
0.0036070492965397938
-0.035554635853161994
-0.05151906070886295
0.021979554458309937
-0.02588493978263313
-0.032105625549515744
-0.015762091840541517
-0.0027141178045470785
0.020757043956404587
0.023837350380120834
0.01976910589114804
0.010027768265826829
0.012780757060900236
0.015700223231784813
0.019906599388519367
0.013603581219372487
0.012775960015883046
0.00916813618547821
0.007196535041935589
0.007216600283024153
0.010755008324329116
0.0008277411217694141
-0.02896678837748288
-0.05708561923942378
-0.026173473606428677
0.025371265559818345
0.012109993225646784
0.0038094367662518404
0.0013335586638693008
0.0018319302631048704
0.001782293371195188
0.002121355172923558
0.002242427673293557
0.00233203415831371
0.0017344952862473036
0.0014302323428542893
0.0008106648472295163
0.00042435343984294736
0.0004041232789075819
-0.0006980191438300891
-0.0013766617010593657
-0.001818272913973765
-0.003150095663187072
-0.004631916515176931
-0.005483239030888826
-0.00527857395082635
-0.006200504367631343
-0.000622020872520233
-0.00450721086493244
-0.004904076188358248
0.004264247466091753
-0.006593176600562669
-0.009132878362373677
-0.011912191116989634
-0.0028527953048954756
-0.014972813632847455
-0.014791863961077737
-0.015140961457797645
-0.016362273696328714
-0.0012926018205028798
-0.0198971322722723
-0.011945151516134222
-0.022312109037635284
-0.016866347908935122
-0.015511310039721246
-0.01693452008125048
-0.011809638394119066
-0.003290942437103
0.01725761687227615
0.045827045772455915
0.05385335902227955
0.021318903889156825
-0.06682705891913884
-0.02751494964195872
0.03707486773642669
0.01442119568449175
-0.06031097574780166
0.016784488357638003
0.005774217442182883
-0.014146046293257063
-0.022385150473201578
-0.025186981642863687
-0.024947539695980136
-0.022139329570553423
-0.024519265411375387
-0.041428879992664557
-0.051040879814523155
-0.02355104635507779
0.0028181691356001363
0.03015170195898565
0.04463018125153216
0.0677678359756606
0.011455990706547568
-0.006272291479284539
-0.013997854142185321
-0.024190809720290946
-0.021876520320896462
-0.020387445618381714
-0.01791130219061352
-0.01253558345277773
0.02498088489767035
0.027542098196585797
-0.0065613907240213935
0.01645632753591214
-0.014492908304029821
-0.012263835697453793
-0.011108981566515765
-0.009178907289931513
-0.006028125994113629
-0.001625591860827714
0.003917814160420805
0.012553051330170501
0.020565863211610594
0.023065134259874207
0.0335372332135167
0.002580987381475295
-0.01245733975078156
0.013164054365159397
-0.01312410530787017
0.01292024316384511
0.01607772286885258
0.011024182805371003
0.005633436611334954
0.002276814385781005
0.0036791486109512684
0.013805762971309284
-0.0035079585673107737
-0.0015698829424839013
-0.0029116760701153118
0.009487637799083858
0.004574048367841726
-0.006078360924562228
-0.007639139646147575
-0.006613998864477266
-0.005845457549730069
-0.02036865727410883
-0.007744949379456517
-0.00035163603343233606
0.021926365740851574
0.05553887714301949
0.007685753085694894
-0.008132471788053744
-0.0072143925701314265
-0.009009534709079592
-0.008230533380774356
-0.006907311076886442
-0.007138053219386702
-0.017218859991348288
-0.02036170778446156
-0.006518009596979334
0.0006672113326284749
0.0023651557778364657
-0.0025490232841977488
-0.006026143318421667
-0.0077549523609370796
-0.004975149126267565
-0.008933319633614283
0.001092611854421062
-0.0100642879001005
-0.006790178399492565
-0.009406749860706215
-0.007851945530475168
-0.008502515196632242
0.0071897437313639
-0.008013275103627926
-0.009230813749046265
-0.010631602773235658
-0.009211158790790952
-0.010881150488684103
-0.01085740126701666
-0.011473498651672251
-0.012192741153435887
-0.011319402195777423
-0.010968905197555842
-0.009869078700565472
-0.0060676609054363985
0.017931146016076368
-0.00793086893077248
-0.008977238344980092
-0.015098751490861016
-0.009225286448831352
-0.01164808925137584
-0.012783855572961142
-0.011826676496732908
-0.009341169223410484
0.003134425280123244
-0.006213423398357523
-0.013688321571285434
-0.00584144013278284
-0.0013439032059709896
-0.001177670319097769
0.004674248373652947
0.018345808076419473
0.0004242550617406394
-0.0014316223259334241
-0.001392588446082646
-0.005740285672833418
-0.028863204010575967
-0.001834631764417214
0.0039689635153238615
0.007817702711507179
-0.0018851971109350057
-0.012318878420750821
-0.02529483016646341
0.03919732680473434
-0.01453216691369991
-0.01579421253941864
-0.027188773401987592
-0.00776209699517416
0.0006383928620997681
0.0040706651240543885
-0.0004482890947201466
-0.025551527800978326
-0.005267406345755338
-0.006364272188002541
-0.0045072228294145865
-0.0010819630086187574
-0.003752703567652979
-0.008883156901766954
-0.011158255988262738
-0.012005023156443749
-0.012596352906780657
-0.012842422591953678
-0.012916448654835284
-0.009868188976134706
-0.01087952097307631
0.012294217958922793
-0.016198465891100067
-0.011249715256206726
-0.008870025289469325
-0.008411734038340059
-0.00877151513985275
0.0023972520136354004
0.03347879529043929
0.037450602469486345
0.07061204758191979
0.0235668320624679
0.019114058097238255
0.021696563429180363
-0.02492724904411652
-0.012078316681173717
-0.009180349954941087
-0.00862242489589211
-0.012051237962870404
-0.011013278575377226
-0.006334802404262575
-0.00929453032148456
-0.008306125086566338
-0.00707290267993626
-0.004660545824173121
0.0005493429396921559
0.03110613438275259
0.0008623228753876592
0.0016175311456933692
0.003980028566944417
0.009873497881547857
0.012602504481420152
0.019805828085722812
0.023542303709742318
6.549335221731288e-05
-0.01550828925806249
0.04459651968325143
-0.04880149423733135
0.008837694545487548
0.018675691374611746
0.01730442038257097
0.01684153684079857
0.028655247537053733
0.027294990436794276
0.011698363752313187
0.00533256846833087
0.0028361120698430125
0.0019012330739554579
0.0010576161424450787
0.002303069438176968
0.002808130993880287
-0.009660477269186792
0.0023624364017858957
0.0015199141466916892
-0.0006229583323026994
0.006633900931631853
0.00019199714026555426
0.01592137801889993
0.007645130015663556
0.011860281091187136
-0.0011037438513924111
0.0029953368633786432
0.01665845215337924
0.05733796815136813
0.041791753614544146
0.008831093686198775
0.014590404464506495
0.0018180694068157994
-0.0002742477411181254
-0.0009644321252223562
-0.001291205799726227
-0.0013470725934670998
-0.0009542290863831622
-0.0003938452036739897
0.004468292628430648
-0.003657956002306853
0.03315093270107167
-0.006314409487474166
0.0013403332715252506
0.00026912006934772285
0.0017154593940986776
-0.002064835079825769
0.02267313147342952
0.00046678811921711436
0.003081355191063446
0.0002480398681212708
0.0045638454311644145
0.005230714683091314
0.003969640738145618
0.005015453293790017
0.007502436030096769
-0.0010215934960722671
0.006158060847788571
-0.005444721487759385
-0.025321892543280728
-0.040527057412298485
0.033360371527665154
0.018758716685608082
0.010674087614278722
0.0028228109154623954
-0.0018472513761047212
-0.028747998995453494
-0.007250089051560585
-0.00975589332627662
-0.01282771734460149
-0.01444208250896501
-0.016302216803918003
-0.014340918361283504
-0.007390233982787562
-0.0006689040124977769
0.030855897568319933
0.016666241279104734
0.020293672353055223
-0.003500760081077017
-0.010619978321794923
-0.015396243256220823
-0.016574165100259382
-0.01340290989166234
0.0005335487893924586
-0.010218630487937109
-0.009914782587822954
-0.00914888050250703
-0.008199994522935378
-0.006691630779274052
-0.005985899659797054
-0.006195661271127178
0.010050045717137048
-0.007860609788112722
-0.007837502332817246
-0.006072759047348799
-0.006573775811000966
-0.006102398952812446
-0.005944488498862449
-0.0007782963653679585
-0.005201589323209503
-0.004991160488556959
0.007558513615214879
-0.005287760887482013
-0.008215132513976785
-0.010907355956065491
-0.01331215809688854
-0.012900277506478616
0.0010635607488764867
0.019574497407820003
0.006472520062223773
-0.008554915920924895
-0.0168290027149117
-0.010450970382482744
0.004997541125565516
0.0016638386277487802
0.0030526743357811733
0.0011570209357584578
0.001853521099834541
0.00026371996046130547
-0.00047337710949725873
-0.00021276683030174438
0.0009993686715706281
0.00286391209403873
0.005536801755380433
0.010478898059628866
0.024197620062156266
0.0276093377831426
0.0238167252676252
0.008518732544262284
0.004811600291985357
0.0039459357639234265
0.00181736208174012
-0.0011250097955843503
-0.0035259114941572317
-0.0027742680782877932
0.008695700362612677
-0.030522775786421034
0.025987108999131123
0.009626668072398639
-0.004917417658183763
-0.00417038878032944
0.0008234232293126527
0.003792697581444344
0.0039018959820263824
0.0037046056714207707
0.0034524212909293737
0.003993396736099764
0.0028798797912807264
0.002701958777950224
0.002661081810652105
0.00277734823690277
0.007428392167401314
0.0007743186416721262
0.0022077565607668058
0.0020629373420166224
0.0014802939595447476
0.0022582702872394767
0.0034583123695456322
0.001410456970902544
0.003783307187652592
0.0006772065974459487
0.0015449069417178614
0.0018465736877025143
0.0015442349552581241
0.00248726978742171
0.0033549863883603906
0.0016820957809285863
0.034463367457775236
0.037029774014401905
0.002939424362544017
0.003826393004920459
0.0015693455187343183
0.0012276586845374302
0.0016792862460978792
0.0025708709078479954
0.0037982951205392185
0.011082047278769463
0.018683845841617523
0.026332486196510994
0.012487968208799079
0.002598950896711105
-0.0002808551371445116
-0.00227315917611029
-0.003796821766182868
-0.005628091571099101
-0.006603205653056263
-0.007632310803993563
-0.008696775118438447
-0.01055494113511185
-0.010687180482598424
-0.00414884970840007
-0.014753285901052309
-0.01688572186082131
-0.02879088737579492
-0.041331578186261625
-0.022508221606577044
-0.04024187202096874
-0.02775759810585767
-0.014420063511301104
-0.011778059193772308
-0.007362303251923626
-0.0023843860090489877
-0.009914659831168238
-0.021816308760992883
-0.019728011494001343
-0.028262306018180996
0.027020154451040484
0.014070689768440866
0.0021267380668160466
-0.0023492746784341536
-0.003084542011767993
-0.00231224868002138
-0.001220553493177508
-0.00020674523463246302
0.0004289526766930136
0.0016103812203410112
0.0016910099155717174
0.0020752791375104594
0.0023959536851199297
0.002449123904726781
0.002431956691799668
0.002304338956318843
0.0023563840606171988
0.00214911627312711
0.0021746284090339006
0.002067558097606692
0.001587766435117352
0.003081969201562914
0.0033065248367927123
0.0015932137536427827
0.0011277647103238478
0.0008616143127399423
0.0006192993528155727
0.0004191522121100743
0.00014263268442909094
0.0021133981285460027
-0.0002098584877836984
-0.0005253468697011727
-0.0009172272913738277
-0.001437695750512967
-0.0019270095272256415
-0.0025534897885772113
-0.003454687854391742
-0.0046087794902657
-0.006079756524940364
-0.007867572581494581
-0.009169075839891228
-0.008289066200791208
0.0030914859951370476
0.032538847279648224
0.056945702794984086
0.04981043673237478
0.035081292166679094
0.01771036139256573
-0.005079348361989393
-0.011628816040568772
-0.010875442447507112
-0.009145740146773374
-0.007369585797580104
-0.005815837542941601
-0.003733039032428801
-0.0033262401320880326
-0.0024499482576092746
-0.001783770642194983
0.001987071101830233
-0.0003980152818156977
0.0002363242871263669
0.0008019654529074179
0.0010004184982537667
0.0015960403054585599
0.002298105272079486
0.003457620417017774
0.006726689218062689
0.014116730309537721
0.014454544161553763
0.007855138207388567
0.004570821635262634
0.00527212310758445
0.0037646992143519427
0.003643659316943998
0.004979204641987734
0.0024585643999746535
0.0022855565335643644
0.003556484411820121
0.010284744918229073
-0.007323127537364301
0.012752934301351965
0.037459166410415766
0.05114538301814272
0.03766239249650147
0.023646391153129474
0.027324496045525504
0.03553568171962293
0.03536937687929179
0.00448614114582307
0.007062325564304319
0.02066590260121392
0.021780438853536914
-0.01147626828523483
0.027159408115563066
-0.01757625335383468
0.05333463610857682
0.044159956876036605
0.024702171389209063
0.019247683963797845
0.015067359560661705
0.004043141241062205
0.013454831616919388
0.005027444413960419
0.002345757572397496
0.0025004334323746667
4.048960103167271e-05
2.2969962482584734e-05
0.007990216801704718
0.0006016933641259411
0.002034970305737891
0.004293547129460452
0.0041012295783773465
0.007325697028253465
0.010688166302032518
0.012741056602843142
0.0155169218818799
0.019430151779112212
0.02483911910701745
0.03140633297365221
0.03836333633481896
0.03377941285956055
-0.010356320204913522
0.010842953816670145
0.032003285211965306
-0.06858767094038891
-0.03177963016085631
0.00015873249810458324
-0.05500182122205489
-0.001339995020398755
0.015001255056979204
0.02238711503513542
0.015675579734841915
0.010752305020001162
0.0069481402547816274
0.004016350174534034
0.0024693506270198986
0.0020146000548905587
0.0008950181737880245
0.007621628028558911
0.0168491065702972
0.03859631870942201
-0.05561756939611694
0.007718110371478114
-0.02125507286486095
-0.06526774554431457
-0.00047051595937146553
-0.01763708668108412
-0.0330885095930871
-0.016910859330516472
-0.016213430483083692
-0.02039871257547541
-0.021216018113621393
-0.021498256240954125
-0.02045355427607526
-0.0204832154853832
-0.009705667386228382
-0.02013369657631336
-0.01898483919185534
-0.018939308871683602
-0.018318756780104344
-0.01681861875346323
-0.017239057680322672
-0.005626661201632269
-0.01569025094536574
-0.015794238316280986
-0.015298376477169412
-0.012819310829029502
-0.01233685837822914
-0.04130892838039174
-0.014635669144974049
-0.011607863100443401
-0.01479392790026069
-0.012632113224095645
-0.015468968624653114
-0.014986011639827466
-0.015339652904102968
-0.016808054320863804
-0.009696782959933849
0.001053427436303922
-0.012328187662524684
0.005958938790200467
-0.015099736233521231
-0.02113862029244853
-0.015219518314500363
-0.015103486545269737
-0.01308087976331
-0.012885842551568261
-0.0008839988506801948
-0.009339670135572995
-0.006345587365653621
-0.0024590521782066384
0.001467755243908595
0.0018050431722863862
-0.011511723008959198
-0.04069669104798893
0.019272446118155314
-0.05391461861273506
-0.03650137816155525
-0.01332110435448579
-0.007719044389300684
2.6221982156496664e-05
-0.0019902107193511404
-0.005545776381913693
-0.005354765315575102
-0.009633039503178653
-0.015840546671952282
-0.012400944585648437
-0.003299837037783597
-0.004389789633452156
-0.044224008791509645
0.007579202676647713
-0.004822032977511369
0.05591482675434041
-0.08810385954480761
0.02797520590055961
-0.013731058857935874
-0.01563261262560171
-0.013429046285227373
-0.008587456920081737
0.00045910327224191547
0.013295113068009677
0.006164569175439788
0.04382251640380565
0.01676524763101371
0.010543128639910219
0.011659760022745621
0.009506201538567025
0.025360758108707256
0.000372294913686343
-0.0007642123686091577
0.011520929254376302
0.005326791028239149
0.006711919722751328
0.0009427488198693073
-0.005018143824191549
0.0011602526557590292
0.003593255579852985
0.007244446665902681
0.004130826162922222
0.00501377674586579
0.005557976166290154
0.006126929578181965
0.006716867132164246
0.007356468154214655
0.00978726039222197
0.02940063452900759
0.06258184698682798
0.06365004044727858
0.09623545373464867
0.0239124513662764
0.019368325284918313
0.011599467095910254
0.00822435352298033
0.006016157824437194
0.005181196836916361
0.006680988940824543
0.0043536744227249125
0.00551370789414842
0.016170993673745273
0.007974082526257137
0.004871629151262231
0.004117208340220214
0.002410219869871651
-3.027749825953894e-05
0.00011485410496041606
-0.0009745677714905636
-0.0013698320902844627
-0.001812035684557715
-0.0018290169700344546
-0.0041841206020425264
-0.005562598862108372
0.007398324676387125
0.02433458308416272
0.009744885360898773
0.02838804939261835
0.032107813580772485
0.016195779240354213
0.007707970135631724
0.004785481414187084
0.0033392411569075674
0.018716437496102196
0.008182012775100668
0.012343387065458471
0.0486942895593267
0.07415871515729802
0.05049619210655998
0.00874870822284284
-4.9505057596084614e-05
0.003274528291748247
0.005967280492424148
0.00660683050607487
0.007617975836494112
0.009204985434345359
0.005202021976144248
0.000198291259641635
-0.008431234667340807
-0.012403656260673948
-0.01183749824244642
-0.02124780907362052
-0.026209553798719306
0.0033951057764938413
-7.588417823360325e-06
0.00161053320276815
-0.0010693499255560659
0.006140758889959313
0.008379651225825279
0.0013862617791419135
0.003579650168683328
0.005070073090478151
0.0066060821265290625
-0.01227327233480571
0.010923151787695115
0.014723406130583348
0.039849551542462204
0.01888270022880691
0.014571142122489274
0.009570302244092634
0.003401847012551775
-0.0013733058410024474
0.013021927053207864
-0.004066816374113167
-0.007590788884408418
-0.0228646269285247
-0.0179566821568765
-0.01224113214649256
-0.015596730448318528
-0.02020768558091194
-0.02439409006519016
-0.027938789311202104
