0.00037509160239504273
0.1556624047151055
0.035754550365008964
-0.036586739027814966
-0.0648205281947385
-0.06054828601455827
-0.03001134386417663
0.028186638307188802
0.06370469452587145
0.06740188565839383
0.036549223766210864
0.01840609301069188
0.009035520841130625
-0.009212966372047481
-0.029118299020393527
-0.042786037616061014
-0.051409522250901105
-0.04771840050150085
-0.029970103803993196
-0.006148434680698234
0.005879307639671033
-0.07009180316222421
0.007568474394972087
-0.03372758078441156
0.039115564599497624
0.0722320844653997
0.060479588972100894
0.0452060067527097
0.034658201140161875
0.023474992357750423
0.014481623364834056
0.0040382146883380975
-0.007187227104012072
-0.014418295719935267
-0.019270286127614868
-0.02159181588922302
-0.026688717356066247
-0.020750792938928248
-0.012467373830332848
-0.015839448011342804
-0.011429711203113205
-0.005020938978479607
0.00299849669307977
0.012896992137723945
0.019189330455872382
0.020443600018619387
0.018749328134868536
0.012613598493628716
-0.0008021564260469296
-0.02339588933723884
-0.04981068491364103
-0.024491874202797678
0.006484713029350095
-0.030896833107830417
-0.04686738151392174
0.027237140599149643
0.016899167679460734
-0.1500973337539698
0.03622327191971584
-0.04950962718862037
0.021777000364673373
-0.0462722182950693
0.015240426645985418
-0.00038702242613833664
-0.016440558364837824
0.0028520832330752987
0.010149447460649705
0.023697165598150306
0.0010656349540048124
-0.006766690892649182
0.008171409957235384
0.022850371271258014
0.028551860473571264
0.025372680116517637
0.0165131427381771
0.006699175395703964
0.00231225556798854
-0.00877526466691665
-0.026046743515936843
-0.042684342524949674
-0.05473817545958627
-0.051382716267283315
-0.04018259118977203
-0.03144005865034352
-0.02518204832336439
-0.01882098741573212
-0.01255458299286946
-0.007092906934114914
0.0014157505495460392
0.008285055145620064
0.017274145181692627
0.025829168499522895
0.03284871555322287
0.04126146926321307
0.031222792007598203
0.04837070493414859
0.054964854787125504
0.04702892495907681
0.04533454725443187
0.04469963224260415
0.047037639139713885
0.05063200048530548
0.05370645739923656
0.03023270542840281
0.01472218595725753
0.010290676166199686
0.001663911309863264
-0.004766954850111631
-0.008693886423400056
-0.006226581441631515
0.003705397013903811
0.021565714847336184
0.008343268186954484
0.021794317493072514
0.04329720533245727
0.02435809521008524
0.02803687770838506
-0.024043894120092304
0.05427225169453331
-0.02343594672993672
-0.022459799512747194
-0.025503879185673158
0.024587299538491397
0.03002247570406725
-0.03500669654993871
0.005533853657187019
-0.025723547518776257
-0.0510791692836975
-0.0580905319018799
-0.06051983322452342
-0.06016626442221912
-0.05587933561254024
-0.05392646713710802
-0.049337917069765466
-0.04421294161350273
-0.04046634471205617
-0.03654235030624863
-0.04394472189411671
-0.013894947564381168
-0.006979210048012769
-0.006842313140208868
-0.015548970225939006
-0.05630738368242465
-0.00023996013087349225
0.025604211015343294
-0.033163900503620905
-0.0047813852350852655
-0.0023820479721499022
-0.0067150930310784515
-0.019620993469198905
-0.00998391692284112
-0.008604845056533507
-0.0016490862658690277
-0.00505164997397008
0.03647913215058391
-0.0038239999432671066
0.0001569925633708032
-0.0015423306924175946
-0.001903250724816707
-0.001988812401804368
-0.001508115399740761
-0.0006994869934504936
0.0009662487472412093
0.0025713611818440596
-0.002060772651033213
0.03377799583396268
-0.012112166526222651
0.0008389220661928663
0.007904762861401808
0.017815529303011533
0.0162099963130885
0.018192270314174083
0.02064359365992548
0.022017209826952905
0.022135671141249733
0.02109727895009692
0.0045608094746839856
0.009183635616256344
0.0027514308015162622
-0.0013637342211697964
-0.004007412864016355
-0.006917038669760857
-0.042450202219000324
0.044816286528964064
0.07758039510047572
-0.015173634103757728
0.003199117314004322
-0.0009923088681033114
-0.003841963591905565
-0.00032176220490435283
0.005262447912404348
0.01034778432086755
0.01335045714522022
0.015644922994962146
0.013504300214152316
0.0025957697436919365
-0.0039769190378805145
0.005861092681300863
0.008032770058928194
0.0018877288536326953
-0.0063578141711664975
-0.031577239442966434
-0.002324842091612562
0.03902746000370948
0.030826942619225046
0.0010774132273084754
-0.00573812943355501
-0.002645245746394669
-0.017433945159046865
-0.027890901808918452
-0.007088959505522487
-0.019866334443405225
0.0006492096480695714
0.003156883204964304
-0.002923339904666267
0.05199969338477004
0.0009302697618744673
0.0035786986705652938
0.004531952815117254
0.003589987500871606
0.004210141786420252
0.0031937282741199987
0.0027776755309989643
0.002150288584064566
0.0017762165873830289
0.006802099913438197
0.027367732370322622
0.00213030716508424
0.0064209444327236916
0.007414349238068207
0.003490422783345904
-0.01798842973979752
-0.010379787984087438
-0.010225612476134896
0.016783078922284717
-0.015271474076461311
0.004017219966073798
0.014581678762911098
0.005289682229463758
0.06641905893914903
0.01664415495635116
0.0429598964960161
0.03956314809195094
-0.007041326447771963
-0.012952368685645692
0.02364532021974429
0.03116169882738187
0.020536145563614414
0.0378252238870952
-0.017101188136023522
0.017557738606300916
0.0004790508214815147
0.008607850997590177
0.014186066910863339
0.02029569413003062
0.041983228626830106
0.02110549222255387
0.011500664025116125
-0.010775320110699434
-0.030681149979462273
0.009205086018072791
0.01776962130693006
0.015245154928293226
-0.0062566228449891
0.005035760545513955
-0.004038845399488892
0.028099148533251343
-0.01510561785761053
-0.005022105061129085
0.011263258111440114
0.013099963691266536
0.013215781661497254
0.004268225417008602
0.022202388002654425
-0.019118325823663802
-0.012629846529083688
-0.006443911231115872
-0.0212116443900976
0.002158311940868087
-0.00117783297756369
-0.0010130622103657456
0.0018476162531743244
0.01035387020076634
0.0038362003311004623
0.013590175928345615
0.001915190809108135
0.04209856372095227
-0.010834793238045976
-0.003998064026520942
-0.0847726216269207
-0.001956988065713895
0.03396551687355656
0.002706691098054478
-0.04931790407241069
-0.011159285854462611
0.0038597625391764887
0.004464227511154017
0.0017918055250435486
-0.011794937681006909
-0.010694718127255988
-0.006636615371456703
-0.023647908804425858
-0.026409051361326586
-0.054001960886994896
-0.012401897061700338
-0.007500991286636357
0.0016766993301415214
0.00141688326389967
0.000801313882507478
-0.00016495852200716944
-0.00443917199581779
0.005395322559089507
0.0032461984734754746
0.008312566530495587
0.015211913909596834
-0.0029649513751834567
0.0013400512294246272
-0.009103279577993784
-0.0064050701903760245
-0.033156617068922846
-0.07427294498243375
0.018247844012202703
-0.025827223885436457
0.0003892811528228814
-0.04793185653551218
0.007810495101749462
-0.011417937445654546
0.05273737172426973
0.0027818569799483656
-0.02617526688924568
-0.03167164831960244
-0.030559379546686045
-0.03628773470150054
-0.04309324000070447
-0.02236140410672443
-0.013431929770816127
-0.011449050411829725
-0.010644606338518865
-0.008639610454491057
-0.00686646831098761
-0.006139826647221781
-0.005701553495879145
-0.007093597541719365
-0.01238732609562046
-0.011502434595762953
-0.02660385079893091
-0.010419430208793363
-0.005892611206899164
-0.005250110752061346
-0.008847021484837644
-0.0059489896560246626
-0.015511008423358733
-0.025978268427920465
-0.020953024897018165
-0.010773582988709493
0.05697138628744942
-0.0077239893608702145
-0.012484022144012227
-0.01979266888926762
-0.03666872487161676
-0.014550610664064222
-0.006263852662772342
-0.006859884756584585
-0.011534865600253841
-0.027731334054524007
-0.01817968797968076
0.007798804733259728
0.015195426638747041
0.015382795334960888
0.007816702535621133
0.010145754895416819
-0.030597782490822335
-0.026986652422944506
-0.0323432362494374
-0.031752802464325866
-0.014283352042386012
-0.004544052258461707
0.0216774810845372
0.03718333960493694
-0.06412874814081787
-0.08682038020990586
-0.027749074918747455
0.012986881492653375
0.034070704725600746
0.0017445542764674144
-0.022425379627294677
-0.033507086732475516
-0.026622877720038955
-0.0340022104234643
-0.031228769915086503
-0.026714708357869665
-0.025907498161361533
-0.023267748790395785
-0.01726136441147674
-0.01912158760146762
-0.01740767719774971
-0.018176856759065236
-0.014588081936691168
-0.014242197731508486
-0.015155271526423604
-0.04247445739964647
-0.030664053133760073
-0.02228725370508613
-0.032427531169233005
-0.01898111117541513
-0.008502270590625104
-0.0070209485651267
-0.009093777484349959
-0.023918030262858242
-0.015586923519496133
-0.0027771414817567837
0.0005464691637958501
-0.0019265373532772012
-0.0012050137126420955
-0.037541448212241826
-0.0002580965011975069
0.027079846038682458
0.04099222367386404
0.056209776667071616
0.07346239551101263
0.08587743735921649
0.06738923624542222
0.009573086800083952
-0.07421389300362838
0.06038748655740661
-0.053041742505530426
-0.03512740828250582
-0.02122186972625916
0.060846920924930555
0.06462153536874929
0.06582803768192244
0.059207790965734766
0.05079727353398787
0.034747414545303536
0.025316919873475716
0.011056244228332835
-0.005652874771566846
0.01491763131257493
0.0005339621229511353
0.05505036584870546
-0.008609168957324815
0.001896852248044742
-0.010177806992013136
0.03908921167084375
-0.00895830060109442
0.01957372584779012
0.0388234198658864
-0.02697910984939568
0.07782215120646019
0.0017093877039317047
0.02576134910844383
0.009042581098107282
-0.02052236871304102
-0.02072863132806758
-0.017576829609622178
-0.013517075197836934
-0.010770421189921197
-0.005452006506236652
-0.006220580151915961
-0.0014399501485607548
0.0011309280730121022
-0.005844242151435093
0.00019833439332265015
0.00081467209906176
-0.011097805518241612
-0.004676989245777387
-0.002514664527427853
-0.006209977898364268
0.006253316404799963
-0.017902210379164913
0.004434781893197566
0.06027443625411765
-0.008482887867915031
0.02918533631213981
-0.00034590698294369686
0.04627591108429083
-0.0006030453545106346
-0.01783474439771783
-0.01862814335367569
-0.013646352643750553
-0.007449333166933243
-0.027130238280634666
-0.01875129306799685
0.0036825923258000117
0.021015602945875754
0.045252959672809366
0.01627398981480462
0.08976003381603381
-0.08396962877939886
0.045672258949877496
-0.004719749374080748
-0.017833884437721874
-0.02159465435971949
-0.014285761601318243
-0.011819353933250265
-0.010944035247995452
-0.018845148662320257
-0.00868290088891385
0.000899914742935017
-0.00020078787585700898
-0.0032754402368948697
-0.0015907386516568777
-0.009152254075811113
-0.015199780902694278
-0.011166760694232981
-0.007012984174036411
0.0027320038581463047
0.003501850634106682
0.014338242571601446
-0.009992613992700123
-0.004731049559249521
0.0008967777172077347
0.003479562754915199
0.002462279046371671
0.002185638972401206
0.019153178487475976
0.002575556121102977
0.004877413202501688
0.003672598250039056
0.003598439306380476
0.020794198510146317
0.004371084338158447
0.02552080921373819
0.010862453955623056
0.005017998140647194
0.005401754820387518
0.005386175496287079
0.004595180690079183
0.005102705053215059
0.005990215881246669
0.00690121331745152
0.007296272636358397
0.006212751613930158
0.006088724245016583
0.007353883754123815
0.005607734565386737
0.008157831888235139
0.005050786903510079
0.004250095119374059
0.0039031706735199296
0.002631636330817891
0.0010458386871923127
-0.00034838210868018166
-0.0018670361777574675
-0.0035141323890229307
-0.00431273083864019
-0.010428797856285046
-0.01865642286436516
-0.02340553294695381
-0.021657380115173316
-0.02287856816402138
-0.0227953215940107
-0.02548860789738878
-0.020001034623663247
-0.015890895075814617
-0.025813867382611596
0.06352456505923142
-0.04071134412583206
0.021754887096875293
-0.04351588477437235
-0.013572566161139247
-0.014486124013536078
-0.017455311924919514
-0.01616497393091365
-0.012377995139200366
-0.007865665971911694
-0.002652512385032114
-5.4022758386800806e-05
0.0034189996251332354
0.006048368818405836
0.009996690761099433
0.033930101571899726
0.011143568504419383
0.014029001191767247
0.013327642603752554
0.01356922954330124
0.013754653190170336
0.013950185472095526
0.01385835841660421
0.01418348437241742
0.01441919903900908
0.014244448052893094
0.019270258725282704
0.014010155077106921
0.014182915771935948
0.013601196921847414
0.01330488788186836
0.012874729907888679
0.012645506686193813
0.01292258786489595
0.01262269109304056
0.023150585726458565
0.01144385711176537
0.01248228345822781
0.00989142597448914
0.01879128880246187
0.00910397858891266
0.010055341883330399
0.00932757890908234
0.0037859900149661667
0.0038273083455145204
0.002914852879558269
0.006636764384899714
0.006049151482194927
0.006551984371539352
0.007045653960560223
0.007784629888383892
0.008507932879378222
0.010632984157397076
0.00841434946916246
0.019388337732872105
0.013340768490423437
0.007477448586230877
0.006523596017325382
0.0028363165357818375
0.0016072019064582175
-0.008561012350318253
-0.011046595466857755
0.0009073186096766615
0.001793141019394166
-0.022939291629105383
0.05552118434746229
-0.023738102053318434
0.011384871589026482
-0.0006669198875346471
-0.013341495841586077
-0.010524137063136792
-0.00732088123801926
-0.011318184736332412
0.0009975620887855963
0.0035744211932553344
0.004159036068938238
0.014062962676137237
0.004228860624069989
0.00402579936100031
0.003251946020940878
0.004816496263697631
0.005100080571825887
0.0026819732216500974
0.006872754002325276
0.009309835864643727
0.005315605048970283
0.008439827940375929
0.004371093057421623
0.00651474125040419
0.006807148110160783
0.008639591489031385
0.010243780465358687
0.025367144877553385
0.022084661799091215
0.025384156250570278
0.024100736132776707
0.028087688792858084
0.02776415699498123
0.026339444431289688
0.1840644466365999
0.03648927075943486
-0.04957311259893722
-0.023764693349684694
-0.04295680222115945
-0.027484498629384298
0.017899810707040074
0.03878306408408207
0.045060574663503945
0.04074545086821212
0.030883404726970536
0.028674983531043165
0.02354639504170468
0.020124767351121266
0.012259184317786095
0.021172644470384038
0.001215466559553848
0.00442580402937833
0.0024566824097669547
0.005769968825041774
-0.0009391388154722005
-0.001368315143974975
-0.003890824410450013
-0.016799421756810512
-0.00676777483875679
-0.0062638444807990995
-0.006175151984248163
-0.006179555107623745
-0.008229633618134698
-0.005181856988361059
-0.007351606478791396
-0.006811392178842305
-0.0070749810036736405
-0.007277822242739382
-0.007401161775755334
-0.0074332859036229625
-0.007655329270278822
0.007203551339719554
-0.012250122765009006
-0.013900442582476328
-0.004368736007367621
-0.004348532997950831
-0.007411205511879602
-0.00776376172941625
-0.002539440156025715
-0.01171880425518741
0.0009782013580921017
-0.012900067517720248
-0.025179517529296695
-0.011353462221199663
-0.010942815472477102
-0.011268052343087219
-0.01072622715996434
-0.009520938993118153
-0.012601933168709313
-0.01345815478908725
-0.016871893880604102
-0.017937482285893338
-0.01786947618833466
-0.0042801257853118104
0.06674323029874069
0.038944167039358504
-0.011632841889642195
-0.01707151685420596
-0.015085333969429808
-0.0037854870185982476
-0.005690254867830317
-0.003914605662550161
-0.004828978925528836
-0.0019385723071179805
-0.0005177698372859583
0.00015589687388155532
0.0014356947013981108
-0.001878095388941154
0.0014720494604084536
-0.000215771260369847
-0.002033385674224167
0.0023660727129627395
0.003049091471833093
0.003952172337188104
0.004004485298296794
0.00227841384897205
0.0014981281186181676
0.0003902188937641304
-0.0010510037421298855
-0.0012761291399229688
-0.0045100913255657835
-0.006774327915919449
-0.00941791513391056
-0.015182707363824653
-0.02075119767635579
-0.01975775138949013
-0.0163991434519568
-0.012975395834338892
-0.007101093038605207
-0.016554376672310894
0.0380312735312784
0.022403526670780508
0.03545796309684228
-0.04155457791607032
-0.003433913411385978
-0.00374119322483184
-0.006657956829214944
-0.006639807606886602
-0.003442687552507622
0.0005364841054654665
0.003953799865177365
0.006835075086392605
0.008859856797354081
0.010189270938557937
0.011662211936277074
0.012273198604771487
0.009168865104820175
0.006960159261590206
0.0029162601521674266
-0.002456064878627971
-0.004229749009185934
0.017175704786330057
0.03252777674804211
-0.00581113487939352
0.0346109425193333
0.012196342972113113
-0.007263931203812465
-0.010693327655612733
-0.010406936173040744
-0.007839860319126023
-0.006781908466398781
-0.006351897738386014
-0.006419929359315882
-0.005283957105254084
-0.0024663439348802784
-0.0025223183763035846
-0.002154232645312159
-0.00208282363051434
-0.00210876291616135
-0.002482887163916946
-0.005269886984034059
-0.003478548299650467
0.004406455821201404
-0.004680833508035938
-0.0033221566709749914
-0.004604230688182088
-0.003920995975253598
-0.004728929078924737
-0.0027662990723190265
-0.005685025210822904
-0.006346013042504949
-0.007108462386750455
-0.008968131113468732
-0.007615333478382471
-0.007130749137911115
-0.008991110901564868
-0.014539982005432174
-0.010473799852513984
-0.007238369682729415
-0.006735032607483314
-0.003716632514439342
-0.006892061880701611
-0.0031708047022132504
-0.05926645208497
-0.004979450971626942
-0.0036321091664318025
-0.0038562563296562257
-0.004456769617554524
-0.006200029566242907
-0.003579501472288587
-0.004645086620887697
-0.0047331320754508514
-0.004025779623898371
-0.0056472022814957395
-0.013498352161263246
-0.019892124113694086
-0.004815419742586949
-0.05213696616673718
-0.0016421324201184235
-0.005564897365295851
-0.14307876696994493
-0.005987487328654204
-0.04241891818391248
0.05230497978588942
-0.03910923355051617
0.02917965203353127
-0.017724576561951404
-0.012500035093456414
-0.005833223712429246
-0.016845914176877655
-0.027320686516565183
-0.038341901557024265
-0.0749488380117152
-0.008949969423905127
0.018933313476796148
0.02127986688744267
0.019810698117087217
0.013855204793439699
0.0076820589160577915
0.013419888526110011
0.019100737637869535
0.020118993048713927
0.02278140373745218
0.025371872848222506
0.024584267286555727
0.023723249253597044
0.007251742731009939
-0.03743465461418471
-0.024514856897929337
0.024274500930113904
-0.03362581697925078
-0.020196599667109176
-0.011397271729080827
0.02879984549425189
0.03387869422851541
0.03262948992667641
0.029113238437092088
0.0260678860516396
0.020417778177224993
0.019661392646591294
0.01805844641387149
0.016337936626008562
0.014789473912289514
0.013072280313046704
0.012029261712119583
0.010781120977482982
0.009683864515585732
0.009371831445592272
0.009398073020618434
0.00942143039064662
0.008943781566080718
0.003981953515861306
-0.01903918515354616
0.004300574278128559
0.011175115805355672
0.008790166835301445
0.007308363060169357
-0.0018719634361181383
0.007992882333158705
0.014878259188199901
0.01581297246769012
0.007660685964842546
-0.01697418531924035
-0.024369288015228054
-0.020850496446904527
0.012681053704254406
0.009753272419993572
0.0023120427806676436
0.01852172882946992
0.00456112715046485
-0.0043114692517638
0.001456784790376868
0.004301613979448854
-0.009929451253711414
-0.007438792637666739
0.07881536986954238
0.009899923181563209
0.0012787199708389778
-0.001134146888331414
-0.008949026604660284
-0.006804304427798627
0.0015311837687213394
0.015670422438193245
0.024092888363926673
-0.026453926608515557
0.02321547267011528
0.01089270613424925
0.012143806786292186
0.020204358563769783
-0.006831143441323675
-0.01258391290756694
-0.01650701251042664
-0.010790580336908944
-0.009124773266098719
0.001953545191969271
-0.00303913283943559
-0.0023724934167667173
-0.0003034095979587608
0.0007722410332197909
0.0009690358694539222
0.0010137778334643897
-0.00160148924918402
-0.002903573843633498
-0.004216549155187555
7.643898461968044e-05
-0.0001138206498973505
0.00030739234837781745
0.0004002121683430301
4.143281076728003e-05
-0.0004597443102224293
-0.0009288501540918768
-0.001017561416073641
-0.0007482293476142479
-0.0006561857480733134
0.0012176188604934542
-0.0006316411958043492
-0.0008447573613821461
-0.0027284795932539813
0.0026745003040344354
-0.0032341550203257405
0.0028117224158245337
-0.0012008111470165677
-0.00038557777109128003
-0.0009078341216207781
-0.0018560229068513502
0.007007217258779012
0.0010075284614938789
0.0014032094359509846
0.0015628490305305445
0.0012187211178898572
0.0005843922946493799
-0.0006054835414398085
-0.003143596477604674
-0.006660613629796246
-0.011022535430941135
-0.013901576618417783
-0.0067177968431959
0.01737969707280638
0.003717138898004842
0.010788203795919455
-0.005397998705239999
0.014760388256798025
0.005732684214151945
-0.012208941919429535
-0.011732819717755968
-0.008612717067460892
-0.0069773546290416355
-0.007806374568640179
-0.009723878387011442
-0.009443871459453936
-0.015021192716808594
-0.01662622629120895
-0.012560371682099796
-0.008365131218551841
-0.001863774747906254
-0.02421348309521517
0.03756677494034393
-0.05332528388280168
0.007820243664790907
-0.018512849599273084
-0.0028282741741622293
-0.011099069101403078
-0.01698452795747796
-0.018962708963805704
-0.022210581707121847
-0.016007537302462974
-0.010059169502796832
-0.00768266377946056
-0.007342606214010555
-0.004905962144107365
-0.003762255894234049
-0.0012147893019560196
0.006344485277353888
6.779727254878205e-06
-0.0009530404506559134
-1.8702233802532898e-05
-0.00036251600863853136
-0.0004507035967412885
0.004819396909737047
-0.0021919921352656635
-0.0005171943108946662
0.0012665738083222544
0.0014625120925404616
-0.018744335519042424
0.0017881648871643022
0.0008184623884048402
0.00097460455138355
0.008347953877122416
0.0016732497330397636
0.004936375482586469
0.002439414113188573
0.005429338490182159
0.007017203118204908
0.02070235664152457
0.006836901584122478
0.011943372258227595
0.01995343379467695
0.0128377016708924
0.06571864946944578
-0.0030599271762689045
0.002575772690328202
0.028920468755370438
0.0016627352034157502
0.001244837902152908
0.0005876358969745618
0.0023934915726440778
-0.0037505130237325403
-0.00040626382498521444
-0.00043483241900780096
-0.0002656196673098025
-0.0008984689562925527
-1.4768499915460714e-05
-0.051881961525216264
-0.0010204341628172926
0.0019139752517815265
0.000370251417910077
0.00032618899413321004
-0.0006819372972297617
-0.000758087755494104
0.0023206207530033123
-0.0012802972545757285
-0.001483962343404611
-0.0015913971789655132
-0.001964382791227454
-0.0024665234498511147
-0.0031889281186966716
-0.002611854046476919
-0.006465495157119364
-0.009099595585636333
-0.016448699846102366
0.07674633385529993
-0.020162525240422023
-0.007550354959568119
-0.004553579249807697
-0.002882740381990388
-0.0019409775638468082
-0.0013795481806962932
-0.0011267188349417044
0.00041279719771765514
0.00721328393793036
-0.0001403276848332551
-0.0012212547932906317
-0.0014213143563582417
-0.0014238981131384644
-0.0021186478218251305
-0.0025596312265837792
-0.0030668951821191445
-0.002927354137151202
-0.004263008651384985
-0.002694293149537398
-0.005790944945294661
-0.006920942818679239
-0.008053475371670258
-0.00945080655733482
-0.009506352711639868
-0.012719942770701294
-0.014625844568058792
-0.016594762027325315
-0.01828371414292247
-0.019354488530942
-0.01877954602570601
-0.014431578377362402
-0.003963199555524457
0.011859302767556392
0.01356393822635094
-0.019258717505439858
0.04367761731886797
0.059700198349507384
-0.04032908090278078
0.017293232751563026
0.010512825277670909
-0.007154634924161597
-0.013594031495682562
-0.015409985960564667
-0.015228936700736172
-0.014034130830055926
-0.012342567249378615
-0.006834989286457453
0.0036102779797257726
0.02136495913351073
0.03661946069546079
-0.0016993508865148505
-0.00024288300171852422
0.02456201356334531
-0.008827159239163346
0.028309202646709303
0.00886578692220313
-0.007995587086042363
-0.01976673217520653
-0.04079386538530655
0.005914918280779673
-0.026364689560892572
-0.015515543927882732
-0.009870294855280341
-0.006257471214806139
-0.0038434821136184585
0.001573300296921282
-0.0006346324897100882
0.00019369739626510019
0.000934491504013326
0.0016142841666122653
0.002504427644378959
0.004388423453182979
0.00885225223379461
0.011983485705610147
0.002008230786592539
-0.0094157557611239
0.008079100045088444
0.010739275654087952
0.005112048299359979
0.002216513801985171
0.0007661603275608926
-0.0003865469995873244
-0.0014307413082211434
0.00024224169034278568
0.005669502084368164
0.01048794656702773
0.005056351240091663
0.0155921396119416
0.04057699278557271
0.04846482994511189
-0.006632465887432134
-0.08584002591824962
-0.02000252069999329
0.019854879527966895
0.01170471593140588
-0.008981438173938582
0.022028077365717068
0.0054166603976900565
0.01567916500370725
0.007227059334668321
0.022500034992580253
-0.015418328235935069
-0.02279168854298199
0.007037068471827178
0.017067166129974592
-0.0011659825857530846
-0.011018377787685102
-0.014640816355298576
-0.011788299021202658
-0.009835858837210713
0.0027759149309561004
0.005220526608141977
-0.003219098617905374
9.842693098649186e-05
0.003216510200701772
0.005727628396790739
0.00883990849970753
0.00545135062504731
0.005722911385310857
0.0031704213930835766
0.005234731266229878
0.010048905294976715
0.010719399573842844
0.010177713057491206
0.010731098680439545
0.013280810625864866
0.012224680201719768
-0.00015742504130986497
0.00911730684634097
0.017569571902974375
0.0028806901615775235
0.0031196849851094052
0.0014633251942425404
0.0017730516932824114
-0.0013995123549351686
-0.007534241268730085
-0.021296648955308844
-0.044613752057873754
-0.029920713993700065
-0.02618356858747599
-0.028032223295881488
-0.024847262390425413
-0.008229656535551104
0.022067407108970292
0.018455303260034552
0.05239467340754398
0.06701654047326282
-0.024746632985496845
0.030412991127101507
0.0011618816944632766
-0.01864703709272359
-0.024387834869677553
0.00044950801981727596
-0.014627098451613472
-0.012508932574809561
-0.006161710983051059
0.0018774899825725784
0.005901811094069659
0.009921491738403352
0.008087477547155898
0.007603925845326609
0.00792361324114753
0.01096562659970343
0.019323370463386023
0.0256440191477765
-0.0009807856143484676
0.06466735877394043
0.008178610976349665
-0.0196391006853925
0.005729059133545467
0.01971233858578162
0.008321771382174563
0.000820966327810912
-0.0008456713871957707
-0.00015358104276716236
0.0019076637395692014
0.003999991218804385
0.006195499045100779
0.0075594456194347515
0.008855163440594357
0.009943180358676178
0.010755299208626706
0.01137990671872809
0.012819229756671078
0.013725196638721713
0.012502042446626978
0.012795920119005197
0.013632752597795386
0.012980040053644903
0.01289578526865442
0.013144476569200456
0.018221474021182887
0.013218851518302622
0.012552347159311073
0.02443763559376229
0.012777817468768885
0.013696825621912906
0.013844177693153853
0.011906543822725484
0.014418842867395979
0.014643776668368467
0.014971697166077092
0.015289270837115048
0.024482072125748208
0.01288632004736744
-0.0006349897323905695
0.013700894701366676
0.018408472507380272
0.023761214132919806
0.017012210977927614
0.013419321995948186
0.006922472036464517
-0.004090165547082113
-0.015864341880509548
-0.01986782272357824
-0.05873220426170079
-0.06570477097504358
-0.04937778041741933
0.0008399031224175376
-0.004649672645953417
-0.02418881221051973
0.0033036525010408466
0.009081891092016882
0.022008860992755182
0.024289453947785172
0.028067223925254084
0.02646977052968077
0.025660159528628282
0.018214349534614812
-0.013366816738124145
-0.03709381775097176
-0.014390664055590191
-0.004140110430090488
-0.001979750722204493
0.04404286018188021
0.006234557954358882
-0.043884159309788305
-0.011042985116569797
-0.001545181187009333
0.0052897252527132925
0.01191230238556782
0.016097227110431128
0.01731497481908189
0.014892715719813498
0.02198066562864476
0.0038798244200289444
0.0774879554076161
0.0007023370145249641
0.0036441968886757113
0.009673531089331843
0.009852132271067378
0.0064325026925890864
0.0014475946898441987
-0.0038917959158522725
-0.009198430797779584
-0.008407249227330726
-0.0026145809025712352
0.023759279227785715
0.07119662946914267
-0.026587948936270367
-0.02017216264220503
-0.06076578243557461
0.0471130649838781
0.029517542189068487
-0.00110696849667793
-0.010496043026796957
-0.008325986449722192
-0.0029697348252275273
0.00301924745210204
0.013575695588479514
0.011808524836652358
0.013577038416187787
0.014061051220892974
0.011391676836134032
0.011498845004598695
0.015001244932342343
0.015840780509596936
0.01651349605145122
0.019627475596738036
0.02440390702699834
0.012803917488998789
0.010311508457703454
0.02609054072805504
0.07575741639140532
0.004578433072697573
0.005443103388843844
0.00949906571009186
0.011067615107395243
0.011628133262203771
0.01175319019439333
0.009550405487472617
-0.0035560176633572596
-0.01749382951694151
0.0034150510568973424
0.009743847571320801
0.011362229545240443
0.010546173253673753
0.011033843943288317
0.010907542653833351
0.011353678297780837
0.010774318126516792
0.013796954897944247
0.01073398650570208
0.011374008188065885
0.011055771363979646
0.011847512302554073
0.01314636852855359
0.017902305400381433
0.010624730569053761
0.011059374958376101
0.010969871164480272
0.010962323138678625
0.010611797739697356
0.010592243851707178
0.010473157043730228
0.011491406807019431
0.010485362032703616
0.010305655032002594
0.009843268081583404
0.009282915412210407
0.01064227798951402
0.008132481466775802
0.008855907090870951
0.0030044281371393584
0.006410233537261092
0.005543089887196976
0.003702107356875341
0.0025781891507897846
0.0028233561975712558
0.008957151029327492
0.0004128176646952892
-0.0047733862947400415
-0.0012568046075243937
0.0017800284668229747
-0.0005445372708443712
0.0022012971532242766
0.01932733087623882
-0.003934367184677334
-0.012775204027807569
-0.01430180108821151
-0.018613013326085892
-0.025027137100194097
-0.016919496544988356
-0.008882002305125461
-0.004553064288877093
0.02520791892756967
0.04896150799395421
0.011967931734448855
0.012872361295755681
0.02575117855195725
-0.0462692208552868
0.057165246966577335
0.044408381475170323
0.015368067693228477
0.0019062817423223272
-0.008292426958650113
-0.006365774843108839
-0.011068257127742795
-0.010697677014821043
-0.009977186528123058
-0.006768307114350283
-0.007260158376207589
-0.004602081010094753
-0.0014982370206805791
0.000658912232945691
0.002300289224129011
0.003712624171812195
0.005018173362803949
0.005087708436031022
0.007436957173554638
0.02304221258963063
0.0029453167287285123
0.005905281083232001
0.009851494234791319
0.004259271941703582
0.003747654548779639
0.011025175212695719
0.03532342885088876
0.019360819879391648
0.07162999774434167
0.023446588575343173
0.021927499787267414
0.014679660040476647
-0.007605788294579936
0.004759885543665649
0.00918825270147395
0.010806112100762875
0.011479024944942908
0.011591977435528802
0.011482153305578129
0.01101029181237499
0.010557570251721483
0.009958168860237336
0.009025793793308787
0.006026204179826767
0.0034731423653370824
0.0033302657537146126
0.002362061679431073
-0.000413999426301837
-0.004407910197211104
-0.008197465757534945
-0.011769529713012452
-0.010425371855641291
-0.005426677251117075
-0.15043686014606503
-0.05510120867583175
-0.0340169874662502
-0.006722141969535941
-0.015137737742838364
-0.016581814156463336
-0.01643652677552587
-0.016077629463759808
-0.01303838516972685
-0.009783574394016609
-0.005514920866025026
-0.0038502030595299426
-0.0031376703805526575
-0.0023278125834039396
-0.002950420983763447
-0.0049785932682946225
0.01611543531552539
-0.004683916235298164
-0.002528377793808996
-0.0020419801324042287
-0.003960389918393493
-0.0010056677666099804
-0.004691414930745388
0.003448572775546133
0.0032270153389966478
-0.015532661366538051
-0.06637793230890349
-0.02712760659404513
-0.0006658688209999616
-0.016968686718354928
-0.012163642522195572
-0.008038019743167119
-0.0014778656144100349
-0.0016692955992867711
-0.0027882896823175954
-0.003951878220666728
-0.005018291442096241
-0.005842017697213124
-0.006537848152584943
-0.005599015946918301
-0.013213471196008792
-0.04667138484952711
-0.01833374798706607
-0.01007840883599767
-0.0096369769577803
-0.010431631916168735
-0.011939235642918088
-0.009472869431653312
-0.012517653952978935
-0.013266033319847796
-0.017062003885183898
-0.015378346261317255
-0.016607615621117962
-0.016602680045797326
-0.018408840287935237
-0.02293121535240284
-0.040096010902362325
-0.059135498801789865
-0.030770602905026402
-0.05242206728183954
-0.014913454729489198
-0.030716759091152065
-0.02590088981245455
-0.02044653265816859
-0.01544618773918125
-0.013274633534771606
-0.021301588782662015
-0.009836662421415534
-0.00858393224320612
-0.009522297903816302
-0.012035300928139342
-0.01620464990012903
-0.018409361438792207
-0.009745685734837297
0.0065383183194885714
-0.036041994813390335
0.013010797621409602
-0.03385911033668864
0.006161177449632743
-0.011268908039434629
-0.01792497394909661
-0.014684385575346855
-0.01065571130060413
-0.012103147000739039
-0.005867013941767818
-0.005032573343938389
-0.004798545747266689
-0.004866135120498878
-0.0049623673963662095
-0.00523210006714049
-0.006096038991375392
0.0024219890476824173
-0.0045524211374662156
-0.005877486751116284
-0.00580454306689092
-0.005557521822877148
-0.006022558677008908
-0.005679429331183799
-0.00359502325504385
-0.005377344328274724
-0.005948257820707866
0.014729228707206206
-0.006101210823699171
-0.006134435380536283
-0.007667726616257993
-0.009998041869790612
-0.01036049106598491
0.0023542021658897036
0.06450920119944646
0.02980453113691821
-0.008007955265651713
-0.006753157354918074
-0.000910964314343841
-0.0034348813917071683
0.006869087231978951
0.01950118310047577
0.026928535789345013
0.0011668375505595736
0.0011702140923837627
0.0004382010830256653
1.6905313533779524e-05
-0.00043505924881300135
-0.001057919736900589
-0.0026751412852480607
-0.006723570045379597
-0.01335596193130539
-0.00614392253103874
-0.0174053216402297
-0.01497065798459433
-0.014622380977483859
-0.012345822138342248
-0.008996741297957406
0.004387065835429608
0.027320539271007187
0.03512936391622526
-0.024226362271864046
-0.005484659763782559
-0.010590472151029227
-0.0018265943820161596
0.038244779635755455
0.013704980506705483
-0.0029911565516848675
-0.0101564399266227
-0.012735411609447108
-0.012563306710980309
-0.011032075335961296
-0.00920318596789848
-0.007305955421206722
-0.005596638512201237
-0.004115513974633556
-0.0029280461611095707
0.002850210384623721
-0.0010241428326319471
-0.0007266910092969448
0.0001345624639539059
0.0012395980590073972
0.000940876789183614
0.0014647044443128353
-0.0007733651275102582
-0.00301846448609113
-0.004689078270458569
0.0005217909477920006
0.001830528302432018
0.0020356560300150593
0.003512097592681403
0.007311665890102571
0.005288455968605538
-0.010477186251358555
-0.006393030465443181
0.007945823022595675
0.007700552357448844
0.004207464201283548
0.0032165576319076973
0.0032218685670646658
0.0030832554822994352
0.0016659825829575111
0.0010252658618962577
-0.006288266974145667
-0.0008388288314577209
-0.007288563562104364
-0.0052334539941446805
-0.003533805336636652
-0.003948840006840786
-0.005959794024914151
-0.00761267393181698
-0.00946362125669775
-0.01134285693827402
-0.01246679796308033
-0.014132040287878471
-0.018765980120034966
-0.020692051893769534
-0.00032860297547373016
0.0186066503930946
0.008093740631217795
-0.02478448909030956
-0.015503621863495135
-0.04518931170314183
-0.004614332920549273
0.0036528282716664804
-0.010171800832550884
-0.006346847061235558
0.0036764474310621905
-0.013472120801477907
0.028257040320532677
-0.06773182037497122
-0.02215443842074386
-0.01996409745656696
0.006653209700672611
-0.0010049154040158083
-0.007874617875005749
-0.009438863886900494
-0.008591647180161257
-0.006518379058380021
-0.004321927346828576
-0.0023241900946271146
-0.00010942359600275657
0.0005305133138049622
0.0015883491349548157
0.002965310406448407
0.0035089659330390516
0.003092627920875712
0.003041010672955518
0.003105458947190292
0.002827936190928361
0.002620205810905929
0.0022130216844151933
0.0017262999198120416
0.0014448497991762785
-0.00037383695147832034
-0.00039329283315142464
-0.0009643612857304826
-0.001903296642339545
-0.0029804706080442164
-0.004069793855140192
-0.00519541193928081
-0.0036841860090466405
-0.007700363349934547
-0.009067324184414607
-0.010545502380746787
-0.011733100893494868
-0.013722663241870114
-0.015534135862847059
-0.01716963816942951
-0.018380903455843513
-0.01843403832750284
-0.01577363697754523
-0.007766294925471501
0.008848975440164823
0.024977399898594675
-0.01831824145937411
0.005046180229520647
-0.04539734591980444
-0.04029307741175253
0.013233717141527086
0.01692273874237762
-0.0011846365732039702
-0.01319606799247509
-0.018600554659777346
-0.020000550259608646
-0.019463914413064446
-0.015924543051329672
-0.01646479349116593
-0.014779436481798493
-0.013120993856703882
-0.008991211227298328
-0.009490236751225564
-0.008263088998542098
-0.007027476088239695
-0.005403859733377207
-0.003860165490024013
-0.0024026061709039427
-0.0013467072033859096
-0.0011335937016443553
0.0015591097632495841
0.002596613657408746
0.0034407729770111507
0.006725540159471522
0.010976495430124326
0.010199782825003969
0.012321191497044985
0.01347286580755787
0.013327325152716556
0.013274873820146057
0.011842670010499495
0.007767681092418396
-0.012297512869868426
-0.00884747525298942
-0.007238581728792699
0.005793983176774638
-0.018483611761856863
-0.021568472305753508
-0.019660773277664596
-0.008965851732328882
0.02326595612405727
0.05355855221373692
-0.03894390028138088
-0.036809315857254006
-0.057940956565448544
0.0601564154118468
0.033788660720142236
0.02878949139980779
0.008711619542963293
-0.012313015746026014
-0.021535933741884266
-0.01368611289503135
0.0006227988154118425
0.015304517886413276
0.006161475924522337
0.006447266178487538
0.007720827237720258
0.012102971571742222
0.00999412502259744
0.008031507273293761
0.012347295599040565
0.003870768512124654
0.000669052475439657
-0.0028739879357737763
-0.005856624933628272
-0.01194349001530183
-0.019201689076153605
-0.026045823168044546
-0.03207594736675048
-0.03620273496987953
-0.03622585263874175
-0.028039848808691117
-0.00403816904358291
0.04256443194565113
0.06957567227756369
-0.026734140070235814
-0.06714099078935953
-0.03647236756536533
-0.016598816376320324
-0.06926403756782598
0.021291883951579074
0.015655581457458313
-0.025041736745202117
-0.041757550667771745
-0.04926087779581052
-0.04658447826632105
-0.039446373662908145
-0.03058060084585559
-0.02258681144697162
-0.009716030492876813
-0.0024771570066598973
0.004681065709310586
0.00877899973789448
-0.00239250690565801
0.00937303150684143
0.021312311442130877
0.015141949055647417
0.009316875751946896
0.028706772172303517
0.014242349204602366
0.00019967470067891617
0.015337484230934869
0.017679474765805933
0.01615420854822028
0.015797053678279598
0.015501574156387364
0.015274138925047132
0.015440703928440823
0.022770533959697876
0.0149259153453296
0.0139781642312574
0.013390440393679953
0.012830284961075022
0.01226724441722962
0.012331243584263043
0.018289818061791648
0.01041702640384708
0.010141851119693278
0.010211527272150148
0.011369416744070809
0.012132082029790494
0.012168414249795804
0.010929427140656029
0.010705890660056032
0.008292125371163998
0.006241082723130916
0.004493820699367239
0.003515744778007692
0.0009034941099648175
-0.005642554929552957
-0.003301830176885692
0.0018741516403350546
-0.003300882547952164
0.006661945079226096
-0.005758269125263428
-0.008185915499003877
-0.010375795369256346
-0.0129716788604575
-0.01474151310741852
-0.01718318707553336
-0.012024590225332954
-0.02069444760597122
-0.020329190146005375
-0.016408153441577585
-0.0055212032557059275
0.017765293069990556
0.05163663990315775
0.03375893068463164
-0.03505061090182874
0.007008293856359219
-0.02974809320682771
0.03020617573367676
0.03507528005320319
0.005023215220365439
-0.011298688127688717
-0.017780084640220784
-0.020021219128039624
-0.017651588516073832
-0.005613465215454307
-0.01442841183298344
-0.004795288718142185
0.010106658641188773
0.016480672491580563
0.0028545876614810384
-0.026922114045661773
-0.0067897966617817464
0.07010145364941255
-0.031902696080642556
-0.027184838581834864
-0.004015943583449796
0.007662179994850451
0.013652540388035178
0.01896744350422165
0.02496382335076105
-0.007480416307575999
-0.045545871871714806
-0.011735842529160169
0.019104591335953713
0.019623526724976876
0.004691692690439791
0.022607770474305282
0.0033187482027666037
0.010909215782300164
0.02116844776798072
0.008699133033102338
0.007844320454412376
0.005012079458082913
0.0004980498199308095
0.003009293904955131
0.003570288932479703
0.005736573132390544
-7.267131738853182e-05
-0.002443634045259208
-0.0042458393637861015
-0.004885309147555003
-0.002412933483977517
0.006652200431451093
0.022302601168282525
0.013421739160188734
0.031187660080990866
0.04368140265533161
0.02965506535938318
-0.0073585124442740145
0.03382072096877407
0.018795261115658303
0.005407670113854092
-0.0004534248288158155
-0.0011124241267137524
0.002741695465884179
0.00226252281495768
0.0031598016647936865
0.002611980607854377
0.0027473356728762543
0.007509852636029617
0.0076984947942912805
0.009351546846107148
0.00803605603130865
0.00693489677233802
0.006654432513944781
0.006309318924951747
0.006552889278485765
0.006927247975029082
0.006302868863579132
0.008276544367713471
0.0014792557000522742
0.029025375442066504
0.006065415377228538
0.002192102395984652
0.00591274320934327
0.012177339530132168
0.0009932230132153799
-0.04208569080744954
-0.015052394784800801
0.015937355117652735
0.005472157522866363
-0.008461305863845955
-0.020626823095800814
-0.003023224133720594
-0.02642967219728424
-0.014340306578070816
-0.0004472843334890454
0.007540256571280657
0.006541917371026655
0.009159393218360514
0.010824566761121037
0.011943238060389048
-0.01207032606552923
-0.01619338557203049
0.00014002441104864758
-0.04082632109138874
0.012950656445750981
-0.08298440124029648
-0.022010453309064346
0.013265682992837776
0.014638757757168115
0.016762425475566556
0.021285081871919288
0.00591754942170218
0.000928921860491389
-0.008596568941057104
-0.01008583795623577
-0.009457262205737395
-0.007196368632404221
-0.0026225947272422055
-0.002594413218321192
-0.00031290163640686723
0.010390932007628837
-0.002854275413947499
-0.002729634977388524
0.000421879625678716
-0.004993445449760133
-0.007660832989130455
-0.045999598056009824
-0.005855862366481409
-0.007485692227811348
-0.018443912291689096
-0.01047406925197974
4.8730992680501055e-05
0.0028110982315361632
0.004407526352365059
0.006747672509209667
0.009181436982443447
