0.00013521979410934123
-0.07720047089664843
0.031320855771989765
0.03491322300825124
0.013866241819154896
0.00647457663513305
0.010866914480125242
-0.037376761380844156
-0.05648244055279757
-0.034166848993700705
0.059622556932684805
0.08809899907249961
0.0048769575172503046
-0.0284252058533159
-0.03654783966415731
-0.02047072347963637
0.0013567874856764547
0.009691337424310121
-0.008590186029321774
-0.010923866097498179
0.08531324590411354
0.12648415253372444
0.013128402741426834
-0.09681910433331234
-0.022464795326144125
-0.09645791574529751
-0.08252235848440818
-0.00808746770306988
0.03551525688286566
0.08129330838826895
0.08923651858489713
0.010071520375394584
-0.01737960642263002
-0.03861687447183948
-0.050961094763644604
-0.05384813150168682
0.012649221257623482
-0.03696241007390702
-0.03514673987003109
-0.006454336032026342
0.01053237298427611
0.025649885938261327
0.03725654783078558
0.04127443541845973
0.03838342143984262
0.031471642405465454
0.01697530649275904
-0.002865006322364199
-0.02236938557876667
-0.032282060970338915
-0.007963524415591694
-0.03379463154356578
0.009617769767996186
-0.047161840936440325
-0.0835634166847735
0.01223409468747787
0.11779527232998184
0.1344473254065006
0.029731771296868402
-0.06985488169281796
-0.01286807586424066
-0.07629944511426791
0.03423702816668205
0.02166799085406888
-0.07465438199318111
-0.016223746418698736
0.0643686587565086
0.0687990860558895
0.020231190303549508
-0.02153400339362058
-0.03930218120177078
-0.03835576808034915
-0.026111051958441284
-0.008876018022735396
0.009013891522575196
0.027778542704216456
0.028325806791917093
0.03129091166168575
0.028157881507318815
0.0014844391542198452
-0.02624518093712697
-0.044303408435488176
-0.027038858602849054
-0.0027229540101868814
0.006370764152311281
0.008306475914698111
0.007418855432653864
0.00421579108000396
0.003662268843084632
0.002951016509758013
0.002572463124730761
0.007387151228697148
0.011586692874500542
0.015584412018643367
0.04314668878019319
0.027200573586452562
-0.039498325095643834
0.020453846558197646
0.015541710111145655
0.006508739489182556
0.012993506432535015
-0.0016422847330504846
-0.10802121551814908
-0.0037297199541073585
-0.036398805849170636
-0.01550422174029508
-0.015640136225443184
-0.01062152450437
0.0009872298715131586
0.010041526356301974
0.016586382953223226
-0.11881001786297204
0.034797270519900524
0.005834054017745977
-0.0234761631797118
0.05017297824813444
-0.038648630431521086
0.03381120791763109
-0.07735253244448004
0.06326964579316936
0.05611150096655386
0.028828740295235196
-0.044972100166590555
-0.029365062598369938
-0.018553520708707295
0.01816714835191601
0.06765433649306962
0.07849607012924549
0.024668445711670168
0.029903913925283934
0.008038521729764984
-0.008088078807016268
-0.02603965482376312
-0.03005145144123949
-0.03660878429426719
-0.036146776695797085
-0.033134061279843176
-0.0074116689216490615
-0.03894406300753348
-0.033628952306032814
-0.012095103772701007
0.0018753327360992202
0.09265607093909206
0.00010810290320044212
-0.0037254670923036757
0.13906534618403998
0.008382536088370314
0.009933027456007158
0.018582193089737246
0.02547227266254969
0.015906724929960647
0.0064674250216636585
0.00900294996398538
0.009504594094930159
0.17441051912725633
0.004950865456087984
0.013047953220199119
-0.008478964850846909
-0.014465312176842883
-0.018915921728714355
-0.024027592993648123
-0.028464548441822658
-0.0336053310845263
-0.03734480173459553
-0.032117986443353626
-0.019240713092182376
-0.006518209403119888
-0.025673345726874363
-0.02956390903643969
-0.0007745216811697167
-0.01177253792459254
-0.003045371926858955
0.006569416852793453
0.015404683653172173
0.021451309195072654
0.022970190974366707
0.00943684403877478
0.004811127739687453
-0.01055728771567892
-0.023897845165264813
-0.03143354060881313
-0.029547684174310945
-0.017548389133978385
0.02942455397142911
-0.002326227235104929
-0.022670821984552305
-0.027791415196911088
-0.025286506443073432
-0.012958902042683197
0.002582668300809782
0.017178374849500508
0.027811043803085484
0.03391833504480824
0.03594066802306153
0.04256253872509725
0.042665127949584394
0.04286723869217902
0.02107576215537215
0.01784185661248512
0.007006512077170022
0.0019441664300583889
-0.06575304523338858
-0.026368724271021767
-0.010507952119340308
-0.021484419063199603
-0.032650929121660545
-0.0038015540989234766
-0.011454433395832006
-0.0015789343227127475
-0.013584740351923247
-8.662731698000325e-06
0.0105863037839286
-0.0029806524893330696
-0.003368858465968534
0.005088836758382097
0.04009869464752734
0.01144868038314817
0.0012720224184770137
0.006343433051635417
0.003476870312470847
0.0071934087450691315
0.0019487189744828736
-0.0006916396617517941
-0.006475717481941279
-0.015826344113687107
-0.020010458693985125
-0.02852432690448282
-0.02761316639838066
-0.02101818916558397
-0.015306729958571581
-0.011116321436179253
-0.039889564888120274
0.0001044105166250149
-0.021239500317071384
0.06493710606765751
-0.003330180714454913
-0.036548841582287876
0.07153203655063
0.013360630659792582
0.01912951180750712
-0.0570375651429258
-0.04495793446929086
-0.08104548596151386
-0.01222703487979425
0.009964926454576825
-0.021352449304904732
-0.027106813059071814
-0.009452438412405163
-0.0038958884318233463
0.05146727699112917
-0.060801602802251865
-0.01934272140214632
-0.015563226237734406
-0.01714244483397335
-0.01853467047105802
-0.00025471634045590207
-0.014199527902717125
-0.006108274784820846
0.013878946157838964
-0.016765995850401477
0.005001970126071654
-0.004272477140575968
-0.0004753761869105771
0.03656055190973322
-0.03708139826277454
-0.020324506181428958
0.007498214840233051
-0.022003394224961104
0.008065412905853709
0.0001244104919954776
0.0020282480573381037
0.009734251250735293
0.015493651499428003
-0.04340610549782204
0.01405003597817771
0.006772829411445014
-0.012036374419379844
0.01422235200516422
0.011474833534095634
0.007701602205078794
0.02330528929677518
0.03718550069170108
0.013592311054474698
0.012542835301252022
0.00033177192619965285
0.01114986695082118
-0.06673317667592524
0.02255180903579835
0.01500714289880692
-0.08834698282041747
0.01945798830068425
0.08214586866793777
0.010547274863470539
0.027767942669337745
0.01878514620066322
0.012611029140316954
0.01135953253861748
0.008708193756366658
-0.00958756816725492
-0.009499610857039188
0.005202996390039655
-0.0014328576112507653
-0.03235947683389997
0.02217529042593128
0.01402068513150747
-0.008812777055530885
0.014271144218442874
0.018932512305756346
0.01958867999685131
0.020037302554399845
0.015769057064071973
0.023008682627131603
0.016917835781398015
0.015390917988578905
0.015228807563458954
0.007624128360197798
-0.07379429437475415
-0.0002816754986368772
-0.011002344297065595
-0.021534159461847165
0.052689411406995526
0.00192512408460713
0.0036088451330116476
0.010569415265356171
0.036778699202835934
0.012729131694956668
0.0472871024103898
-0.03705295404660903
0.002891147925199653
-0.005436458383684177
-0.005907430786090293
-0.0008571483892046738
0.01645526585116958
-0.029495588176146174
0.014797044309292464
0.006703025848540243
0.016010027024511198
0.016545843147670172
0.019299127427040996
0.020673919461434858
0.022678804532681257
0.02243768889176424
0.022686623892209302
0.0029407930806208383
0.02448052881424007
-0.01043546890105744
0.018613490618911602
0.023349078710289024
0.023023901957414234
0.0194004662463328
0.014236857442048821
0.01429315138726142
-0.011372522073105809
-0.014199366395021475
0.01602133832773003
-0.022136648553976162
0.007164853416781112
0.009998803840328871
-0.020117055798498932
-0.012106602425364986
-0.007736982177902371
0.008527632257759573
0.0066721051555973425
0.006620620400016253
0.00569423280502981
0.020002749752450397
0.015116054653459658
0.00287771010078812
-0.056258502075544746
-0.04272696436334177
0.038448003642064583
0.04599761065085909
0.008809687843736317
-0.010261433948748858
-0.021208638396390964
-0.008260156307305772
-0.014854706319758656
0.0008592417342778137
0.015625699893616084
0.01385954852081761
0.000832170680069104
0.020307876409193456
0.018913498889101325
0.004091777876463673
-0.014702584391070065
-0.0272522458738148
-0.030776435056899074
-0.017760895812209024
-0.02364099738409892
-0.027568773148172188
-0.022280234087764427
-0.014560958567711646
-0.010541630956267634
-0.010740482963623078
-0.010399274921233388
-0.010197667875273025
-0.01061681891879618
0.04633295145480357
-0.007118292988765024
-0.0030013877398666873
-0.04759432482991031
-0.005792727686819481
-0.04620204316811142
0.019227684158377754
0.0013831421369622768
-0.0026883565824479217
-0.0008858992586033538
0.002644945895037855
-0.026496039343843945
0.0076075737558876965
0.003403137712526605
0.003377571060091717
-0.003677305367567181
-0.02955178119396103
-0.04902437130625836
0.015159174439025497
0.009586784283424347
0.013699808605172935
0.022791758730197675
0.037550061391209706
0.059654480506872075
0.0661205089705174
0.007512568164741414
-0.08657222469185263
0.09837848431573357
-0.06750507964412188
0.02460311262055744
-0.06027274540078371
0.047337725226947035
-0.0031971766685669144
-0.02733338335204589
-0.02571123043288606
-0.022134432652018813
-0.01784518797378859
-0.013236162876450984
-0.009207075924833977
-0.004889506481572469
-0.0007174464582063837
-0.019155262593215996
0.0450972079060125
-0.020322235064151324
-0.01800971713153355
-0.0038733961888823593
0.017545136916249073
-0.0018248041297658638
0.011604105133114967
0.009314536877083104
0.022697186881195344
0.012655518530367305
0.016199763832540435
0.007997987958094829
0.0013670698651375515
-0.012985182181590072
-0.016871556920246836
-0.02360312790872171
-0.02596783254970435
-0.02899371384454144
-0.013578409905851156
-0.01610996358447479
-0.03187854324578863
-0.03469216181944374
-0.039590803402672105
-0.02036167516875096
0.012165703563327884
-0.021622310477728064
-0.03394893372713095
-0.027503311825324193
-0.01426524486467479
-0.020138465481631028
-0.023090529490669472
-0.061960841619020386
0.030111700740591087
-0.03809878446380814
-0.03964186620692435
0.011455669210677286
0.03462106910358197
0.10299304211207831
0.003295768681550356
-0.011384103778359586
-0.016284825394610195
0.0003086279381765849
0.03439710020074819
0.02259060524004865
0.01387830555291961
0.010898298624443298
0.020012923486783664
0.12348106107666898
-0.041042879354833424
-0.027232924214416806
-0.07049982640134789
0.01537170232958601
0.033651521318601905
0.025514982933951418
0.01637705843813697
0.009367372434141432
0.0071858797783256635
0.022199815082694994
0.03290518809473544
0.02578102470730006
0.012567194831701713
-0.002396955883768654
-0.0025126727112935857
-0.006144097052494027
0.008137924888852085
0.014687379301448793
0.007497497735794407
0.0009322728953650926
0.007178320482366214
0.04252561344343034
-0.013718040855010969
-0.009725421028255085
-0.009053559700693131
-0.005032659901461701
-0.004716650983989529
-0.0035112678385769854
-0.046818068524443854
-0.0016024083594806103
0.00979611634905942
0.006588407708030786
0.0007309444747577707
0.04050578637690925
0.004395644424132248
0.009006387447008978
0.021622605122912298
0.00813002824295435
-0.0010947460985259554
-0.0015241053065923483
-0.005218338157888479
-0.002739508094811747
0.0005502899433587709
0.0016408404517928208
0.002727936953355569
0.0033403784814653695
0.003949256363894535
0.006023039904341352
0.005695899898298524
0.004913673129767079
0.00552150447658927
0.005657300305353379
0.007120701629454593
0.007405071890743621
0.006413068386924387
0.006071536606060575
0.005837292004170468
0.005772292064842929
0.005795389617989826
-0.002587926706606822
-0.010498824214671207
-0.011086412632217223
-0.005981746730007891
-0.0015025654894298436
-0.0055451049110848945
-0.0038946326160245394
-0.004136918192869187
-0.005079073805983929
-0.010613875062299882
-0.019841583147084757
-0.00236299550649953
-0.029274059971504694
-0.011866059098085953
-0.001063867050791442
0.0009707941241668039
0.000791362570739366
0.0009346651129722546
0.0016516727810321245
0.002697290607327165
0.0047330217087365595
0.0017596554027377235
0.004758479950136445
0.005709140104798107
0.0073283866775372495
-0.04652165163223103
0.006943203103152002
0.006405434188037718
0.006598775903558194
0.005980149827310188
0.0059627119048948065
0.005107806331346134
0.001974580036569911
0.003464176820349399
0.003216892007930591
0.004153088438964087
0.014004928237652675
0.0049267787212277534
0.0027584610881280264
0.0013162746879681754
0.0007446436605371554
0.0004562778947492036
-0.00018955238435596793
-0.0008090448101480899
-0.0005341589288208098
-0.039743607956286474
0.0006151213396691571
0.00010545217687681625
0.001083691370715379
0.00838226172993737
0.0019098894022167856
-0.0036306840932049185
-0.007744800342115289
-0.012776708050007864
-0.0024461273985398697
-0.014698800329703715
-0.013396212728505325
-0.01607147624980996
-0.010813778046369259
-0.010526726801727209
-0.01121815006343391
-0.012838607478446605
-0.012133972901210778
-0.010034120901894464
0.009672899479693454
0.019322775316969593
-0.010954522942453531
-0.021589453277840072
-0.023086050442917054
-0.02418888825962325
-0.021918687340824985
-0.018358740749878616
-0.009926993504571017
-0.021176198783021506
0.0010229285674663025
-0.0665515325656881
-0.025075562911844207
-0.014016974637737108
-0.019550184573042265
-0.026422312064968183
-0.0329701196546795
-0.03648180186957197
-0.042980716687123645
-0.036239915291184914
-0.03497763399832182
-0.032707935181518426
-0.019943762666495286
-0.025735587908096234
-0.015820535836846082
-0.01668778265375186
-0.027029606064588322
-0.02681721614205854
-0.017010563769226515
0.020675111715540668
-0.01528681225305341
-0.018911445409027193
0.0016601250358898416
-0.006141306838794603
-0.003305523224941859
0.04764076224777751
-0.0069583822866885105
-0.002806940363732651
0.03973141193627387
-0.016075224471684156
-0.016411712759043306
0.022315499593786238
0.014019068965498847
-0.007326024085071562
0.06558784231902688
-0.12016588640500148
0.09653119289868037
0.016245902871641092
0.08858759771221522
-0.06198974124085552
-0.039158150568214874
-0.01931007545062674
-0.012806615937637301
-0.016614189406018096
-0.016153906835172774
-0.0016581796756151665
0.005655652993568699
-0.012855814648089043
-0.019993688599036673
-0.010663930994136393
0.014430860613573172
0.009052367392076115
0.0192734715158436
-0.015519074533149173
-0.009052947173233175
-0.015196522512272099
-0.011651710312955702
-0.01976653839264064
-0.022722904683396824
-0.014447068278498858
-0.015286559935302075
-0.014503170211423447
-0.013887399850051642
-0.011941522509085522
-0.013755318435521111
-0.012338305269766722
-0.014056153920465943
-0.013488006546669273
-0.013528763705041571
-0.014079703529411928
-0.014793745128347073
-0.016387035808535153
0.006041451979363158
0.025416690379991353
0.015890674749853218
-0.009848430201843044
-0.014041823760950086
-0.01608275430647389
-0.015052136356633158
0.016944741015162523
-0.00782434388686646
0.01229158881673768
-0.009833255581718589
-0.019734460456515217
-0.013547286754625359
-0.011796647231601697
-0.010441884532925659
-0.009889372356824097
-0.010328104091241118
-0.006085367578000713
-0.004631495775544462
-0.004465357190633704
-0.001210211070328625
0.0048329613909076615
0.018066685180089456
-0.08129315451373843
-0.002448982906251747
0.012510500178046642
-0.004756051447030423
0.0013826607237120126
0.005314869328824743
-0.007056114705717795
-0.005643028339190763
0.006555360892912044
0.0049312409922881535
-0.004693048660121187
-0.004467562372200428
-0.0044569209334904235
-0.012311731360531831
-0.0045208309331002255
-0.004076570511992462
-0.013627244246704062
-0.0014768617431590186
0.0014709531196269885
0.006370127846320412
-0.02401045521400125
0.004220425973495739
0.004693720597470488
0.0054002534690229245
0.00641825903823708
0.010264440957057658
0.008285674981763321
0.005797587299369535
0.003530190350815456
-0.00049172991591716
-0.003156082188956347
-0.0029120836656616263
-0.0007049641916598415
-0.00032416991008598923
-0.00098568368276684
-0.001040020676809827
-0.0011314261948031446
-0.028668292177985204
-0.010117866949685993
-0.006446345994844116
0.0026797081447796837
0.00569930454173216
0.0070117222830035665
0.006226585534758633
0.005888971100058735
0.0059824920838555656
0.00578381967867647
0.005039250367928089
0.004041612070822171
0.0024025447783550314
-0.0005928016283765514
-0.002059137396976399
-0.003819807016492294
-0.007048673284434575
-0.007691192755157495
-0.004475600542635974
0.002126607258240864
-0.002792247312686654
0.022737572471265993
0.017743990600493937
0.02599215315439639
-0.013527220642427631
0.0038323962372196012
0.0036862388213349333
0.002784828732331337
-8.858764449309847e-05
0.0007184535478658782
0.013805873070954277
0.011863083676042977
0.007284978118595654
0.020647094878872035
1.9196596193720227e-05
-0.0025605260941524667
-0.002674451630622266
-0.0030656213798916565
-0.0020701946594524137
-0.005651791747392062
-0.003052920565823951
-0.0028801701918830607
0.000622909353889242
-0.0023879030766007442
-0.0013680757970399868
-2.3345644359830556e-05
0.0007412838873475386
-0.00448888786383926
0.0005535951485742397
0.0007635707906122889
0.0009324960982773339
-0.0011438311350430394
-0.0006843163386897156
-0.0010859583424321683
0.004474814034605162
0.02451862577221491
0.03929246097169327
0.007602478330919424
0.00506232728483141
-0.0017496577116812323
0.0017699624273714279
0.004734003193711227
0.03921951561984387
0.004297755659426726
0.004758395107000933
0.006165810305089
0.006161686977552969
0.007286924713537266
-0.0003203840115927805
0.008959677707577775
0.009380928989407464
0.009373459351570477
0.0111423493204158
0.025585916638827602
0.029289537975827062
0.011372277262139604
-0.027184325905189516
0.006590496219692448
0.0056390609363367915
-0.10607352309368114
-0.015361770964180316
0.07635650302865749
0.021429720992386356
-0.0013522059945997606
0.019590553290030125
-0.041995093871787355
-0.05420471781723988
-0.0014067196072172587
-0.05671348355567477
-0.04629621376097577
0.04565450646290927
0.16621849339224576
0.03962023003200534
-0.011185704863339923
-0.008292648530288759
-0.0009473917077997569
0.00420546982933649
-0.0019775458129906156
0.003010812721502685
0.005770135351009996
0.006838126886545427
0.005322323893108855
0.0036372324708367786
0.0035854950358793426
0.0006489945233292166
0.01133159534959955
-0.00805369302841402
-0.018951857750832475
-0.027394489909977057
-0.05949577450153041
-0.022727817041023248
-0.03311498634864985
0.005811692534786077
0.004149331971572485
-0.010498718920361874
0.008301475891409955
0.009988934651525689
0.008931480896876304
0.01120857477111304
0.012917488528632589
0.014036197570354512
0.013954073619558206
0.013314959372229804
0.012680032988149329
0.011703752056614737
0.011534217845137616
0.00992846545584118
0.008789714604774729
0.008008930822517295
0.007738994944019816
0.019048516714601078
-0.10393801841106354
0.018779350416827236
2.7625051552153047e-05
-0.006714576674907779
-0.012633309231798317
0.03373580311265432
0.014259515966523452
0.00703792634308227
0.008491599810021379
0.007897044882166181
0.01904446721990649
0.023945113528534706
-0.011319855800079237
-0.031454971541231884
0.0052478243304764525
-0.009133743973763894
-0.014022132839639921
-0.017302366727122105
-0.024399188849288017
-0.022459466889656693
-0.023512274326355363
-0.026002247716370875
-0.0362085743911235
-0.018632933845282834
-0.029418852261773463
0.0008688678732627513
-0.019895194403466807
-0.008267889892057694
-0.0028990645430102113
0.011774525740231457
0.020471813810873724
0.023563590653654085
0.03730152057976312
0.007094193568398088
0.054877416451644116
0.024643837780590077
0.013219931640158788
0.010851883758317585
0.0031642157385236573
-0.004483560559821732
-0.007596985274031793
-0.008822200870875724
0.0007187445159853911
-0.0033307326483581878
-0.009934675796862028
-0.013720768733036575
-0.01076132596217697
-0.008319760409081027
-0.006027460066738673
0.0008209475760774433
0.029985960554616713
0.011164772088976498
0.0009939079270924252
0.005117869344015953
0.0061354255191557695
0.00489791966929076
0.004696117567432628
0.0035037845526069847
0.0056284007765952555
0.006055520417818815
0.005912025168755994
0.005621192792791122
0.00807436736175563
0.004761833332454334
0.004379026604281932
0.010483122094092868
0.040040146405732426
0.010602169799658171
0.011199422555428596
0.001384160676709343
-0.0009057512024823748
-0.0024354722913066717
-0.0031173064597013263
-0.008000584636489907
0.000775171596803594
0.016978848789879385
0.015107199604707189
-0.002030968991523949
-0.0029085728478560327
-0.002689670725196362
-0.0029686128537319023
-0.002947672421887739
-0.0016630046171058706
0.0028561270669736536
0.009943075496366862
0.010077215781531422
-0.021893837771825915
-0.01319782700750576
-0.005004920678937195
-0.0046649971263449976
0.002993474880995283
0.011438850153328512
0.009741881742177327
0.009161249843554993
0.008705642107221339
0.007879339842756869
0.006716890788432618
0.008463203743587897
0.005892148981746387
0.005833143720235355
0.007877092921926431
0.0057782964772615086
0.005958379148791327
-0.0010352317966403504
-0.016442656720109163
0.005290262573341784
-0.01643749722046293
0.00041302658609242734
0.0057132678476909515
0.004991961378207474
0.0032115518276035755
0.00176092900402822
-0.0026687081764093686
-0.002243934340199656
0.003929517623090787
0.006323941557988069
0.0037213987288608266
0.007119393524892762
0.007300009234414929
0.0067065156201861955
0.01181750782812892
0.0053158445604610405
0.006373995561391559
0.004954451642777401
0.006586377191965379
0.012945938501067409
0.019050425321408954
0.006207550366943971
0.003935111838869563
0.0016690510347132992
0.0024093747549966127
-0.02663445205650659
0.003497810898320848
0.0013624079301845036
0.0007223512196434858
0.0014924031451091834
0.01738227540331474
0.029622049855137264
-0.0017403985342615853
-0.0062946909008391606
-0.0075996923789240405
0.01413015291698638
-0.00713938302999382
0.0010284344917051973
0.013193856393705657
0.05788231804666805
-0.0065774325859677294
0.015888433276585824
-0.006884163754000875
0.007909986113341705
-0.0033555770210058093
-0.006019154332344439
-0.005146648650010915
0.0007917798499216332
-0.009354881719393266
-0.004347350552960647
-0.003745763037683634
-0.004329624246416289
-0.0043477633893142355
-0.005245737854390113
0.012315824927193136
0.005934418875774145
0.014627556894073829
-0.0030825571773915148
-0.006725076840010216
-0.005280484184074101
-0.0053660508954657
-0.0038217843987693703
-0.005360315067000971
-0.0055372984795832685
-0.006231033395423063
-0.0070207986657153335
-0.007318891853876408
-0.00868011566299926
-0.01256488964608386
-0.010625788460573073
-0.007077186177312036
0.0076744037890281265
-0.021581871158770277
0.01969991747291946
-0.014769639834808706
-0.013012482887521508
-0.009201093126386587
-0.006810605939364295
-0.005357531986720102
-0.004079903854817416
-0.00035816802033408773
0.010965118564404868
-0.001178429165057675
-0.0015887009811774721
-0.001428224756213064
-0.001640390291357695
-0.0005031493513105025
-0.00010992953360323512
9.843286640064723e-05
-0.000343823487949563
0.0005778566489281059
0.0030494358823420355
0.0017095178663886431
0.0009018279313435165
0.000727387833038243
0.0007581777298167148
0.001025713620980047
0.00021177088356702528
-0.0004948493428436068
-0.0013366928884649566
-0.001903151903270503
-0.0027105798114986637
-0.0032788752656948686
-0.0032099077883924352
-0.001940054193355553
0.0006183186291106817
0.0016813072844814273
0.0018448428662377846
0.00721934215790951
-0.00027439383489334017
-0.004317308190501758
0.004616576959631677
0.0036746957048386327
-0.0011601689773322952
-0.00329586079447571
-0.004118924874426228
-0.005215496698512138
-0.006767385930726135
-0.00841263494479462
-0.008348068194637003
-0.005555306085417075
-0.00013831764003376546
0.005915005448060561
-0.004797684382821447
0.023917847603149568
-0.017278753763948246
0.0035731704993862312
0.01408958692046868
0.00442153173569366
-0.007033572086575581
-0.020074426907314577
-0.005598339526823172
-0.022612228996020917
-0.02598805710568188
-0.029201650606760284
-0.021537069099095148
-0.01581147702570805
-0.011634902360317657
-0.006715254436532216
-0.006770029420276709
-0.005901724425484502
-0.004560761144331102
-0.003391826493437663
-0.002268501353253202
-0.0012925063162410391
-0.0018481286738151741
-0.010086926287132404
-0.02375538415217491
-0.02386368898039372
-0.018793699500337498
-0.0013310109551804667
0.0020682161679073463
0.002175873810093909
0.0021048924440572017
0.0020705774958026295
0.0020275349911842485
0.003223100094650224
-0.00016305472578592524
-0.00044613754455375033
-2.8141973265004092e-05
0.0019856764572249285
0.0038842577765864535
-0.004333005440118733
-0.015796766565660477
-0.0031587837163729185
-0.02406860505024666
-0.02171389002576968
-0.0015813767563230715
-0.005341638963864727
-0.007412296458605912
-0.0059818970187721756
-0.0005306553047057891
-7.627083314508316e-05
0.007930319668728387
-0.033428787787247616
-0.0009150296315267553
-0.0003499226891257041
0.004764728048764262
0.004731746872526555
0.0032809045363122423
0.003572155601372635
0.005548115233387853
0.006007784229635679
0.003350158866781956
0.005316805127553336
0.0063299345512702115
0.006143608153565275
0.004627366283115064
0.0014865281133471387
-0.004522001610065942
-0.0005927701739890825
0.04272958549975596
-0.003574504956093179
-0.00912402827942709
-0.0033419862992955314
0.001379617483872
0.0031712322277474623
0.004349014346201924
0.003373533021142121
-0.002260669108895484
-0.003299069472075343
-0.0017138748096096235
0.005905594451910587
0.0061584697684765564
0.004826127760351425
0.00457367496809406
0.004417716608652134
0.0035349099222047407
-0.0018282974193073599
-0.009236158829100827
-0.010661744718323934
-0.0079855040872488
-0.003991278999973587
-0.003989915973425802
-0.005455877443557948
-0.007647533374139671
-0.01009277195491732
-0.010433249764206886
0.013664697092697535
-0.0011751197888540627
-0.013668772128695177
-0.004848406171742385
0.00041666653682514206
-0.001317452951229943
-0.002260639723717347
0.0009063784255089431
0.006476619572963832
0.006319252085116689
0.007685347489657104
0.009575492774343185
0.01263511686587306
0.015413965184231762
0.014761362635277464
0.011476864220075508
0.011534158980937384
0.01104343499260502
0.01099872629430586
0.010787696952145844
0.009328702980302358
0.012643528196938137
0.023510514522439747
0.001675796858941897
0.0079171361376778
0.01181021447522781
0.011084748835029806
0.009842946582551318
0.009436575788178442
0.009980026424538801
0.010270442636826038
0.010829206843605334
0.01070157245826186
0.011244217012891236
0.01126652540264714
0.011121982083845645
0.010921288127040216
0.010892660354157554
0.01433466908577642
0.014537531596266964
0.009911417931964582
0.00934282388601872
0.010022906044145711
0.009832014166520272
0.008905684334468327
0.009783720634121527
0.010716151956111995
0.009247767317176473
0.013965561682689922
0.03423930277540289
0.012659652704367325
0.010322493797395428
0.010874419727320376
0.012340238756154639
0.011285623329839565
0.013042263229785078
0.0140074135261174
0.016193700717592657
0.021826622296911544
0.015576933868529123
0.012132232814962979
0.01840853526074971
0.022931005463767553
0.033775120202499835
0.032731906432716014
0.027151735660192137
0.026001357885501876
0.023599260895908407
0.01924532250170098
0.007685902612843871
-0.018455176902603034
-0.003195282947509217
-0.016516257299316946
-0.006440010670391348
0.011676385974482124
0.009936098120146973
0.014546653272251795
0.02116719320304295
0.016484261576863977
0.018390477540842647
0.014860483713809056
0.01579451513828406
0.012396477447127118
0.007247981122600263
0.005852914671348901
0.007545962071371507
0.004887936313065943
0.008217904343284475
-0.01187656900684734
0.06235217886351241
0.06507129532028173
0.0101158407196296
0.011412192345649505
0.009901554846732228
0.004638418714676983
0.003036586201790341
0.0016043689351094826
0.0008619143705614543
0.00242268006899756
0.013495023859645287
0.0026148477086016986
0.014114001875429452
-0.014139275413207811
-0.002719999584823145
-0.001208303318206803
-0.001229535395843009
-0.000942907216223157
-0.0006076163171525367
-0.0003513513095762419
0.0020345028979704936
0.0021932487662541986
0.007891945641901878
0.009696254010522407
0.01888203571372453
0.01470279862158473
-0.06647077749569726
0.017991997269435477
-0.0003334405534788545
0.01738680464142023
0.015253718416683475
0.007616650155364905
0.0009401910194466993
-0.003636610510317954
-0.005712165003408193
-0.003211747123564041
-0.0007394054042980637
-0.004922590605184304
-0.0009968548805767883
0.003183116105723227
0.004471556831036763
0.003422194280454447
0.002683900107927535
0.0024279512879983485
0.0016766792509562692
0.008057770725512784
-0.0008868261473813061
-0.003365183153920443
-0.0012735346122016444
-0.008747160792587581
-0.003428860282289301
-0.001317029693006487
-0.0011124974784908989
0.0010856037601295527
0.00203274222092149
0.0022388593237209547
0.0006201020092833569
-0.001277871532123802
-0.00036072024867429066
-0.0030181253809678688
0.006165934749487128
0.006006775406135295
-0.0013143432124984413
-0.0011827697736316706
-0.0007755409288242779
-0.0013366154591478428
-0.0012103811192156317
-0.007898831852048272
-0.001967700249027562
-0.00319481054097495
-0.0025010975409728367
-0.004592101643565257
-0.005408850851177102
-0.006234594530941868
-0.003407526230636219
-0.00476331163780564
-0.003927330337645568
-0.004461429115111376
-0.004153547373737283
-0.004961427960594107
-0.005352880367596477
-0.007797299774015576
-0.007582566378416566
-0.008624937735383439
-0.007932577138413803
-0.004130565442610707
-0.00673766750851492
-0.00563326051633729
-0.007255918602930566
-0.0034492701099516957
-0.006588745752953673
-0.005045869685640779
-0.004748327604881118
-0.005472685799155972
-0.0039044442334656426
-0.0038692453316269432
-0.010605983651013945
-0.00961204408963394
-0.009270988854076904
-0.012614546352876605
-0.01364364108396423
-0.017546433569770332
-0.022296895281811134
-0.004904408928118813
-0.0017600132558847961
-0.002022455696040662
-0.005203738489343184
-0.003949628487128541
-0.004202589092536297
-0.001223281506313626
0.002154720014893695
-0.0005636929187694714
-0.0068423663146666095
0.0037555416276079394
0.04502809965791432
0.0027614516374400433
-0.0016125574331618642
-0.006937459854232578
0.0037650284590969338
0.006232565233370782
0.005525976181941069
0.006234665396406539
-0.0023356648965741173
0.006977574363545302
0.007584135007432609
0.007696073947039882
0.007125962680932481
0.0073970451501910416
0.007054128874639025
0.006505312100350869
0.005435425346713345
0.00434479681173094
0.0032287534113383254
0.002066824787289308
0.0006907712547626955
0.00042894840909861595
-0.003125389245314431
-0.0017181058364570403
-0.0018645169263797156
-0.0004909991189292077
-0.000852282804661534
0.003128655535850471
0.005784656652714308
-0.01236527226544391
0.00712722435115493
-0.00710478008753753
-0.00868827705333382
0.0052133386325035665
0.031021199250076806
0.0012730203064090077
-0.0028538995849245407
-0.0022817534602388254
-0.002904182543211797
-0.003518974076355521
-0.003942562818633617
-0.0041264338160680895
-0.002757125529829226
-0.0024190080403977843
-0.0027768250780079683
-0.0030831167117970413
-0.00024294898220227293
-0.022044148651444485
-0.0005328308816810412
-0.000789325084995765
0.0006080666392844253
-8.735778322780874e-05
-0.002010434840845804
-0.013284822736098979
-0.04860331500596113
-0.09908200761591918
-0.025598054964213968
0.002765379006232364
-0.06254954266386181
-0.08441864665898673
-0.030846619433012035
-0.004296664169293836
0.007788923493679104
0.012104070582381622
0.014479950546542102
0.013052019162440195
0.01101367707539257
0.009342791025544974
0.007568212813966066
0.00750519856526201
0.006229470134813367
0.008258706279024903
0.00536675716951579
0.008823643031544277
0.006934141827304293
0.008135199275912885
0.01242359231612575
0.010956351982102505
0.008891603737269509
0.014791869504334657
0.016537556927290774
0.016976884907460802
0.037336291748679584
0.009212532065693462
0.02715210955321641
0.02204159593813167
0.02119003974685834
0.01756849989663162
0.01544136235294491
0.014754994220208154
0.013828263765002515
0.012912420599264791
0.011945700555040498
0.011053657967316579
0.010027996208688791
0.003850612309024459
0.009260515161806359
-0.09659173315131916
0.010176414611943714
0.006566859286323334
0.008226417201413951
0.006972187811231072
0.008069792166970369
0.004720638073994317
0.006234655124066059
0.006480913503849512
0.015532408328259823
0.015254161487738492
0.007925752364124104
0.005972318994774596
0.007418454007324409
0.006134113161883162
0.0005305590563175282
-0.0013283244521245417
-0.008619225497708424
0.03892772156626819
0.018607791777943392
-0.00168590854513797
0.0023307723493767433
0.004874293672418976
0.0038108905794157497
0.00414464791642932
0.013074773689304988
0.002370103191063041
0.0004240532287238523
0.0007862726490225415
0.0013997174338086144
0.005972354614607108
0.013784556674104016
0.024672052590892887
0.02191107865146006
0.020739263973003557
0.0007065816656997244
0.011904571334685187
0.01990543978051498
0.020930352268714012
0.00995160805902935
0.0032587204581926393
0.00041750514948046623
-0.0028158105545088574
-0.00041622652720855764
-0.0002975417291357562
-0.00028609022460248534
-0.00036969307842578766
-0.0010734637326596033
-0.0009702175455056551
0.0005116673648710623
0.003496814177359473
-0.0019450927152720942
-0.0012642048931162887
-0.00184948250417264
-0.002084827370199745
-0.0015271112178204594
-0.001749062792801558
-0.0030422747895776526
-0.0022478830272495568
0.0007535393512267412
0.007234628309664922
-0.0006714931631197115
-0.0031067237910591457
-0.0025144907269696736
-0.0014266656115720488
-0.00015938777445989485
-0.002432173373193566
0.029192155916463486
-0.004684869463393004
-0.010071820005154258
-0.009289676731317165
-0.014930516673391027
-0.01314554102334715
-0.020564663871665567
-0.0033178478347092558
-0.0034050354664282314
-0.00795610327406243
-0.006330884839298207
-0.003195040640637229
-0.0011027737983584952
0.0011066662050141015
0.003412090740391901
0.0061526689994977415
0.009662140481179457
0.013126758038582162
0.0009214256166773381
0.010561001278685405
0.005377682682681856
0.0013584420410612606
-0.0010380850949848227
-0.0019248630119888793
-0.0003387593387735369
0.002904141132995552
0.006056774825743671
0.014047771474771695
-0.012125476091970549
0.013301511362414668
0.004152411946093575
0.007297111753107813
0.002255943245257856
-0.002980094191247252
-0.0037479525175299023
-0.0036932204737206817
-0.0036871394467507053
-0.0036730470331320644
-0.0037437783031177537
-0.002862852044475029
-0.0023852773506956135
-0.0020286148270074853
-0.0012970703093092434
0.001834774515016548
0.00013764816385366673
-0.0002883311516905237
-9.770411377823186e-05
0.000552113530595519
0.0005310834289263559
0.0003200781046861381
-0.002383215947219117
-0.00043018418996452595
-0.0021032348451241563
-0.000619022958085644
0.0024039351423577335
0.0034113139261629866
0.003961115945523626
0.003357874657806972
-0.007079657486240726
-0.019937485550983465
-0.02053502909754272
-0.006986070042794696
0.00559354517855888
0.007471022901752775
0.007928978497448327
0.008789152413912201
0.010175957489280314
0.012320548546332865
0.016521058991895286
0.015715843768431305
0.015120871576013632
0.011324335458338072
0.007807917904702621
0.004872540332825092
0.00400390840916182
0.0034413029709899337
0.0032268048846714175
0.0023070477393628552
0.0007643765625319318
-0.0010888592400173686
-0.005060051856095975
-0.011476485376851909
-0.01289671950093533
-0.004812134817160672
-0.00042848750345231236
-0.010086980725062016
-0.03420777420819025
0.030239478838671105
-0.04988081659376364
-0.01995265281894308
-0.001120293913361917
-0.0015071672581488654
-0.0038608835385293815
-0.0048685716701585904
-0.00979002374823744
-0.018940937179500274
0.007266799098939286
-0.025265419987669683
-0.004416692147262862
0.0036498089349838543
0.0023942455991362256
0.0005416507550887973
9.402004260330687e-05
0.0003368656014032363
0.0010704057599325433
0.0019822930174744073
0.0029540489999940094
0.0038168557667155973
0.004420889597828852
0.0047898131430254174
0.004656739719437561
0.005229876153090567
0.0053681417981333995
0.005580110370938476
0.005486227434265
0.005407350704057064
0.0051962124287368554
0.005047345223313843
0.005394120104417296
0.004659649297921967
0.0035742514314631613
0.0032968809568293934
0.002524033759199654
0.001732144122176114
0.0008948325504453782
0.00023331449099701703
-0.00017558182186718096
-0.000628836635953268
-0.0020410446608637224
-0.003138246805524051
-0.004076418192727149
-0.005144818895954663
-0.006146032841866543
-0.0073037269064665684
-0.008461579099233257
-0.009499005909012839
-0.010105694085534312
-0.00965339511356102
-0.0073936736517614
-0.0014659474249947289
0.0070345166558493195
0.003916930021153961
-0.011702053225682648
0.014188375215208958
-0.005448053529052108
0.007507546023966172
0.0017718912889243996
-0.005281580240590264
-0.008900671569929904
-0.010217828368315368
-0.010113800392510643
-0.00931607222805074
-0.009342245192602024
-0.00741856467019861
-0.0066320178143017255
-0.005807531492411102
-0.004949006759570295
-0.00444890968891377
-0.003902356109686068
-0.0032468162593955905
-0.0025712744716122468
-0.001839095752520678
-0.0009743019485494178
0.0003029803323199039
0.0017272234065651238
0.0030248037880382258
0.003383444964319263
0.0030636562448483813
0.0030074666246106717
0.0016193472452258567
0.0014218103636915115
0.0002808791992480558
0.0015737569537162565
0.00027887306833218633
-0.0011275330037479384
-0.004816047913979525
-0.010834839974835933
0.02885388664052734
0.0024547986501465015
-0.0023972397891129185
-0.0016702214564593301
0.0015893596373408522
0.004999596313211777
0.007545898873565121
0.010345796704924196
0.007703813304616888
-0.013781680225155095
-0.010371851221092207
-0.07881343997541322
-0.01902302828225782
-0.030485852445759794
-0.0038713173151138226
-0.0021998465348116356
-0.01724395900358712
-0.0023506177229004233
-0.0006295067510853645
-0.0036790531359402684
-0.005713202583577301
-0.005376815923002294
-0.008134918276617642
-0.006164867090763531
-0.006334958884274978
-0.007503847505192539
-0.006973482670348494
-0.007504180572140908
-0.012986019133345496
-0.0064477197130576236
-0.005560822459023703
-0.004964168672553737
-0.003981009859337368
-0.003261389020844957
-0.0023262327975976153
6.715212316539448e-05
0.0023779935251616578
0.004462444727964923
0.0063159311087945536
0.007760241889410445
0.007380712584525172
0.000918087658460829
-0.01552487077888096
0.040694021147906746
0.02556083981858992
-0.009471748582144036
-0.05125639146166001
-0.029977726569648394
-0.05754532270887045
-0.004183640324885707
0.017793233834298983
0.020088354749525656
0.02084237996372869
0.01777707129646463
0.013787554602461111
0.00979239500013195
0.006212753575441
0.002227713798863198
0.0028988119277054605
0.010011163866725745
0.029440436492929375
0.07534885700481395
0.06346408223566538
0.012443084607258256
-0.001911844916571765
0.022345451783382656
-0.012234939924933356
-0.008860558207033898
-0.006471637088158521
-0.009146699699124811
-0.009011134863451342
-0.008680794568979296
-0.009758885754626743
-0.010434260779891529
-0.011141634569110333
-0.011418025577812798
-0.016607038531978736
-0.013649631014875454
-0.011796945882181139
-0.011259395313453713
-0.01119554960495968
-0.011439423349191636
-0.01032830418490414
-0.013211296518179975
-0.01082045639100793
-0.010439855633595552
-0.008817425695269096
-0.008268899082884988
-0.009866823148707257
-0.0030960768607445053
-0.010196707470186262
-0.009722703636492072
-0.008631604197399617
-0.008019359869853077
-0.005484267969998366
-0.004505782730791066
-0.004068031046666818
-0.0038407286171583
-0.0035772392906563257
-0.004559231472790743
-0.0013137058376414656
-0.004343705827408543
-0.0001950735706804005
0.0012963407338806461
0.002157835759678787
0.0034561978890998925
0.0030595254814753375
0.004636737811066611
0.0022704038573315203
0.0055007484007071165
0.005307760078934281
0.004486695598782383
0.0028085622101779624
-0.00036667237595503107
-0.007541683846628582
-0.014389007208002846
0.038458927957645876
-0.026038459901875272
0.003020835159515811
0.0069724033176150405
0.001317017493786555
0.0031551601976281657
0.004622133038379783
0.005672435845638469
0.004696327185474649
0.005102171959086942
0.015798346806065327
0.00666129228396778
0.005312723965797201
-0.0032935473587268173
0.004961694179896405
0.003908940291068572
0.013648284425139472
-0.02182054877917084
0.005011664581514903
-0.0019631710135467498
0.013863459768721328
0.01130568837426586
0.008485310369835741
0.005965788807887623
0.003237350039279449
-0.008221169694233544
-0.014584116722903256
-0.0051751108063231716
-0.015349923519535527
-0.004529314281384195
0.002189984060410571
0.00549932426289647
-0.00017297922183550203
0.005485984316792696
0.005531686754539393
0.0003057782156029072
0.004412073040520362
0.0037999619815795244
0.002569579545365038
0.0018490795637128561
0.0022670552278169025
0.004328683790158723
0.005093589910911817
0.005785999758756715
0.005803523954599756
0.0058880396004675215
0.005857256247207692
0.005995709189737478
0.006597137123600437
0.006340238495866823
0.003090540958133798
0.024315303400777852
0.025401605447824147
0.03284955357168973
0.01128138970493134
0.012592654331481257
0.012137801162098092
0.009768921068449055
0.00883125680405589
0.00818539626403033
0.007314320724992602
0.008226736710958173
0.009139010673859997
0.00855243993142214
0.008810672129299639
0.006316683662553051
0.0038617935178509345
0.002155640081504393
0.0004251387516067453
-0.0021547124047187243
-0.0037612106313406977
-0.0051167845311963205
-0.006652039356320404
-0.008751800520392145
-0.011799338173320087
-0.016798699627134726
-0.026659858046941144
-0.03695983037795065
-0.008437293961762137
0.0009709502480909981
0.0036337125823895588
0.003090723214727903
-0.007932566992238476
-0.0005913987608580014
-0.008582285839052553
-0.007107890567754328
0.005535182174096714
0.010471091809831697
0.014310289554193485
0.023226972428916234
0.01223620367757872
0.008989520655877182
0.00391640363198211
-0.0032919708107720367
-0.004577816814084505
-0.005018320451676597
-0.0022494380096805444
-0.0020193630199570414
0.00952567369431759
0.015874595650598462
0.016369934373952295
0.02720691438601063
0.017426454134669207
-0.00567331554697111
0.01719788266402813
0.005137363946303488
0.002417163345148373
0.006346731637608789
0.011733333337301434
-0.010340421538807093
-0.020904494325318324
-0.01708825382520841
-0.018641141124935923
-0.018242944765266018
-0.017736209042244752
-0.004281139644503318
-0.013948914535686027
-0.012244191876841046
-0.023470131796947805
0.031449871799155156
-0.01675008152436556
-0.013100448044454165
-0.01645362789591751
-0.01990736911908286
-0.019215477723210413
-0.021189798051905146
-0.021484987193072777
-0.01571446463073272
-0.018757588794846923
-0.018763678102789023
-0.017794086838606785
-0.017271726144369327
-0.016926631508510127
-0.01610202951197511
