-0.022444480380818838
-0.02569626854320498
-0.016770864831068166
0.003049320226056685
0.024517265400925345
0.04354314126106546
0.057178253525416334
0.06435007678890377
0.06642230375147344
0.06534972362634714
0.060948411267464184
0.05416976201577571
0.041143474576533626
0.02747926720165353
0.01353741031359914
-0.00032416003492234094
-0.013561466368336097
-0.02410102694602887
-0.028098980827188993
-0.01705475918550462
0.024792030033319614
0.10890958074713049
0.12584696472789067
0.13953849247097808
0.06370791960149876
-0.0019746707785741734
-0.03467121487018125
-0.04872995692693429
-0.05473007623479229
-0.05499950407339354
-0.053318279756088285
-0.055395591719748324
-0.05380879988155757
-0.05237062145388719
-0.05105921042830341
-0.04988950435192011
-0.04588054168987613
-0.047818218982670954
-0.04687170869996768
-0.04548193919729066
-0.04408113500022769
-0.042462753790322355
-0.040553862568302776
-0.03832045858100301
-0.03551950486231464
-0.03204566836263049
-0.028158309270728852
-0.023932339345242963
-0.019434303664578975
-0.014970113202016317
-0.012055787227158209
-0.00860673915349299
0.006119458065239387
0.04110964716229769
0.05546017732221778
0.029140278151881426
-0.02635556545228048
-0.009271201710202124
-0.10065026201961136
-0.12158099705144133
-0.12991967598677023
-0.09935277291417148
-0.07463577088854559
0.0031084671094951783
0.039181547132737825
0.04331097317663998
0.04021005949800668
0.025812574680467538
0.012172532190420006
0.005246194685693054
0.00035108836967804197
-0.005186369095559917
-0.01113241013655805
-0.016684646457183153
-0.02124543271906903
-0.024249915653161373
-0.026990929106034952
-0.02781402095022395
-0.025657281944317767
-0.019754189379138015
-0.013997820841697243
-0.010509977778275087
-0.010316586999925664
-0.01166439347661203
-0.010693299143560835
-0.008464603322659466
-0.005586472927622249
-0.0018884527406704094
0.0014796754757203181
0.0029644979919984694
0.00409719266417103
0.005640428683264643
0.007187488549216012
0.00801156055098085
0.024598467584031926
0.010692753975288174
0.010697394059131183
0.014231396548677057
0.01730034027879914
0.019739424882353
0.024808855577612598
0.023765226227529343
0.018541363172397737
0.025458675765910738
0.028895678856623416
0.03010127348896339
0.0313103899679348
0.03122587422381069
0.029910447097585842
0.025783035874295823
0.019628776399128547
0.010997747723395125
0.013134634235674821
0.012910813490363932
0.02059177221806143
0.04404968646917243
0.07837325580624936
0.09852596044717465
-0.006147574411831033
-0.14775227369754002
0.0814304407868114
0.09633998358392454
0.05561248642680093
0.02409119704046511
0.013362090033072755
0.013776821159088324
0.027645956212365225
0.03762205742512223
0.04221945967273724
0.047628450034873024
0.04916123697713608
0.047889158259982
0.044250510091655045
0.039908708654866704
0.03527572647297741
0.02975020913489083
0.023841481510939993
0.021152961368643464
0.017969429275037526
0.013459677136061797
0.005986063227565425
-0.0027740379970289547
0.00982074715040797
-0.004632909410546602
-0.003080104823273231
0.032414770606004915
-0.015171335835238624
-0.018254722260015722
-0.02042563610165692
-0.018948310659637552
-0.007683971477824107
0.01323952750193814
-0.01572313643421972
-0.024447158121029225
0.03218665521891469
-0.028354519173930542
-0.02810932514434004
-0.027243130141473334
-0.026640700741743895
-0.026075391271029067
-0.02502936107608882
-0.024472931106348853
-0.023710792508385647
-0.023365335652345248
-0.02441661404702003
0.04374231358745826
-0.027722952060733417
-0.018792369110281808
-0.012675550151651756
-0.007634828689288388
-0.002238035564277397
0.001073596431082252
0.005608570204063171
0.009932079569380654
0.01508533265749977
0.01963390634778787
0.03869923670676967
0.028292932815451446
0.02931520867704017
0.032080710697454405
0.03867625700272878
0.06051709263474279
0.0924412191933169
0.023903051143748397
0.06575421873829364
0.07855330430669889
0.051850807390162006
0.03870630747257375
0.033936064565119925
0.031303626346705055
0.02856155955896292
0.02515455885431278
0.02135826771797899
0.014854619529162892
0.011886746099718782
-0.0049490740421907166
-0.006925685127575439
0.0017444734793466625
0.002598427272983914
0.0002274112028639538
0.009524001688037017
0.08485710256381652
0.0211901502427842
0.02045509610889716
0.01739014813191899
0.00517262696120124
-0.006619596083181433
-0.010784585388352579
-0.017364952231637098
-0.0215989214191991
-0.01932458629277891
-0.015992245665014088
-0.016926081836626344
-0.017003727813680737
-0.019154086872637588
0.06405830208456337
-0.017103230941398696
-0.01692624703082258
-0.01704719203044938
-0.015998765996405043
-0.015561076819173719
-0.015001152108003506
-0.013835153764578174
-0.011345337115607815
-0.004863241985860845
0.011104187259976864
0.0970097777974018
0.014708436153812857
-0.005473649607734373
-0.014106168624565464
-0.01674730950778271
-0.0306659622104874
-0.015574180473440776
0.028743350845436087
0.27019560110099594
0.004613669106953446
-0.048011584166365986
-0.024247828142234897
-0.03662276628081025
0.013740548334232109
0.026635936348616114
-0.010665552790709616
-0.03602764566232434
-0.04379695395939236
-0.03368885660845087
-0.025020118092050504
-0.023917391611784234
-0.029437901077949385
-0.05252585308861234
-0.04161011695724155
0.08735061115310198
0.033132887159584984
0.0043954294788302135
-0.009203557351730018
-0.00769018675800777
-0.005214904195017321
-0.008203174921674744
-0.015305693640841488
-0.027694054902169658
-0.03239513970294303
-0.019044938159561948
-0.017497771141908543
-0.020260461573949187
-0.033224507555922975
-0.046907400435503614
0.005212901879682925
-0.01110864139367249
-0.01870601605045506
-0.017113883853702626
-0.014108450304552603
-0.013503671473379029
-0.015998189756406184
-0.018632152595137647
0.051602428301646186
-0.023171399962060867
-0.011389179274384466
0.032896102254218046
0.026327795365004274
-0.00713630267171252
-0.014363633663270719
-0.01769749091930892
-0.012392507619329557
-0.013757010126686302
-0.017661262385909118
-0.015599590290577054
-0.022689894144020888
-0.03728086953686618
-0.03091112558297113
-0.02457177691249437
0.08899184179993619
-0.02049767111368778
-0.009449252175832272
-0.01622990902947689
-0.015079621770799521
-0.017535987287851343
-0.01135942354145928
-0.008821348485018667
-0.005265948811285583
0.02858987800797941
0.023313006357852675
-0.004417942023897436
0.003934210835545626
-0.025339007891305266
-0.017669401292613667
-0.012719367793843384
0.012929131479665743
-0.008450152057801983
-0.009859987264302256
-0.009815931487256716
-0.010070412655458603
-0.005188923691252501
-0.009708807226023132
-0.00898085793926141
-0.00903753119308405
-0.010943292376203242
-0.01813762154960916
-0.05203867467992741
-0.025250764600265256
-0.014046812721260234
-0.010676568149249442
0.01246478994475953
0.013523782033731231
0.01899060543879313
0.03750797545337246
0.06306919621656719
0.000776838617392598
0.056282822580047846
0.03745507555512439
0.023488627607749914
0.01606981176341333
0.00941224186517414
0.0035482995455063887
-0.006840254748615613
-0.017156891631316548
-0.0067064313282364126
-0.009172038722417813
-0.00495930805771511
-0.0037719552375146213
-0.004148313839810945
-0.004170685873017299
-0.0034352279727177513
-0.003628500990113127
-0.0043738799838952125
-0.015334281928613299
-0.004033529655871522
0.02979722379617942
0.006835187270738028
-0.0002935149403328413
-0.0011664201000272736
-0.0012863292240571159
-0.0004933287063500493
0.009628348875584282
-0.0005154595304971129
-0.02957367219001043
-0.007074356347336653
0.04305093512292736
-0.004494681473585634
-0.01245257789310106
-0.039073555904403014
-0.04463990904246634
-0.019806862376472455
-0.004416799151725309
-0.004604110871187746
-0.006438105217575745
-0.019310659290715085
-0.009795776708356305
0.00195918936783941
0.006453191125984216
0.06005360646918317
0.061743575554295035
0.0207208970512652
0.006695755916871565
0.004534906765392668
0.001936164193157365
-0.0012213049116183334
-0.008489899884148475
-0.010129203205339884
-0.006777108918295575
0.005666917524168074
0.0383218558313765
-0.03347352085153183
0.027409898625097403
0.019985886995268508
-0.0018048869165858384
-0.005741596513525087
-0.0033613217551051646
-0.00045331468176367727
0.00017371259503386283
0.003906531661893671
0.0066103148620956795
0.004783312741108153
0.0031100614486738185
0.003125537724929676
-0.004306866925939994
0.004631447501863737
0.0030613517769793154
0.000532268113187381
-0.0075648455639962964
0.0026811605038118904
0.0016331499953827064
0.009318810172493407
-0.004159992563422851
0.035916384306816936
-0.004516022785571609
-0.0018439427992222868
0.0013670962053686669
0.0016185002320354919
-0.00011953164037284891
-0.02033308942161231
-0.005969137052189649
-0.00022279086378007158
-2.1879527749815564e-08
0.003495525124498856
0.008967238937940245
-0.04115157004177214
-0.01777038818532119
-0.013041943101089692
-0.01730672298252579
-0.025743148154501152
-0.03865267204449493
-0.05754128028299238
-0.08387113256023278
-0.10365406175216872
-0.0842755117943857
0.015879143174049447
0.007665937535818169
-0.04569339148606577
-0.10523082804115258
-0.10190862941735472
-0.0855550092808911
-0.06193483128902061
-0.040901102177986565
-0.02764584318242394
-0.02155840071198457
-0.01801253618007156
-0.015461764176987778
-0.012147244006279393
-0.012397002405267622
0.0010879738585872168
-0.0279807940031563
0.002825487485396058
-0.014543841709900985
-0.011272136200608419
-0.01378260701456853
-0.010873813736500221
-0.01399661066381702
0.0004507361271878692
0.0286397545454547
-0.028639328056916484
0.024226564027579108
0.005562422381131428
-0.005486331075998699
0.0006458406479747556
-0.002112430058001034
-0.002178644015125745
-0.0015692187261873774
-0.001309102355202992
-0.007251574944391988
-0.005210202955054429
-0.0013960256371225042
-0.0009994675418030468
0.004816058617624813
-0.00871178385062543
-0.016539651430972788
0.0018392765573114276
-0.0075282428230434555
-0.010808511229781888
-0.01898827125630041
-0.013261699896606612
-0.01620863172459543
0.0019767245785201936
-0.02284274972822955
0.0008622869243552601
-0.0006121172569233718
0.009782557075835049
-0.014202096566234014
0.013913462885471403
0.010470596245512527
-0.0010187149644606624
-0.007596418496418756
-0.016080366159998527
-0.034427194226812084
-0.024359250967149925
-0.00970538000919754
-0.012915098923201676
-0.02236964094879152
-0.030106468982642836
-0.029436413532856885
-0.047576430708179275
-0.04894358746915069
-0.014341733165953791
-0.008616911254499501
-0.004480737107685476
0.0012325431223748817
0.0018598831815998867
0.001054866620262682
-0.009110685281129356
-0.00573282930124065
-2.5044544338068045e-05
-0.005148468873524561
-0.00039966022704810165
0.0010500195452152906
0.008006282842489353
0.005331025895692395
0.0032137211129594904
-0.00095593683288296
-0.001639905404654922
-0.0028003455859012013
-0.012521072760866557
-0.0017493091762429923
-0.004125382037109501
-4.208040386803849e-05
-0.0005140859445808502
-0.0006897895171040483
-0.0010850243636517615
0.00239976262769772
-0.002126676377476585
-0.004586352705792244
-0.004209357368397549
-0.00398088849714495
-0.010040858543953377
-0.005637295980575943
-0.0031587800849882147
-0.009954411505421177
-0.00635509112157192
-0.004690167368537666
-0.004475570133088433
-0.002779664992318795
-0.003964680673335767
-0.005798394563595689
-0.006697755109923502
-0.0067666212460048844
-0.006867069999481183
-0.007237265150513701
-0.00824338530751213
-0.008144877591951821
-0.008587605042523703
-0.008698623105027907
-0.00907353830550039
-0.00985324200526827
-0.010046031107523149
-0.010181029564592953
-0.010558023512436806
-0.011002565802955423
-0.011464226608926476
-0.011774708071192422
-0.012496240939821686
-0.016648407784201364
-0.01894240273070868
-0.014213803722694757
-0.014076189850437378
-0.013416468803568497
-0.011706594977003482
-0.005040293374524087
0.011126250601498477
0.041650442220651916
0.0464652249034003
-0.02579328817954347
0.05832753342274688
0.03941148246675314
0.002703310092242845
-0.013751852020220612
-0.019041585186829708
-0.01993881603693669
-0.01930946092731142
-0.01826738525090063
-0.01746390115484685
-0.015160432263208694
-0.015118462215819344
-0.014386701547027198
-0.013326937243543514
-0.00941207936286049
-0.012620999765118157
-0.01245521673476101
-0.01162968374456176
-0.010895582634613757
-0.010124459464775555
-0.009401911580380352
-0.008488706054448536
-0.00882932707764538
-0.00861618589169838
-0.00840066400125994
-0.008167604621808251
-0.008053592835401071
-0.007725900225347392
-0.006827528308336187
-0.006401226965794719
-0.006022646977489403
-0.005631966888711078
-0.00558378420037633
-0.005679136258914585
-0.004113295159991799
-0.005401632269336336
-0.005698633887643974
-0.00433577721024446
0.0003436737322885439
-0.003563707608350629
-0.0026424741338237573
-0.0020769507398851793
-0.004235221645341249
-0.006600303893295763
-0.0025435930257737332
0.0011539207217946173
0.0033019658242483454
7.217679477904151e-05
-0.0005281120843790131
-0.0007226373423739878
-0.0013730873796068213
-0.002624804974893256
-0.004093187228117342
-0.016954200156199223
-0.012340026065867597
-0.005571673255723984
-0.004119183232815884
-0.004829687556441364
-0.007608258696301305
-0.006514314852544606
-0.006398175205297403
-0.002862778066056863
0.008484542414628038
0.0026438277637736997
-0.036040971266731586
0.013657404256454432
-0.0005239153801073931
-0.008119720052816071
-0.00575485585723798
-0.0038158354639087552
0.0009269776338760474
0.011052131282155339
0.0015020970125972251
0.0009919425523386234
0.0008365647895364239
-0.006676688832712937
-0.00046969785922816354
-0.003205384228048554
-0.000914850270267917
0.0038202202351100348
0.004477874560040916
0.0028642444384333614
-0.0019730756759907663
-0.0022986008715802438
0.0029751856799486126
-0.00485715612183484
0.001971493394103121
0.0020347447953426947
-0.004213993141809659
0.0003573130948143625
-0.00017284235829767238
-0.012311493774369388
0.0006620880240248962
-0.0008212896438011619
-0.013816146388212412
-0.014272883924658121
-0.004911424262954238
-0.04357422776569501
-0.08933232591080405
-0.082803140472369
-0.037178685953380676
-0.021487337887653588
-0.006629156949747784
-0.008429902111625434
-0.013481997045920562
-0.009392036772260814
-0.0026114841509648446
0.00016066147872963017
-0.002577901235842825
-0.012679036211437997
-0.0034252503803854748
0.004034569013519352
0.0037963500664804665
-0.01801892247936591
0.0023628760559789097
-0.00324550076517879
0.005715545183735553
0.001965445068403637
0.011016241982991285
0.013708907028932035
0.011968777746108026
0.028506314843345447
0.015216767480378257
0.01434557139441297
0.01409117902377265
0.013679261639258864
0.011996443083997542
0.008264868849035219
0.01310342540256278
0.013608875459651726
0.013892081531666446
0.013830008731471923
0.013595065154882837
0.013351667937382043
0.013531709803853561
0.003908660892813267
0.0024053264972766606
0.004046123443905861
0.0015482384429158513
0.005193466641867878
0.010321074976653933
0.011112154458130075
0.00902647173228652
0.007946404177663426
-0.010556977034824864
0.009424536558416812
0.027885553501828274
0.012604434340398587
0.011388601441380122
0.010769801808834424
0.010377213988000976
0.00749014667043894
0.009187172202910023
0.008675386564055221
0.008793786217075106
0.009638099049014812
0.013194734165181845
0.02869445332326136
0.0957506355822102
0.07808980039793904
0.020176288706404526
0.0013600177108202705
0.0026702356894226036
-0.0020950213901716696
0.0034281720493301656
0.0029005836107508713
-0.0010992964590176015
0.0005418532103450229
0.0014648459582480224
0.0010000787222456836
0.00032983682213365257
0.004219364686867671
-7.473372049668856e-05
-0.002089779806797621
0.00508962768023366
-0.0015235059724439035
-0.0034335868350809868
-0.004918275987292911
-0.005267010064062912
-0.005849318857656433
-0.006522340480344493
-0.007269886452267067
-0.008161588637746653
-0.009653999583352746
-0.010080460271415695
-0.010733636758058735
-0.011629983783080115
-0.012810629152720776
-0.016473487695268577
-0.01526006721397662
-0.012884677140292568
-0.008543949126342817
0.003488166776772852
0.02946872245929886
0.042871131300665874
-0.025590313446262305
0.04695336432108754
0.034344269835146574
-0.0019480450302653799
-0.017116119692208782
-0.02111183878315493
-0.02072349576047161
-0.019130751588435642
-0.017393060535518073
-0.01565599405279902
-0.014089028336710621
-0.012628252613230367
-0.011332137714923996
-0.01049872503116619
-0.010121865823444931
-0.008032020466665462
-0.0064366400642086805
-0.004776818925608221
-0.0033101112612872667
-0.0023905309960653254
-0.001732865904560627
0.010738014857237042
-0.002406221479613897
-0.004979566681279071
-0.012648226708811734
-0.0065031604907780614
-0.000709190732899553
-0.0005669415636259688
-0.002478881313279517
0.0011923051789533906
-0.0008871597685309231
-0.00020946244011784917
0.0004278603089025829
-0.0011726811813618178
0.003399436423782373
0.005816999775407745
0.006750087006145936
0.007263185463899074
0.008236703652800664
0.011808658799340467
0.008298211004234727
-0.0015623606559750907
0.007754360032793613
0.009923032858283621
0.010985683591853248
0.011383542272251256
0.011309074487361556
0.008959452698982533
0.012820697693066698
0.0135588190885264
0.013423901747798608
0.017931756748909882
0.016068302412323987
0.014844267181071985
0.016036501615274285
0.013662545206782074
0.006498799968699417
0.013883787539113582
0.012564056157208518
0.00933722579102783
0.011737740140642255
0.0006363003197202627
0.0014340650223462021
0.015387961708083474
0.017366560640572595
0.017931133738281136
0.016888430389139265
0.015426354418651249
0.010485886236054787
0.01794753618203431
0.018324663686432822
0.01821234834948682
0.016638795107563345
0.010149701815003371
-0.0076027923047006325
0.0025662855303908274
0.006836089955222453
0.012382786182789854
0.0020866034842635444
-0.02663408749147242
-0.02883263603214717
-0.02664917846114381
0.008985818055503247
-0.015189379850150854
-0.01859017995348998
-0.02829031811470207
-0.03240917400707576
-0.021576867862539408
-0.051597376318560775
-0.053319441520879314
-0.09506859601056444
-0.08601605396404458
-0.01795129077872042
0.005490549415375315
0.012337949838889022
0.015966416676953726
0.014919046655593848
-0.001785680089624011
0.012548233885056465
0.01812128766684623
0.01861465156879174
0.019920362955117878
0.018836605173814934
0.015544749174713065
0.012423803086281335
0.006096998913207119
0.02908118234865567
0.012963201420765265
0.015074764487418891
0.008586457200209792
0.0021202970648176557
-0.00091070842517479
0.010438665671161336
0.013902675133933784
0.004194849731795668
0.01766967713967977
0.019637578963346367
0.018483632042620483
0.02075212927047904
0.022247737957784012
0.022919032039294646
0.02325142936892449
0.022376609735041905
0.02312544173086969
0.023172602079850845
0.02403545733677047
0.026550470209929625
0.025440923849183034
0.023155881474613282
0.020986974275795392
0.01845106711573903
0.027638117741103828
0.01681081681895155
0.01822905628344294
0.012662996210878885
0.004335695384023804
0.0009086768564766681
0.016152569380912606
0.019461054509195275
0.020154061117138685
0.019613305491327105
0.0073511460420997874
0.000603719632468122
0.048361991311607185
0.009953453202341127
0.013095677718062597
0.015285925101941905
0.015172197327833424
0.014112306660213528
0.008780148452878018
0.011162469956961834
0.012514073042466035
0.012114395557433592
0.014249467328838581
0.008675223330254056
0.011387775221549011
-0.0024960546431677436
-0.0012954834309298114
0.003615555944182867
0.0028453571037075987
0.00029522475966989705
-0.0009647125547075378
0.00825507584759784
0.026498820042056524
-0.0413858673244686
0.01614908175094282
0.015269594483498879
-0.000698793192085002
0.0008572584574472467
0.004689692465695967
0.010445160158397027
0.00967563003494848
0.010353371199865414
0.0033526307767221633
0.007811257804473237
0.010703982014994243
0.013036989685022966
0.0162304830554218
0.01581880247317216
0.015552253523374016
0.013245508237068625
-0.0019194882047797528
0.011849531957115703
0.015765113162346613
0.015908601790327187
0.01626881221721764
0.0170117392486981
0.01710211914810153
0.0165297727631904
0.016852950068866026
0.016570541623185234
0.016121750439802518
0.01552287617689811
0.013846757384298022
0.014975984161968742
0.014332428388984245
0.012222739018127229
0.005307576596468587
0.010141181100159958
0.005752040149072409
0.011270043335158422
0.01237220483268163
0.012966906988070612
0.01221467944178959
0.0035862989039505138
0.007420823038661493
0.0036020565291813
0.0031582079569777133
0.005340455332585773
0.005122149595932478
0.003967536840895271
0.0027595676718213716
0.001270420060418832
-0.0006449151169354623
-0.0026538712723453263
-0.004118010576954645
-0.0009628089405587495
0.011503720244707787
-0.033760517376215174
-9.289316492134762e-05
0.006512106273687301
-0.00378615133779767
-0.005738611653629155
-0.006284925381208979
-0.00697801089606725
-0.007887978189633429
-0.008766694372723718
-0.010020594074586008
-0.012529629683881095
-0.013386869942744774
-0.01476025026070669
-0.015027302509016044
-0.011493446886103998
0.0025600617484720714
0.03497934683993629
0.046599222851891095
-0.029434490685009192
0.05227839498350467
0.029271748440740777
-0.00025065812067068456
-0.011882995209062948
-0.014649607012669666
-0.016254905747441213
-0.017506284691691763
-0.012395180599315424
-0.009270631850388365
-0.0077171241335034476
-0.00497547769252135
-0.0049150613714367755
-0.003675297523490708
-0.0026519543966691855
-0.00426245093368564
-0.0005483044118791017
0.0005974078069192963
0.0008719410521385726
0.0017495089058474022
0.0010037679788009127
-0.002162704263161307
0.0005250444186906346
0.0031219034349754776
0.0037350222894346466
0.003415434351438987
-0.0012188914567350085
0.004118438996655101
0.005924895475882704
0.005760796628723744
0.001870562430247071
0.0023172240550181876
-0.0033625453032011055
0.003513975953645484
0.0027499532586204726
0.0015423400568571743
0.0005935687805403986
-0.0019247455721098825
-0.008627563146390545
-0.022528346928352632
-0.028359324715021474
-0.028160088709027076
-0.0032257292404221215
0.003737760699232393
0.014393922564029929
0.006452215200137987
0.008370113973195174
0.008789168646737079
0.008208651364081453
0.012786365609052271
0.009452640887074641
0.00934309745001964
0.009057815615120788
0.008894953428174247
0.008216741144006265
0.006775415166929668
0.00588385016713733
0.0031221580287223625
0.006655329861886047
0.007212909011058856
0.007991586875845896
0.007861410187886993
0.005473675237139116
0.007621971494485662
0.007419834045028512
0.007355768834387458
0.0074062540203908836
0.007100050087453862
0.00687853363557703
0.00593204659118898
0.007603662227292506
0.011609888431782333
0.027983841251758557
0.14804340539623587
0.04110484661850596
0.011476421223366156
0.006589249227999092
0.005194248118241616
0.00450865268552206
0.0040067440044526
0.003463204576924363
0.0019271223576093916
0.001682500966604481
0.0024215352417888344
0.0022711855426268083
0.0019662760982958258
0.0015213031271012407
0.0013809605084575374
0.001035099833673351
0.0006017294830485318
-1.3787330121046403e-06
-0.00020320469118880087
-0.0013129283494210514
-0.0012724829272041946
-0.0016173842265701747
-0.0022177354917793414
-0.002898004597711769
-0.003860950483846904
-0.004576655724391055
-0.0055888255193880035
-0.006809634626600642
-0.008404481282205334
-0.010174864184904315
-0.012090822558676018
-0.013754054375977631
-0.01388909698653733
-0.008995400877873374
0.008045491218820392
0.03550728555821098
-0.019713298721747725
0.009564184402226004
0.03350756195467619
-0.00128021718806793
-0.01646166201660864
-0.019298535653401293
-0.01691316865395542
-0.014407211323803617
-0.012524381467733126
-0.01163993605218329
-0.012098683375282783
-0.013056870185445029
-0.014426164527189186
-0.013083973309468944
-0.0007606395208642983
0.030609525644339775
-0.02108887536807637
0.021739536023739955
0.026706023803723767
-0.007281490609817328
-0.016566482419770663
-0.015492367328169289
-0.00896907927835432
0.02711764061994255
0.094019228181348
0.009681128138449093
-0.0014557077868685789
-0.00301136222046057
-0.002984723998650279
-0.0026867181174665246
-0.0025497241126257175
-0.0019439858176870815
-0.0013699587807880678
-0.0010180462054957314
-0.0007562117551752809
-0.0005818689829928915
-0.0005004116211309384
-0.0005370441732532431
-0.0012341404380454913
-0.012026026760237106
-0.021690918396809252
-0.003184469835978574
-0.0006033932410847805
-0.0006726126456151969
-0.0008283163720117562
-0.0011509992128199424
-0.0017076574026747943
-0.0025301363017498604
-0.003679756826958641
-0.00511592746286325
-0.007360785714533099
-0.009351223491669192
-0.01246526665225621
-0.012358490233613741
-0.0054630957833853395
-0.00013043228065430778
-0.06730260426287298
-0.015166310463897867
-0.008838228961557176
-0.014589416010171432
-0.013150397760367595
-0.01906310489793791
-0.014284260860152314
-0.007943063754501321
0.014672320435801555
0.028874468480323285
-0.04170440109477184
0.03888400913067555
0.010283794863318596
-0.013359703710697939
-0.01871168983230833
-0.01724343507315481
-0.014337809152158805
-0.0119300779452984
-0.009221875913339377
-0.006919329303924402
-0.005540748302133905
-0.003902374612998754
-0.0031773411801725173
-0.002124594128254312
-0.0008136028014911799
0.0021272746484003397
0.019336622010997086
0.11286192571644281
0.009878667030397413
0.0006293471553693106
0.001802403708120507
0.0019994976985313368
0.0021673056515215524
0.002390193603256412
0.0023269429570144926
-0.000437520885410724
-0.007197381282895963
0.0015731887597768492
0.002788180046559054
0.0032807238550628197
0.003001449575382203
0.0031156542045911667
0.0021075156078172413
0.0021634017529478236
0.0009659798011124115
-0.002202083539324078
-0.001903589672774265
-0.0026573159672585445
-0.002838720894121828
-0.005390825141962052
-0.008606139916628711
-0.011271417124585233
-0.00789329496408939
0.012817371065973068
0.008771487152762818
-0.024924878409236892
0.026790014044375116
-0.00738042345352781
-0.01676817816157077
-0.01517676333491035
-0.012265796187654592
-0.010822183363029602
-0.006411401454805131
-0.00510518440851531
-0.00665996426715199
-0.006735130808002263
-0.007214356416190509
-0.0089641124773948
-0.010825835726410962
-0.01202167779036678
-0.014419718814515562
-0.015491200223971985
-0.013194141656151277
-0.0016792974844686674
0.025851520730413156
0.02241527617836932
-0.03748492047036043
0.042419674675314434
0.013353023241465048
-0.010515173465269945
-0.017621872287328536
-0.01773437072774253
-0.015844104299166516
-0.013319222490815151
-0.011108981715398527
-0.009120641419264879
-0.007529607869540763
-0.005963613312762792
-0.0046867132584688075
-0.0035687254513589624
-0.002601231180207301
-0.001852379103914743
-0.0020622695811836826
-0.001636474349553661
0.0002268385059678483
0.0009646747379984838
0.0010537437670841716
0.0019173772046815116
0.0026760110704908725
0.002713260293370717
0.0011621919215964388
0.0035273201005682395
0.0033908885552523483
0.002352927373224956
0.004454465455546572
0.005212859268412752
0.0056907847799641965
0.005023066391551723
0.006200093053364936
0.0065713150615779245
0.006614350693784813
0.005810655341207721
0.0019552290517656054
0.005617961861890421
0.008967040581033942
0.005465743142457503
0.00556339055880245
0.0007217186444893967
0.0025194728978687126
0.0038554603041957855
0.0027168340378251883
0.0009638476788974113
-0.0007881973729144458
-0.001107140161415261
-0.0004798262453888295
-0.029445454373165567
-0.0031043242323017767
0.0018299684341900415
-0.000823876921566753
-0.0048614251084984
0.00022135921806386337
0.0014247672068071543
0.003052684774162068
0.004458071072344508
0.0019051912824210977
0.0034262625588547158
0.004068245723423585
0.0023195066120818555
-0.005073062664865931
-0.008632685980234365
-0.0006860628115174947
0.003978056604122398
0.005924453385037856
-0.019951826722492037
-0.00976585068977481
0.0025030016501704005
0.00342611546969853
0.003759946742603297
0.004539167393719551
0.005542896711388942
0.006367126547308182
0.006648107023356782
0.0055972071995416765
-0.003444375436932087
0.006056469877740266
0.002719403464376913
0.011824941651937567
0.008334440343631233
0.008776542450794383
0.009590050998643086
0.009923239761159226
0.009863252390695524
0.008971205256535171
0.007227679342736519
0.0028739154013353
-0.0015894501552641462
-0.008327883774645878
-0.013641232760293321
-0.005921248993169222
-0.06762602432055778
-0.005613439194215827
-0.011314363207079481
-0.010946535322901076
-0.0038876359763316457
0.0024664709343180185
0.0063913038798169685
0.008486776433414178
0.009019154290176733
0.0038726779220869803
0.0061988575440663505
0.010132673436994867
0.01101521944415902
0.011439346951012803
0.011550244729270834
0.011778537805656368
0.012109630216402894
0.012243593024122637
0.010149971422058387
0.00780084260430216
0.01091325785156469
0.010230930363020174
0.010203326273006366
-0.006279428128335972
0.011686628426583315
0.011689772334419419
0.011683178483491664
0.012509909235294518
0.012813644183875636
0.012818209860150353
0.012294216768886737
0.009180354116859921
0.005294851676079652
0.01026302433259446
0.0069626629442044
0.006237856519189511
0.012149533439460736
0.01317299773250858
0.013380615950434969
0.012996945565251501
0.013496376380442142
0.011014827834587355
0.013415280423076777
0.013230810676904573
0.01379804293590734
0.013541996202455992
0.012691425442692255
0.007420938361361526
0.011748087709126208
0.013643521884939627
0.013984945964909198
0.013807268191949627
0.014036179726656066
0.014012493408910337
0.01401494006955966
0.012520257862584443
0.012865272046032538
0.013244319555754105
0.013272835524206661
0.012049728548623904
0.013687986264166773
0.013979481969649413
0.013867516564513955
0.011959934298491934
0.014786375249370836
0.014282006284524154
0.01407582276772107
0.013666802475314774
0.01233355447451178
0.010313341460584146
0.011492010799582019
0.011507744642250134
0.010657362436854806
0.009334030559434109
0.009075841509952024
0.006723502136632111
0.0015872250098729517
0.0053927521824944265
0.007219056634321492
0.0055634257828914005
0.0013304794689195396
-0.003373829067813736
-0.0035223795307632263
-0.005818613490962003
-0.0024301623375130054
-0.014670198420456287
-0.017739952905421172
-0.006688061669319315
-0.0247423247577694
-0.04829928161274869
3.1143688004437685e-05
-0.0208483444581383
-0.024526914591178024
-0.018473129760356026
-0.01126779869295632
-0.0050469655174509255
-0.0004584692460088379
0.003322746631429306
0.006052305418873745
0.008171831418222681
0.009533355582117814
0.010910544929870768
0.011921103566131144
0.01242075363825289
0.01298656371515193
0.013435067937292103
0.013754892623907505
0.013927219638330057
0.01345759460038391
0.013379709027524153
0.011204570291395098
0.012564879122255169
0.013479340610939488
0.013132078367423042
0.012857725230854792
0.011895671201912922
0.01055406440583944
0.008090020691243626
-0.005243113781855255
-0.04120215785795402
0.005798652890040984
0.009108367651567008
0.0072561203223968015
0.006627737824819241
0.010214710911616333
0.011225942484444243
0.011304589418340626
0.011378932226820918
0.011367333429738648
0.011542487637012263
0.011755255912409748
0.01157776252528204
0.011226040514351596
0.01065899329156708
0.008706074849343088
0.006391659130708181
0.008449065974894553
0.009001611033827628
0.008322985644232268
0.006491012003190625
0.004449173158113883
-0.0003565643705672183
-0.010323409979095515
-0.029291456906335306
-0.05540770616483561
-0.04230713996908759
-0.040157543970851375
-0.022209497624574043
-0.007636974112977411
-0.0004449851339081413
0.00339372657403654
0.005315005348377747
0.006938519813774946
0.00753589308927925
0.008024340939330769
0.008481169489123471
0.008686689615537955
0.008793859269689052
0.008673565451876013
0.007227669684398099
0.010765088910054246
0.007184581657789384
0.008599329460982944
0.00890376035704578
0.008012707460967584
0.008627561263532849
0.012154674649092779
0.007048408775551149
0.004336220286888358
-0.01190485631397177
-0.02503498693850597
-0.0072868556553691444
0.0032518286300161374
0.006987634188987409
0.006740450600813278
0.010141357314290826
0.00742034877605895
0.008050924137689012
0.008478269625329536
0.008763228401884862
0.008865698462599056
0.008820725046023383
0.008420784051861006
0.0048131912033276695
0.00505875320142877
-0.0028168516724004122
0.0035883799928152255
0.0077362871210169
0.008388119506237584
0.0078877789759638
0.007338432619281199
1.061497660277341e-05
0.00729803914958191
0.007058917135217535
0.002541687722490039
-0.0015468648612932858
0.0063368222425191295
0.0068359888014675185
0.00685521040660248
0.005789174184081949
0.001138305216783427
-0.007121345898462925
0.017226499363201527
0.08505368670646449
0.036096693454963275
0.008812272586544169
0.005842281621864933
0.005579818814040019
0.005285422915384825
0.004074947226290809
0.0026201572860069374
0.003395034151527198
0.003948889806475546
0.003427792518062168
0.002382878426473269
0.0015362938680655216
0.0003479381522001722
-0.0001405287769554963
0.0027145824240465315
0.000570911337389511
-0.05140633789457144
0.0020258357372581097
0.002320862250132453
-0.00034667720785360785
4.888692304149509e-05
0.0013869063840178482
0.0031029584353517237
0.008599949424822674
0.0043091160105261745
0.00454877741455092
0.004863933083397292
0.005065752587282084
0.005015083106611954
0.004988748165760162
0.004032795771618041
-0.0010653893552392667
0.001957548093795655
0.004083871508931295
0.005118822753177896
0.005147186796574856
0.005353252668604814
0.005167205541764933
0.004185453377972613
0.004659709559718922
0.003500807946579305
0.005244942173446153
0.0033564259137837784
0.003959544705664255
0.003919021151343138
0.004021997645848856
0.00504795165404784
0.006777281030543418
-0.007569318826833443
0.003658048811038422
0.004901248835581275
0.0013211229660116243
-0.0002793099390802089
-0.001902173649655922
-0.00458075884393638
-0.01480172313399483
-0.01740727289318434
3.7440733240712316e-05
0.0018290261863865265
0.002204969779583386
0.002127991203456843
0.001907776867769817
0.0014413846693928957
0.0007973782012481243
0.00011065289857953307
-0.00036479125637234794
-0.0029332312222325723
-0.002491542073497711
-0.004087360407770191
-0.005910342751582703
-0.008459680928202588
-0.011540667071130512
-0.014557833521143563
-0.014150617044694162
-0.0024143099568300175
0.020840971922498022
-0.04182439020418661
0.013113379944891071
0.009716120720133265
-0.014690802340219022
-0.02001153645468644
-0.01653537556929896
-0.011867994546027464
-0.008192701655021417
-0.0054416549978379995
-0.00345564335094066
-0.0019250610518159947
-0.0012268192124044442
-0.0006886434907204628
-0.00040772080076245215
-0.00039884303964380665
-0.0018294756239496015
-0.0006273508708242905
-0.00031503479272850107
-0.00040603289688131413
-0.0006152830972584902
-0.0007296182429015232
-0.0010612709691914354
-0.0018870100169792244
-0.007325307413547315
-0.0054628168477636975
-0.002007789548171851
-0.0017928615220161191
-0.00198266038975402
-0.002282416224641451
-0.0030472009163040603
-0.004493613431749298
-0.017098560525299872
-0.017576990923722818
-0.004002544372685412
-0.00316201430209392
-0.003475690986900653
-0.0036848549057409185
-0.0039501578329922
-0.0043161211038152125
-0.0047860202003204705
-0.005656065851445233
-0.004869550792025483
-0.004629938407391591
-0.005039104052553372
-0.006884846674327982
-0.006692170122021273
-0.005998904941291633
-0.006497531954827417
-0.006631530019797576
-0.007069373266966351
-0.007702355397724117
-0.008617065957628707
-0.00988564812459621
-0.013162840357231205
-0.016449492336019132
-0.012641606534723716
-0.006814718679311928
0.011291946760627674
0.024124818345217406
-0.02999897155907375
0.021932261582388743
0.006722555917513461
-0.011384800747278254
-0.015317798881018805
-0.012728927564305936
-0.0014294219639080904
0.025605710919320412
0.03380142074157927
-0.035671651362951015
0.04821143081383902
0.023177204771881097
-0.0064470621526688966
-0.016932644627442702
-0.018806836160867948
-0.01789745761783083
-0.016169685431581236
-0.014534414685406616
-0.013079320697138788
-0.011782671850512851
-0.010814138633662694
-0.009727791021949131
-0.008892024908329873
-0.00825696920185635
-0.0077315387723328995
-0.006961025308394064
-0.0064515892064933465
-0.006026641246143879
-0.005558305335533978
-0.005169115576344643
-0.004826676290399036
-0.004696969636598639
-0.004563198912525913
-0.00383757483652831
-0.003650636893402803
-0.0033872665822183463
-0.0031947738578190343
-0.0030406380800482163
-0.003015909532733936
-0.0031239480200767455
-0.0034098306286655697
-0.0033783324669622752
-0.0036512831615609035
-0.004119275618755701
-0.004900450613224893
-0.005638010703419572
-0.006716104406750897
-0.008153831662147453
-0.009979771093620644
-0.012205248361766967
-0.014668208557424145
-0.016540576004064333
-0.015957598924905413
-0.005884429361533431
0.02589655705398104
0.028371879233903188
-0.030978682442528292
0.040996407400662134
0.008722679003185777
-0.011290216157623177
-0.015723615036282574
-0.015059248553635201
-0.01295885403397129
-0.010759849356558042
-0.008870850583770186
-0.007215085650708742
-0.0060600978696520175
-0.005051614843744606
-0.0042770076294222185
-0.0036965201055504885
-0.003202700775567868
-0.0027740643049196816
-0.002497095826378727
-0.0023173418962166683
-0.002211316226993411
-0.0021899299479136596
-0.0021866053433531782
-0.0021360319922686206
-0.0022037064612491736
-0.0023795597763824334
-0.002557372013560717
-0.003088595374927751
-0.0039766598627243785
-0.00317063867752331
-0.0036173268527836416
-0.00377770153761778
-0.0037679190521100214
-0.003937856360921414
-0.0037093885410920983
0.00013903487270462613
0.050416024380260945
0.010929256836469142
-0.002336020876787463
-0.004929697569960563
-0.003470986441955923
-0.00421290345147775
-0.005358387821714157
-0.00823659609089755
-0.013473441142142906
-0.0171329844627769
-0.018365661303673654
-0.07834561658301184
-0.021966290435468
-0.02158285554233482
-0.016064835422474645
-0.03139031418280927
-0.008515504826884136
-0.0012174667560050183
0.0010142280083863472
0.0017441912442484986
0.00034653903450193065
-0.001370087223509088
0.0015996071995773664
0.0016308332218643523
0.001499669954517022
0.0001655234783660817
0.0011192907401272078
0.0023552856466319996
0.0016956400690916894
0.003972251870197589
0.005029917174938791
0.006084642771763645
0.006730793655711915
0.00809425798476953
0.009583695519616024
0.010591219001068502
0.011038719363052781
0.010427982960033267
0.00816089610948516
0.003393177135894539
-0.004741157226183638
-0.01617570206113304
-0.027186423519858574
-0.05080853330699004
-0.09023972983938144
-0.027925561111387776
-0.07394829138971057
-0.040075075931965735
-0.019813609434202926
-0.01218919678124478
-0.0024485069556718195
0.006110377640653531
0.011940247954452404
0.014742271548482252
0.015661280078446322
0.015422561913515638
0.014098273047988405
0.011811241744743082
0.010394746683418905
0.010353171206748326
0.012270529154379648
0.04577934396864539
0.03183082409935718
0.0017906512207575874
-0.013136398941093511
-0.032374609234397715
-0.007795561568489924
-0.0067161035708242665
-0.004742962986905227
0.0010446824990223665
0.002127935714208528
0.002848412178345239
0.0029413613065819182
0.0029838638991687362
0.0028743259942042793
0.0017788804335026557
-0.0018067524738705682
0.0022599008541255034
0.003494572787204136
0.0038673553917607222
0.004075047532974576
0.004049655959526978
0.00277169449343691
0.00039550871288311374
0.004661310703876294
0.0053082714293080325
0.005775853591232028
0.006007732212696811
0.005059668866902554
-0.00045113483991259873
0.004460324525380239
0.006309104238463763
0.006756827260104277
0.007943577472463197
0.008930608442915943
0.009305348809917261
0.009417794342321949
0.008917516320140812
0.009780245132134626
0.009616966335531945
0.010903876472547272
0.009381633689924741
0.0114822408895468
0.011160493635843894
0.011991805348008323
0.011844945481893462
0.010997685210707129
0.009980580310875826
0.007795124402051728
0.006263383373314995
0.002946262366697376
-0.0018531138009101578
-0.008398174303998316
-0.01628770902627531
-0.022083421942180784
-0.015526701679424743
-0.018713438985081963
-0.06239216735646899
-0.008317930252564706
-0.004287343421346923
-0.019284841921608925
-0.012386003308476423
-0.0050701704782772665
0.0006587687810056322
0.005414513449430063
0.007050988400738662
0.008832943324137246
0.009792189181281039
0.009980591428152287
0.004381658965314671
-0.008914478778727744
0.007463733163821685
0.008272012713770574
0.01120358938657436
-0.012802223030035026
0.011074433270586102
0.006104184583885383
0.005306665742913601
0.004956041339582869
0.0041646832408395165
0.002597948785806152
-0.0022018229520373105
-0.013424819372594675
-0.03236541985871114
-0.014596876803284073
-0.0021702139074734127
-0.001203287580098425
0.0010394817418051534
0.0006044482201235387
0.0005086382521276193
-0.00017513185929490276
-0.001981881859388859
-0.0005463456124150208
-0.0008296240440763278
-0.002025357760564996
-0.0038668227615540306
-0.0035547807250818114
-0.0038908354033794757
-0.006014072434154342
-0.006618780375744317
-0.00822047911330053
-0.010507585024375958
-0.01334293894691933
-0.016528215118603265
-0.018969516285008592
-0.01659178089407329
-0.0006168198479808893
0.012179283085177219
-0.025615541709673617
-0.002923293640559125
0.009489158403863152
-0.014915677891881503
-0.0213521371339906
-0.019823814912802284
-0.016297413218283513
-0.013049355265793447
-0.010935488483703276
-0.00839475216259171
-0.006742082732939915
-0.005107577741285915
-0.004310609655332336
-0.003348015875271983
-0.0025598799585924824
-0.0030454306709606586
-0.0022131277089597477
-0.0009184726113190982
-0.00043535577599075414
-0.00016811769606184864
-4.1818005017998175e-05
-0.00020542621015615507
-0.0016014195622317349
-0.004989186014692952
-0.006394541642945569
-0.020502470526838443
-0.0062239699430420604
-0.0020688876455382393
-0.001603195645721117
-0.0036002155566726645
-0.00674170402261533
-0.021425438661881867
-0.012707400416003925
-0.008450263006657561
-0.003924767789780639
-0.0022106119329480143
-0.00024145555111710793
-0.00015132847098544934
-0.0001540228010720188
-0.0026508254944210418
-0.005406185742599156
-0.007073232473127421
-0.0024718528229702797
-0.0022585783645949088
-0.002320545944697672
-0.004436587045201221
-0.01941062443162667
-0.02533992774020055
-0.010584893611706461
-0.0061137547046468226
-0.004517055359865975
-0.0008013542308174277
-0.00932126282903688
-0.008897213669194982
-0.00481579483836101
-0.00954165824893338
-0.012432893158285113
-0.003794971236334204
-0.005648308548714035
-0.0022839433176332405
-0.0006201942721286787
-0.00018242277768329895
-0.0010381793007374215
-0.006435413018826826
-0.0022943682780440563
-0.003275416959567633
-0.018870569395399175
-0.02903024571924775
-0.008330266441662862
-0.0017341297718231913
-0.0013508736126474881
-0.0015027592549109864
-0.009784872146802055
-0.0017805889795452412
-0.002571608044655795
-0.00729226700849313
-0.0051350338169685586
-0.0024588326599360552
-0.0023292678690243394
-0.002547356290964944
-0.0028603634617530176
-0.0032669533494734783
