0.00016242200382891674
-0.01554221237291913
-0.0630776324211564
-0.006304295474572339
0.03700475509174667
0.025462976493041047
0.00014007019823535804
0.0011823671861427101
-0.008162129063971228
-0.026527910800322723
-0.029506290545793092
-0.005430536113315438
-0.006668892777858674
0.020500932885911895
0.03447681030211568
0.031683664379558225
0.010948592829076245
-0.011643930567179295
-0.01910471136732599
-0.0014972660246670574
0.005154579762386361
0.005316494480625638
-0.037062044840151076
0.047892867633417595
-0.02108166121531797
0.009274872317875408
0.00737609524869141
-0.0030608039953017984
-0.006792097910504407
-0.0010279978798851523
0.023447131850276394
-0.01533264034503279
-0.02193444874094056
-0.02554677204991514
-0.025847743376672665
-0.022908850054486535
-0.028680259470747912
-0.010421145120765024
0.003923326169623111
0.0035031685655199916
0.011357751170042275
0.019532065349570398
0.02734547647255984
0.036226898930026126
0.03611439067815574
0.035753203888584786
0.029825552627790304
0.018614028137623227
-0.0006091510880991144
-0.026941620282469585
-0.04153883115639091
0.015897592865498765
0.016839381601437393
-0.07349540642276005
-0.08956127456943883
0.00227221951916797
0.10194402849584651
0.10446078958591139
-0.03069953082056809
0.004937487929143779
-0.12268784633917819
0.06721535360076568
0.07070731787480372
0.0329239615522779
-0.06003005607480429
-0.04894217218273994
0.10557903101349356
0.14426145362496717
-0.00024412720283509569
-0.08130797752651732
-0.07076316715400456
-0.04533736777653979
-0.025087059748578725
-0.012871228421132636
-0.006878605686618208
-0.0022221391288174516
-0.004196038229996473
-0.0024573698805408096
0.0019756312438154954
-0.004472139360818982
0.0222903651947208
0.017863619044520537
0.023351901139512892
0.010151956892303254
0.0012789448734752908
-0.0032220037641894662
-0.004439564429048058
-0.0036102727069024683
-0.007324699586085126
-0.006240305842030056
-0.010003341040586446
-0.012447594451149279
-0.010638929844664574
-0.007519026269826198
0.11175717528350235
-0.0022941970678054206
0.0423221489256818
-0.011280508478904133
-0.015785950522591734
-0.016425125047277427
-0.007468690587444719
-0.005408048662748625
0.04462608845790629
-0.014808241219214357
0.02043663708832326
-0.025395104772573028
-0.02638481434821354
-0.023353845897835818
-0.017725176686543595
-0.013750325027397653
-0.02420904033413641
-0.021486213293746628
-0.04516444804782616
-0.0502188233177142
-0.026221807417484783
-0.027931020842440004
0.059898114262227097
0.003775814542737668
-0.0058630844155299474
-0.00042458829556084435
-0.031635045374466556
0.040554692541339685
0.07152511003398809
0.013930455230712879
-0.020308941401780606
-0.0009407559246756314
0.04632528761125153
0.06761028652236806
0.05920764757208385
0.03921291263958105
0.019846405076485277
0.002693303403031009
-0.017602521856049495
-0.03034485255744008
-0.04059879805265259
-0.03999375048051529
-0.038982138881209244
-0.008666671570371447
-0.033076892250437195
-0.024740685987523013
-0.01863963011127492
-0.009340293628093495
0.07249861574272212
-0.018249109701411324
-0.018882648662260755
0.08151167210732843
0.0012194870430914542
0.003208588545153132
-0.006127767734543206
0.011137863342079238
-0.002522702647712301
-0.008493237869791637
0.006929814707874634
0.002933986107625145
0.030810218536773196
0.006678884324293608
0.00648972761295957
0.016766385936343584
0.018838913232016162
0.019502193506000784
0.02106768899802531
0.022642880370111928
0.02463635216350576
0.02239958332750412
0.002887341827328176
0.014475896736996787
0.01415894309259737
-0.014230548435219294
0.00813385885189154
-0.011060181507197534
-0.0023917061127761052
-0.006492081145257033
-0.011343016010812449
-0.013442427695667301
-0.018098305942010277
-0.017974898764306243
-0.022334697287750577
-0.010603459081729737
-0.005494729657200619
0.006260729960610975
0.03020937232344218
0.027340752935385036
0.013598989786569843
-0.017467219761898363
0.050208505531597336
0.021915558994069943
0.035940062861506125
0.024081915143618505
0.011031970701639368
0.004435125710498719
0.002797375295772181
0.0030234422626705605
0.0029039144163199083
0.006913507425752903
-0.016609789190069026
-0.007946352035354187
-0.01413956498613635
0.0014250388408224627
0.015432232482376903
0.013667826092326982
0.01670074687696943
-0.02572015774109921
0.01758368788152266
-0.028968020422978913
-0.011235400149816456
0.01104252714384626
-0.009654410990312081
-0.0008792705378260203
-0.017554472602456198
0.013451258789388937
-0.023430942793645545
-4.842237367359415e-05
0.0012632607932217077
0.0033790541658513863
-0.016646586133408303
0.016751701708837694
-0.022020548153406885
-0.0012303606045149052
-0.006698678607967154
-0.002489428851502738
-0.005479944360128681
-0.0028497181313025827
-0.0021172946620312528
-0.0018567883331747702
-0.0036598160709874024
-0.018153713536101065
-0.09799723958543398
-0.006611569265546592
0.008631249879494568
0.0037867100872138377
-0.011467840856436061
0.012510330150190286
-0.031295781415601485
0.03668379581481035
0.05103367724095045
0.0008473716176580071
0.025294595161715595
-0.04138353905558179
-0.02006324341601431
0.0007476604265617902
0.008068776130841875
0.02021998496357492
0.02498957992463318
-0.047711628830501916
-0.016328157344377633
0.0316634438592418
0.04968539761979789
0.01591400488909009
-0.004472029982642828
-0.07743780377866323
-0.10882066175605602
-0.034641285936416855
0.02552767762189776
0.02301952658969723
0.017053414629923415
-0.008505917022909665
0.014230189403260539
0.0015570227665599595
-0.03893051951546035
0.019458576875520148
-0.0012258182169472452
0.02320237122044238
0.012862890741974836
-0.050288764159768067
-0.010218779198022457
-0.010228562844846557
-0.027668920528887017
0.0256612956230304
-0.019388911019339455
0.009247086236682342
0.01841782171134575
0.005325134689452632
-0.015216197128461569
0.09483467753169872
-0.02254309740298401
0.0024055870946791194
-0.009329415978423919
-0.01894790654310189
0.007370132263461084
0.00948791489607408
-0.013321872489601169
-0.02688462630061482
0.008304439242902865
0.011516497801240937
0.02457484239655158
-0.006705683886234733
-0.08110384741367131
-0.03401407674759456
-0.011428030804928048
0.08158697640199167
-0.011283582674305973
-0.04259619879195085
0.003055556708051844
-0.007761232416636387
-0.004577536974463905
0.012784627789376207
0.01846958477751521
0.018473924713145882
0.031184903042796155
0.03460247290520102
0.016685664577617693
-0.016138469262150346
-0.024422425503654335
-0.014520911501562213
-0.001008643011113798
0.008148383429932795
0.021587774782212948
0.019171374884204073
0.017636536689404476
0.01175503287672307
-0.02766802091304798
0.008604533818506108
0.01564906506873935
0.015808218126857957
0.006718837772385558
-0.022110335290892364
-0.02996705054303857
-0.02635371270291926
-0.015156198531117226
-0.03487879122082959
-0.02099459298542684
-0.023832848898478306
-0.017975623381886994
-0.007626944299373126
0.017797069970423376
-0.03321008826531509
0.046474739247356865
0.022314203399657798
-0.021735976029521833
-0.034001251382582406
-0.028801148936441992
-0.026437112529312034
-0.040391992699403224
-0.015821555529925688
-0.023300022423727855
0.0026913903247215566
-0.0013008037876208992
0.007204084324881511
0.010911467638490767
0.012787165840878736
0.014723700427522069
0.015005708694240207
0.009690609018324555
0.011092889554244752
0.007278937749323902
0.0011157058339195689
0.0195368726202046
0.02140280251249912
0.021610643956294334
0.023895215575260708
0.027609834659861363
0.026119376356720035
0.0334684034414707
0.0088127683427053
0.013427036243090478
-0.08697652109867651
0.022886122271267146
0.01122004402923806
0.009485934801859837
-0.005147184060172914
0.011075829937532993
0.025931924773184983
0.03389126343632052
0.011449811682456623
0.017270906523388113
0.007456547220132132
0.00640032045421168
0.019180627372990543
-0.015369006538403176
-0.018579216767756722
-0.011385061687406363
-0.05172678691625307
-0.009026659573377335
0.0019508137135214982
0.007294501107714115
0.027878238048604186
0.01995584736848179
0.015797111516310813
-0.03206029661947461
-0.09418914888712925
-0.004689660974880621
-0.039643660763699455
-0.05908908119523991
0.005892570166482977
0.016222046958779858
0.012281862581025317
0.0053316989945536965
0.011161721276606137
-0.0029187275554954095
-0.003019115983673331
0.010331905824740384
0.0016892463938267758
-0.015825334495467105
0.005915931029102019
-0.003716445608412239
-0.011961791224424985
-0.004036797390455667
-0.0423824003939631
0.007098143934030264
0.006664887999246675
-0.015814270932090497
0.03589237130524525
0.005632856578626679
0.00021052280239966574
0.016854074426399468
0.020319054116199574
0.022477439647579256
0.01589599813453146
0.04016889302406343
0.0033598537638082444
0.025119474694022516
0.02931881287656534
0.028527692628036595
-0.04452619178457154
0.06224730956960238
0.01821301025736123
0.03747693566371117
0.03472825348675518
0.028854059131732
0.021298452535615225
0.007536413379777218
-0.024580398764717192
-0.02876586218985085
0.015142691640960906
-0.031092948518604238
-0.0010668929830425628
0.05018355606059604
-0.00437415789177985
-0.024734795249319024
-0.019825682938798595
0.002835061527119285
-0.0018364006509502119
-0.0037728286719994147
-0.011056056778848189
-0.020145770660556537
-0.030815901431534655
-0.05013441593450715
-0.0262153087812438
-0.020191144987191625
-0.11466621309814232
-0.005042156733617676
-0.006385136184039859
-0.03145722838049516
0.025666151144021706
-0.005214764546772024
0.010952098722855852
0.007750857454536827
-0.00021704462275666696
-0.054026737222654685
0.010050259966669707
0.006459268531064589
0.004056745756554104
-0.0023531226556934444
-0.009741795049056876
-0.010377504682576132
-0.006129083395542482
-0.010791684357611851
0.006776095703618763
-0.006306765136980246
3.035087329492592e-06
0.006323459798366925
0.003269492032892165
0.005954979666842505
0.01689072879691106
-0.0031221232335994346
0.0036127953279851657
0.003641887943799798
0.006977322001384954
0.08043485360994415
-0.044744918670006274
-0.004716431599164055
0.03612625841150323
-0.014331045728220254
-0.018649462494401043
0.04133178015518774
-0.06416219703944426
0.01514354699467221
-0.02573622120539546
-0.003902006198980614
-0.0016886488056555265
-0.01770198587974212
0.016502645831242967
0.006103349202976115
-0.0013551447256565765
-0.015152599121650753
-0.044097382739433685
-0.04845641212778421
0.04014174197627703
0.04019213740017826
-0.12137982466252092
-0.09813598134443446
-0.037389754577415016
-0.016721319770229434
0.004603848636967361
0.012005182585767066
0.010426514942555217
0.03234536939545751
-0.015321493952124392
-0.004980533790376789
0.02663512968390399
0.016248147971833868
0.0212978801482702
0.02583301354213575
0.018368678105992662
0.015460951449751058
0.016206760661091866
0.01680187179372999
0.007909270542237416
0.044821853426858155
0.028258142499406405
0.03457990857097246
0.0204553793965769
0.016341682672765354
0.01745558002244026
0.01715127760457102
0.040369025165191266
0.014793231509514199
0.022175180910395074
0.01602370142010459
0.010412874322165108
0.022118444096178084
0.006481260543370446
0.008016072863024587
0.02669880841967156
0.009472193089574397
0.014616158491577528
0.016492149983227414
0.019895901539245676
0.0179612266883889
0.013070081146400483
0.013152441769055813
0.011613912157233213
0.011565071710676158
0.010768169968463307
0.012841199438645493
0.008489776711200494
0.00837341996647843
0.00800369044861976
0.00690573576503755
0.006868879941170041
0.005099760586668667
0.003757077352556248
0.002506471584038461
0.0010576943986890367
-0.0004889390721531946
0.0007625493017044752
0.0028159811172525887
0.0182717145643935
0.01041155017857732
0.0023583979971885795
-0.004681787172482739
0.00344459180546987
0.007721569345863165
0.019657531581884304
0.02386180282407345
-0.011364534235298377
-0.015596948587227091
0.016123279559375606
0.004251468197364508
-0.013433361743810778
0.024972215705025835
0.01814367086314054
0.006501740872643904
0.0006918726167987786
-0.0006454957373986049
0.00013192521431679355
0.004114068159163451
0.00770098918438396
0.006108302619416934
0.007441272194872753
0.009951242355689473
0.07721235422155807
0.0101064032470646
0.01208452108046405
0.013168281017057703
0.013922579314261
0.01647226741111548
0.018199932761365376
0.01745638761500769
0.016307599569861633
0.016236741366387603
0.015249839095823815
0.024930997195408717
0.014983600995472256
0.014784132644108841
0.01615214677992007
0.016456049482883473
0.01647430115071064
0.016472656581728605
0.01559719762294523
0.015463185732927926
0.04451505127550497
0.011743529723431836
0.014908816059587656
0.011507220437786835
0.010016306638994438
0.011348786607361506
0.012734251673665414
0.014467836062377183
0.03019461180538865
0.021903869445241652
0.028164469613394104
0.017481407437704027
0.01744660158475432
0.015030853221443924
0.014616733249146766
0.014457991764180262
0.01329393597619547
0.013084310932995249
0.002715663329685282
0.019216366287747973
0.016523483995951372
0.005953864624970769
0.013054865467690989
0.012391264544931491
0.016811911187332267
0.010665698683067677
0.004816623690670878
0.0059080713396127684
0.020093545475507103
0.05614561930274372
-0.001624174901947932
0.03259389683697382
0.009484583621870275
0.011346456912279068
0.003290752767726282
0.00710058311622977
0.016053074293958667
0.01775375200823499
0.013927085762980875
0.010584867939984702
0.005725106638049578
0.01007056789801813
-0.0045213133976540285
-0.0036893764813170863
-0.0058178729986031325
0.001330733378259734
0.0021411435559061357
-0.008703388306892105
-0.045344880386803996
-0.029378364072601824
-0.009272126245792591
0.00905888016668351
-0.01383280172474122
-0.010106455132452874
0.011007742976411567
-0.011165375160482854
-0.015263234477406466
0.006702187031768728
-0.002083040374723423
0.0004398597517008706
0.01249237658690646
0.014032075560357926
-0.005047641367065318
0.0062214907892501935
-0.0006944023105158848
0.02651513483747766
-0.05441793591850015
0.06860029347535036
0.0002360043579790695
-0.013892986615508035
0.00690084387409615
0.01020450622283425
0.01542850524453892
0.009383860750997175
-0.012236163553711354
0.0014124004363565272
-0.013101323483961903
-0.0097253632865107
-0.02050186337980467
-0.02895384050451062
-0.026842736901968804
0.011450725270480917
-0.02208553594971065
-0.04828477615760897
-0.014938539150741793
-0.02302586289992136
-0.01933810745522407
-0.021294629281760232
-0.012174615370581149
-0.011987719827830411
-0.012933778870532067
-0.015051020091206816
-0.022669154469159996
-0.017475200905355936
-0.018449636005017946
-0.015832715506741837
-0.014300947585523452
-0.01383869345892514
-0.013719146240191946
-0.015067679421499492
-0.01870673829792568
-0.012657444823478664
-0.021577080291812295
-0.026310028740103204
-0.01572112632105562
-0.037530537013924684
-0.01678654283383255
-0.01213746997018502
-0.03733568956693383
-0.027010753425084248
-0.026848066943736783
-0.01892960592182445
-0.019563616072614927
-0.006664698284658987
-0.008437900526229518
-0.008976197798845491
-0.010165398524344955
-0.015485303569405817
-0.012738363259241726
-0.010548838626362083
-0.01472367978655173
-0.01758493462321419
-0.02189717161945976
-0.009292007808708728
-0.0018324419977264125
0.04525598216400587
-0.012067644806753909
-0.014692480947207901
-0.021054989355945464
0.0035901018101398164
-0.005072169018429731
-0.004205010940726289
0.012556705224715593
-0.0021761111325147527
-0.0014080149391310398
0.00048681986371473454
0.0024880615333443905
0.0032684859914509138
0.0028024912877747873
0.0007116622562518177
0.016048271649070946
0.005467023646418276
0.0005128081807351351
0.0023867751355286025
0.021994382158181242
-0.0019320109082994175
-0.0023454142014471178
-0.0033825251609713373
-0.00519759115490723
-0.0019854630212646036
-0.007584344282256779
-0.009121786051074467
-0.009783019482887506
-0.005190955563722383
-0.0015281463413394406
0.0025473192025595674
0.0027395125261411497
0.01518386670458029
0.029385795049509836
0.0118392240816455
-0.006842532216072579
0.08304118678884898
0.03280040956694613
0.00015173505331803348
0.030556531121452
0.016873522177451514
0.004195034873577011
-0.0033617763227914658
-0.00392072814488936
-0.001850499974643522
0.0004819520053123022
0.00314705302884566
0.005780479405761234
0.00800450823450146
0.00876504971613874
0.012663640910516335
0.010783079618798354
0.012674132278675702
0.010457808541987992
0.0020744416370148716
-0.018222058138982103
-0.03702023946169535
0.011410052804134865
0.009691080232375894
-0.013752485809696001
-0.04779130765614649
-0.03646293087466973
-0.019973528399294463
-0.010900501358717158
-0.002415590400738948
-0.004016441197266811
0.005906605821431151
-0.0029754388402592593
-0.008943271280707661
0.011974762646928542
-0.0037513092919814386
-0.0015187312648922895
-0.0008698504768347075
-0.0020584341317985526
-0.0012679441386181508
0.00264998846410004
-0.005244936641432863
-0.010576984886722669
-0.015344722445903989
-0.0069883277626190425
-0.005824466007999552
-0.006103456243437952
-0.00985682442432358
-0.010828058486009325
-0.010191365915051516
-0.00914314830485849
-0.008022375667150397
-0.01392789878697022
-0.009359809321816593
-0.011218682521210662
-0.012381818853039211
-0.014967590525265462
0.009561995344615213
-0.019317043378853947
-0.022591230267038742
-0.02913351811925228
-0.024209796757383405
-0.033352382084590904
-0.02190702287044985
-0.01677099118963683
-0.009990541278757594
-0.010315826034324514
-0.013052603123620608
-0.021789420295642615
-0.013477357362520375
-0.013203863120373591
-0.01031436449207588
-0.009204468300770747
-0.013656473677861793
-0.02741116926763281
0.010303595620771945
-0.01413683896150412
0.006589588630443062
0.004857108151993615
-0.0010112697008356603
0.03559068455254529
-0.006038390108340012
-0.04928731302392604
-0.04812698692167716
-0.0739694583015178
0.03543446443257095
0.043782880049011604
0.07463692085508786
0.04130262045179325
0.08362152013501072
0.13633657567273086
0.06607364118238955
-0.06791133033299429
-0.020960942512088004
0.01737840365456772
0.018441650804348952
0.014672724399432019
0.008692148415167515
-0.022349360834065548
-0.007439460481409001
0.002721865984396721
0.005321180419233438
0.0025000210785752945
0.009974517832513866
0.009772087529044493
0.006927293737217637
-0.015285535901939517
0.024455865297100657
-0.008163438558078915
0.03977314782896482
-0.010970730927941515
-0.0284163772446154
-0.04051829046738855
0.005353579367012737
0.009656188823602729
-0.018616586813788343
0.0001908945648339247
0.0010824999271631535
-0.015329367174457296
-0.00558299764463414
-0.0029659257575314507
-0.002745269040687972
-0.0036609023990094957
-0.00885395515960322
-0.005211743985862708
-0.004671437745332331
-0.001922852777472525
-0.004572496751072733
-0.002198883481082776
-0.001832030263305894
-0.008053968092479323
-0.018887094751368357
0.0071882100506514305
-0.018311822932555778
-0.0062669659814806045
-0.018777742926916884
-0.0225648355850159
-0.012818931613799557
-0.016178766566540638
-0.005133031284654527
-0.00641808437565216
-0.0033470131619868972
0.013683341616765996
-0.006824293473307193
-0.0038286011701326303
-0.03458523889873565
-0.01306736088092946
-0.005614309116517709
0.016367057539837238
0.00766225452661884
-0.01103992136684316
0.006101580899845719
0.011208306684759544
-0.0043882456855282295
-0.003322962365179757
0.04613847064064902
0.007340168856162733
0.019010645562856806
-0.017595734112896607
-0.01821882818604313
-0.016040808800441956
-0.01667253626933535
-0.008558837220936623
0.004298930555181777
0.021608553913367856
-0.0293660419553061
0.04132994571638798
0.007577623918602767
-0.0014702596393265967
-0.011015548744055291
-0.01580905775089285
-0.013041738596033308
-0.010820174546772863
-0.013060394990186302
0.009733311416718432
-0.010627696726515654
-0.01181444911796172
-0.009168929745060233
-0.0006503565498532859
0.001471471517191669
-0.0012447239821034893
-0.0135597377955109
-0.031472390988313025
-0.020477247609774003
-0.004982321462208805
-0.00233235595801966
-0.000562363592688256
-0.001333495489238212
-0.0012956445841325946
-0.00382539289469394
-0.0018079754369072108
-0.0016976872220771783
-0.0021830314107036653
-0.002208418198516887
-0.006315416918934061
-0.0015805837379211873
-0.0025679381765953075
-0.00924165706767085
-0.003285303857654718
-0.013320347152526755
0.008886597772927026
-0.002641688211536256
0.001887333996428602
0.005016167499940118
0.0052183382104304225
-0.017258298349489807
-0.0043012289181034525
0.005643217109620853
0.0046080352258215055
-0.00034612221153097164
0.004565661474764338
0.006343896139979809
0.0063728944660770784
0.006276766701101298
0.005030691790278911
0.0025136313177278637
-0.002481762657502742
-0.009064907814185941
0.017559907519461553
-0.047020379241314386
0.031129727483219464
-0.009774565759183949
0.014785318336616074
-0.005893835910942854
-0.002944274432894563
-0.0034819571835263954
-0.004743708384051526
-0.006953913196651005
-0.008750910889918985
-0.0115475544761889
-0.010901514897511065
-0.008944524452507539
0.001087179728547665
0.009948504673154073
0.016929117120927123
-0.018535429164111134
-0.0025965737404740363
0.005255808098391989
-0.01843469487929597
-0.009960724924452335
0.017208622239120112
0.008107186526504032
-0.0017348242430651317
0.005732322206723709
0.0031212604831205963
-0.0002190069727489744
-0.009254705851879238
-0.00931267158561233
-0.005573368058056788
-0.0066405013836059726
-0.005851154869063693
-0.005298157269086536
-0.008148980474995016
-0.0018817037677362877
-0.0023459051940558887
-0.0027151637297658606
-0.003088893824545912
-0.005252195898171135
0.014346480767895206
-0.002301106898733106
-0.0013518416320732196
-0.0034984274670703613
-0.005635227740741246
0.020761882232225932
-0.0032058162514682093
-0.0005291998474187521
-0.0018956722205770082
-0.013276037527191949
0.004644990860088987
-0.010116472450516709
-0.006450560427156118
0.0011058175428041413
0.0016368633578981088
-0.01375955881140977
-0.00528675971661816
-0.010352519168803753
-0.022918603663057893
-0.05068033352348478
-0.0015524984024979007
-0.03723897497507749
-0.009771318336922923
-0.009743242304636314
-0.002821711786485027
0.002098912631316811
0.002028637415603494
0.005768845035603787
0.003230183910345729
0.002169934092525159
0.0022109458375847136
0.0013235763991981595
0.0011667225730706099
-0.0015790247542679997
-0.018736907138557263
-0.005106016926261441
0.019530690733205763
-0.005081071823129332
-0.002847077495262405
0.000357035388749179
0.00023640755946321103
-0.008995722441726544
5.565934703846172e-05
0.00021951271586629248
0.0003548577638392175
-4.4549988198930545e-05
0.0005070063128869358
-0.00032427516833991965
-0.002966550075304403
-0.0013204360970151823
-0.01525004985070476
0.020226481809628584
-0.06303323277111202
0.03723309430055998
0.006339454086248181
0.0009955514475092717
-0.0008195531043841848
-0.001912797119646466
-0.002842045500863751
-0.004520897614898704
-0.008995485001757286
0.00439449215592385
-0.006825323318050144
-0.006068070222335899
-0.0065069274872668744
-0.006891958586118902
-0.0072059505857172464
-0.007725274127768251
-0.008731257666397053
-0.00875510454621154
-0.010469082970850915
-0.00557126028458764
-0.011767318768510034
-0.012209753416308894
-0.012956486296825734
-0.014021461258910146
-0.013357807076342288
-0.015831689158584943
-0.01645104710114431
-0.01695790332607004
-0.01732678087383141
-0.016648232063555132
-0.014076794180599869
-0.008200744564401022
0.002303905190752071
0.01423368520497498
0.0068566704780293475
-0.03874585734799479
-0.03289742116146048
0.030300672433201465
-0.045503001579556016
0.0040481819345141124
0.010044463494107723
0.000837061840065707
-0.005772514538540268
-0.009011768283794824
-0.009529347188325044
-0.009297724585394565
-0.009087589376727418
-0.00924251893262974
-0.007308630519846989
-0.0005521114532022134
0.0018079496018433092
-0.030209805180871536
-0.05110508005282767
0.03290902863530244
-0.047292787243448285
-0.0021552357633044337
-0.000755918301770676
-0.0031097911284130174
0.005998334128376213
0.06126600530948822
0.026941722167782338
0.026993926084518245
0.005105874589901977
0.0006885177459251585
-0.0008615843783990753
-0.0019735508415224833
-0.00078141771968743
-0.0024551552846274324
-0.0022462497366218708
-0.0020971754673175204
-0.002400349592125582
-0.003063938230577536
-0.004569338797707457
-0.00691459484060937
-0.002779209203910595
0.041662826916004446
0.025385687513973777
0.009934307388234547
-0.009889175849334129
-0.007590972215169891
-0.006403539608838171
-0.006599364700785457
-0.007691133640168453
-0.009888373531375571
-0.007763956164365901
-0.003907782196236747
-0.004023645012283526
-0.013781277041290129
-0.013051413542938777
-0.013990778821483635
-0.012081806724058218
0.03596252264844259
-0.08256353186735677
0.07743983921175822
-0.002169931151877942
-0.01099779745644059
-0.00851190464002188
0.030292185226534585
0.020676236277326326
0.01632629169379988
-0.003229736960657527
-0.004408562794362324
0.04359567059205428
-0.017038852062371497
-0.007038561425685014
0.012130983994961906
0.0016845611829848443
-0.004425674267344732
-0.009295687301524243
-0.00861468770916832
-0.00944841043391677
0.0017251013268613285
0.0043824990297771736
-0.006277788438007644
-0.00280409604789752
-0.0006732046097227384
0.0018080014656294146
0.008648276917337088
0.04430124872151908
-0.06906271910094254
0.03986610495799495
0.0172550884494732
0.0040841002471239795
0.0022135097030102566
0.001629335568622919
0.0007311553223949992
-0.0006641024822066168
0.012401988090476674
0.013098838236293014
0.00389657723989225
0.0051475984851177235
-0.003245209518179763
-0.0008293177050926061
-0.0014598272784888738
-0.0004330827272735719
-0.0022758162265434506
-0.002043452026324348
0.00331250131353626
0.005029613469172603
-0.002017807198400101
-0.0076337018637804175
-0.00691267770027999
-0.00336018401721558
0.004592918377155869
0.012314011540184595
-0.017235242478616648
-0.0008046328398526798
0.00643690008342495
-0.05061035930394719
0.00038546411037899833
0.007708467860502295
0.005833911603158568
0.0015614725573127764
0.015300817729187465
-0.0014596485074182598
-0.004017722942575753
-0.001945704751321189
-0.0027384923078135406
-0.00909380060808321
-0.00898944768053904
-0.014479614380698523
-0.01474799141895069
-0.015381764137940651
-0.009895713260022634
0.0033077124104569284
0.01530254516511163
-0.007089493954874554
0.011871415139910866
-0.04711907000433448
-0.010085469979024939
0.0027570037122798064
0.013054252994872069
-0.00027167019033083855
-0.00972804157749726
-0.013007464221893568
-0.012590397306148114
-0.01098246942570476
-0.008873169860149433
-0.006952090986926634
-0.004942498735767006
-0.0032456483064342272
-0.001778670341037068
-0.0006920492146732226
-0.0004763407505062385
0.0016625235206834397
0.0037248163398314825
0.0012584995906500158
0.00292494137528002
0.004795600925742961
0.0036364009133774086
0.004370834762812236
0.0031975255684177613
0.012600898781154368
0.0034170258863359363
0.0015050677188563986
0.0033868421622492186
0.002059892792605167
0.006093447518131378
0.00679350628300004
0.0034544974979652844
0.007199412222738206
0.00803951796592961
0.007501791671668856
0.003927735440549445
0.015253314232521764
0.009831834952347605
0.01337961552965519
0.013929300244007157
0.007702994289144636
0.02233582134247509
0.010141488352773113
0.01652141129604077
0.023661461762651888
0.027913459884815858
0.02453740505560663
-0.0018576981646141323
-0.030709295437843974
-0.0489575070216165
0.01754558092506488
-0.03810251875986695
-0.035364736944302054
0.05490205096070497
0.030650989189729055
0.0232911471839848
0.020710750609065604
0.018950779420555026
0.020386415132603516
0.012622721113709703
0.01496042814144661
0.016892726445603565
0.028834247092384933
0.018380674432797416
0.010389294270863518
0.0018002775329716016
0.04106181456574658
-0.01010308895233027
0.024479131141172165
2.982418298068995e-05
0.006040589684038275
0.008096076017144412
0.014274798090415125
0.016050080078770478
0.01645549248765189
0.014692294125873724
0.0061455622201570855
0.03635921099117171
-0.003635248061890668
0.058344544925889474
-0.00065297977061329
0.009388390917340362
0.014057499676291756
0.013584018260986533
0.012287835771917235
0.01062649393107508
0.00868303035348043
0.005184842908552845
0.005280909668143042
0.001591850075994061
0.006686180610962953
0.04429752397034611
-0.00391554451302606
0.09335055709004718
0.001309379980213552
0.006385346272852322
0.01127808267480529
0.0072967370090478096
0.008284845952020009
0.010554038370518078
0.01133976164647877
0.007554527401939398
0.027857776863906912
0.009779333613063233
0.011002849436313482
0.012328307853632666
0.011994396415771939
0.01113833549139089
0.013586344199153147
0.013992241588046224
0.012254539415713124
0.019141904924292786
0.02450222067340096
0.006999400449501835
0.00036011955996999415
0.014197738335211688
0.058715527707350494
-0.012484125824619465
0.008330375850386996
0.012873705910898346
0.01457609720495985
0.014130422456380347
0.01316936657381314
0.012342514618433458
0.018038859599547506
0.008519481033951642
0.008758412509288835
0.007580049990611686
0.014457399127919124
0.006575730415983915
0.011689470353690133
0.012269013684983966
0.010811340257821102
0.011607555521325964
0.011791199233370525
0.01093948357151617
0.010748086499559207
0.012245540683291601
0.011731130540120732
0.010365078409402375
0.024800941741210628
0.004248495548447784
0.010486446280584764
0.012241825377331457
0.010885871663464336
0.01148435406013543
0.011327466027909067
0.01108632006510294
0.010354150082541619
0.0075470752167726175
0.008210167738215713
0.007781597178162962
0.0046956903329623614
0.021487275206016527
0.0061619476665219185
0.008925643046757102
0.013051233790783169
0.014955931528822143
0.008115591295648126
0.007943686263406318
0.006256578397746785
0.004152953131687184
0.020152959561296247
0.0013148605670900738
0.001824519553882496
-0.0027027615426822808
0.002028130785554601
-0.0074538203952842505
-0.011184783774504761
-0.003876755524571232
-0.0058863888960799865
-0.012367646469094561
-0.01404297961170428
-0.012474013571721615
-0.012822823488320884
-0.015063063095442539
-0.014040460434155652
0.016794446220191717
0.018322421067620522
0.020126191039044807
0.002822250237365983
0.0032027771876295933
0.011721732431899744
-0.016738779911277823
0.013668775458122713
0.00559129705199472
-0.006851231537851361
-0.008017033694213237
-0.00789675184500381
0.005591087502504304
-0.0002731977186994665
0.0029040517907645232
0.005358063228239282
0.00911794128065463
0.008542181358060614
0.01086018435660372
0.012789896916257936
0.014071550382415136
0.01489445778787612
0.01538353681147936
0.01556724712266984
0.013638914223175569
0.012523544860633652
0.010960364650468736
0.011620172965048506
0.014266207698584152
0.018924449570429883
0.012440210264064883
0.008391280677891437
-0.0066032980118695475
-0.03460854179953645
-0.02540972484638547
-0.0812099665752139
-0.034529430131922424
-0.025366824875822726
-0.02801633153538328
0.002885654774298078
0.010547424821887898
0.010885773717960902
0.010946185250756224
0.012776476552799936
0.013087850931172184
0.012077910985278753
0.013730032102257862
0.012999404098365535
0.012169189818478601
0.01041162162783432
0.0017676864259334839
-0.030499196952296352
0.0029692444920119505
0.007970279810660433
0.006888684787809069
0.004203062429069353
0.0030483509243353717
0.00024017319502840713
0.001765943933406677
0.028940386472686135
0.07310392459545499
0.006246859620727632
0.0940230194067446
0.017032029775111708
0.0036428776338923224
0.002612134771684974
0.0020153400746461703
0.001849941844562468
0.0048167069649316325
0.005043200896695
0.008449093828139232
0.00972476441439359
0.009895106752248044
0.010943839583726966
0.009241988362360065
0.001502358866594852
-0.013367788272150034
0.0014207565195485214
0.008577681647871784
0.009694107312049451
0.005691041912357405
0.009375285866387327
0.006872407875397205
0.004482261378910529
-0.0027499719770967264
0.03764009356397687
0.0022636263031211674
0.016827491449071485
0.00043079133756948395
-0.004871759278437183
-0.0013025590997100638
0.003377102950756489
0.008812748393913447
0.009441125307095483
0.0093415272376632
0.009152562156353182
0.008875442044492721
0.008537102051854855
0.006917520774200944
0.005692204080059175
-0.00043879307656362684
0.04949715574289096
0.008415181074474478
0.006267392217494157
0.007528116366668456
0.005760555731289234
0.002996632589731565
-0.006818303637099282
0.004324420042633705
0.00359396265303934
-0.0022901311287746033
0.017635146207706214
0.001235452573324581
0.005764185593986487
0.005422218770076004
0.0038072245752217605
0.018740725306525784
0.016181490293931924
0.05514049323251699
0.02359571451521075
0.07919286296193483
0.009871315243249303
0.00623622589744326
0.006852446302293601
0.007442149802423082
0.0030015900416048087
-0.0220608378920709
0.004276248171174468
0.010332962028851086
0.011480141088541885
0.010748630637845069
0.009860128930558116
0.006852998644206021
0.00309321513832449
0.005701654040214637
0.04226847457299362
0.058419442568552596
0.03992335460210912
0.004031888590118059
0.003240436096596026
0.007036549663628846
0.01033086604396934
0.012609129556600906
0.014883404475023246
0.010874972911168705
0.009453214893354118
0.00860118039807944
0.007751799002474913
0.006454802308717536
0.00560068380104142
9.736098286632899e-05
-0.02190851396771351
0.0010878216358156576
0.0009791311344679175
0.004187953567973606
0.004668788071437622
0.0045782471962937665
0.003803273620044133
9.068971130490574e-05
0.002412638363227176
-0.002372175008691697
-0.018986507782322207
-0.001636057324950004
0.002805150412520011
0.0032367350663524354
0.0008588188414794855
-0.00599846131371977
-0.0011172756078327278
0.02793616512526628
0.03861305827590796
-0.015057937450742936
-0.0016551169580135113
0.0022197905373026097
-0.006214524209614173
-0.016761692317630316
-0.03051009486831414
0.016495160034619226
-0.011393137225792585
-0.0024648325838434034
-0.0022455348310255305
-0.0034964374840114974
-0.004751597928685079
-0.006227245985620544
-0.008478446298517696
-0.012623027041701556
-0.01845773447675245
-0.003445227285469758
-0.01966057738210777
-0.016358721253622654
-0.014606501152270602
-0.011511215939703081
-0.009122094479094057
-0.0011729247533828829
0.010991608779587223
0.006289168351532787
-0.03087355723880813
-0.01957202757971135
0.017217622479485262
-0.0282512076094624
0.010071450653254831
0.006951930543733459
-1.8938826425850565e-05
-0.007507893094645159
-0.0076289671654902035
-0.006549773425948044
-0.005284528263922388
-0.0041951043217554485
-0.00349580231654765
-0.0029505822227415533
-0.002633596735326253
-0.003268026006700762
0.005711628194017017
-0.0031938306418325237
-0.0026824506579128733
-0.0018445105580846258
-0.0014193554010531726
-0.0028156037914656875
-0.003515923544915334
-0.0006463327607984177
0.016467324979890497
0.00864732434431473
-0.0023201651527539947
-0.004396370583197124
-0.004967065165197644
-0.006428148791446688
-0.007267852168600647
0.003907284248865133
0.04243423400723668
0.04964432606962228
0.0035190089767846637
-0.009438962827042985
-0.007534842191538712
-0.006474239215923167
-0.006313363444960894
-0.006749362027370567
-0.008583382742238797
-0.010545328915450609
-0.013950075664365572
-0.0081804701321265
-0.012357058549948305
-0.005892775574895441
-0.004180122864010454
-0.0086588581466038
-0.010347431936074583
-0.011648704016686181
-0.012980419577007062
-0.014204143648627083
-0.01430389421615063
-0.011648366029969486
0.0013276642069351956
-0.0013961952797603022
0.0020341375906192624
0.0020675667154734156
-0.009443953237631452
0.009633425792848342
0.0787574235682042
0.034784593738923834
-0.00917720400411789
-0.0008724236924587225
0.0027262194025734075
0.01109602143357218
0.020584003194504527
-0.0004599422668533771
-0.0007626013196827173
-0.017701232359534597
-0.003855115182990048
-0.008229823105030138
0.017355109956562476
0.007460102743290164
-0.002820541319153147
-0.007189089229248012
-0.008838225708391153
-0.008233899914691237
-0.007311151323031557
-0.006734784786666929
-0.005636534255791029
-0.005259323772336012
-0.00462476318524426
-0.0029979358745412343
-0.0027569128923181146
-0.0038465600915955794
-0.004021934714878564
-0.004037671786860156
-0.004265845192912237
-0.00456455925477287
-0.0050571100082031925
-0.00578452162098294
-0.005723218907552774
-0.006914264025916991
-0.006948578776536233
-0.007408313028615883
-0.008090422023861276
-0.008712567125414393
-0.009566482402333643
-0.010637476150836373
-0.00954242088314766
-0.01188730590122727
-0.012284990760392385
-0.012957556783144739
-0.013021632865552446
-0.01406004221848445
-0.01421562383890936
-0.014118693379168929
-0.013404280578754767
-0.011540934650601435
-0.0076063163260782106
-7.4853172482838e-05
0.011248717456403526
0.006719982821557916
-0.05254113514688433
-0.006886214632025646
-0.034903527217002656
-0.06591988368898327
-0.01542357438889754
0.014848196378681578
0.005478444135730999
-0.004876157077981511
-0.011042281348309485
-0.014342267838721041
-0.0160304339513117
-0.015770422646754007
-0.016752992339508114
-0.016367270627829993
-0.01602408464008391
-0.01520370752364621
-0.014536340772965582
-0.013898845867891432
-0.013440814010452821
-0.012664735909547612
-0.011934542723268677
-0.011311519486653633
-0.011039314076729558
-0.011423487879823502
-0.00855069015938582
-0.008109152416841528
-0.009499490236719197
-0.00796192570517066
-0.004217060465236443
-0.004938831557490092
-0.003204385609223563
-0.0031356256422632187
-0.0007731433924173141
0.0008943330050706187
0.003592065227186932
0.01443883529340997
0.0028724425410288535
0.0254840952947642
0.004464685367506434
0.014363272275108833
0.0008481018716518723
0.000600632331751855
0.0059417526898428484
0.011318307815860884
0.01978098058977548
0.02112208709087253
-0.0005996670616922943
0.150091804421853
0.006019977974613277
0.023246171899528427
0.018787395712013006
0.00974946482060965
0.01554887959142153
0.0026495632087093685
0.002729330515150981
0.0026579112332072506
0.01081161514272498
0.017235555435622246
-6.598009557961905e-05
-0.0022730145507212584
-0.002384523492623692
0.0025062398183678413
-0.0028220569663425393
-0.003733151518266543
-0.00680689767809774
-0.003037339981952899
-0.002565231666928338
-0.0023526712787957727
0.000334812155422122
0.0004543343595894023
-0.0013264875364117697
-0.0004660521641323711
0.0005642609844643326
0.000745896956142693
7.357403884785711e-05
-0.002341333136922335
-0.0064814960055221745
-0.012785539626661903
-0.028855818486818903
-0.02319281597411989
-0.08032226435518779
-0.0187505617413487
-0.08440099917120682
-0.022619696710097042
-0.001420012943572757
0.010991393467945717
0.009102434902633226
0.010885746691432972
0.008426552941146677
0.008359226451608378
0.006603083013515895
0.003677851184612139
-0.0014654131253441314
-0.003945766444587371
-0.013024314261870574
-0.027893750603329506
-0.05958316034974053
-0.05292771759067512
-0.035574225188214785
-0.052958566760621356
0.0035401128113627355
-0.005032631908708592
-0.011969007758724384
-0.01543362683776549
-0.008241388019510864
-0.008165487008315896
-0.006247905095937657
-0.003971668258958477
-0.00305168195823711
-0.0024637856262804195
-0.003213607451083348
-0.007048474192213614
0.007070542034077407
-0.005846046125229219
-0.0020973530905198626
-0.0011666212229881731
-0.0012249863597535303
-0.002823986828424903
-0.005249678202996488
0.009691385160133171
-0.004118413926549995
-0.0017447989346192883
-0.0014721640623863344
-0.003036087785146701
5.6142237003829714e-05
0.00749689843108812
0.00512155022882284
-0.0049461853291971015
-0.002163656799956971
-0.0018772288130017316
0.0009432571217409232
0.0011917918994649973
0.0008278209054683652
-0.00012808927058943583
0.002618220400468175
-0.005402754121372562
-0.0008016401890460148
0.005802006702751995
0.0024527634887235527
0.0037726455891821786
0.003021024131781654
0.0022466056528093474
0.0003632488878667156
-0.0013354995497105659
-3.434612875439999e-05
-0.006323965457957709
-0.009411331591775035
-0.012532925850697641
-0.013138515339419366
-0.006378743605001575
0.010307105511590756
0.006058763908944574
0.0076633752986336075
-0.004824164390906045
-0.007756643261992743
0.055703049688227466
0.0069092666639006
-0.009370188947500179
-0.012124858159386505
-0.009737718809200154
-0.005762668759377008
-0.00320893362043173
-0.006274245308327144
-0.0014920586476417893
-0.004439768096232024
0.003412648308993912
0.0015783713349466556
-0.013690956366467319
-0.011248568592504376
-0.021977906533931946
-0.01885296293990959
-0.025633810037452794
-0.006503143373618424
-0.0016931815097322206
-0.002545605652620871
-0.004815450197107117
-0.009664740492153292
-0.009175591392600753
0.008761770192084238
-0.001438723584956516
0.012366523579654185
-0.0149316846523537
-0.01399774936483624
-0.013673834748429717
0.014245367217921703
-0.010118510217141415
-0.006095913689413064
-0.010251504455419905
-0.007950269308753366
-0.006612761807023892
-0.005399182863088707
-0.0041690535449615
-0.005996481723251396
-0.010946706747088523
-0.006576595831748887
-0.014083724278126555
-0.014998931464467069
-0.015863344250513965
-0.015349114312577109
-0.011221792216946842
-0.000126806373781055
0.018213911535366473
0.029139686415689082
-0.0031474488970434688
-0.0017958337750886206
0.034962309707948946
0.011123855061661672
0.0200630049461289
0.002511157095835101
-0.010056308797941355
-0.014161000823674748
-0.014161481053900778
-0.009906217659165032
-0.01095632033848454
-0.0093573767944485
-0.006854040187173793
-0.008860611824811251
-0.004616565293329662
-0.004543575771380735
-0.0017184359125699722
-0.0039778949004106124
-0.0029725822231016184
-0.0018595856491998534
-0.0016098213033520655
-0.0016841496758392038
-0.0021724964401125145
-0.0023322115814088675
-0.002476141455383976
-0.012788851452949952
-0.02331925021528998
-0.025507702380063137
-0.01661650627359236
-0.012552383579862193
-0.01007478736680042
0.003468757104111627
0.003849850667927901
0.01692437641024202
-0.006194724981669354
-0.02128905287692302
-0.02546463712155066
-0.025520215787119317
-0.0018094812423937253
-0.02876076310855994
-0.029943437858042994
-0.02295394756190187
-0.01102625245505251
-0.015771841001637046
-0.013475210287253864
-0.01790781823366575
-0.016406381836543686
0.019674449351343954
0.016372988879883865
-0.022501623331137227
-0.049563153897121535
0.04961219837288647
-0.04864042771729045
-0.031894049059236866
-0.025223438883699177
-0.020440830984108642
0.007145573769894188
0.007470881057172379
-0.017322733557105906
-0.017232437080271987
-0.024986375911937076
-0.019126468626721252
-0.019470407511086422
-0.014583949438629135
-0.0067204416878101384
-0.018665135806901496
-0.037776928480720666
0.017692111596568437
-0.01495259374941016
-0.008020759032953111
-0.030583040761460963
-0.02306908029141901
-0.02149057567438942
-0.026556492481312168
-0.020763844897790266
-0.01659115796161003
-0.012090202831824581
-0.010165932806346334
-0.01878340532665633
-0.019076429116081182
-0.018928024824982476
-0.0188732997178148
-0.01932048011787117
