-0.00020394993049757494
-0.013349318422193996
-0.023877230890524587
0.003184314091144824
0.0027739337880603216
0.027503990394667773
0.04456173238316072
-0.056202478690633585
-0.07594637433062576
-0.02578728635690521
0.10625260803119074
0.06850955741612998
-0.020372517991955854
-0.034036300799884164
-0.02596437494473749
-0.02347141363130395
-0.00471987278114273
0.01717487463001059
0.019512154682757805
-0.004723437753890348
-0.007291797583263486
0.08735073311244446
-0.027100907813544493
0.004661566575662359
-0.051933119946860236
-0.057500641754323324
0.00035854166459080186
0.03718547615620482
0.031327299947009675
0.029167744689061186
-0.010484835867016595
-0.02516499850639492
-0.02637937479077634
-0.02746342273410332
-0.025541504014935375
-0.02175831305243838
0.07336704756173125
-0.009866932539832273
-0.0009324176669434954
0.01091806534141808
0.018978014250340534
0.02189215714127188
0.01879432762764545
0.012875181904873044
0.0023864957886415798
-0.007051355346568687
-0.022536664443196627
-0.03927587052407635
-0.05188344894691021
-0.03454095062739304
0.05652384685952213
0.05089706975018164
0.07082544039470863
-0.13298721462399668
0.01771783349470433
0.008168864259638354
-0.09310066621845467
0.008044081402637227
-0.028258380181394708
0.018009584815442414
-0.012032844814224576
0.029414244705194728
0.027759506307120468
-0.007010660215760116
0.03680743846651072
0.0673105307418992
0.02638339739632691
-0.03936084899133821
0.010891714704709258
0.0060148015325549
-0.0029447788184352934
-0.0006055736371866269
0.0037822596815151955
0.006628699530658961
0.006682823935953791
-0.0020673624355546007
-0.012513580276592176
-0.014385376114461203
-0.007111929584796338
0.033910980253766584
-0.05247615310369713
-0.0741810684204739
-0.015627872265560342
0.014073537818378137
0.023886215304440035
0.026023089600766578
0.025231492682424923
0.021357545672849507
0.01473566546104636
0.021971966874807573
0.026934422617470578
0.024764468173005243
0.021984662732739812
0.012948202068279612
-0.008766062863329286
0.002853569915878807
0.0008713679289473253
0.0004268555804537894
0.003317181853666293
-0.004569457134345348
-0.0027073719127469016
-0.026610873418488237
-0.010279988205955343
-0.03018822088100711
-0.05818133077098343
-0.02786129548654599
-0.02432931787926931
-0.02118118538660119
-0.016140898927077457
-0.02115021474541831
-0.029198124476435876
0.03869491051835005
-0.014216768696981016
-0.00588329887225741
0.008088985753261259
0.12827253962192595
0.028492789724937996
-0.08481973307235473
0.06277655223642142
-0.015906060373448577
-0.02779129593732257
0.023197359391856156
-0.01949419778550755
-0.0749516871496012
-0.046846246222176986
0.010668069369950092
0.04382232839133233
0.06862032203166679
0.063128970084908
0.03526037349902582
0.009994066880170953
-0.005063061220070533
-0.02716891307849768
-0.03061452181098779
-0.02358759742196977
-0.025665479712759294
-0.022551447705918735
-0.05999938718242848
-0.012030970134289722
-0.0006506064305178064
0.027679039017289537
0.044089197677374785
0.028774265946857388
0.043957266243693977
0.05559521893439915
-0.10738630055771278
0.039664991619072304
0.03677675979862294
0.02909504641587101
0.006940470554321837
0.04320259728139376
0.06713470946351714
0.027764330624996544
0.012504656318496532
-0.032354119316477796
0.0035501016213071667
-0.03332336634390274
-0.007628728512370096
-0.01148050132563342
-0.015370590189354171
-0.016243920353467167
-0.016788296296003022
-0.014494194275963266
-0.008532178455463394
0.00016059556618680247
0.020184457712712114
-0.09312194660802058
-3.033111931653614e-05
-0.006055342248681227
0.00207814165358564
-0.004879262904137472
-0.0011041677681304304
0.0037610599888227227
0.005634770798086507
0.005861520491956674
-0.002168554024666464
-0.007063089935660557
-0.018558693954686754
-0.03289052352676455
-0.041298647692839204
-0.04032853553272513
-0.03039900470731578
0.010994143097207875
0.07743603698602008
0.08047641610661962
0.006577003101252046
-0.021074229299781855
-0.028374548410258653
-0.02483304257468753
-0.00998181400604655
0.009035776962650923
0.02698790908351395
0.04095674841823681
0.04844073099518752
0.05723686554987981
0.030740466465474438
0.025034947895688543
0.05995419908968792
0.033753143391738155
0.03232176099586465
0.029094474587040075
-0.06003407718660893
0.0002905556636459666
0.018392369178280896
-0.0014098790796816044
-0.0020883643470508985
-0.04641655188636661
0.013663099846690058
0.0014859588012307839
-0.009771025528002948
-0.0006607990406364872
-0.04988718996229731
-0.00442814303128295
-0.008368102501736566
-0.010631377630316342
0.054185504484879195
-0.030242609898015558
-0.021336274069163188
-0.03679116600596915
-0.03160273914285641
-0.0319606373523271
-0.033200277712881726
-0.03210612449879285
-0.03140732653933939
-0.03241267941202782
-0.03279081091251556
0.02674036308153421
-0.028186789866982576
-0.019962428958485573
-0.01777346564814884
-0.007583661170243769
-0.01877167810864214
0.006038031126765821
0.0512813669615384
-0.02812758695935736
0.03898661238087974
0.001471515501522473
0.05482370281958962
0.018970361104650255
-0.054470525170907835
0.016953954011274582
0.03730521049072792
0.04262836199973007
-0.031175789572117252
-0.0388530949439617
0.031711161142347274
0.02411968304482473
0.023936512741855105
-0.0481491212379002
0.002431699434565409
-0.01824184609594353
0.0742925084151743
0.015982362180913205
-0.00470806909834857
-0.014972011441164852
0.0027738564416950316
-0.009581351336379393
0.0028024371269415012
-0.02744380503114003
0.023252988689103752
0.010974206456409768
0.002404335846600061
0.007201593082161417
-0.09863667055829405
-0.08056595084553146
-0.006420414208664031
0.03393987109667247
0.015113253612285767
-0.003766641821318608
-0.0015231940391231232
-0.004657046029348452
-0.012938724563057568
0.00526670619002106
0.08228616472304008
0.008747838349840857
0.010238040660539127
0.031577829391267104
-0.017209428083833973
-0.00691424994446096
-0.009485198904465456
-0.044339693623188826
-0.004909979038827365
-0.004537852967485078
-0.03492394764332253
0.01217830754109536
0.022197478823327645
0.0604910254130542
0.013475407868056311
0.029383984736025024
0.007939917430796039
0.019959972275236694
0.04209781735271886
0.01141581316356691
-0.013335316017918977
0.005314748482367282
0.004752200611980206
-0.0011407530023920958
-0.005717068170080271
0.013951091728540772
0.013721590404068545
0.01214293564713885
0.026845371324001988
0.15667243800097783
0.013719033073171853
0.01535823713527106
-0.003368779695484943
0.006136189684570016
0.004670308831064766
0.0053256936793376446
0.0047871752960860475
-0.022666588557728306
0.006317500214367907
0.011299573250314806
0.00961142998854011
0.00984715614517781
0.02216992149299965
-0.08443741303030579
0.004425303518662509
0.0401790705248581
0.04768841637258334
-0.008968038191553717
0.02021007418585799
-0.009865504865534312
-0.02837043294392486
-0.043475889416320794
-0.02200832553840809
-0.019328795171394467
0.048711679037400764
0.02414884613320375
0.03627543972123402
0.04510864083932416
0.047202293039237425
0.03400793136284125
-0.01672663277847103
0.028247972408796715
0.01841254621328614
0.012505152470967068
0.010900122413193193
0.005245558319099112
0.0012265318272205257
-0.0016019934506904263
-0.002799178096336407
-0.004433684578913224
-0.014486537523887049
-0.009784559926610016
-0.04228827431848319
-0.011818394589185188
-0.013744520382667198
-0.0134202102583134
-0.01509632103331826
-0.016264137089211907
-0.022620132333032204
-0.023747362240694694
-0.053785983248328284
-0.015957528412526057
-0.10038564919923885
-0.017635615628280726
-0.020034011510019663
-0.05280263497253335
-0.06112071724241768
-0.021647224415099125
-0.02068313278493502
-0.020136465543765365
-0.026122165110179063
-0.030274168717630202
-0.04070471784357328
-0.059566594185587116
0.031470315260109585
-0.03298436766032646
0.020330552604085086
0.013517168128124708
0.01929206401230154
0.02520261683700727
0.018062636895092053
0.01187287628107813
0.01792467332525317
0.02043311739826583
0.01589366110058367
-0.004057546479343418
-0.026026449554982834
-0.025358940201564747
-0.0029762195819850006
-0.009221844092546765
0.016147336137091992
0.014594033858775996
0.005943211701101874
-0.0007447229088338397
-0.006084661641154351
-0.006526859543665687
-0.01035969899644997
-0.019010803317793527
-0.023236313201838332
-0.014794453637431766
0.003486284569329354
-0.011599488632175838
-0.01801958806205805
-0.011742136013229262
0.006989384369516254
-0.01363483908597121
-0.014756941786524699
-0.042622346764250536
-0.016076806206397933
-0.03266500528328237
-0.03763199963607709
-0.02461516616402455
-0.01263288241042684
-0.011604235949822267
-0.010192058382941217
0.02177582970273004
-0.01227306289631093
-0.012762644546285782
-0.01611119777255708
-0.020119446094162392
-0.015767966616440938
0.10929305880623205
-0.023033130038009737
-0.03494258562959567
-0.043134998228340875
-0.047213899423289615
-0.045775215480689135
-0.03797051704793774
0.006520285551150635
-0.02297938207426976
-0.046921744519147636
-0.018679298180581044
0.0029503199866091514
0.06120832873360462
-0.029522902607453286
0.006083516167795421
0.08278250026857954
0.009574075141386518
-0.035867365653887394
-0.02670777570825877
-0.007508648359282876
0.01752429358593892
0.043316379503105434
0.06634252599168937
0.06301942010220923
0.029119824691970473
-0.04745668506178011
-0.004750824794612847
0.04743938428215238
-0.016343932057022805
-0.017071796232660263
-0.0018713647067290916
-0.0009192911902917477
-0.006752920783215863
-0.0012816219679584809
0.005002226078991929
0.01928632476456062
-0.0006106296587027706
0.005441809985140085
0.010608500686761314
0.00238650558755423
0.004990519253997415
0.006871515743396693
0.007130362008829452
0.017222455301229178
0.00951650029725267
0.007667056788600787
0.0075998020240493815
0.00439772693614637
0.015083535816087845
-0.007973224738010974
-0.008392229632146333
0.011775531673710172
0.00825635375282677
0.018207448815992917
-0.008978035796340402
-0.021388606806302626
-0.03687761104516473
0.046241802483252
0.010931183356468413
-0.012064937565856103
-0.0346089261768156
-0.047971809967216214
-0.022019535762097017
0.050042885678653
0.04639298984511549
0.03842844220984387
0.03890512931361722
0.051792983194142155
0.03978232067478713
0.014312351488808427
0.010063464186931385
0.024206040250225103
0.1331750785572245
0.016145900615483558
-0.045106756605252
0.0031288909490979817
0.06176278583671297
0.03628634830961095
0.05181801413307045
0.027638433798428688
0.022062677557620206
0.019850951933333128
0.04201647520402433
0.012608401837780732
0.03353650794297044
0.03499390425148142
0.0160393449697211
0.010819117656820434
0.005640130079318245
0.006468594609691667
0.016015760605726955
0.014461568214595358
0.011719601124552783
0.011572815668728602
0.042340628702966815
0.01725790549942768
0.003949938822785643
0.00748153289849585
0.012658535101644735
0.010868611602405725
0.010469062367975382
0.03569749944688469
0.01015947087296213
0.016290274632298263
0.011907724178069536
0.009681073245366002
0.006825371700841481
0.010075099626884243
0.021679455707341727
0.025239988307359577
0.009466721060400538
0.006805643524555701
0.005344082909879117
0.0028161329295367577
0.0031617060073830783
0.005655943555124128
0.00855712398723455
0.006499464933953562
0.005870870175076115
0.0055866421941536525
0.008181299526589964
0.004954857451458934
0.003155700727750648
0.0035190550417904527
0.0029835589614497057
0.003825061031824454
0.0017164318251431231
-2.989620915294608e-05
-0.0013054012774227528
-0.0026476830861010023
-0.004257064495544287
-0.008230984464238244
-0.008156398561917398
-0.006180727443271195
0.0017367228070332668
-0.013134308629045821
-0.012735917702275544
-0.006323375424776908
6.173835527977048e-05
0.013169550325234472
0.025587027165521827
0.016872391963966435
0.02042450004772698
0.00338200202865921
0.013718584761036627
-0.006355942421113165
0.010801158433168038
-0.0017037157052386663
-0.015602882443671603
-0.021908842292026654
-0.022636823998717654
-0.020596437643443825
-0.015896557661281115
-0.01396797139342153
-0.011210744760565544
-0.008327911746041208
-0.01148274142353333
-0.018876314601761025
-0.001991459234513068
-3.3431933296784886e-05
0.0012538426701755817
0.001393732909257563
0.0016603596180946832
0.0013758130497593948
0.0009210153601561124
0.0025340419237555112
0.0037939792142144954
0.004192462019933212
-0.002457326179206894
0.005850485252943105
0.006270424416798882
0.005167069426254745
0.005308423755244592
0.0055038543009427905
0.005101453623634434
0.005512960269993683
0.007119327733459391
-4.450737268240598e-05
0.00609184044762164
0.009804827926366265
0.00467136519102503
-0.02188279647485069
0.004118447269725127
0.0035220798953366477
0.0014225577520527374
-0.004775734237670962
0.019863785957848663
-0.007570647940219896
-0.0048934184639384615
-0.0059058656240483015
-0.0029738445516821737
-0.0008161110755548924
-0.0001717176544658937
0.0009787493330511154
0.002046946097384906
0.0023528166685345044
0.039356918064390435
0.01733860339624647
0.003060175156237809
0.0024669709326768773
0.0043527027917872
0.015291450020975777
0.013014549899624752
0.014706803529668062
0.0026739088533778597
-0.0322478239867744
0.008685713404222445
0.047518974053502167
-0.039437958768834415
-0.009433627887137155
0.021673490644366324
0.01211081436383281
0.005786950633186062
-0.0010617351656602952
-0.0041161331885847426
-0.00882531608512894
-0.00721597065395739
-0.005677005973683258
0.011619367650120086
-0.0009781068600104351
0.0060839845041766785
0.0011322552777570253
-0.005514408483777074
-0.005802608760844578
-0.0045152414434456705
-0.03626503961381872
-0.000503205129335298
-0.0031538309259986743
0.017095436065050134
-0.002572174778152914
-0.00524665097448013
-0.014045891966429575
0.008161953719104845
-0.0066084706488795525
-0.009462195635553698
-0.010290655404885203
-0.012147650242054163
-0.008623352118225427
-0.021654073243235376
-0.051803726605550826
-0.06330344879211022
0.10074337575129966
-0.11079906430776976
-0.043390669678266915
-0.02885645282458368
0.019489618223842372
-0.013607804634460104
-0.006614624682878392
-0.011269140151968636
-0.015757344724797402
-0.015301010391520703
-0.010574277305969472
0.014613860502360897
0.007057039464798166
-0.004300359257430119
-0.005789182494484701
0.007848970107223524
-0.0034343504870515576
0.02174028305038869
0.008067984803781033
0.0019159310826702741
-0.004200952643767536
-0.004376302160046982
-0.00481491963526871
-0.03793289465331054
-0.006958293907338168
-0.006040023377576445
-0.0034438114881608244
-0.001414975667418931
0.002223246456763857
0.015373929874621777
-0.00024011239882645912
-0.0006103522270272634
-0.0011569516475635232
-0.0012735704354247942
-0.0011265050208649472
-0.000986535429498094
-0.00048085844564219065
0.013451503514384178
0.005736303277586429
0.006722824948273572
0.025859303216558927
0.006039065433101119
-0.0005855091294003078
-0.0025121587656973215
0.027561896376940242
-0.000927973301413805
0.02617832185300202
-0.004961746876242064
-0.03378697403326806
-0.010227310417949841
-0.006915498001918917
-0.004482268169872475
-0.004581717357002925
0.0032564829460886573
-0.0024751201819717275
-0.00014690051181713557
-0.001339710065270729
-0.003197380522065981
-0.010431369491551393
-0.027274953156674414
-0.07415708199563402
-0.04929599881572981
-0.01939244176461783
0.0147538019965609
-0.005041861089986985
0.014901138520665729
-0.006981602511695961
-0.007001468921603595
0.005339263197212056
-0.004631496761756963
-0.006978075476913949
-0.007307930938739897
-0.006779923507525249
-0.016912315804049973
-0.009236334364975778
0.004476005143712533
-0.0053704015590654705
-0.006886144715724814
-0.0055762277652993885
-0.0030695554244646104
-0.019784213593944205
-0.005111938473693097
-0.0056133863598859905
-0.0062989757162276
-0.007102419845353726
-0.005345986466221448
-0.008964919130831231
-0.010373217108312783
-0.011455938630955403
-0.01297090357400101
-0.005985198199609802
-0.00843806788390705
-0.000979056228297856
0.01222036609169466
0.029358782389936135
0.02730584599617122
0.028714335359468976
-0.0011664597152925293
0.024200395822381128
-0.004358794164489127
0.01277716888541077
-0.0018942177021767043
-0.016284766037217995
-0.02357256171437818
-0.024049303704984593
-0.021577776643638295
-0.01888912074445855
-0.016209031103007348
-0.014346367439613586
-0.013210267254237908
-0.012270993307282384
-0.008188600950059823
-0.013144768961113803
-0.014128921690234362
-0.014524318506902492
-0.011611456821547779
-0.00690706139709841
-0.013210191794557518
-0.00986238678131389
0.02450884148957337
0.002524017157856226
-0.0015886246967098659
-0.005605580994248295
-0.007708871593277444
-0.004995745621020101
0.006697794864160058
-0.006153092065150755
0.0019879178864597624
-0.0010968755599930025
-0.0012024110209318288
0.009827410790464125
-0.001890463559066523
-0.006615845804167473
-0.0069186762187331665
-0.006437166546957198
-0.0070397472390254
-0.0044111396064845515
-0.0022050362413700043
0.030988140481544572
-0.003410171947315089
-0.004498741509975606
-0.006364761898447715
-0.006520631816264464
-0.005571502006665853
0.00806888910046527
-0.004759608463429104
-0.005578769126616147
-0.00422844777929695
-0.015680987167014084
-0.010138392733976207
-0.005249519603168065
-0.0034160296204387435
0.0026109324333437062
0.019001685598343022
0.0006425238989296351
0.005328120785661783
0.023189328319470216
0.005408669731674277
0.01684650396516278
-0.06299765683645354
0.0032356306412560337
0.002607891858842882
0.0029898305479629226
0.0068237598986192445
0.008896935037467855
0.02844353356209116
0.006678092036410703
0.007688868743862918
0.007964581336816908
0.01081224631683163
0.01123165239167253
0.03392071087955048
-0.010887091862838432
-0.02384276999365134
-0.004212692827507897
-0.0014448650351058232
0.034379616961533986
0.022103224363766303
0.099957361527391
-0.029981416603847368
-0.04752843463536648
-0.03259347307687565
0.030151998498654183
0.05395950005553607
-0.02877805831029909
0.01574850222203376
-0.0016608091320407762
-0.06190209756797795
-0.039630447217415356
-0.026250772976156512
0.010360712629262357
0.009723519639842576
0.005960226412699167
-0.00621587100613199
0.032811052619166295
0.0013524233250576767
0.005734815326141965
0.00451165877363514
-0.00427690877728288
0.0005511755216578197
0.006515114989575638
0.011723718327982429
0.019824166506200024
0.012821467270144545
0.03968404262596133
0.06767262726610608
0.06347401131511723
0.031010666332527102
0.007995528542171492
0.016238256183179683
0.011554666901595418
0.017558487599072043
0.010630611452739759
0.010977735066560683
0.01601262013637376
0.013916217442904827
0.012354939688016287
0.01246165397624678
0.012552810496941593
0.014326755654533112
0.013032539508382518
0.012368220086902906
0.008765760776704259
0.00010922951819010284
0.0021967135647569243
0.008724177186156803
0.012927783371707394
0.013145798838889836
0.12257611984338208
0.011922248118556827
0.014070882859320647
0.018337515462605522
0.030961503107243354
0.0011121973010223929
0.006931776005856093
0.002711037925383015
-0.0033324826949718105
-0.02702485848097405
-0.07541012368460905
-0.058827017983906195
-0.042802038676984865
0.015946336735328845
-0.004062657460083004
0.005413676319923851
0.02030761451208533
0.01319488583667355
0.005704881270033301
0.009030967604501375
0.006415256118883555
-0.006273144257097447
-0.01751165147733134
-0.03699917985112266
-0.02131188487331752
0.005313355063732271
0.004881157004875174
-0.013473286640555256
-0.016232837228726687
-0.018415163125491102
-0.015590041409737522
-0.03042230005632253
-0.04878797759322936
-0.05354499418531852
-0.03853885604901295
-0.0369001368043278
-0.0013905551227717352
-0.007674865080968566
-0.013508312482430127
-0.010550210675906571
-0.009430128869662215
-0.009102411818446744
0.009687180106965922
-0.0008780325751793908
-0.005993449762736528
-0.008717296672248251
-0.014584404416786621
-0.010602898166542153
-0.008521785514267986
-0.005118612410273603
-0.022774952164041837
-0.004694189912894136
-0.006373640765158957
-0.005478865557589058
-0.0075614978827841465
-0.0090751199169017
-0.00930569998091161
-0.008030201913170786
-0.009442598552008324
-0.009920612516815393
-0.009855245244611382
-0.011862523947198
-0.014560523788731067
-0.012347576792332822
-0.011522129933841215
-0.010533125169785934
-0.01641036166308747
-0.010244349147794308
0.0065766610443752545
-0.014213984271251416
-0.018888979912966234
-0.019414048501973046
-0.01567700618007547
-0.007974339807281065
-0.012609898803199363
-0.0058874192206052325
-0.006433996990570714
-0.012264426883402865
-0.012630110543390942
-0.011040762619895837
-0.009638153803447283
-0.007323219054416949
-0.0040715575809795075
-0.0007899016997644898
0.0011859514947306225
-0.006929993484283253
-0.017903214115178496
0.032406070289006696
0.030615756281284108
-0.01750123737946075
0.0067988299210989195
-0.0008358125593236763
-0.004384078223993409
-0.007265700685384616
-0.009527741159111971
-0.012661266765252241
-0.014445302436644172
-0.009810527009681507
-0.01539767469957211
-0.013571693202818558
-0.008968403775579722
0.004937493307936799
0.013221065531817485
-0.004721989246994774
0.0022919248694347437
0.007625823923110518
-0.00033261824759483555
0.00027451574654507855
0.01379015109306395
0.0030661098006336557
-0.006995392142414388
-0.008884273075081339
-0.005588887334444713
-0.013314402370093747
-0.013170713632794321
-0.012186018526195823
-0.01281730120670216
-0.011092394161187027
-0.010883526334004714
-0.010570053356486649
0.002661952371728948
-0.01358357833960896
-0.012077071001632427
-0.009767696977446876
-0.01137625309385133
-0.009428317414512586
0.004757217652820543
-0.004437105076673578
-0.01178670519969499
-0.010297054321018694
-0.008296983775347709
-0.014482036157425295
-0.008543430123122366
-0.013104692703596906
-0.01265282504774109
0.0023905793469270096
-0.005555418791646971
0.018559477133471603
-0.008851468266177751
-0.004096812559901471
-0.0023692936698776904
0.011263047384843511
-0.002468431078400911
-0.001956306333452896
-0.00546744025046171
-0.05293412517536554
0.024382059855425898
-0.015222927228194199
-0.01255079459711033
-9.008687841423635e-05
-0.011905582635599233
-0.013471213419939468
-0.013555371961148586
-0.014173890076846
-0.014833009179346681
-0.013107531292234381
-0.012912831757973666
-0.01211784105701205
-0.011957627879213
-0.010696769051427859
0.049162904461297674
-0.0077297535896584625
0.003347059841097511
-0.008847461530417315
-0.008413436347179651
-0.0104631694772533
-0.010393468207045077
-0.001489228616843845
-0.009924651586206664
-0.009671419230301506
-0.010133608275465956
-0.011105478858647468
-0.010422684129564477
-0.010442461581039397
-0.00977343515250955
-0.013995557493093646
-0.026221414731306795
-0.02277473627590076
0.03786419068698296
-0.022795334757212977
-0.020759134263684097
-0.01305460853056769
-0.008056707225048832
-0.005032390567786264
-0.0030708663230935834
-0.0013072208289497342
0.002587015396656054
-0.009921877431746214
0.0008276309573893702
0.0023474937256819004
0.0030513740239093328
0.004336625965147366
0.004162078334584018
0.0046531990502175795
0.005174453166794388
0.0064320223164672525
0.005559482349278947
0.008282813176540556
0.00624773702862456
0.006047381901807354
0.005938057650715924
0.005462454974962916
0.004024717887632255
0.0040567634151485645
0.0030352066000605116
0.001966691494670757
0.001015490718957098
0.0005289544675741184
0.0014583512067090913
0.004881869586537322
0.012578168532684317
0.02228223328106724
0.022494116442448815
0.008675584947088784
-0.0014537477284485047
0.0032119981744838807
-0.020500385122739155
0.002262231215215447
0.0067932947067764005
0.0015695090034373426
-0.0036804294536348166
-0.00417126761506429
-0.0029653055702686215
-0.0017494230847896603
-0.0005114490887831445
-0.0010411323139211425
0.0023196810245467913
0.009044910477333702
0.0052969495585190995
-0.04760288390207952
-0.07823549818072388
-0.07542954552531368
-0.04984713034159354
0.0025505029918652714
0.0011304807311459312
-0.009208165712998779
-0.022111602446014986
-0.01818416450863962
0.011731014240540119
-0.035102990187036484
-0.026228673324697017
-0.01577060245542621
-0.008978916202464216
-0.004506827818684565
-0.006674784136836395
0.0009294956087715668
0.0021786582989852376
0.003568056394615932
0.004668195257557366
0.0056559551483687425
0.006726235978447014
0.008378175547757691
0.009806564341680457
0.011094373308070369
0.026968607921501162
0.012942497017962164
0.011215815672306685
0.009181496347841654
0.008213276015311282
0.007779536594366975
0.007290971991802471
0.0067180755047115135
0.006697655207532801
0.0035520648081373337
0.0018558831233352344
0.003735828333846507
0.00887702316882408
0.013832413432586845
0.008713272216931339
-0.003748272981619452
0.04580199223210786
0.019297543680044587
0.017455137543255166
0.01268955061072129
0.0005518684608342102
-0.0031286788592096047
0.007896729672035809
0.015686197127643565
0.01115165971459379
0.030883774371690258
0.04476414204182129
0.015961397271458292
-0.006833757633771013
0.002254803502644179
-0.003884219341332875
-0.005917594522513215
-0.006329980451615689
-0.003744430974005725
-0.001066897448450243
-0.002928500161631281
0.0019143389116284245
0.005438640836141459
0.006945936558849654
0.0066117234686629105
0.004447003497730916
-0.0009849190809572753
-0.0002573504947707359
0.06543025268587527
-0.003775776491574822
-0.00011051776524256411
0.005451030011826978
0.006911082991941875
0.0075129228298746005
0.007987495717104455
0.009035877356338724
0.008668578557630778
0.011075774586023558
0.011177297991439218
0.012373977459001838
0.00901695886839241
0.009449284702847524
0.00951212581684957
0.011367431037777102
0.011693270349676875
0.012736783306387134
0.01693561968181225
0.014331652348784266
0.013878578712588555
0.00672963298689709
0.002401110095500799
0.0010759950712196692
0.002290799772597639
0.005503427914262262
0.007435443015446101
0.03889775564944297
-0.018320413416382478
-0.014724282276832567
-0.021648276789972845
-0.013996295917179902
-0.008216739708102464
-0.002095041306642258
-0.008722676806928847
0.010210168998628961
0.006948436793779968
0.006129301807771952
0.004223534603739819
0.0011281213576288243
0.0008349260377096778
-0.004923803125526004
-0.007675915589473802
-0.007651744824498928
-0.0030082569896975253
0.007430498165358712
0.015034024800924585
-0.002444773297859958
-0.002720304500654432
0.009179821057050046
-0.01097893128819899
-0.002366837470375654
0.007807323822717751
-0.002871063467765374
-0.0111215507945297
-0.013255171826127874
-0.012949525860135936
-0.010836861150161824
-0.008782390950841785
-0.006582314295974363
-0.0053793066924715345
-0.004278224238485359
-0.003569829624624327
-0.0031484558480353907
-0.0027885653934874685
-0.00048447934345543
0.0005157468042603007
-0.0029965533396102283
-0.0033477371577185586
-0.0019839001468272273
-0.003936875910065924
-0.0048742910336268324
-0.004873173858262273
0.0020871335050147853
-0.0055420215756400385
-0.005459060452926472
-0.034265561649902784
-0.006724178730168367
-0.007274094492764114
-0.00840035042443156
-0.007700742290185099
-0.008989508864799503
-0.01012716592616933
-0.010354253636951498
-0.009409290678795616
-0.004102708090692643
-0.01310121167541805
-0.012963218876648124
-0.01585743944752819
-0.014969798537765816
-0.00493051571441147
-0.015655806688021575
-0.022380336503654858
-0.02733886168723097
-0.03381837067296396
-0.040954162987811245
-0.04121199378752459
0.01656563494776614
0.03774043333815748
0.06295966246482511
-0.032493518104083324
-0.07459778590327426
-0.14937444572531322
-0.03145699235221875
-0.0282616935113226
-0.02377153696790115
-0.019199182916867973
-0.007487923430753818
-0.01142764757370405
-0.008130116871720496
-0.003012779917528287
0.0002737310791161918
0.01570874079658256
0.021563949228489677
0.005826535863279667
-0.023316820036556368
-0.04400538714076766
-0.03350109698820041
-0.02676020117360714
0.005734542123757857
0.015100018813549304
0.008801033809419774
0.005183243278304026
0.0010638803522608055
-0.0005170994952477463
-0.0014507469501915083
0.0027341553305790804
-0.011995524471389121
-0.04375491744406556
-0.0012833214827813267
0.0003539099082199245
-0.003078172096462055
-0.004791899124708252
-0.005396882142795764
-0.005505473485778485
-0.005348103131975
-0.007046291146011107
-0.005089872413607741
-0.009679250871016981
-0.00974963208245764
-0.039529555924089785
-0.010547045487437455
-0.019085626477595815
-0.007492235265294241
-0.03141696716429713
-0.013217964024592327
-0.01252368270585677
-0.009818085567365568
-0.007038096084459981
-0.005093030294305003
-0.006030326236124419
0.00838633286667379
-0.0018249324932635175
-0.003466542053642489
-0.0032553371519920314
-0.0004698304992932488
-0.0017330767228844414
-0.0034069102195921114
-0.0034642269745118965
-0.004410680145195699
-0.013871939232435987
-0.0223575679738441
-0.003078755237552966
0.00150155855271096
-0.015591673448938418
-0.03984272572097277
0.0012393673874676432
0.002766887270227828
-6.992356991072186e-05
-0.001473884115342378
-0.00212405442745575
-0.002092297607594797
-0.002101588293057778
-0.005357624289966454
0.0007073955144131094
-0.0014009240176627166
0.006991505527107161
0.009934191087654832
-0.0003448352467248446
-0.0018199492657210918
-0.002144787571714182
-0.0023180817057726214
-0.0023913901101226386
0.0015535366609565305
-0.0024347506021523686
-0.0038169379079516863
-0.0030298983339435114
-0.002161945694823888
-0.0018633977074080429
0.012187075288556377
-0.0006043575941753251
-0.0023999846661185904
-0.0027504718513116444
-0.003132015439236768
-0.0029279612480177675
-0.0026755289080885405
-0.0019301779565329706
0.0014881485717505242
-0.00016163978241629117
-0.0003260390982857568
0.00026885533771062186
0.0014711397330258173
0.008346458988018906
0.0008028503161281248
0.0004503655304409229
-0.008297866011347719
0.0013475231491855042
0.002190013673196387
0.002635170880352709
0.003751745760937616
0.005600260116324153
0.011618681260660693
0.004730645332115155
0.00782951395010152
0.002335083560743749
0.005885540935766741
0.0007189456604993362
0.0014853216808912598
-0.00813288764901275
0.010016636039281428
0.0029754758147791127
0.002666087764137098
0.0011648619497968697
-0.00458073510239048
-0.0016427589206575884
-0.0010578957559289723
0.028630381970355633
0.024563443023216693
0.023958370199466804
0.015203843181535627
0.012215592487490236
-0.032714700815260345
-0.018441821708772718
-0.005640793379121269
-0.004752281846798766
-0.01394705550659917
-0.02038299722731397
-0.014224003489099246
-0.03273600290913715
-0.0054127709477567315
-0.0019895091838568755
0.0013747469823619993
0.004545618885670453
0.005236375350540521
0.006401076638457889
0.0072123796064719635
0.007606866026283163
0.0076522595792290855
0.007462006244164061
0.007357351447771173
0.004746318981713375
0.008017106004445893
-0.026772021807248178
0.009004011882080224
0.006976586994990065
0.005005630069293296
0.0072645558818551365
0.00894071337239965
0.010930046170706953
0.002762007722861538
0.03229159447718387
0.017943896348438435
0.006925133242116166
0.008396321193813708
-0.033062942193198754
0.008802898260507014
0.005245878873979944
0.00259224728325905
0.0005704822036484319
0.0010076753587680756
3.420347775696308e-05
-0.002151998030785413
-0.001197817464239327
-0.0011608364741973129
-0.0005388436678419652
0.000522430872519349
0.0019602439519910016
-0.004092594884883336
0.0031780912671367663
0.0033164432727325016
0.0038273776238661197
0.005452488907565402
0.005254668825731196
-0.00010963138811649988
-0.02007170010107636
-0.04320687715794672
-0.0042410793190421235
0.023824462827381886
-0.0014651813495778552
-0.03536115512019487
-0.0065880636423419495
0.0077820366216884915
0.011409745083497095
0.01594269686717442
0.01614983584112335
0.010076233435351687
0.008878813242475636
0.008246725650633455
0.007827499708200002
0.006892489297995567
0.007821343412023441
0.009444888208832623
-0.0071023569701932025
0.009435681716414769
0.007836781090371883
0.0070306071460098955
0.008182500025416671
0.00670796692317537
0.007832312292484638
0.008044978869821978
0.006536725672438944
0.003453099444842912
0.008849152545350967
0.014926506200643785
0.029987189121927715
0.01746818694363713
0.007270524783939711
0.0033348301812877934
0.007750389430185433
0.007695953986427659
0.007834989695036062
0.007899873176890301
0.008023154456393303
0.00807762381319087
0.008828906695343069
0.019978966725113168
0.007956790121148976
0.07608052955145667
0.002530648472874167
0.007546939889372409
0.00855300471604503
0.009153862184265686
0.009938685070938135
0.014893856075149826
0.00998522710578922
0.010313992468759263
0.017137163669318372
0.03463979395336842
0.010873150894297325
0.01067116707444161
0.010349916807391748
0.010375736871023736
-0.006348790813144636
-0.02133307113252915
-0.02727923230957693
-0.015268788161805507
-0.004374419118861726
0.00126922599732423
0.007035124635056308
0.007858336422760792
0.006514856382630527
0.007066440544819398
0.02353912404514565
0.006074551825624218
0.005137682046058578
0.00620863877715316
0.009124932277994215
0.01284984353325409
0.017955138560808083
0.018421724642500883
-0.003092362203864188
-0.0006892353612280552
0.08746203116667796
-0.0024262780133987552
-0.00039006139986055117
0.01799717193908741
0.015797184431015597
0.009907841011555337
0.005332040569147605
0.005957356039449891
-0.0002736602582396184
-0.001350717569857331
-0.002015269872458527
-0.002472537183692628
-0.002470553540958303
-0.002495703768915266
-0.0013235966835071858
-0.010796200547111202
0.006457135030000643
-0.0011798509945210398
-0.003379671928970431
-0.0032139557507512655
-0.004360034303221603
-0.004302601257320752
-0.003701700361897653
-0.0039131161681457485
-0.0025415150885291444
0.016517259765628893
-0.0023519142926526375
-0.002718499607554511
-0.0018583885582794085
-0.0005866282649090484
-0.0017939477862039207
-0.012932368806707457
-0.03619015035047412
-0.014815785473904804
-0.0003759152075496044
0.002657248824754609
0.004091282147294212
0.00258977719797862
0.005960550153102555
0.018770893690298267
0.03608858573120912
-0.0020246388357287076
-0.003368089752798954
-0.0029393412029617453
-0.0021771043704993656
-0.00168001131812895
-0.0010447710255828972
-0.0005720327148040602
-0.00068495130045094
0.0013365211138435223
-0.008384450959982637
0.002415325944979549
-0.0016966366815629262
-0.001777389515293779
-0.0005453919438362511
0.0019960581677747054
0.008082470532099158
0.017702063618345188
0.014985526848776791
0.003821319916500727
-0.00023032061297139657
0.011407112170271239
-0.020056866906490084
0.005161294168303535
0.00460775049362084
-0.0019104836898586098
-0.004723773836207472
-0.004334100744183568
-0.0028037433388592497
-0.001214212744404658
-0.00023090581088193072
0.0011921912159050805
0.002024226175309049
0.002569268594945741
0.003013481962826065
0.008213259938202658
0.00309226597441522
0.0033491549991425734
0.003357414075631567
0.0030757688455738644
0.0038623347171191846
0.004936998533064681
0.005165216312390484
0.014915499669014268
0.006861763705562209
0.005207194022655511
0.004903571915752231
0.0047543186336041965
0.005189731292965747
0.00770992467322547
0.007973871037209933
0.015606098853408037
0.012747986179683405
0.00785160109774946
0.0077918463729762825
0.0069257490752782005
0.006755424147544349
0.006879314562908237
0.007015086065552056
0.006933606904686144
0.010417258374996302
0.012891681088079622
0.01918147268864249
0.009489783628292746
0.007266465583027257
0.006476053557674173
0.006297116559068811
0.006385002079635618
0.0054841026749839995
0.0046539629335653095
0.003441039227580283
0.002882485280773969
0.00291170832814809
0.005111176537250193
0.02008301889726579
0.010995934674850945
0.013686441507011968
-0.006274504212108284
-0.016471190187829825
-0.04244288399539142
-0.015237855352702459
-0.016715699515837224
0.002536031959228544
0.004258386158982476
0.013083338172135441
0.022537966339615217
0.003159847641656612
-0.008354727447452777
0.01979674232272098
-0.018798669439738624
-0.010462190277048491
0.011854691713196183
0.000752900366486174
-0.010174744446397892
-0.013893368623179058
-0.013883809136186104
-0.011520283312261575
-0.008553324011635732
-0.00554247244213508
-0.002891671367185007
-0.0007520781528003697
0.0010949784222956446
0.0024132134816984003
0.003577708280018626
0.005038797644387626
0.006013687161669117
0.006811607216380954
0.0072935513816776544
0.007764878970421937
0.008054944414398362
0.008637893219177704
0.010247365542306116
0.009510143919363424
0.008605208222585356
0.0086715435699699
0.008633109137284893
0.008475511300440438
0.008295657259547541
0.008066324948383151
0.004578771327548649
0.007133474411712828
0.006477253281933034
0.005692715503490224
0.005360861154803108
0.0035401562862396726
0.0022055054614437053
0.0008187829041942122
-0.00040111844606539307
-0.0008648326684107301
0.0004804036855993559
0.005185644098036874
0.014102194794148799
0.01677591606892838
-0.020048466000868546
-0.012080029971988886
0.0010371321854538674
-0.020707254775363722
0.00867222007877563
0.02254745367537043
0.01352713595288781
0.00540621326290213
0.0015442528365271504
0.0004922127312877659
0.0008067803112937323
-0.00019483009536955376
0.0025211162370186316
0.003474041437599055
0.004257114387455875
0.0050969618789247885
0.005214038342993452
0.005587039064448446
0.005837642075919115
0.005838291766141968
0.005849252461133354
0.005818086389026832
0.005541071893891078
0.005607247381485571
0.00793292561663537
0.007211965849519338
0.0047583006276925195
0.0048519633009219045
0.007295217119541619
0.003654172761043821
0.004127352629723003
0.0031252380359103023
0.0015929352250347902
-0.0003049964501125912
-0.004927738376219889
-0.016860996665623327
0.001843912075235314
-0.01498882287864919
0.0025385257900042346
0.009788381045208646
0.013482450795203063
0.010799320930241827
0.01033456155733155
0.008650310330675285
0.007486153496762915
1.425612804169974e-05
0.016492165026340298
0.020317600768889044
0.021862876671871725
-0.002603701154856937
-0.00043826324264716944
-0.02367079831801953
0.011059078667654654
0.0036232360637427946
0.00494891430802325
0.00625196824311768
0.0017202872956945355
-0.005556956911925031
0.005343761636117378
0.005551998112237133
0.005027019437717942
0.00923158960380296
0.006599101208273752
0.005269049926447586
-0.0038876047815755957
0.005652366073529828
0.006155461395049952
0.006472036651150912
0.0050365970220820734
0.006137571278539819
0.007254723022852647
0.0058121967742175455
0.0038195200591856003
0.0006316500156450065
-0.0033342645455173847
-0.007276902404752108
-0.006880829286967632
0.002920125659216144
0.02327158659435579
0.06734862830312542
-0.03846518237608022
-0.014118278531104943
-0.03892724076584917
0.049549819887884754
-0.01735477762407916
-0.009671222686494098
-0.0038291942473964104
0.002784376379869378
0.005497901276279027
0.009221476468691385
0.011781066473457807
0.012860497448309518
0.009471261862056228
0.013333191544596567
0.009672560416002089
0.0035449447574359286
-0.01715850280068638
0.02903616610757618
0.0007666904855343255
0.003709279680608957
-0.004631205334183436
-0.03178159782741236
0.009848525637660649
0.013799188509361725
0.0038399652976290164
0.0004631995312667828
-0.003969327374699419
-0.005416916682197022
-0.005882166713673078
-0.0060571898197106025
-0.005875079309165043
-0.003987833140944165
0.006489655260234794
-0.0038195640218534658
-0.005957598775975431
-0.006220930235318135
-0.005981099957493477
-0.005383824146123658
-0.002392973515440661
0.00677323469202798
-0.004300457034923904
-0.004581063896330474
-0.004556739058392808
-0.0037798634511605122
-0.005157178465993918
-0.01702169098716585
-0.006739735440933453
0.0004950490108635924
0.0011735382802256593
-0.0023046233457638845
-0.0008041603585623392
8.332071083932998e-05
0.001225524094655923
0.0033369018373785872
0.005015588324693154
-0.005664935433767173
0.004038851129592939
-0.005481673048154264
0.00414547540621106
0.002236710872664341
0.003993105092025921
0.0034344512088047216
0.0015840844040924265
0.0012104820741975452
-0.00905241564312636
-0.0038609429051019405
-0.007267185876704701
-0.010101900878093753
-0.010254072360276544
-0.004030612075681428
0.007712800977925309
0.00013967190389307967
0.018867209763459767
-0.04720463624637178
-0.0018876189457604216
0.06614488362847741
0.006534860956913105
-0.007591533854366792
-0.010764768473754655
-0.008891499983234739
-0.005086849231207424
-0.002164542170902048
-0.03801235762994746
0.0023064168027331776
0.004443842585241658
0.009981126570645354
-0.009436844502043724
0.013364106942036026
0.0017231208748220708
-0.030799356987242427
-0.024742051291183547
-0.005792173176620671
0.001100629776472144
0.004065251378157224
0.003273638547586449
0.003106792608386607
0.00614746914691711
0.01974323948313618
0.026497411754184214
0.04272068607144942
0.028217575977211317
0.015765904807020156
0.002600534829410989
-0.0006743644927815871
0.007505061604651367
-0.002287733829960045
-0.0007219520393014531
-0.013309465511672012
0.0015342306689673612
0.0020077787417692077
0.0007338030832034069
0.0021240201558842243
0.000356610155209957
-0.0004873008991033121
0.0015128756256511601
-0.0028609716706316786
-0.0045992200265077025
-0.005931430427948875
-0.006417169408962708
-0.00447443867267809
0.0021540735357977684
0.011481410038242844
0.01327457285554581
0.04280071291922782
-0.0033677605352652393
0.0009767077095393535
0.0016613368533571792
0.013796918239036025
0.0012137478021189655
-0.009232933135887958
-0.012114725737346056
-0.010992276876033434
-0.007318835836765718
-0.006192052333499411
-0.004888335082652867
0.001076467850464968
-0.002870765385675102
-0.002041217764634308
-0.001367904952924422
0.0024474289766315263
7.238420949145202e-05
-0.0024352644827138415
-0.003157369262129233
-0.0037033804330709533
-0.004195783481624622
-0.004272261452889539
-0.004214220243953041
0.003300246733971573
-0.002315127624371964
0.03570414713288668
0.008313805361459058
-0.0010023895916594946
-1.9657544485291833e-05
-0.004951564247558252
-0.001077715353748758
0.01929074996047064
0.00012345333780219538
0.01831551688023393
-6.753854037772761e-05
-0.005606916773160078
0.0004420648884606797
0.013848270682109106
0.0028846453782444205
-0.0042118187703387554
0.003751760153850766
0.013935970083355632
-0.0007303612277136508
-0.0009774646196114584
-0.0007422794021509006
-0.001438368428444483
-0.016371394986253097
-0.010889707502260518
-0.0020925561940765653
-0.01437382924881369
0.01663439909127145
-0.014892220156651018
-0.005594721644002118
0.000600018341041492
-0.004295239994843717
-0.026914753214961503
-0.03437414315180112
-0.010732439743447616
0.01747443631016428
0.004299444424973941
0.0012292122675332906
7.8792050138951e-05
-0.0055335346060524865
-0.015919153584616572
-0.004657968770726855
0.002975362893238441
0.00808690988796503
-0.032536242493565654
-0.014581723757821864
0.0012930170454870634
0.0010771990514037069
-0.0004658541590492097
-0.018320431394696485
-0.0013128673305098334
-0.0028801512203221018
-0.004155951657418893
-0.0063575853508733285
-0.0034756242436226378
-0.004377540219363556
-0.0054737124140937605
-0.005572115612701103
-0.005883807833114689
