-0.009984267164243586
-0.028619967364298574
-0.08255476341224503
-0.0632941022103132
-0.032817715656574695
-0.00978822156543207
0.004206008885905411
0.014080522477921529
0.014524004615049699
0.0063695122210636
-0.004905082221717754
-0.014006566256284075
-0.004052289386054844
0.0021468465706476598
0.01020193230299407
0.01804531954784016
0.028879447513321183
0.03441919741937615
0.02271621492220735
-0.014787405507737269
-0.05901672757297353
-0.03400835941956408
0.03100817264712894
0.01136603881745265
-0.060989583600897755
-0.0457644692688507
-0.00040374893953995484
0.032641570707466996
0.044583966427102675
0.03724109138873002
0.015186630291859958
0.018303235468054208
0.006610145131841653
-0.005573481089324986
-0.016186036556789886
-0.02500939731601087
-0.0433417822571813
-0.03647340753396289
-0.04398481673898568
-0.0380292524451396
-0.03603078171426994
-0.03278095337643219
-0.02866870858131948
-0.026067074784060798
-0.018458647982421278
-0.010558457265760136
-0.00243405922256841
0.0040443982349654935
0.009598892528088203
0.01486800749718912
0.022889419587017703
0.0574709640746309
0.11727776811538901
0.10886821431919481
-0.004635373297110519
-0.06400646375538963
-0.09388708153243419
0.006770617968179791
0.04390483275675861
-0.01647760536344363
0.0568967122304105
-0.009186740844448378
-0.0030371341291432017
0.018647350880307615
-0.06317570073789236
-0.05984332103398291
0.013850043819840046
0.06907258641382981
0.04700403160527126
0.007869659251944942
-0.008067643372338437
-0.00810113700968594
-0.002366997043944496
0.005565756074137445
0.013985581475486184
0.021362857579352412
0.022574396152076393
0.026941763366222057
0.036361453968335344
0.03995591893079565
0.04741130800871302
0.04923608481240682
0.0452515259534124
0.04270466226990477
0.04015116336925241
0.03702629077156919
0.03345857263544115
0.029658872417519563
0.026430002488469342
0.021966754348433173
0.01823540158393549
0.014607307839228407
0.010452747090020689
0.004241389894280311
-0.03129475373162721
-0.0022914412393843964
-0.03277031336445786
-0.00894734631902227
-0.004641634410513916
-0.006552352853470947
-0.008869927626046688
-0.020691401657528717
-0.06117432914796022
-0.017804869953862948
-0.029345647205243824
-0.01427963359297037
-0.01226479615156234
-0.00993764354887172
-0.006883467795744
-0.005274546908230941
-0.008404628561212156
-0.06291496434010538
0.02113465088457287
0.026118582094300728
0.007905816523066753
-0.06531599854982158
-0.09620661157938497
-0.056724827058033826
0.1917126970477614
-0.0487543911348452
0.03649244354433245
-0.10274319020049551
-0.04321214292694248
0.017090075045104697
-0.08264600655568978
-0.0019415972061026375
-0.001567393719102268
-0.006391524068612078
-0.02372288538206697
-0.026821126132695938
-0.026554529755069015
-0.016400774932075812
-0.022285125234082208
-0.016542574155264587
-0.013678707664437007
-0.012203954286998659
-0.00887105600599279
-0.0003231139921518238
0.001427891196610307
0.004083580547938751
0.009260492215824891
0.002868385314806684
-0.05380000224373887
0.010914678694552588
0.01978864521007222
0.05533907513465896
0.0010955121746667822
-0.002855005279855799
-0.0034094316624473774
-0.0016719156779267535
0.006405704701774544
0.011273958473641984
0.0031883322852032463
-0.0012834836394391793
0.1106252306837403
-0.004499777667012348
0.0063914139056982615
-0.007312038290568515
-0.00827332654101497
-0.007123730011543041
-0.005854656755889828
-0.0036580958515445455
-0.001141249920533349
0.004225363560111809
0.011952307099839491
0.08034458686501926
0.023870753650867157
0.01864094406336565
0.012059346894106142
0.0241473803254527
0.009517893690153982
0.00916938123000298
0.008310249498428
0.0073700672092788175
0.008037228373293357
0.01220712088184021
0.0056750370421195075
0.0033470338260779436
0.002213742320668742
0.003827622332932132
0.007470963317034488
0.013758232181956277
0.026060255799887737
0.015405635812142108
0.02215633491635064
0.015861248705672126
0.008643772238104874
0.0043352335047359145
0.0007038008401519596
-0.0015453604271292846
-0.0032861284703806473
-0.0037726904763784315
-0.003248707506427701
-0.001211030198321733
0.0034193508952143434
0.0014178198579671533
0.002173051576261963
-0.0012565947152706673
-0.006448891763887299
-0.001896869884585844
0.00025029746811747395
0.024144495027113827
0.0047628491598866556
0.013421265910985683
0.006042461547160779
-0.012448448534410541
0.004341749383049425
-0.02144014223682234
-0.023544766289413054
-0.027406926947761825
-0.02089733712927608
-0.019895785689063264
-0.03350696976346148
-0.03451689648050334
-0.03272682312600171
0.11867207377839863
-0.03343605942078434
-0.04116040906522893
-0.03759120492565408
-0.044046955064302784
-0.04224870621399744
-0.04481495456558892
-0.043797412190970546
-0.03957202046825393
-0.028973355580619285
-0.0023718507605609562
0.09909183018579583
-0.002822461297822865
-0.021848733694000824
-0.021351781944426655
-0.0100227241742204
-0.006272741396984534
0.011202192421656829
0.04427482914353017
0.053191403899899854
0.045876067256344
0.01173107570001591
-0.003803828244108662
0.02642256650437479
0.0677997266138718
0.046551539294674996
0.037922465197953954
0.008015413440210735
0.005201646280270435
0.009438987094607885
-0.004397489838224425
-0.007635832982236835
0.0039033447513552384
0.02881804689661312
0.018997813293690633
-0.14348859137316153
0.025456465547315323
0.007014608117871212
-0.011630221768112438
-0.01755872535841371
-0.014157949367509508
-0.02161262435649409
-0.018663544268391924
-0.005010677605795706
-0.03072638434413972
-0.018214588978080832
-0.019842560119344408
-0.012558472299414791
0.03775375079712455
0.033581208553034717
0.03026368130338745
-0.002940110553034271
-0.020824257919609877
-0.018010070194233455
-0.021261265912978687
-0.024659223987215356
-0.009274565759416773
-0.006272496332498191
0.1138121878126761
-0.00793940362704813
-0.0046305462253251346
0.012361881475375222
0.059735742488177465
-0.00919880379914564
-0.016835709108414636
0.007698989307953452
0.015552351694633622
-0.012387694047131408
0.0035701093723317975
-0.010601285255380575
0.0021179572152596384
0.050439850067598796
0.010437866018413568
0.000977575129190905
-0.025511043707229574
-0.002759831398969757
0.059903181811539745
-0.009973317220366734
-0.015235532572495282
-0.015406942065539872
-0.014624973081163842
-0.012861512263455974
1.4711410600030238e-06
0.02089239763051944
0.025244717062265176
0.017402063522074095
0.028551938859082485
-0.010968178484098052
0.0028840452435524933
0.004028573665951425
0.003230243114819195
-0.009389325272391886
-0.012551332150720906
-0.013668203396173464
-0.01144586644782051
0.045932488850078536
-0.008398468685562153
-0.01002494408151106
-0.006409030761207874
-0.0008785559041305648
0.004842976191991946
0.05455881092631916
0.0012048372885693933
-0.0007996298146614356
-0.002019025174188523
0.08426154668797375
-0.012987430618228069
0.0026964973172891055
0.021087914911423748
0.0475721273991555
0.04421077277789331
0.05090727039385576
0.021695271538740478
-0.0009516509313756689
-0.008602077986466866
-0.014555018867082043
-0.01616779689019117
-0.01862931500447224
-0.02397258185408473
-0.011261283411516254
-0.009607137944811273
-0.011111034727646936
-0.014026845087833407
-0.015281758741845505
-0.015364049470128129
-0.016271388650503853
-0.01519435153723788
-0.012516378126585409
0.0011797833257580217
-0.008879224262652557
-0.005070127092455788
-0.009330170620808905
-0.01183387943028729
-0.010753541867649413
-0.007209519546421576
-0.000709417165193291
0.009491401831945481
0.0036602047392771953
0.02778293773125944
0.003427036309988347
0.009860895292614113
0.003070534832493155
0.005513834861475289
0.02275458290254559
-0.005451294249482356
0.014924345754942947
0.004584680592338407
0.0038416158373807004
0.01197322129943282
0.002630714251744999
0.015160313362819795
0.04012361672380426
0.03488538484691589
-0.03936402594271845
-0.04854976324196107
0.043440020700991046
0.03267077774281455
-0.015886171817279863
-0.021615317886878226
-0.02370218462464446
-0.03565265001792801
-0.01712084444163509
-0.012713642459148876
-0.004900890834718922
0.009870145393726526
-0.003061733860192898
0.006855028604151335
-0.0018943335084262852
-0.011132815473077503
-0.015819478937200045
-0.019664957208402164
-0.023948867003139068
-0.03887387137710869
-0.029979132757897178
-0.02750150011630424
-0.02619683619472446
-0.02477195958078448
-0.025022020938037563
-0.032334268445195734
-0.023107739731301223
-0.009837409596464083
-0.017989726676963132
0.05129808491072834
-0.01275774490999112
-0.009499336762223228
-0.0018348053532256804
0.007400794555563908
0.0036231902695706888
0.006195067553752627
0.002413377339036418
0.002917263337158667
0.003567167634690433
0.005970529188030261
-0.00022742084779687588
0.010769467633330433
0.012913117333595058
0.015849673272718988
0.021172175951675865
0.03161650318148607
-0.014408154119432385
0.020147492921635587
0.020508783977505506
0.013011879907541258
0.000717659208800417
-0.022836970142179194
-0.05408229320464069
-0.08426759781326924
-0.05362149295009201
0.09586379063032005
0.1391165937102302
-0.2744755274216581
0.1834700960542148
-0.01269271116974478
-0.09188412363963933
-0.08256486546991229
-0.03475920148491067
0.004799461277001112
0.017125548964355756
0.018463978481607822
0.012787279093336828
0.004965288725769964
-0.003061084183680093
-0.018179825587070698
-0.01298815354935953
-0.02339473493091738
-0.011405841353120302
-0.034160123553976754
-0.03793182127305549
-0.026686384866527073
-0.00882475533317991
-0.003940879926910404
0.0036435478055150293
0.011624400206834395
0.09680312544938087
0.0055034401870759884
-0.0013505105873823687
-0.007383400943405867
-0.01844663885003894
-0.016101778172108373
-0.018506470662748038
-0.02146787069657355
-0.02031280246017014
-0.033806285082557855
-0.027014011084340726
-0.01867876385243551
-0.016758820389345827
-0.018964938416524125
-0.02034162395790841
-0.03474763900962295
-0.014323722379449979
-0.008153501511639938
-0.012756286432461832
-0.0241182023920163
0.049362453308904666
-0.03322350297978525
-0.00692295045856899
0.01092994582788843
-0.014849163017909908
-0.008901009274892081
0.013273041516112078
0.002363363003492708
0.03473322424555662
-0.010319871220359957
-0.006896916744398262
-0.002229807993803107
-0.004523959549267329
-0.02660940209260027
-0.0026472241660501807
0.019689999178235676
0.024234961505341653
0.013826403841509195
-0.013602127251319955
0.11040021029055463
0.06925890779537451
0.06987897938025274
0.045778595595758
0.023876524614567084
0.025401751450236293
0.00014759659644724142
-0.004713511955348847
-0.007008277124082703
-0.02017315747126136
-0.011207766842130283
-0.005621696209896472
-0.017073649759406038
-0.008266759774488108
-0.0077707632059239315
-0.011005109884218092
-0.009846923589648898
-0.010253415919914103
-0.007217017273806739
-0.005110194439235536
-0.007187115372684476
-0.022695560601495704
-0.018548432112488914
-0.0061016867687374654
-0.004101773603962776
-0.0035627980164280935
-0.004382373797787592
-0.004395039158442461
-0.02600561006451606
-0.003404483365841192
-0.00971339839505356
-0.005916144959714563
-0.0015094538405696792
-0.02596351434754284
-0.0011912913435540558
-0.007098671058022464
-0.01372337093558661
-0.001277402158551456
0.003143788327824168
0.0037711514185062647
0.002113354374319681
0.003903760261797626
0.005994303882233136
0.0058743083742119
0.006813850550521872
0.00772341006908057
0.008181832001820714
0.006480958244516736
0.008737635485300318
0.00752261378472747
0.009808294646686724
0.010134030799037812
0.008995535205232174
0.00957200232195962
0.01041033259426577
0.010505372169219497
0.010250098639199859
0.009597263632154008
0.0062501494747461035
0.007662697637619326
0.001695387120923838
-0.003889240401486292
0.0030731941196427285
0.001567328909382412
-0.005404375236849811
-0.007420591077028555
-0.011765844973855707
-0.01670716504002396
-0.016722264251373912
-0.011484232926352518
-0.012743593853337749
-0.00610633777656157
-0.010540780176134778
-0.008885613151723088
-0.0029416762418638786
0.0026001154480759917
0.0068159766490178565
0.009818201253119187
0.011824840060770527
0.011491179085512858
0.01113442279235144
0.01468991703513717
0.015037284663703685
0.010779790315238581
-0.05858690608416309
0.014937782428633235
0.013709968716538831
0.013995276084003545
0.013976744370667678
0.01208860697275784
0.01106665089600156
0.011676415471777127
0.012309002714424106
0.01169299359095537
0.010746599492549537
-0.003211925181795301
0.00762044183625284
0.008845111515774603
0.008864134584255204
0.00829581052642571
0.00768312966569829
0.006902217420633017
0.006229589028750243
0.004730267703194088
-0.014616810852271239
0.0032183489262629325
0.0012689677845770702
0.002148754241401377
-0.02159601816440069
0.00019505080656804838
0.0012310898633935746
0.0010475071552372968
-0.001146181730345342
-0.01693678296738902
-0.0015815270546111228
-0.002034148266213801
-0.004748590452577779
-0.002279224165012404
-0.0028481737224145096
-0.003327694386627297
-0.0030309905779240223
-0.004222010403148139
-0.004019079339195723
-0.020965689736818928
-0.02332189274884207
-0.00667372886675039
-0.0037592817819170803
-0.004788592274820241
-0.009020919710091072
-0.00847658310104898
-0.008352633837747201
-0.007223755664642024
-0.002804398749591982
-0.011391014644761478
-0.026697823622013634
-0.0007143369871161362
-0.006594401596185649
-0.015770366822927453
-0.010945997407349287
-0.009436035848368562
-0.009594794172586435
-0.014290660981533528
-0.008275965317653127
-0.008509624817839317
-0.008708162457286877
-0.014980641987843544
-0.009649537252427206
-0.014542892943208636
-0.013591426459282277
-0.009682123225427185
-0.009958005064835235
-0.011211339349730525
-0.017419860515772528
0.0017646637126141997
-0.009064459292730514
-0.02091475309726071
-0.011983538291594749
-0.010416948884589997
-0.03414364000672052
-0.005927169232283499
-0.005647259173202745
-0.0206305222835427
-0.002081389202120472
3.1313827567952985e-05
-0.011229026076315554
-0.0017733610367311465
0.016465147709163994
0.004557537231864816
-0.06806073380002557
-0.08309476258470772
0.011879035785427688
0.1028852719106644
0.02440757923886053
0.024705926796264883
0.01805668255776648
0.012710145696060009
0.009058365495655233
0.005062313683276359
0.0015946356427527356
-0.007099494089090435
0.0013792646187774519
0.0018771275556109896
-0.0030421551650805867
0.004985172020748845
-0.01046006471312468
-0.020928624232145376
-0.003187136069810569
0.01690815863214565
-0.009123882250218941
-0.008071398119334106
-0.00286427394896017
-0.00962224215321372
-0.008468027027151733
-0.012201831510818288
-0.01299629385777087
-0.012616015774490901
-0.011683361748975178
-0.013926881656715562
-0.013228723408574106
-0.012994429312126524
-0.013786767939713859
-0.01376093936998209
-0.013308061077091454
-0.012134776894064052
-0.010588910310292639
-0.020650710042407903
-0.024692643956284354
-0.020381535472977486
-0.013223849037390076
0.0029364455693622333
-0.008866768303603704
-0.011142330411472638
0.006976733701304877
-0.010160963905022535
-0.009887148085022716
-0.010020758403786523
-0.010405030162071782
-0.010614593326954597
-0.011189213548924543
-0.011009617777323066
-0.01080727985009844
-0.007798977395081464
-0.01010072895915873
-0.009694661539658124
-0.005821694754569033
-0.0012674721636557924
0.012095853011715058
0.041191362997990554
-0.05107443683904321
0.007122306608940938
0.03218448048484122
0.0032189719414281925
-0.004455585211199273
-0.014701185719919053
-0.0064944032216879095
-0.006408428261742151
-0.016211552571994366
-0.00924886882085966
-0.003724534692429262
-0.002920475792550235
-0.0022819181868930657
-0.00403361658343781
0.00012786959349884072
0.00335423314703914
-0.0064530132580812236
0.0019065783619110557
0.0036752454683791533
0.0017207750132071592
-0.006987249708879006
0.0062153390916122936
0.006933093625015539
0.007423145474943784
0.007545620353861929
0.004258428222375852
0.006542707484624785
0.007211749309935136
0.006547113648194743
0.004561409379284377
-0.0023669519070878523
-0.0016818595553632738
-0.0035889339349049615
-0.007773721006534732
-0.012670114202097382
-0.014049322891239393
-0.011084062495368098
-0.0035111912823160662
-0.005608240590708108
-0.0048745690673739255
-0.0027870205258780263
0.0025811289645340536
0.006100952521321194
0.010283365535625935
0.012526501346669897
0.013399988660684007
0.013803318177290165
0.013592707241019929
0.012768295748882125
0.011538534550244521
0.010112128157824942
0.005782810532088139
0.004684426589634401
0.002012387004516567
-0.0002446382315766547
0.0005545354513141834
0.011502388799321315
0.030538164846881693
-0.021226273730773744
-0.03922315153027793
-0.005257379248619078
0.017797252480704524
0.013758425615959278
0.005558367272331451
0.0002906529053372713
-0.004356499689773694
-0.004241537772094681
-0.013280074856181963
-0.010945404736644768
-0.008912440857073035
-0.01987764292576312
-0.007923607157979854
-0.0070733961002850225
-0.007539352479394251
-0.007390089258388805
-0.008097622810898654
-0.00983580101414373
-0.007589977827279909
-0.006317662744695448
-0.007674407118193422
-0.008343369065451096
-0.009140161430538921
-0.009487482262667286
-0.009425986753054175
-0.008584274923191528
-0.009635323315606275
-0.009632174739888253
-0.01024593326074905
-0.009253672757090731
-0.008521286114816142
-0.008150474031307703
-0.009212312936219583
-0.017841318750972137
-0.02850049708470664
-0.0076835017725901305
-0.003413094436938905
0.0007388192967934965
-0.00331278705150263
0.0064910327884587365
0.11669358359758132
-0.004492237214362511
-0.005809253769941836
-0.0062596322834954895
-0.005552887710770861
-0.003570899616794503
-0.0019692641728112272
-0.0033485123801558865
-0.002291989900018559
-0.0015156412799122092
0.002135234962453134
0.0024696751196098174
-0.013541090827241122
0.017667572329169722
0.059367290642374414
0.02651258071923512
0.03291578824726376
0.031194488428166654
0.012017089814465772
-0.044291452107490754
0.11129361618238238
-0.001060884781153994
-0.0018803783125563133
0.03812031766431015
0.03200178084166666
0.043823791269550834
0.035108699428596256
0.04376194672623707
-0.015559047470109987
-0.26108337995829706
0.028907321822937572
0.025267708868185294
0.01853824616017178
0.013614397390910521
0.017396349321377087
0.0915089958855539
0.025534769375376888
0.011212938618676865
0.0103487345734664
0.01568012784501035
0.014288897552178614
0.014716798014591486
0.017251728368859284
0.024874149346019468
0.024925256177754897
0.022467730306957277
0.027784420147674703
0.031801595769638855
0.02946719865228331
0.03638340921644484
0.017897254679947558
0.014832810255229053
0.03238956179660655
0.00882110253943612
0.00608390873447068
0.014611156572030456
0.004668018012987441
0.001840062860666614
0.0007556323938173054
0.0003817832518043121
0.004294157463834004
7.057148639265081e-06
0.00013656709917898472
0.0003030593578742736
0.0019433695769002733
0.0018329520755550252
0.0010396614728559784
0.003038467241412633
-0.0006663495101896746
0.005795533038688536
-0.0004095142593423006
0.0044133772814080536
0.007689188495173674
0.008850902334400525
-0.012688779095177306
0.0009403676260613542
0.002734586802547602
0.005221174151350672
0.012096534837052333
0.020677792976055258
0.021509008256261404
0.0141962296943857
0.03884202116741601
0.007591243722158255
0.006927948504747053
0.005120239727448531
0.006123524126136253
0.011940753880700374
0.006529117621279021
0.004950791519232842
0.0038579743649518965
0.0007653753680297842
-0.009654532912392516
-0.006672731486435469
-0.03171121235035868
-0.010088045141795215
-0.0027983806581733965
-0.005147035873864007
-0.004502673231313745
0.001610576747496698
0.008725443687355389
0.016250643601426713
-0.0016883829070435657
0.011446413099377254
0.009504856287051148
0.0007665851632835552
-0.0047210951374572355
-0.005754074050265749
-0.009549642736643247
-0.007710874498959268
-0.007863075717252033
-0.021210286376971175
-0.011814688785607316
-0.007412466199070309
-0.003877573854073208
-0.0058585213354615815
-0.0064265271730601665
-0.006559898618196053
-0.0069971713607884295
-0.029255491374543387
-0.00910307629014381
-0.007151233701966897
-0.007764129324864202
-0.010021632495668006
-0.008762637814985097
-0.008634512455973882
-0.007431332109066339
-0.008779237046542461
-0.008979214579986773
-0.008980252407256566
-0.008525391262989741
-0.008715267978522638
-0.008335720591672072
-0.008186390713706634
-0.009716781110812756
-0.027183350899610086
-0.00941537315917663
-0.016699410781569966
-0.007126812832910079
-0.0067826785350440354
-0.00682776220681411
-0.0072724241563008425
0.0034565153431401962
-0.004662294510948946
-0.016390834343826613
-0.01490644663305048
-0.004547230620962057
-0.004507392255780304
-0.004476059785401011
-0.003801909067239316
-0.0032709213187514467
-0.0030122797496089657
-0.003349662701075038
-0.003799266640244688
-0.003914033667239931
-0.00894471651299145
-0.025157054911331293
-0.017275077162304194
-0.007545299303260805
-0.02012785395750804
-0.0014044452211327328
0.001929902870427399
0.003923485960931274
0.004899972223463577
0.005658555144281994
0.005446128865500638
0.006763489422224326
0.003753139993678971
0.0011617369487064563
-0.005873074390389395
-0.007330543307784249
-0.011023940011789387
-0.010678198627563962
-0.005112182783787125
-0.011300918039162104
-0.005062545740918349
-0.011790943172794215
-0.010893762632250763
-0.006416133114000321
-0.0023755307769568407
-0.004092313669828261
-0.004881346423003778
0.002564257868155594
0.005018862633358399
0.005234659023556608
0.003072615948887016
0.004694027120495807
0.00416914249070718
0.003435383661771296
0.00767137364412292
0.001886398861523242
0.0015438079047387753
0.001220047642980763
-2.087783326867627e-06
-0.0036699799586851407
-0.014373195017796233
-0.005494169818827226
-0.0019269287615238072
-0.0011866025809020597
-0.0023943833496211354
-0.012218028091642245
-0.004600533738341315
-0.0029062432397816583
-0.003182523285686375
0.0035448297674063683
-0.013852767132383249
-0.0017981156814591895
-0.004274618556722369
-0.004858492206103155
-0.005222302527397771
0.011262308439225877
-0.005913613925479828
-0.009360492308525483
-0.008437126766133247
-0.02039888615945901
-0.032305077901396355
-0.008904394266291799
-0.0038006064938928288
-0.018568048930667165
-0.005840456102115604
-0.004942709405522078
-0.005123421990017919
-0.010761385794745771
-0.009549254512685373
-0.0052995347498937815
-0.005596463326274338
-0.0052040765805366875
-0.005138722034365961
-0.004739967366088295
-0.06786693668641766
-0.0101767177188033
-0.021612301780076747
-0.006113912932617538
-0.0036694929710691035
-0.004502191185603797
-0.0044506879548992205
0.002699524418831846
-0.004265328881998014
-0.004423039491376391
-0.0045685494428042385
-0.004320347291433502
-0.004523291815923862
-0.004774611664919671
-0.004490340244530966
-0.007593679045910857
-0.017165849751088917
0.004866608501594431
-0.08118892434886957
0.007684062881332439
-0.006366614579634246
-0.005376497571334265
-0.003247406992419829
-0.001648155852602931
-0.0005230984206525996
0.00031295519845390187
0.0013301252362132997
-0.015074745155281323
0.0008088696883193783
0.002704088303560127
0.0032725899119448424
0.0036335941277833433
0.004081736090318574
0.004398001851889522
0.004658262652314207
0.004472730084465686
0.005006104393057642
0.001490987609718524
0.004823118434519529
0.005539845803835377
0.005551495091766711
0.005411987354287359
0.003405885219983954
0.004794188656042708
0.004317953743294856
0.003444744962820836
0.002456037501049242
0.0009820483426221515
-0.0010758135836861176
-0.0037825552098243705
-0.007209623899386136
-0.010877118004147635
-0.01340651596102649
-0.0077798513062861015
-0.01956551193540489
-0.010825523361753561
-0.003066694554032948
-0.006019996004977926
-0.0037711893770532743
-0.0012446633269058804
0.002533965736882868
0.004556402757164258
0.005659622585714076
0.006018563348083699
0.005047951848475024
0.004303073085419776
0.0014317739107026803
-0.002093847044702249
-0.004777940102091389
0.002691723592386526
0.0005556177873099986
0.010204924920309366
0.0006788975890966759
-0.004352142257450155
-0.0021363771198700484
-0.0007964512307293896
-0.002638810111237816
-0.004642977248018669
-0.013295713201630805
-0.002253830437047532
-0.0027076753760658175
-0.000190075949079161
0.001816971375061091
0.003025909044435088
-0.0016037944653011509
0.004175551960677094
0.005088844153021196
0.005418519365849647
0.005620749808409308
0.005730063912074645
0.005794356333073529
0.005758802355882635
0.005135608029963146
-0.005827311028797156
-0.021287943133360167
0.004072058459765496
0.006792616022043192
0.007000851523136544
0.007113614923566903
0.007256769312008707
0.007258287768815833
0.006929210037159723
0.0031812860671483973
0.003512204044612379
0.00276627561134543
0.004526195330100042
0.001039755979694403
0.0035988095834453278
0.0056342495800521695
0.01144761486936048
-0.009357849952970707
0.009155431725706216
0.007006089263939027
0.0031467479912627794
-0.0007438955394115421
-0.016743147233540853
-0.009510061589175521
-0.009028196174448357
-0.009679145672396004
-0.007755493272155507
-0.010637712242107794
-0.0030883934121126817
-0.005637988690585076
-0.0034065327207513743
0.0008305696797174144
0.003704091061771402
0.006560692601599213
0.007858767068742797
0.008787671997320478
0.0043926832084335635
0.005960164567164006
0.009414558867989219
0.009590155848318812
0.008674310728144941
0.006524130392098866
0.0017379309201872339
-0.00981780698358669
-0.04322457188069193
-0.008891976006374399
-0.00217611210891994
0.0034215456001521344
0.004766517289814487
0.005510373402481868
0.0057502770869846355
0.005780563571414674
0.003060405455096565
-0.010477612439380682
0.0037666285994318606
0.0024945811810034393
0.0052806948508005765
0.005331393895428907
0.004860470156014599
0.0018528320642785332
0.0019733120651107107
0.0029403227004246705
-0.00021309967276185243
-0.016202935449898093
0.0005112563657828856
0.0010621550701253387
-0.0004811262124731878
-0.003004438176133499
-0.0061772126908349705
-0.009684339994644358
-0.009640994859892851
-0.011571968865180792
-0.01801295582691746
-0.0013869313530074777
-0.0029839410555208223
-0.0005208607238127869
-0.0003272179762933433
-0.0015653083363152828
-0.01700823051774856
0.0037370746756576353
0.00839813227943261
0.0076434602561665866
0.009858765252384986
0.010705386824632932
0.008455576022551925
0.00890707685202022
0.007704138021821688
0.006341882574421727
0.0031583568845219945
-0.0010998571824372653
-0.0051272955165272294
-0.004569808504567301
-0.004375039054960035
-0.016196289654255614
0.0010874146553461641
-0.0035474201439521335
-0.0015983806740496587
0.0023338950372247817
0.00559854690645395
0.007926018734175519
0.009074055080094968
0.009768546301235304
0.009931118118508086
0.009852234242685538
0.009470157015185448
0.00899979337991788
0.008383332210812541
0.007754664426683585
0.006922690807677139
0.002812525249103328
0.001150672750146398
0.004912439928478929
0.004382749092894152
0.002341967437676796
0.002646867837320608
0.0027075505654265454
0.001405541212389734
-0.004519658154686231
0.0005467954760913476
-0.002177870844490924
-0.028068831961092316
-0.0014745718152271053
-0.0007941867466521976
-0.0008969641007080755
0.0010510809639883618
-0.0011410197901134606
-0.0015198027587684233
-0.0017604189675748435
-0.002707902820386393
-0.011781886809371499
-0.002030195248574372
-0.010059611646238377
-0.002225503293078678
-0.0028187573620068263
-0.014314000550247775
-0.008287358962533254
-0.0041059435588037966
-0.004527693038561704
-0.00503535238754498
-0.005353305060391614
-0.002935439008905695
-2.0970409813844296e-06
-0.017656407511711568
0.00010251932445895806
-0.0003288835142588789
-0.008101966805441313
-0.03125695115756517
-0.00430657548085384
0.0005383291047034018
-0.0016668211194692073
-0.0018745791614415796
-0.00477361921349717
-0.0018858291263664122
0.0005296720290104398
0.0024127493504097733
0.0008002974073742971
-0.0027237339265215326
0.0006896800324866128
-0.002707234549762199
-0.01295246478532335
-0.038076097106803916
-0.026745427460978317
-0.009868782410281758
-0.0032690904750933606
-0.0024619415629225983
-0.0028572842157241264
-0.0015229601070265554
-0.0013250605286379755
-0.0014855211164323055
-0.0030050477840597328
-0.029376944388740254
-0.0063596867860163655
-0.014641383208948274
-0.004866563747565341
-0.00435084302968765
-0.005086017126028812
-0.0063507047489460055
-0.007642937515814197
-0.00893094352509017
-0.009698245511876055
-0.009663900403072906
-0.010954714646252384
-0.006728074188308346
-0.0020044696127305478
0.003389109611692937
0.014392048889823041
0.017862598703717158
0.018528386664517612
0.015617346692230843
0.004069509337530566
-0.0022361494364937346
-0.006248658488978848
-0.008198416311732067
-0.008656140516991687
-0.010078868089193876
-0.02264852728608924
-0.014070540353772525
-0.006093092138483635
-0.004944848307021027
-0.004739336004286163
-0.004127114091875101
-0.004038966385541087
-0.0040758722107524315
-0.0038717971494866177
-0.0031291893629980735
-0.005792128123202779
-0.0033838347444099157
-0.0034338821432338355
-0.006401723313047887
-0.02045202774862294
-0.003724645971555769
-0.002907867330818596
-0.0023681463229742053
-0.003431896485800408
-0.0035418121192333546
-0.003318765585769196
-0.002422602510681797
-0.0020943863032453916
-0.002480660009318375
-0.002037583186387614
-0.01186607174451437
-0.015244747154669353
-0.004619187550615873
-0.0048302479065243506
-0.005194620280765649
-0.00462967993067062
-0.005538587101326163
-0.006485609918828661
-0.006074523035462399
-0.0055100887615611984
-0.006299558259298116
-0.005957111872208099
-0.006609664631094443
-0.01785360595041703
-0.008532761937442611
-0.00692781671561968
-0.007127190361906201
-0.006319907267872321
-0.006674942345102961
-0.00672711537898803
-0.007184769942495054
-0.008933299104587828
-0.0076086730789067265
-0.007063721110735673
-0.007870338905601576
-0.010524027635044614
-0.02406954093588911
-0.007162179762256232
-0.006310688764507742
-0.00867904373935881
-0.008539174325510528
-0.005328011007645402
-0.004793754612820948
-0.0044528162778678555
-0.007254804797611548
-0.015272385760787663
-0.0028664154876866534
-0.00304015195881515
-0.0014650756152796264
-0.004988573033164708
-0.0014795911531570935
-0.005391895310109555
-0.020379659610484768
-0.008368810515504775
0.0020425042604705615
0.002643789693741332
0.00040642651983833
-0.010034052909865226
0.0009791846843864255
0.0009778267711821906
-0.010939542084212456
-0.000947934371033969
0.005320856385709058
0.008655553755811443
-0.004069432032540973
-0.011474394264848175
0.020074257303793523
0.017858860618859565
0.014941678057800879
0.01327048988105815
0.009123606799444958
0.011133785420537137
-0.00034623764652552837
0.00972279146961319
0.009001184151806802
0.007948774109473492
0.006702078572616598
0.005965934349123508
0.004867359925623496
0.004188250913350246
0.0031497113030412257
0.0021552880656621697
0.0012108281052512161
0.00031767398486538844
1.55075464789891e-05
-0.002661291699692706
-0.02189140542506068
-0.004670148564070126
-0.0034112918897735217
-0.004685186153699554
-0.0046309848820976435
-0.00498666662684952
-0.005559295910963201
-0.006899509924709592
-0.018044710183879254
-0.027956002070828215
-0.008967870820059612
-0.006663646773052318
-0.005743496412620126
-0.010191775715910435
-0.006094327082457294
-0.005461401268732099
-0.004824193995257973
-0.006550869402063222
-0.006313468830820163
-0.004474883059472782
-0.005470090941238289
-0.0051823805311481085
-0.004762903288199247
-0.004371372101667911
-0.0034635347691476374
0.014095484750020357
-0.0029663498953135343
-0.0013441432123224631
0.00037854117083567187
0.004505851283857694
0.007955970777268808
0.01649754340043257
0.027185112793439475
0.015419803939492343
-0.06599986573007972
0.04229090910176329
-0.026267663892163944
0.02648913260341656
0.0261683994726669
0.018120327030384246
0.01225795730965014
0.009824965043483605
0.006748693883578996
0.005511550068778436
0.004389249614573942
0.00367450718197672
0.003508832024845332
0.003086733004284801
0.003335433278174609
0.002888851712265222
-0.1182808655159538
0.0029182719676961693
0.003635319446938981
0.0036050123478320716
0.0068267604496614915
0.004140812515112283
0.002324533270200461
0.006948667397543915
0.010851563531441292
0.009048674842143051
-0.00026947255365380616
0.013844882263980497
0.012236712076869731
0.009650305227066218
0.009221436054381695
0.006804839776770512
0.006976900739698215
0.005503884192457166
0.004827304500204836
0.004455696359512187
0.004348048743661616
0.004422846408480823
0.0048462004776152175
0.006061991324512017
0.006222325250213044
0.027548455788325207
0.005704378162677087
0.006171103834322759
0.004827464950635091
0.005629547277850998
0.004422827250899288
0.00598378175463789
0.004824943715301913
0.004763978393531901
-0.00030608643847320963
-0.007746802080166102
0.0051544626796236155
0.005674427199533695
0.006695447821517127
0.010756174359193002
0.018318486335652345
0.031009443044889676
0.06564217031988141
-0.1328893577989933
0.053518049706579245
0.0329255578720904
0.014086991615555789
0.007794017079172571
0.005529769842102346
0.0038164356128535023
0.019770254190750975
0.002628027497435787
0.0024899268156296736
0.0016902334425182633
0.0010459986275623042
-0.0006695379426495925
-0.0023491168996591805
-0.002997699033017941
-0.00046612001090735997
-0.0032040880793382655
0.001557513020265265
-0.0021777322758098324
-0.0008641223197432209
-0.002872449289174137
-0.0014740082873305684
-0.0003123837975049709
0.0006069168513000508
-0.00285182494201368
0.001616426897562401
0.0017078904981296117
0.0017381965723115137
0.0018521197275328171
0.0022541234266443833
0.0018858087270272074
0.0012113622482093358
-0.0034099413056228687
-0.0007726312056102528
0.0009486033022884328
0.0013933242180910288
0.0012492788488102607
0.0012182601332887605
0.0013381281189053225
0.0017812349010752437
0.0010679660252336965
-0.00022132613990709732
-0.0036189683422499586
0.00034479054114758853
0.0010184844250109304
0.0006519291181732961
0.00011145829386955716
-0.0013658856578412253
-0.005644969035827352
-0.028141445134849716
-0.012194041588619954
0.000605201383718318
0.001656879808957466
0.0028291135956088824
0.006911715215215946
0.00604982672564586
4.105146744718833e-05
-0.02538162851010953
0.002417748474704074
0.0028721916768631207
0.0025623599515791785
0.002698150510833151
0.002972867840020407
0.003313133833333871
0.0037682345840458647
0.0041317356877343826
0.003375761660579566
-0.012924137158831117
0.002987306942245705
0.003030231814882521
0.001746568559837813
-5.785990871572552e-05
-0.001334257590813229
-0.0031370092508810343
-0.005068499394556088
-0.005437080829314666
-9.83966659617556e-05
-0.017056073845185576
-0.0004914109872121771
0.003011338725488661
-1.1728851434179991e-05
-0.0024827590755006844
0.0012362898377773076
0.0036755524172661677
0.00435489722283867
0.004767809809994397
0.004964314850432521
0.004853333586427659
0.005230231194533922
0.005323127662495319
0.0053797681620058645
0.005226229206139364
-0.0011086780270033174
0.004074638082152263
0.005800375069458605
0.005856275939777063
0.005807619390589248
0.006362078725519524
0.006754333783258561
0.006002921458137615
-0.0045889051034445965
0.0015685658313166306
0.006690120361449864
0.00706677328759478
0.007121028879938568
0.007157839069760252
0.006176397115583087
0.005718306583749888
-0.0075883640604254765
-0.007782287465042434
0.006845176371449246
0.008152023487625365
0.008395879297021295
0.008698767715658914
0.009035944552997154
0.00939750051816552
0.009669797715925429
0.00764798171584452
0.00841791337402156
0.008081186035757568
0.008810321630194263
0.006836650295384221
0.00695179264462721
0.0074272416634079035
0.006117087685177191
0.0058200453860594486
0.0051772391219703645
0.004924914879043767
0.0037432747832064077
0.0019420791344793862
-0.002410414829204489
-0.011736519518491997
-0.006370260897485469
-0.008786649626172954
-0.0080911699514669
-0.0021050420646686035
0.019077623055702677
-0.0002500982084100557
-0.00517382719166872
-0.006131330780446367
-0.005599657604928794
-0.007259700424008457
-0.01021683736927421
-0.009199985313825263
-0.003938755081753656
-0.01344276169969553
0.0008041089687625427
-0.005411383876702556
-0.005057880238558689
-0.0008813342376463332
0.0030761023523526057
0.005855590277435533
0.008232216264063539
0.009629292882509686
0.010553931317209692
0.01123716939722243
0.011160321555433091
0.011891724650054145
0.011954987276583
0.011453721819942921
0.011442155885899167
0.011692441558129115
0.011571030933690208
0.011294400816648743
0.01111939381525626
0.010882034975828686
0.010580341056032417
0.00978324966719498
0.00891135738624034
0.009663511717204554
0.009421193253889128
0.009036091175629419
0.00867629687643487
0.008268533739653115
0.007941468635217198
0.007361184127614061
0.003737415217276175
0.006784956974031177
0.006503703622197894
0.006061262018490617
0.005163673118215941
0.004856157250245397
0.00420077886814261
0.003247267997321772
0.0019965587893543404
0.0003333053081682023
-0.0019063738175219766
-0.005014028333245745
-0.008598868909672194
-0.011748547914471255
-0.006787834756838994
-0.0028456956506914067
-0.016668700425310264
-0.00284013803476185
-0.012035517667974742
-0.01188090527428525
-0.008128478166079367
-0.004788108378196587
-0.002143025889673423
-0.00013349355620015794
0.0013346110540549269
0.0006006011483502942
0.003291896299617099
0.00412167879818609
0.004666398468054813
0.004263379950195986
0.005372678239825302
0.005802184568614845
0.006154624305115539
0.006466072597905955
0.006775326609936182
0.007095564657472608
0.0073831880858171335
0.007666913673652469
0.007363748788982962
0.007607303935599926
0.008528000348358525
0.008144156807262309
0.006909948103089418
0.008879617357655823
0.008763072726427817
0.00945353572247755
0.009008430664108563
0.008671748852529632
0.007655810580913987
0.004202549847477392
-0.01698268100376031
-0.002482707196569004
0.002783116037020729
0.00027568013741451357
0.0032857718871524776
0.0031357001240597997
0.001753318951834703
0.0010469945458141871
0.0028595299860721527
0.008660720424949944
0.01073518718863462
0.028045573797321772
0.014965529739409062
0.012655211325527863
0.007500259625590977
-0.0309491161091382
-0.007705099164302513
-0.0030581783067997136
0.00042457360452535374
0.0010862891147478966
-0.0002649679790186
-0.0027185596377958844
0.002740569937312122
0.0037512892445021114
0.003601437394213395
-0.0010041052519184238
0.0011277140156626872
0.0030502604896996133
0.0005768336281477869
0.0021314393946762367
0.0014168797672330273
0.0004898570138557295
-0.0011758746942343984
-0.0017367339544250534
-0.0018051853067320026
-0.0021332455325896423
-0.0023027967859173652
-0.001930533556424681
-0.0008663272374542438
0.0013785811962553627
0.005320108134947404
0.011378938200099062
0.020370266450896148
0.017997130340212008
0.0013505761123000428
0.026990409132949308
-0.018338758464910905
0.00021174518676300477
0.019081574635181803
0.012816196394988844
0.004681257195842705
-0.0006252052712048952
-0.0018695162882261009
-0.0040622906642025875
-0.005953136085347934
-0.00755033593493408
-0.0089209037475705
-0.014164806693383403
-0.01405680662852819
-0.008343492221530772
0.02174645136839459
-0.011604841256457742
0.036147755212001025
0.02702102400802324
0.006862243839315153
-0.013512227856415733
0.002182941161348691
-0.002146412058359695
-0.0018746503460003575
0.0010263622902415017
0.0006283580763350386
0.0005827816238283818
0.0008482822553700254
0.000998073822219018
0.001131967118770636
-0.00035094267623613445
-0.007772503437728384
0.0006771665052394086
0.001372124704505714
0.0013204517256091767
0.001175654016348539
0.000899503478558961
-0.002043787687914624
-0.0087121256290998
0.00028444493378586825
0.0005646822843179259
0.0001378165929735869
0.00023591985433968937
-0.00035200047009320714
-0.008123247237675565
-0.0018299188453378742
-0.0017331100005894178
-0.0022441727216255284
-9.731847265656217e-05
-0.0005890390796120685
-0.0005512043171517257
-0.0005504776597805888
-0.0017408699360036278
-0.0011521511823467836
0.00020932813748463023
-0.0008619871443524506
-0.009600199932919978
-1.628174401645903e-05
-0.0006144082948687016
0.0015235819648122735
0.0022303306142612894
0.002906335026679048
0.0029641668275064326
-0.0021256130698523857
0.0052290843545995756
0.006341830101600837
0.007272727367696379
0.008315271517713971
0.009733602337901135
0.012221639790649361
0.01676025754018908
0.00818128575224571
-0.008782601100289781
0.019453429084866473
0.0014761826172403065
0.00975733253848057
0.00849072410028464
0.007482438727790406
0.006695843317143281
0.004372556975196358
0.004372581117577438
-0.006144305023974826
0.00323882280509165
0.0023876941840581902
-0.004068427201168841
-0.02120240589798148
0.0014559880224099876
-0.0001445864581008691
-0.017932901474931384
-0.05185960976562611
-0.006389140818696396
0.0007128194818955932
0.0029220870775512582
0.0037932877467019093
0.004491510066429554
0.005613954149283132
0.004455881210940754
0.0018085698086589559
-0.017101797440853602
0.0019457310387337415
0.009159028452625144
0.008370340728097671
0.0069151656503861235
0.002175879887220603
0.0076722431914339724
0.007717521697997957
0.0009062630114557151
0.00781038929140114
0.008368582002867662
0.008186261182082844
0.0044234509065287685
0.008347131095615534
0.009066852258016128
0.005284970933059477
0.008759872851741122
0.008995033820890733
0.008440563974989736
0.007398083674234017
0.005717316711099238
0.0032361850818663582
0.00015055038644055344
-0.0024756787841394906
-0.01256262085780122
-0.013409895363168297
-0.001658962585588391
0.005820954924018818
0.003921257037963093
0.0058111372470805
0.008086477680501395
0.009602778049099432
0.010469394923292422
0.008812495580957948
0.011012775834980169
0.011426979236045945
0.010846939047268687
0.011235885979004899
0.010325485921827795
0.009575350711398995
0.0060556019649195625
0.006758030857419354
0.008148173397564797
0.007872417477946595
0.007662628759587406
0.007575487853645379
0.007778026989862157
0.007920369343015552
0.006660229541645071
0.012086807466168158
0.016781073429368746
0.0082914531235112
0.010842752524939487
0.01029499591401967
0.00989120075673364
0.01192261833274648
-0.0017170001982529733
0.010714658337612336
0.008199930257331492
0.0109949327416228
0.011298117636204346
0.009175035053935769
0.006565592747505941
0.0101107967164608
0.012623083896671407
0.009885928291019412
0.005904553367912157
0.01098760839118832
0.01083127614072995
0.011973593990867337
0.014948920706042234
0.01281051760346491
0.011679037911614768
0.018344809595579034
0.013819517105430494
-0.008272526927807045
0.007040600184403903
0.01777157901066728
0.019284456124516645
0.014895538667060554
0.010020076509971962
0.005248479433787919
0.012219348517949117
0.007470855821331328
0.00989454491651636
0.010221191428596886
0.010057529787630939
0.010189621370551228
0.005101050729490317
0.011106634556101062
0.012564701116342069
0.009958869957735886
-0.0038383200203405197
0.01637948075297853
0.013104144038328784
0.01112730247566766
0.01080734251883087
0.02720876249142597
0.011248118428446571
0.011960361181371464
0.009129323716402278
0.011413176640047932
0.011656668594362365
0.011167311342309465
0.010840573636153547
0.010952805312562338
0.011055974578409969
