-0.00010202009226337568
0.10425459077504531
-0.03174631158263224
-0.05911520311403236
-0.030914938908895906
-0.01379769786095325
0.005799203823391106
0.06758919569844479
0.06782690948200933
0.012964355766612682
-0.06371645437841165
-0.03534661214495785
-0.024203116133416032
-0.010326805810435009
0.0028041722285892566
0.023257868509731567
0.01304005520122275
-0.02653126527513809
-0.060449127317722576
0.018040596412007965
0.23928469075227723
0.04656949276775238
0.11794010417914608
-0.26897361282651877
0.0636091225311489
-0.04829667232944275
-0.16879173557034188
-0.12307075068047926
-0.023496913431996534
0.059785254439102084
0.13880138974115083
0.10104857679142601
0.083866079589873
0.05399902677579486
0.020767693527940438
-0.010962578120508342
-0.04482664394712671
-0.05642795138445021
-0.056300663283847106
-0.069529104390473
-0.06412445099616268
-0.05321605524349837
-0.03784747144700041
-0.01418893169944302
0.00587525641874872
0.0344724005476906
0.058089965877914373
0.0764485245789812
0.07917276425168414
0.04436121447343688
-0.027214311378063617
-0.04942727840151643
-0.13464618224525396
0.02403117775966761
0.06414193100886537
-0.037785972786884565
0.01802844496341322
0.03175506621294524
-0.023865339846681186
0.06167729356203087
0.12587973800426772
-0.05653817990651103
-0.12462155572273229
0.01873001182645691
-0.11818222981013608
0.05676591087946128
0.05492986577775999
-0.014583452432373068
-0.018675370789655373
0.0067190845599797416
0.015938178443881085
0.009556301033306049
-0.001838248833014093
-0.010270815031100455
-0.013841563990750897
-0.008442216023019342
-0.015999029693052606
-0.011607700822589797
0.00656950412012204
-0.01296481383354794
-0.006590278268243167
0.019776039440585168
0.038638669048800124
0.04648439239771714
0.0349423770642887
0.022976844831071326
0.014084503296218442
0.006554857640847181
0.004769275569258513
-0.009298610375422293
-0.018003097281340405
-0.03031514274643293
-0.03502510735807613
-0.04495355250664005
0.02792156750565478
-0.04751164032143376
-0.020111392284051732
-0.04323078914081735
-0.035527765615578945
-0.027432104411933864
-0.010066556943398764
-0.02779745360466104
-0.009205294712120676
-0.016737883029522074
0.020796639928307558
0.014110521597512698
0.027641025216477943
0.0382052084031141
0.045499703598909334
0.040110516033774024
0.018410333969307056
0.07810988123319072
0.042675589827652065
0.04021696324148698
0.01629666273625623
-0.041461636875137695
0.04937278275564656
0.08719016763458377
-0.028651828605877033
-0.02085164056831023
-0.03578208593791334
-0.021173336528418955
-0.04797430605364364
-0.0491165192985498
-0.0014651294145903754
-0.0833486267845861
-0.0428409290432647
-0.017955009143948705
-0.029943325062930824
-0.006034735831763129
0.0073851645487442545
-0.017411839125398933
0.016554308924985803
0.013360496556543897
0.02177456112224309
0.02414667752067529
0.021108613567624498
0.007710768320477942
0.025729641718276373
0.025200252046854877
0.014272011057477857
0.011282766363982883
0.016345807452467526
0.0012199621088902813
0.010255707566325923
0.010716568434929465
0.0015474646902067213
-0.0004507541697369846
-0.007129685990315575
-0.011649630748714185
-0.00755698782044844
-0.0030268274705525593
-0.008444929238920039
-0.011711521270641479
-0.002513663565339807
-0.010231323140663518
-0.016900536829543046
-0.008480535144319045
-0.008803843716752862
-0.008553842919060379
-0.007503345525801945
-0.005540733390934977
-0.0037518116808828027
-0.0027103864680456747
-0.006698933229859877
0.04634353209837671
-0.008045642870108094
-0.010290964305651514
-0.0030588025418147925
-0.011154898108936766
-0.0016445700368117652
0.0003006179317879941
0.0014129397461571083
0.003098246361371071
0.00440217053116923
0.012313640117094968
0.02306711477435877
0.014548469788032977
0.010867122263636656
-0.0004186455249475147
-0.004793439437076974
-0.02604293825006545
-0.006659474788651244
0.08865366940499676
0.05544034592581822
0.004323536219015168
-0.0271707427083616
-0.016642856790283277
-0.0006967527579666373
0.01008890425063443
0.015449644446205129
0.016720142798204538
0.014521446478883137
0.013061574991104467
-0.006220413186072817
0.001969233849396596
-0.0026521525845113916
0.0025288419159645386
0.00582138323883255
0.006202924704557628
0.002246590976431982
-0.005858445953978569
-0.015837931032726873
-0.05054668074507464
-0.036213780142740286
-0.011784445855985428
-0.016434628740004217
-0.003966588646195137
-0.009517868962401676
-0.004536909242566586
-0.00793255130632897
-0.013153294521707685
0.0003469011103231774
0.001254199209219759
-0.0034693127190044844
0.005631668689533068
-0.005939241965528245
0.0007128873971678159
-0.0020700625408110315
0.0006519348747574739
-0.0011017780115735452
0.0017490597185202557
0.0025903291753846705
0.0026026514766428555
-0.002016244705939318
-0.01328294769446707
-0.0415458840755324
-0.004232956489091292
0.007639315589912774
0.014414988333769498
0.015323644770022996
0.01618601443734861
0.011150256412939517
0.01631305961619286
-0.018987470754348014
0.006851775957312105
0.01750014039974948
-0.0028284360123971234
0.019802094678574494
0.007276996621472434
0.03364090356689231
0.016461685772331494
0.013415666241509354
-0.0055856517707009706
-0.0010348929775411161
0.026981588139919604
0.033434452263576546
0.025496573046835377
0.013192523508417254
-0.008399111179163352
-0.06158394818175534
0.011290580893308687
0.01638503470949015
0.012140499018370164
0.006779278605346528
-0.013730601855861802
0.005323524673702879
0.0055619128014764005
-0.008769318889930742
0.0016437612001157069
0.007819869675927786
0.01720418038956725
0.017191408943531876
-0.010132541122807856
0.012772927578428758
-0.007306559389244456
-0.013821305470890314
-0.0027603681528013423
-0.004166978836378203
0.007398469990812064
0.010379993700001255
0.001377523544372652
-0.003918419036466786
-0.013783737238764086
-0.010808538881725418
-0.007549378382332994
0.007006863383666377
-0.0364903205441445
-0.0009028256675024433
0.0024043187357608987
-0.013911401776187729
0.02726880890894996
0.0012419105614181933
-0.004712435453607023
0.007018862313258298
-0.0011532310490542223
-0.01948182510002301
-0.011040298816837093
-0.009218928342167754
0.08258263593181615
-0.012246452141425385
-0.037462059609592334
-0.004645386907565386
-0.03485865488237395
-0.010750759422466572
-0.0020411783342643465
0.00014298994645826782
-0.0029316948998325005
0.009763839212732557
0.007136217473662009
-0.010007279973323914
-0.013807703804261683
-0.03040726931061463
-0.04271312036594766
-0.012891255414608513
0.00404004852315708
0.0018347784805802239
0.003681503233860284
0.005832471061193406
0.005240613221680763
-0.03208485165823654
0.00569774480347671
0.013506899199500308
0.015431618873572958
0.0092337662164073
0.015696568563033773
0.014892851229620254
0.02732706343573817
0.05111564769692009
0.05123959913144008
-0.002952722764111143
-0.05127652346361971
-0.015824071936568148
-0.04661429304126844
-0.059367002568625905
0.04798476382474199
-0.02783307306403374
-0.0014819994818854416
-0.016079808920775897
0.004382468343824024
0.020342525431994447
0.02026710567531199
0.007609118335311612
0.001176894268402149
0.0035084257618333003
0.008628515044345978
0.003615082279899764
0.006118044376489597
0.006731274665017959
0.005299818369207388
0.003446828737894836
0.001633023317104286
-0.002019531013334237
-0.0004624259610256156
-0.006477586113892589
0.011463410587177621
0.0010822104719144618
-0.001706945682271359
-0.0015279491910471618
0.0036589868310814362
-0.002451242689878485
-0.0019632562333040354
0.007051720961309671
-0.008658705445305408
-0.008550904281591932
-0.04464413369158361
0.0004334617179376401
-0.004738581795458648
0.002336228526283575
-0.00891584119569403
0.0008545797474167337
0.007328224257887488
0.012065274706844415
0.004112710038209357
-0.002388992864931569
-0.012798491600688404
-0.020141288099608683
-0.05021367572513967
0.04552797554491983
0.02998712478818502
-0.050225261630267456
-0.026296498648822813
0.007979885680555928
0.016288471148329667
0.012854358993834766
0.019873209379665392
0.01964237601628096
0.026883403837433425
0.05619468798028201
0.04067225456932199
0.010876824701873495
0.028917960548201175
0.05316809511016898
0.016528577608756652
0.0013655557234911646
0.0021133895909770375
0.003040380505910601
0.013611496426171559
0.013696127420763192
0.020309050575266076
0.016634726859141854
0.0035223771978331276
0.01983150276676967
0.025482631628696153
0.012620329950179079
0.0020697886232989276
0.012098021867455597
-0.02749927485449371
0.007295019105106561
0.0005895694923160101
-0.026712463767128745
-0.011961849315903016
0.018022121518484018
-0.024837219131130524
-0.009792533944071322
0.0015467097580561865
0.003253313923427604
0.000532753675184174
0.010435733139592932
-0.004808256452309173
0.005462748124756669
0.007701970888997615
0.011491153875593555
-0.03920541026837577
-0.0016200547656537228
-0.0053081210579904396
0.0148290492879141
0.01887471229336332
0.01629050434827468
0.01408656860354619
-0.00029546395975925063
-0.020629114359337383
-0.008366448372906996
0.013222377073515361
-0.014923413228929934
0.015511257876687114
-0.007305881081859777
0.026449236617172446
-0.052244722264989794
-0.05514029462566388
-0.029565554774855726
-0.011584146241163013
0.0024704044476430544
0.009809267645630344
0.013589804280047376
0.01800135997754017
0.010097456037154343
-0.011893179927468347
-0.03911536533167053
-0.025541050043507783
-0.011336759597974531
0.00609643533967105
-0.008373916793010056
0.0008932309168426194
0.007698776751628392
0.009651480782984537
-0.0007132734188983948
-5.6278639804098284e-05
-0.021734250331976547
0.029150384166688862
-0.009886170351623745
-0.006120648108064487
0.02094623003517531
0.01670525104846031
0.01808229610982423
0.017324140323884078
0.011956063627777095
0.013327596585576739
0.005018530212377108
0.00769673687375047
0.009067816529488279
0.013334972351978162
0.0031357861009479395
0.0035700387621362094
0.0037764738646186968
-0.01186781077953635
-0.0008201099697201202
-0.0018396451889171124
0.03511952964936179
-0.0354523755859402
-0.021363130713912718
-0.01754614987359577
-0.032952450046284
-0.044613524121025955
-0.02288318902544443
0.020055992313811652
-0.008443335872905326
0.0014803620576836806
0.012554342773041214
0.009736466895906133
0.0025162114265199244
0.006560458588646006
-0.006287000487186646
-0.005074334426397835
-0.0024469479150517038
0.007970050069408482
0.05685207806793327
-0.04661404105081217
-0.02790012181647496
0.07826811871226748
0.04061722832544019
0.021364797186040677
0.0007578896138858662
0.00688766308960472
0.006320218999396585
0.0045081412585196426
0.02975587039086657
-0.003675344725290694
0.009772332843036118
0.019413885661413256
0.013522147004372743
0.01317826001289533
0.02073148727314647
0.004449931510918156
-0.004171619693557136
0.007889421572708243
0.010825956054882182
0.008021844630697671
0.038909846238025375
-0.0036695100236731454
0.010707807774147291
0.013169729758333417
0.008004549140217272
0.007332969130625386
0.006543462641647741
0.02702596435906814
0.00392878774672866
0.0068304130320602785
0.0028786233880547644
9.50910325895718e-05
0.013869549349992656
-0.001415686144472991
0.009801102407745501
0.011071283280590911
-0.00035975204627948845
0.0014635929460316223
0.002336279152332263
0.005656519821757542
0.003898577405951821
0.0017100670849360578
0.002693842516947386
0.0011493495478895283
0.00024762800745889153
-0.00022771043083811632
0.0017798560909752404
-0.0010056467423819949
0.0002454509127494149
-0.0011523413051262139
-0.0011200644112865472
-2.167578245581871e-05
-0.0009227669407228112
-0.001159933474274806
-0.0010677975333914752
-0.0010607526073158058
-0.0012362691642310885
0.00041267055534589635
0.0045313075007532705
0.00226531050354486
-0.014867091683570062
0.007157384989082492
0.0018848114397751802
0.0078164356306001
-0.002278390613611832
-0.0020281682764961406
0.006751160109301328
0.03621025403780746
0.02614452060447083
-0.03184401116483798
-0.020087634064782374
0.013734918485198517
0.0015973198561446667
0.0006760723278440867
0.0034651489228560172
0.00447572256926161
0.0037788681953434505
0.0022740198826168767
0.002329611571107676
0.0022496033422035946
-0.0022832292630545112
-0.0034712310102080965
-0.0043843334163701335
0.01441306579352444
-0.005951831492462981
-0.004430291873426798
-0.005555284857240292
-0.006126371627697795
-0.005442347889523432
-0.004743750107680951
-0.004508371779200702
-0.005628196818423619
-0.005620765804967299
-0.0063953867622176894
-0.002063564118185443
-0.005626031100194553
-0.00527028837341708
-0.00489514947709069
-0.00430802960002874
-0.003891123106624058
-0.0038260899496392244
-0.0034643237887307787
-0.0027491517892324476
0.012393905299934095
-0.004071651866959932
-0.0012934611772988142
-0.005053553944680119
-0.009229387366989776
-0.0051000961854721786
-0.003594680313346818
0.00019838399954409845
0.006497997053589899
-0.02551662048034212
0.009504584996390982
0.0032317024653025317
0.004624088928745904
-0.0003001218891803109
-0.0005876813219396435
-0.0005707836284226632
-0.0009117901811716479
-0.001083247406091855
-0.006925008587609722
0.015514104783457626
0.0018005741007048935
-0.006637919847874126
-0.001495549746272683
0.0010252196877516028
0.007949999963249176
0.0024787206294580224
-0.00669421224805602
-0.035200366326686244
-0.07322381193032358
-0.05463472935991801
0.02110625197328885
-0.07654459759568687
-0.050059069451294534
-0.007030093294368835
0.0010379802271501125
0.0055299545965047
0.008563944155621445
0.02092591981948013
0.0034376670539229886
0.0015252327415814439
-0.0015167279171644905
0.008563012997028687
-0.006409180600535731
-0.003969785768768017
-0.006730962827805076
-0.007349160852582917
-0.00764433140564922
-0.01242823279321318
-0.02506429613944708
-0.016909467247592732
-0.01299901123125509
0.0005545913055821079
-0.013899129318250696
-0.015935676367518345
-0.00602991737451568
-0.014236850547473472
-0.014738517646029483
0.0067889059903449185
-0.01127145933379711
-0.011465010813704433
-0.0024981350337084053
-0.004074540885917387
-0.0033729112136538096
-0.0004236575993248004
0.011142504305342483
0.009066284910170792
-0.07271430618734392
-0.015496339931836054
-0.039697129347347274
0.005059250143587234
0.028102163243405528
0.023865113874657732
0.016214283728585584
0.008397743141266484
-0.0016918477351019318
0.014376244748821924
-0.000502958076527566
-0.008399850518344663
-0.014033218443909432
0.009293486186672681
-0.02158931370546601
0.0014961924294107842
-0.011351666195162048
-0.02667009627590401
-0.013936166549452459
-0.0175255165836561
-0.011051379730687668
0.00759556252133182
-0.012296597510987746
-0.012075384925960619
-0.012762533529979504
-0.013657477587751146
-0.013624560615695351
-0.006663745617959815
-0.014566877473219117
-0.013861974260507054
-0.013437753068728988
-0.013374045031587928
-0.01348643321367943
-0.014426722288626386
-0.011967105183415667
-0.010998452912511171
-0.015554268478482642
-0.019261521471025757
-0.00203970844243009
-0.018173132010045452
-0.011225714465931942
-0.009289484551201157
-0.003625328718886182
-0.013070251487696897
0.01175682447016035
-0.008492844498258802
0.021710713119510602
-0.004019899995295545
-0.004343689782503995
-0.00354076997726503
-0.004185958050256432
-0.0024908638606497744
-0.004329376797694194
-0.0032029982188577963
-0.0035794901322104998
-0.00907155531593775
-0.02356682848566702
-0.058486184924602065
0.03903859631859735
0.0026093959810761925
-0.050552891380299184
-0.009824437965713615
-0.009633020683270196
0.0072619867145489
-0.0029650916951578926
-0.0029962266813569898
0.010801681865304426
-0.002515926438555131
-0.000995985346800199
0.0005545631228966259
0.0025299811239516165
0.010316741537465503
0.002407102297982188
0.01575988896050674
0.011271220852273368
0.001499774322370584
0.0008459644181094685
0.002255332565346417
0.01939863369543258
0.0016319945347771068
0.002092659082330962
0.0022223819966938
0.002126521260996766
0.005041077392592531
0.0030012121930249012
0.0035355113944342416
0.004955338952775038
0.008242719986551121
-0.005321187380966056
0.004156695286674693
0.002399369344414075
-0.005267426764543891
-0.0010381963191542839
0.02396270427202947
0.0367612312119077
-0.009105573762515128
-0.024431998503704398
0.003270577751484341
-0.003800029140346508
0.0009240996012781841
0.007673616076328977
0.008345705260580706
0.007789406540742625
0.006580691041102745
0.004787870563414921
0.0033849105973711648
0.002222449864549895
0.0013857849874265402
0.0010988178571401748
0.0029218241230362985
-0.0007278105850210946
-0.0012879984262637299
-0.004425221550788039
-0.011882974890974488
-0.029188364605656332
-0.05297294291652187
0.014061812404481712
0.002657148686820487
-0.017762486633100948
-0.03770454106694374
-0.029420136851572118
-0.016590132502758443
-0.01293868006229361
-0.00600524804225494
-0.010410582992130098
-0.007382842595168843
-0.01038092364121684
-0.011323707916168923
-0.0025651484351440885
-0.007468614930763911
-0.006753915184327796
-0.005704877483196981
-0.005487324567711819
-0.005808592983728723
-0.0017223952665847769
-0.00561150014865237
0.00586100185058319
-0.008086434265199808
-0.005756026444556007
-0.004863606247979716
-0.006420001326961409
-0.006919836824196055
-0.0011450112726876774
-0.007168352982903345
-0.007398050294110045
-0.005575662998686572
-0.002894824293759653
-0.006570592487107273
-0.008881375673566205
-0.01267309558771718
-0.01331321368586104
-0.005752566238895755
-0.017212046554554203
-0.01514759655928452
-0.006974723991672863
-0.012371221820601843
-0.0043526111318150686
-0.00108275459025208
-0.01277701723202744
-0.011465568571095224
-0.011499134819378037
-0.011004108750428081
-0.0124202761330799
-0.0027545984006488106
-0.01223303331403758
-0.010840646077563897
-0.010985298313389286
-0.012624227295482675
-0.015347188688473387
0.01843168919296007
-0.0009793604293545787
0.0545764206432225
0.011558696453853606
0.005535712646685053
-0.04917559910139435
-0.01007473668329154
-0.00024338728625355785
-0.003924402135847853
0.05153895739423069
0.032884411529542405
0.0010543360893451583
0.023370881365167115
0.00017637578272283562
0.03084913701201575
0.02254318544100441
0.04279216720829706
-0.019730332942600123
-0.043506947532510144
-0.019839912453468053
-0.009608615030025512
-0.002283557125789559
0.004860861712568519
-0.03998637089161983
0.002729143042942368
0.002149296165090416
0.001643661830308518
0.005616704665954344
0.0074608369816386065
0.008922495443340674
0.009975487286577623
0.0014504298569533675
0.07818732090244229
-0.018727363398462718
-0.024100846147692347
-0.005220497098905061
0.014281956294521777
0.007800129723162263
0.01213914925684463
0.011978685231617062
0.004461262527868111
0.00037742369076701883
-0.0027197419833878095
-0.013136514574125341
-0.00758037694933968
-0.008326323605971232
-0.009507139620232637
-0.010157402330688464
-0.014015747040488887
-0.01039530234043727
-0.01006955172907607
-0.009470795659263266
-0.006851286765530016
-0.0077529055489911625
-0.010520196064550376
-0.01475491926572692
-0.02121544031575062
0.02473423126463706
-0.020913153997257874
-0.012172003530066733
-0.008533730284402309
-0.000659403987752793
-0.0025497042652229867
-0.011562611326571893
-0.003007018754637283
0.006804990689535477
0.03285390936560085
0.04403703785392522
0.01140228308213847
0.08374205899699026
0.003742480300296528
0.008950621217592812
0.007258970613178953
0.001956976403062342
0.008296952433820786
0.016581792811960237
0.016253467110396862
0.018589209122621856
0.023478364382537878
0.020607570758787178
0.0042760931341919795
0.014416923178613372
0.030330663945004204
0.02536553926886732
0.02776394699785063
0.027415755507550574
0.025772696362086865
0.00836300999762361
-0.009393470188857101
-0.008713402805616421
0.05092607419498979
0.007542541333089198
-0.0078090179224805404
0.0062957063905881025
0.019852780447788515
0.025789378085934234
0.02880776085716809
0.019481007072627197
0.014020354959637368
0.02354484074099214
0.00835911181020676
0.006553063649673509
0.008178241440196977
0.007698262571485627
0.004747766319994066
0.0013568911273073114
-0.005320068163446342
-0.0029987380772649778
-0.00934065803614407
-0.003094911681370007
-0.0006769476037824029
0.0002656316724958738
0.00015629858169346366
0.000840118678261297
0.0008195267115434328
0.0011132925003018617
0.0012380734723644957
0.0017960369941857934
0.0023083637709805527
-0.0032690006246627566
0.0019511692961255963
0.0003224888850451878
-0.0033453105987533978
-0.00010602058603903115
-0.004399479406785027
0.010566179859935161
0.002071022530293013
0.004992412651069245
0.00642282875254767
0.006822468648584883
0.0008670611141665017
0.00015168305760700692
0.002774937379023049
0.0023561913595106254
0.0022723399890864715
0.004963315452072973
0.006235139263939163
0.00673304782531795
0.007059563078020958
0.006576768928999583
0.0031899506675529435
-0.007707468717021479
-0.030861822015032948
-0.037672020033009
0.04948193575581405
-0.00506016907267683
-0.03751258294942974
0.020096202194624404
-0.00676079163607494
0.0003556667601431992
0.003536213590701261
0.005411748962302331
0.005947249526538773
0.006719076237766779
0.009809988630799382
0.005400521755959594
0.003983699482851994
0.005817599224095476
-0.0027105982754413904
0.0014658713579087787
0.021793903315740895
-0.001921711694878809
-0.020402832525201527
0.007563171674464075
0.01880379715195001
7.710799169160615e-05
-0.0014733385172826074
0.004138842620780601
0.00990069992792471
-0.005483822878782032
0.01133405183329603
0.008105053518278376
0.006765497192503294
0.009174754716941366
0.007097077942401865
0.007124848114221733
0.008133696857715549
0.010608631879367563
0.008740695693781964
0.007066941133612655
0.007179390286993273
0.005069649537955632
0.003878700954070758
0.01574184456750583
-0.0016956456166133437
0.006795935311420586
0.006164877239013363
0.005715160365440043
0.05420638216293671
0.005487289635107655
0.004356519021801017
0.003979250288878123
0.00010981402977029715
0.003619744916679051
0.010960252202203525
0.001901813024581067
0.006839544701961591
0.007590811155773115
0.0016849574174763134
0.0014108859037473287
0.0018397836756976018
0.006348984713076865
-0.00765227586691746
0.02540903159693053
-0.028127389156067963
-0.012019034962118933
0.008773058382507125
-0.0013471150474930142
0.0025011138400391356
0.0037732271816542347
0.005752475808121619
0.01097037716131316
0.005568228800377524
0.006045252629750409
0.006118007117952833
0.006581627046513012
0.0051297356900467305
-0.02828838326186907
0.000983271984767673
0.01454472168571914
0.0035376717138062242
0.00558851488736561
0.006698680245132338
0.007170279030854551
0.002859981837973902
0.007418354171428865
0.0077051067810875
0.008163669203686788
0.008167377415486643
0.007849289013017782
0.007502076533783431
0.0064551268601442755
0.002389673874271292
-0.015818771159540224
-0.04127094852814414
-0.04819629010977847
-0.04396818440089459
-0.006423027985773486
0.005344748463829921
0.007142661422773084
0.007226050670913709
0.00685011375082027
0.005986799407720115
0.003578084034608957
0.004780114614273534
0.004742889986061042
0.005824137893604013
0.00619609095375322
0.006660217637483209
0.006224700943869932
0.00611972676387793
0.005936475491283587
0.006509645109807136
0.005345775851101957
0.007303678555159163
0.004930867300039021
0.005121166182764115
0.0051281172127984
0.0047688477993658015
0.0050732487685109405
0.004005679124230076
0.003486573876442431
0.0027056592699846167
0.0012008717515321057
-0.0008698631148301576
-0.0038795317856085824
-0.00801146016158781
-0.012275713223140207
-0.011494303441189483
0.011449311697558034
0.03283841002118678
0.019634334466814906
-0.008783052123182403
0.012631317496458528
-0.0009650505922425929
-0.007452300700081798
-0.008070363488350739
-0.001140129334486271
5.143214347559259e-05
0.0010867717214319225
0.0011639761143043773
-0.003416765119155753
-0.005959908346776123
-0.014016221595504889
-0.02376978025600668
-0.02204056300022304
-0.017464281674350806
-0.05592960261475574
-0.10066535686595642
-0.008295306815376501
-0.008628271243039694
-0.007847307024891968
0.000372112322555404
0.007210169857391564
0.01060059042371663
0.04809430726159767
-0.011246600140772658
0.004191155426066637
0.006589050809311509
0.0064066674842240805
0.005747683505292899
0.005045889979132031
0.005266478494633092
0.005332590775932573
0.00519903634731777
0.004928886810663847
0.004385199955909537
0.0034422988057933443
0.0035678693610093648
0.014833127191982785
0.020412616968928186
-0.04609508448905663
0.027295932236793802
0.004284333152082327
0.0022519711045316916
0.0030242476196623348
0.003142328804688633
0.0026469228782460227
0.0016055003564170109
0.0026150915680056602
0.0015854739181324366
-0.0034719042826005875
-0.007391924631017655
-0.02490392502222344
-0.027894577682269266
-0.03408073355126959
-0.046593353655688244
0.013523375440109729
-0.033657679420460274
-0.012172483334075104
-0.01226039890626795
-0.005611116625141726
-0.0009127827565681613
-0.006564997962887614
-0.018550490265494483
0.003358642400359505
0.029113127765468552
0.03267790845179056
0.007378613240997055
-0.0045328484702950615
-0.013108685662011737
-0.007307745478447462
-0.002159018403410774
0.0009788773644283423
0.0024267585308290094
0.0015433506067009618
0.004367018892492775
0.0047725151654389895
0.0012057667489098417
0.002329930604986239
0.0027047251625407238
0.002206705168373533
-0.0016210339008838313
-0.015465205588842094
0.03155693612023837
-0.023465203354911535
-0.0030537922264797022
0.004467667200227512
0.0018361377449812733
0.001342165388945711
0.0012802582051600435
0.004129092742760687
0.01494343290803391
-0.04468765507697068
0.015752578623978695
-0.000382784234762547
0.0010485509864619114
0.0014403228148188044
0.000903624998487847
0.000841125795727789
0.0017269388340737575
0.0045626320568737935
0.0065361780260992704
-0.03387588545198466
0.006152490616729867
-0.0005258635509796877
-0.005894457320811015
-0.012283720738241927
-0.02159752971289197
-0.02754799218912529
-0.0007350947373937007
0.049742128518142796
0.03127197955227932
-0.003649754135816429
-0.021109253495216484
-0.0111414248906373
-0.0022279032497648835
-0.0053304203421144425
0.0034513701743629243
-0.0057561913202980415
-0.0010366758603630225
-0.007233276786378403
0.0012405319050648666
0.00012990013578442034
-0.0013952267488455497
-0.0015720915808852046
-0.0021447302848815386
-0.006749714788059077
-0.01276430392085824
-0.019805091952203615
-0.01947593456627072
0.0006479567736835292
-0.008381783596173368
-0.00526390529155025
-0.016192394513832326
-0.0067193446907937845
-0.01379824816918671
-0.008048888893680774
-0.0022557175066267574
0.0013434628860362434
0.002250591208757024
0.0026912134863512505
0.0025517351838691173
0.002491843739621676
0.001957960034880048
0.0016270422330155595
0.0012558066866453683
0.0007559257713983251
-0.00018520944289541442
-0.00048532424905327435
-0.00019069029768683396
-0.0011354010353782273
-0.0005361718224215512
0.00019122343564365675
-0.0008569191314723457
-0.0010286575386730852
-0.001935568480296761
0.0027617467383646466
-0.0032153106951671884
-0.005796844999444001
-0.013616344795381555
-0.005576851308965042
-0.0026987587499023966
-0.0021810071929071013
0.0002013765248980974
-0.0017518567320955003
-0.00242954992438029
-0.0034487195181839075
-0.0055374485964905405
-0.00023544033584666827
-0.0014329929358833612
-0.01361771883510351
-0.003457328191390407
-0.01187796827871943
-0.013557529903750462
-0.0229864960461752
-0.02554920439467294
-0.02868840933168528
-0.029876805944272885
-0.015613991901736115
0.03534944073961144
0.07379301747596224
0.02001855365591718
0.08022255788939923
0.07218657390155116
0.0015867638916021224
-0.019640511379464338
-0.029710241868719733
-0.022547957721717624
-0.020353979393165713
-0.014061351623217293
-0.006163385099177074
-0.004894140298403144
0.0032798752686494246
0.019043859145554495
0.02368676334025233
-0.0012296883777331777
0.026438913542261144
-0.0052037708626738845
-0.011459573996099787
-0.011684554441839272
-0.003386411815897234
-0.043606680465383914
0.01002982211609848
0.013425247540228525
0.015147143324002266
0.01331431462291509
0.010314220626786604
0.006206247997226411
-0.0018227311774498146
0.004869048224583323
0.0018844562975308707
-0.011614585684210895
0.008975593860809263
0.00757061571599808
0.005927134069630395
0.0039544079072989565
0.0031297438682194277
0.003033509928050865
0.0034108807647261668
0.0025549845391662942
0.0030686081646482456
-0.002621853035217909
-0.010441170772248216
0.014786286173882978
0.00020505633869329044
-0.014424255745963906
-0.013028989571313501
-0.003455033502159073
0.003243252196723959
0.007797970460127686
0.00827142840101687
0.006034956528697672
0.002446018765551338
-0.004563656265055945
-0.00011987662109027451
-0.0108903978600485
-0.002899582415362716
-0.001585764214984589
-0.0036892617693637824
-0.003025012679793851
-0.0008532114380104184
-0.0009092245739325343
0.0008963363472064706
0.007305043244330042
-0.007883595754654608
0.0029487047976899028
-0.004208998783585433
0.006079067239215301
0.0005288061517357718
-0.0032803468532547077
-0.0016530223901412033
-0.0015996454204485978
-0.0015615157904843005
-0.001922871557418135
-0.0013714255948152562
0.0033827254002617773
0.008500000321668649
-0.02252109821657549
0.003965417252506439
-0.007840805570183945
-0.008176139096665884
-0.009196096004777126
-0.005908156898519598
-0.005090868098605264
-0.006321773349653533
-0.00526040087709211
-0.00372303301076845
-0.005621705829355874
-0.006417564763398568
-0.004638823423026878
-0.004513236780563134
-0.008118444709195562
-0.0013935242873056798
-0.010522103482422282
-0.006875889380979273
-0.00541929945656777
-0.006101761935970636
-0.005364996508439755
-0.005370713378133773
-0.005383968580266428
-0.005542068360999887
-0.007030406968875439
-0.006235552839596695
-0.007375861006764627
-0.011304107521087082
0.0042830117620304255
-0.006394243740336375
0.0003041306459632374
-0.006126677621615139
0.004402629106294264
-0.001158392655048615
-0.002076699336859482
-0.0029836908557305856
-0.005559316377231824
-0.0007583571343931567
-0.0024229349975662764
-0.004818575497418436
-0.0036968411901252734
-0.0016317069462044142
-0.005600771591046342
-0.007842911106849725
-0.010745857795658285
-0.0015137092045650958
0.002745665203993651
0.009338140277934604
0.016105380703262454
-0.01954589502129604
0.01254414136335898
0.005139821734848276
0.01860861992162355
0.0002277398930139981
-0.006297186417508926
0.01910178802855515
0.0009658335810763614
-0.02797523367004887
0.011118676748877957
0.007226161371410178
0.004409958182925798
0.00672869778907672
0.0068414008860147885
0.006854150771781083
0.0136567995867961
0.004882639033829952
0.003920925720422459
0.0025921322140757944
0.0007496354107359572
0.0008136987131699517
0.0010009548719003985
0.00039122002502413425
-0.0002804228768481868
-0.0010395239469160873
-0.0018469370708698986
-0.0027823556213593917
-0.0032798369815928378
-0.006738309655309239
-0.024157480467548672
-0.0128917991555392
-0.003818172942919802
-0.005499429120943945
-0.004171274547755062
-0.00508021702615459
-0.00729341591353506
0.0038046767714755196
0.04969217203171886
-0.0020343877971125478
0.030186048057443435
-0.007578889120031019
-0.015835988850931473
-0.019916444042339266
0.0011463873513505233
-0.0041191569910301335
-0.006717503712267633
-0.00556668829403756
-0.005530901297452248
-0.006252418796856292
-0.004964574784739098
-0.005004250775481762
-0.005225118743775596
-0.006056702764986436
-0.010921380727669468
-0.04174570114934704
-0.007049204045922126
-0.0016214102372978157
0.0011460202017470793
0.0024853321706030224
0.007668190157336223
0.012047910259150248
0.018020803716794365
0.023651281124078768
-0.06318601067866965
0.047596994954848294
0.03868019503110348
0.03323103001828131
0.026280138494432448
0.02039060709603891
0.016040126993631266
0.01012500381439558
0.008171314510089966
0.008393775774504552
0.00742605093913095
0.006015361417479804
0.004919160738114704
0.0033055874830412763
0.0018450686916618175
-0.0030833365351292975
0.00232069326424516
-0.003443073542693501
0.0006991061914171701
0.0023358673379285863
0.003196338574787864
0.003589524111092814
0.011792002119048284
0.006812721661956352
0.01815766939669406
0.06598892685003138
-0.025553382547410828
0.059378754703413354
0.005024911652533933
0.003273227862530226
0.008477461390857506
0.015124592259375328
0.008220575986903145
0.006620133764737243
0.005371542153600936
0.004763394321982039
0.00423221020839729
0.003864742674866044
0.0033748466637782207
0.006905456553210172
0.008619737550983032
-0.017278193343473126
0.01020397497185761
0.00785283013956583
0.004493048633634983
0.0025683484724620905
0.0018109173452540831
-0.0017920027385474068
0.0017954374628332815
0.0009053423913439643
-0.0012446572895774427
0.009655516810093268
0.0026570537434783643
0.008265670025493266
0.012495930128808586
0.022533526576455284
0.04615131267058075
0.02030974816096982
0.017854270875539244
-0.046451292906644806
0.0016974326200629494
0.008329127949351417
0.015155973452393424
0.012733707066645604
0.010131329350169721
0.005864403021563432
-0.007988053086227685
0.004424924031675796
0.00762323671266985
0.009417871284600844
0.011064703286930072
0.012054434750336553
0.010363749783985928
0.0005163339267837987
-0.01785976482004331
-0.019057941453053992
0.0738056305997367
-0.018977520060688532
-0.0173596763503201
0.000586865447483177
0.008970296879040086
0.010216918463194996
0.008814350780749167
0.014517877173219383
0.005613524229360946
0.0048534037889469365
0.0042055120581189955
0.0035529006035959795
0.0028012439150893183
0.0020199318081409396
-0.0005265056322233592
-0.015220887385862986
0.002279381785302637
0.0008815979602607691
0.0021584983938794217
0.0027078875557946386
0.0026859157928262396
0.0020213417057975136
-0.0002185562103287646
0.0009342779161836567
-0.0016450891327355825
-0.008270208397449207
-0.0008345381596436768
0.0020177733062873332
0.0027670894849719982
0.0018254786731857838
0.00020260104592487432
0.014551460840612417
0.01642785839058415
0.038019693722278015
0.00394240168451563
0.0037395357484493047
0.008124033714428427
0.01377268478302246
-0.0019145290185398555
0.0032125158861432725
0.0240729405794845
-0.003865828072574278
0.0015086222783011328
0.0033403914136750147
0.0040386019201950115
0.00443258560293137
0.00474198427409633
0.004673091822735047
0.0034658950709909623
0.0002569108313083847
0.013519625837307342
-0.0008408693594293927
0.0010135251174709084
-0.0006877836354767233
-0.004395080129139944
-0.009273405612597301
-0.01519062124673441
-0.017432940789328773
0.00045408498379267607
0.019140935859545603
0.0067986347601553575
-0.016098483008380907
0.008304370556833265
-0.006466816136943946
-0.01565712108134931
-0.003807400071654619
-0.0038515201366280004
-0.002780495820068798
-0.001611775024748718
-0.0007434868820232708
-2.1583360977846952e-05
-0.00024138657544644053
-0.0002170841862630687
-0.0003465080945398224
-0.0009647554929065176
0.003272819521255446
-0.0011044856345353207
-0.00032119891669926096
0.000470534455898277
-0.00019495502916511153
0.00038321361892652004
0.0004769721397718945
0.004637718509729668
-0.006949605689578812
-0.0021637953520085673
0.0036893040512404928
0.0007155421094814382
0.0003929262292372397
3.665823444414116e-05
0.00249279920710968
0.01621550698507091
-0.009686107311033362
-0.006007917347625892
0.015670184795465895
0.0016762354959076763
0.0011879375473091824
0.002015537664378101
0.0024286230522700507
0.0025291856137097403
0.002162805821876887
0.005608997063559231
0.0003604965167350731
-0.0006640326802866266
0.0025323882873117486
-0.0028422484670886207
0.0011891634510671815
0.0030646307461899783
-0.0017006858661536462
0.001366203090675751
0.00017319849200378456
-0.0015509681637290889
-0.0030190506722632304
-0.0028635401773331208
-0.003940987949312628
-0.032882451692401234
-0.016565966537556435
-0.02294642885557752
-0.01335401224452159
-0.016648063177012735
0.0179846665645949
-0.024031766814652133
-0.009345330586841921
-0.007996785794278611
-0.005489048187390317
-0.008348748015714943
-0.008051292530059881
0.009821839958139851
-0.007162932550904913
-0.014812329397954549
-0.03656217551942436
0.0036439620578521295
-0.005424678534316447
-0.005654799665829062
-0.002996002356506952
-0.0009864015396045074
-0.000732032906733275
-0.0006834413852288146
-0.000986998631531476
-0.0009469535710654425
-0.0007284751625533656
-0.0014645859889144183
-0.0014613521378446176
-0.0009121922117999766
-0.0017929514766377459
-0.001187429754070119
-0.0012739364904493166
-0.000960830347722541
-0.0008493477554622591
-0.0006165014930135105
-0.00048220495257350816
-0.00017756545815088225
0.0009357923781855899
0.0005066468673917668
0.0009828402701267443
0.001248990253755257
0.0015218677726313626
0.0018100642678341703
0.001879042071527
0.0018657558285332487
0.002590283508210636
0.0020229779762696016
0.0020653048798536483
0.0018179324864931528
0.0018848122497200231
0.0006994044921990012
-0.0003146839960369988
-0.0016975891611789855
-0.0035453887424956834
-0.005915800460766573
-0.008619817941818392
-0.010228161710584247
-0.007508502018401706
0.007639485396230759
0.03305951819503416
-0.02365325185482915
-0.01816938650731943
0.022226544701523323
0.023380279891422835
-0.002512643071828085
-0.01048210425498479
-0.009933861665128477
-0.006950955829344439
-0.00400828279219826
-0.0016341636142970435
0.001180490118872192
0.0016702912721756804
0.0027718742373153836
0.0035899360613332386
0.00614821851758685
0.004684306143519222
0.005226924892360899
0.005462355035151608
0.005679532568535963
0.005866710355844898
0.006012045094957323
0.005987926777383425
0.005623771129838515
0.005009253753939411
0.004826275364012247
0.005705075722447482
0.005690358431792487
0.007209465836636714
0.0056445358199340425
0.006555819464338128
0.006410257407645589
0.006539555608600378
0.00723772183908174
0.008024833062524252
0.005648350050249527
0.045587719278540655
0.005052665236802224
0.003988247358802661
-0.004573192025115784
0.0019755762029881117
0.0009293265305371332
-0.0028359764387180745
-0.009631945975553552
-0.018683708209760907
-0.02154498053644336
-0.022221505821908717
-0.04040834927145514
-0.020929897316835817
-0.001761555509315416
-0.0047240152234061744
-0.03046323988830273
0.04424677765897741
-0.0003420023086253932
-0.0037863874378533807
-3.743416011054399e-05
0.004352367411707622
-0.004977584570381159
0.004634526692065958
-0.0014295409232311248
-0.003192464673516298
-0.0026416639540045167
-0.004514668787904707
-0.0038272104018474136
-0.00832966478076478
-0.002783579297317381
-0.002121851638889619
-0.0010441698775936197
-0.0018733981416718982
-0.0004541527123365339
-0.0007554563072648263
-0.0012887995171982703
-0.0008233828744312701
-0.0003206403596098678
0.0002773548427764233
0.00041780549328091323
0.0009462620917104498
0.0066259642314112155
0.036947600691473216
0.03932769937228129
-0.10118712599614912
0.025807349752955344
-0.028555702570605336
0.03381878717470316
0.02609065180708736
0.012251519309528237
0.012955728117332267
0.014882100083899084
0.010274494430172672
0.007959178625863128
0.005950931500181256
0.004370901114842421
0.003539638739794485
0.0016245303536036463
0.0026387950074701232
0.002806239597328415
-0.02367668311667633
-0.018398161575868738
-0.02514781186764124
0.016272830898656533
0.08782191783547874
-0.014347433519069943
0.06973110366834563
0.015454076886842246
-0.0006321760708355606
0.0064057412017043385
-0.003435176818783671
-0.005603532362110716
-0.006759709589768903
-0.00786727080081946
-0.009760487850622796
-0.01290633809226369
-0.008242286355233965
-0.01277797953534721
-0.011377294672137923
-0.011126626320476537
-0.011617832256423762
-0.013214037737961329
-0.015722182795689918
-0.010456735043548694
-0.014520356054139226
-0.012735991106678321
-0.012022431494748503
-0.009866535405425512
0.0013741440454450974
-0.031131444600767763
0.004037807929742991
-0.00881261556659645
-0.012400363741744965
-0.013224607865858452
-0.011017527756908885
-0.009989667750300479
-0.008351630724525865
-0.013947541713586907
-0.009247593140332648
-0.015627096840861446
-0.010355592062983374
-0.012503864985468658
-0.004878639333709208
-0.008952464971662515
-0.0023148267245249833
-0.002423329367257071
-0.0019845109573235088
-0.0006629888316791077
-0.0017877350431665035
0.002746672370954989
0.004063090361280826
0.004130394827945286
0.0023846037844588606
-0.001636252806354542
-0.0038874411091346615
0.012332074846303658
-0.0008793490880764467
-0.04170383245128919
0.022031452635152535
0.05858968618562181
0.005302245263713592
0.00502261689583973
0.0058618046233248206
0.0057644023145716336
0.005682440824925098
0.002684208877862283
0.00042108226307505965
-0.0013903112456285
0.003054086130946224
0.03206780114839539
-0.023747029709731287
0.016262696879685384
-0.008894949737021948
-0.007424746630106457
-0.004796928771691134
-0.004757974017280219
-0.010117809233812542
-0.008538265456876328
-0.008596070717143313
-0.008650070257312018
-0.006748521649160854
0.012817485534051057
0.03101152902820313
-0.05784021339439461
0.02634346600918557
0.011059219401712008
-0.007659091505672524
-0.007607768272601777
-0.007220413594549187
-0.005415900888517133
-0.005787013128019481
-0.0120587278425574
-0.005010868842997984
-0.002811214542853923
0.0005723759870304751
-0.014332363122178756
0.0016244809079364517
8.665919779748503e-05
0.003019959179983432
0.0006793632322699712
0.001205354077242043
0.0009555521594311136
-0.0004943043517632111
-0.0038934320194484377
-0.00998077360901505
-0.016363271638371164
-0.0021836223870098405
0.07257493231255777
-0.022237200124143784
0.005985137354252462
0.0006704769456724328
-0.014098896664613891
-0.00988161741219406
-0.003070719861977979
-1.0637106965405595e-05
0.0010914353394189304
0.003048194174647084
0.0004117294310684297
-0.0002354055884870666
-0.0015401867238405012
-0.0015525111701771325
-0.002315640208548743
-0.003970138481271021
-0.0038054639841318023
-0.005905710612642152
-0.0064271525906903
-0.006547390500474476
-0.006797590867624449
-0.0073394016104774175
-0.007005943121970521
-0.006228877325108359
-0.012901192801795833
0.004383482381288488
-0.0015257989983775825
-0.014795190187362004
-0.012713348669663258
-0.009170568436965214
-0.005998961422220539
0.024930350256881628
-0.052975620774121705
0.024884411244697667
0.013321023859193482
-0.008794291723055285
-0.012377447460582539
-0.01697755767975666
-0.020165891103633725
-0.01705541575674492
-0.012462164687489544
-0.011436867254606057
-0.007334027264487218
-0.011856915361524563
-0.010581453857976007
-0.008482726192349518
0.011225776895104513
0.02008963663990549
0.006845923596357117
0.016117927249686293
-0.012179932988613845
0.010001198251013234
0.0006321424279061483
0.00015022652941921622
-0.006604308632020358
0.0031830503137845875
0.0112399455599283
-0.009171955548996837
0.004860646025215374
-0.005252217409986905
-0.017399501166658556
-0.016453699844132787
-0.014596311796582627
-0.0035086061348409358
-0.0277076650755112
-0.0008567997678109114
0.0011432840192948652
0.06044451948998207
-0.02911015299731916
0.04699629870033876
-0.001737439580350262
-0.013753416449500422
-0.016317296643212315
0.011710508188768643
-0.01525175716166264
-0.006470780926729903
-0.024883343755907932
-0.0052768442278912295
-0.010682682088958841
-0.015172709639461743
-0.015475715134897032
-0.015220488795899692
-0.014938366429652615
