0.0006758190037979901
0.09935673499695076
0.003692784256040241
-0.01805577921987604
-0.020292213283844004
-0.028779860398671232
-0.026451030763796807
0.011511239592289628
0.03651326564651645
0.025180185891956777
-0.0011470933184924961
0.006028610695747605
0.016286563880162096
0.03112392688805751
0.020724566598599253
-0.0091021625183032
-0.05007371113769099
-0.07873139963875316
-0.07311481418772901
-0.03037985745686285
-0.0038571632445276367
-0.08644202891106892
0.09598964353119298
-0.07305367289958523
0.029744206385564773
0.08753041063702804
0.06140109305982092
0.027087347899190636
0.013270500949655595
0.022999909466501666
0.03248512613500626
0.016156607495354587
0.013421848937764835
0.010102956370008019
0.005539267721661514
0.0006478709698427106
0.025491489304559554
-0.010057130674930163
-0.010468257187369118
-0.02049753758862531
-0.02435489196244206
-0.025924408239299507
-0.025169384525836613
-0.020280556338554568
-0.018888943098405764
-0.01630290471809835
-0.014165443727226196
-0.011516103019307595
-0.012404490175391416
-0.019044123521412257
-0.0048335544751739986
0.033127070612213344
0.03036676809468145
-0.08807865959935773
-0.08836449738550524
0.00478676576084204
0.052533192414948096
-0.17513682393063257
0.02467411008868878
0.0020416535879999227
0.012744789285540124
0.005642425092418945
0.017979719426285675
-0.05030539365693584
-0.033999764960286886
-0.01295128118638653
0.022210653699429858
0.08361126188036477
0.06810654558425684
0.029059364323403863
0.014870681999485026
0.010969974537434844
0.011512923727644231
0.014025065693483952
0.01754240631959238
0.020440646545204017
0.027983260586249694
0.027467588407724796
0.013704824056472945
-0.004640386228478635
-0.036408043867199924
-0.03717756002914904
-0.021542057840574037
-0.001284962509712007
0.004755276754078244
0.004140634394216555
0.0004113013973136949
-0.006665391067017773
-0.012213395987497296
-0.010578849360800264
-0.009366521755443055
-0.006873917290093534
-0.007180772798699576
-0.0032451234916451017
0.027248505191502334
-0.002323722681221147
0.001693134863092203
-0.005824132992358882
-0.008284187848834295
-0.007277552870479382
-0.007684000330650674
0.004896583374617669
0.012087313550567988
0.0005200263097066267
-0.0037688342646404094
-0.010341172316501156
-0.013320514852143722
-0.013185895679529278
-0.009339347352662317
0.0004616665012410908
0.01586392662242049
0.03835640558344831
0.01797693995016862
0.013665559188977796
-6.298976417243635e-05
0.03966961404513214
-0.0512130977288651
0.02056923181756289
0.019404831550519322
-0.08349439445188127
0.02811448969882918
-0.08444597764671996
-0.0769870719397521
-0.014301120322325491
0.12742062765926349
0.018495931659494383
-0.007799002460628755
-0.02404110579071806
-0.022533948489575083
-0.02330791300309118
-0.016762928698557666
0.0006283138814116088
0.002979998064880588
0.01167918462973293
0.010894829079830972
0.01791003389656872
0.023659426909586237
0.03578837129020385
0.004689276554548377
0.002000451091792114
0.013536491573569015
0.026995545466383684
0.018809647511897176
-0.0010175690453452751
-0.02670429278318206
0.00547923201910732
0.00396251889554746
-0.0008250918218186443
0.0005754565707325343
0.021364095183351212
0.004319236207332616
0.01015516229699893
-0.01595027533524135
-0.00584908406370297
0.013132497105527096
-0.005845140140805355
0.007762147822868127
-0.009053433941989458
-0.008574225797838805
-0.0066005649218401985
-0.0056708536654417226
-0.0037026668113151226
-0.0012383669670045048
0.001922209705382899
0.004022441816158758
-0.042575444329333446
0.05994892814489431
0.01064515021265119
0.015906973834942304
0.02465664762222217
0.019283944478677182
0.024420119121669994
0.025624257456915406
0.027449877442398036
0.028326429011774526
0.04094935297351879
0.03311347561758139
0.03714506280024557
0.03963422590411098
0.03597106169281193
0.013903457331398333
0.016395654996210297
0.013127917094988284
0.006647048808885754
-0.026848048256731705
0.018653905256174146
0.02195893480505595
0.030285179931216932
0.032963270191512954
0.030176796890758903
0.023605557241681986
0.015960010209535986
0.0067731239747079825
-6.377419008969403e-06
-0.01897628635639439
-0.018172681967155303
-0.01643715189152482
-0.024755600991496384
-0.028825793897222375
-0.015888536768212985
-0.02212814879291191
0.04054742495342957
-0.04708500725386897
-0.10920533966917718
-0.101405804608121
-0.048409700675060605
-0.0023786227967207887
-0.03888695242346692
-0.036728654194989815
-0.015219282696928819
-0.03207041546610237
-0.0075372351767362435
-0.037778453637023646
-0.036061936422517434
-0.035160985052461825
-0.05961976113504139
-0.04100427170258439
-0.033682489556979146
-0.024356389238644888
-0.03014640711875586
-0.028307104314953323
-0.0287179848112829
-0.028244668067572736
-0.026911517970896384
-0.02775869016392211
-0.04370892893220561
-0.021701672374231193
-0.03442230982490443
-0.02180206838410619
-0.013138060019890055
-0.00422695319023592
0.04017440625314503
-0.009594724213070154
0.003364581268323544
0.027609407738185876
0.012001120012537116
0.04295238003660958
-0.0689848631217672
0.006249840059595683
-0.10544350505716275
0.040714247132624753
-0.023429129701682292
-0.014270624827493649
-0.001594679803593598
0.017947354908308965
-0.0011569228500172982
0.003258007003429066
0.008088292086656432
0.0528031763108206
0.005721393948836993
0.02181950412784763
0.030790172735644925
0.01737464668037674
0.012720879381256593
0.0033701242710508514
-0.01868084554715685
-0.0010921765569693515
0.013378011960678761
0.03642062092220396
0.036556320897899904
0.0112309973188387
0.01719402171421744
0.019984915049716875
0.08036791968216352
0.10136167764921676
-0.0044113936600925
-0.018411794349959407
0.021108419766129
0.015499978402363179
0.022115128801280602
0.02163707202069364
0.036862023478283414
0.027810728560771398
-0.03085356642332863
0.02519012498569362
0.026124041622431617
0.0407988625177146
0.03584433707348232
0.02543851633814752
0.03194735081055099
0.060873228213395754
-0.02994393797921662
0.033262372117624055
0.059813676840298015
0.026677505000447656
0.025533639658466594
-0.03900166643342143
0.023014968106655848
0.015004535629609546
-0.01886803352727199
0.01959550957073112
0.03934327120220237
0.022462512886929503
0.02279946165416818
0.018977036590028654
0.020015408425473797
0.020644197732681148
0.02663619930299185
0.028547706447808407
0.0247471598359696
0.01013329617198253
0.016215782177321638
-0.03454188844604682
-0.015869525320370625
-0.0028450642732321357
0.023312142089267223
0.00321172984860427
0.0033015902387998715
0.0003717866535941476
-0.0029864586607309227
0.007930288856423554
-0.016975472826179373
-0.01700729424237037
-0.02630715847039007
-0.04185378813216534
-0.040947142150103095
0.013256385942344549
-0.04718756223781183
-0.04303766275406472
-0.029295724430333032
-0.03333353566345774
-0.019674965334436773
-0.010038336952614753
0.010921939215265896
0.02038882241854652
-0.016152386532738375
-0.010819017359232437
-0.02102617605735563
0.005586843384510578
0.005224357294278088
-9.497562908335272e-05
-0.01298381036518891
-0.030487273589702775
-0.04083401431258852
-0.029342316391068077
-0.012974433882181665
-0.017008565053715268
-0.010191842814024632
-0.006423529856123513
-0.003093725499523683
-0.002901561174694026
-0.0012113471117331607
-0.00022515938474231622
0.033228566998641886
-0.0006923446133454724
0.02205641118677102
0.0014237759443242182
0.0010967853135934996
0.001640093955634916
-0.006905235192605442
-0.0027742666446628848
-0.013074096248729662
-0.008806586297927455
0.028473728645375975
-0.018726420584273967
-0.02943372719375192
-0.012096843547871706
-0.020644850337675574
0.017466180915977663
-0.03390811409550112
-0.0026882290046116187
-0.017611412156901488
-0.012200983346954365
-0.01387166093834039
-0.020282719611309945
-0.0342651282349862
-0.04574539200329946
-0.053626983168157644
-0.15404800791623008
-0.10221219194738712
-0.046676907909005715
0.03140860781146382
0.013494472034822125
0.025661222729594063
0.0267123559517474
0.03216664320398131
0.014158701637582738
-0.023653290418985548
-0.061025920094387814
-0.06900168331533214
-0.014934360417220165
-0.06938880675409756
-0.04706171221513778
-0.018338470296661847
0.010856165894956454
0.024803338511575835
0.026797226138096642
0.03153624497228435
0.017709954330539172
0.016634469880261012
0.013446392391248247
0.007067025679269729
0.0012675034921957903
0.008280590129233571
-0.0016262561465263618
0.010530615034441613
0.000652949008880977
0.04648454560911114
-0.004295845605332302
-0.009619604371199648
-0.05347317135627568
-0.010298880197878764
-0.014981210387476695
-0.03186736316270181
-0.0041575984793900235
-0.0006319534056442741
0.003044661610991141
0.0013019245538639652
0.0235230503545502
0.0024798765787518123
0.005464477820057644
0.006344694351299865
0.01189261749495693
-0.00294494546386006
0.018343386120140942
0.003355993085078955
0.0026068995054256464
-0.0010371635473411353
-0.0067209781875571944
-0.018361927496133756
-0.03162131174760143
-0.04577003324078948
-0.03561853556900875
0.025348936809610822
-0.026522600495555403
0.023700794319242748
0.045528518597226474
-0.01501581185149963
-0.041382781416508876
-0.03221740678904691
-0.018642430020281618
-0.010845181667610917
-0.008355995418734883
-0.0059587075188190855
0.004511119050982937
0.013779344705624903
0.024503758509415514
0.015692880458315635
-0.001153025382216713
-0.02956308672936383
-0.006368050270558309
0.021785740666399322
0.01759836187551064
0.002200892039557251
0.003250346482007493
-0.011716837232761098
-0.006409099810376841
0.02325198231764158
-0.1983191703295381
0.02386937927504626
0.00574116366352009
0.006538249416346205
0.015723182012224605
0.017883172464699275
0.01857858814514154
0.014557548633945884
0.0072795886791246715
0.0013257538368835991
-0.00606808945198895
-0.0027693830689591178
-0.0026466945332257116
-0.006968961100222511
-0.0125810894196597
-0.007174796747822377
-0.019881420959554467
-0.015622602558688413
-0.02153130983661672
-0.024486477435729258
0.03565125909481713
-0.020706147980233413
-0.017837253817917592
0.18805443590370136
0.004505564224662359
0.02966174320131471
0.0014346510445409184
-0.01968199770728725
0.11627685194557635
0.018712906563722192
0.02128725593729232
0.01547766071422106
0.0045794934275016725
0.0006265964597888458
0.001820360005168119
0.00644546996175053
0.004423017402553464
-0.002856893407503272
0.004845744369318004
-0.13542383636734226
0.12974174031283953
0.0239588199128595
-0.010539940065304565
0.013154992190593883
0.0418140592892316
0.019170200005522442
0.01538088170161383
0.00994294988031267
-0.009516751188464592
0.01086942268657416
-0.004198056651137655
0.009352989585184436
0.00017391096079926095
0.00011408939679876424
-0.0049792001326375
-0.004606257419285649
-0.0034469145035710266
0.0009853806073545645
-0.002298351179645087
-0.006393966059449082
0.014032471914768982
0.0022115407526165825
-0.00037384091547429626
0.00206334687082183
0.003013600983773116
0.0008059988326750317
-0.0005327606759508615
-0.04595655979179601
-0.002424790042199359
-0.0026328780455884453
-0.004962128133399159
-0.005090029566559128
0.01303998973841402
-0.006284219877623819
-0.004585180874881026
-0.0019359780989877254
-0.005430973292851056
-0.001537037256816579
-0.0006986131129885136
-0.0019746417992796087
-0.0011479955849938712
0.001055572833187876
0.00212759694112226
0.002547203874206892
0.001059687370719991
0.0008942448433518401
0.002294688732385952
0.0008116386445159531
0.00417622971591211
0.001402851608987178
0.001616474323355013
0.0018476863860367294
0.0015978877453519747
0.0018091802035430692
0.0021497613165796393
0.0022857630096634555
0.002238025510517085
0.003321539768555957
0.004516571704494576
0.0074009127446605025
0.010482383499428292
0.0051553694311949096
0.003107928132930538
0.0003360758662848135
0.0026998156380818503
0.0035814062502954524
0.011184732635713464
0.028759355652246594
0.008020773678686248
0.03988316514588577
0.012376654529274674
0.016643008749502124
-0.0069902787974216235
-0.010420225686045679
-0.007246407384064035
-0.004123169797939798
-0.0021308157462821237
-0.0010937570655376325
-0.00019168920122299062
-0.0008213355702311283
-0.0001338577328169041
-9.970722880562272e-05
-0.0005040077125098994
-0.087502567143259
-0.0006944556546630014
0.002273664952860997
-0.00022146161249180218
-0.0005193702333438438
-0.0012884466234466016
-0.001783406501508954
-0.001501171466508307
-0.0007739367729012984
-0.0009707350665584173
-0.001511093451860835
0.0024791983403062885
-0.0024806730966707704
-0.0007358433406750636
-0.0008214609413651901
-0.0004526758314390137
-0.0005454832699694896
-0.0007252447562577651
0.00028880578636849245
-0.0006814769832221562
-0.0333203777950673
-0.0026753889884793
-0.0010717298999149728
-0.0038996786376077836
-0.013317838962980808
-0.004014847617826085
-0.001545161776629177
0.0005600812712934493
0.0010813493456387317
0.0005093880292075133
0.0005146956502989634
-0.0019220061220569186
-0.00406809713949901
-0.001926069457390204
-0.0014099859645562058
-0.001505568601317466
-0.0009531133505903053
0.0003243651167385874
-0.0075399046654774475
0.005436312911716366
-0.007216821901517671
-0.007033314017467818
0.0008380588899599826
0.0052755703713616925
0.017954965888128633
0.01867781413037187
0.02318730556652837
0.018206676271672183
0.018093816750616432
0.009044236587695606
0.0012272079973770448
0.026791637642884378
0.015619223666462024
0.027352864878477646
0.021568515221351486
0.015492796133203608
0.006759942680700103
-0.0006760867163147668
0.0013283824656206069
0.0015699943208806744
-0.0003483886873148433
0.021385103152051416
-0.003374103713275666
-0.003909453965125516
-0.005415918779770883
-0.003215903090761679
-0.0033629123993617334
-0.0077830884395034185
-0.0053761234798753105
0.016973830648464583
-0.008590021494347901
-0.005345738534284017
-0.01562694876589054
-0.016582737447502747
-0.008233604024634586
-0.014824965616185645
-0.01784224545420536
0.005404689094760755
-0.018938714433130846
-0.023711229831863138
-0.03560146960457111
-0.04675603802341071
-0.05999299443269038
-0.0783272968013621
-0.06999781728948865
0.03797660854336334
-0.08177571340667265
0.06798190816158527
-0.008118385584248773
-0.012979621985677767
-0.014245374609023807
-0.017596929006259365
-0.014937829790274831
-0.01457894694874957
-0.01462652764379139
0.0041354101802794484
0.0038981807509063126
0.000589637444159465
-0.008265393155653718
0.04760269076760698
-0.014926135239315215
0.005463102768411077
0.010029897911841015
0.03992825549824158
0.003656667337626569
0.001631306664353377
0.017027998586416966
0.003928389128626596
0.0063908603854928876
0.007384622469374129
0.008443999347570648
0.009208349823852312
0.008699234214820403
0.01805191874762301
0.008228982555042499
0.010142548391984318
0.009092475532345748
0.008676311907464655
0.00813767512562042
0.0067504793236991085
0.004056378302822954
-0.0023767758630058172
-0.011830564643906472
-0.008121110410663743
0.018755127956511634
0.03108006379929799
0.010371820096388852
0.00685540502384876
0.006136983812698274
0.0015367127710808964
0.05020478106998397
0.0009111925579909811
0.008403192459347173
0.0049449573787389055
0.00792364870140969
0.008963382750083685
0.010551311892347048
0.02181702715451434
0.01188381167829019
0.013669053260992436
0.013033766768385958
0.010368120947161275
-0.007094750496203422
-0.034658850054409385
0.036523413717193615
0.03166974082495355
-0.029213581240885383
0.011301986975239578
0.008330374929433865
0.02335942343055229
0.009182628207910075
0.007276057326233624
-0.004898202016674329
0.0027530970693419713
0.005335926889840218
0.005419657091542882
0.007099847246325873
0.004284951618362316
0.004417238530558485
-0.0034699292254954115
0.0003904973164747213
0.003454106209271159
0.004321699457487892
0.00411546468659759
-0.026829941503909393
0.004522388398697928
0.004703124539330989
0.004551672508357061
0.004150445756726725
0.004334118584954643
0.003804331758919854
0.004795740913379562
0.005928735164959311
0.0064356833633166756
0.009015066755201894
0.007387339113445694
0.007963114981322614
0.008505463736676017
0.018551129645720577
0.041292385002323365
0.03096533844902925
0.01618749635961428
0.026005193277338613
0.032293608624870254
-0.0012095059855866306
-0.008750033608697295
-0.0066137174894383205
-0.003995594187005841
-0.0014499217922851809
0.0005293237756807337
0.0020468932462486037
0.003767606924660577
0.005257624756623277
0.007268945458094231
0.011754009919379587
0.015137884146044875
0.01701349502480795
0.02281779368830287
0.028033158208471194
0.02991612052772873
0.022462670065905944
0.013352500339235579
0.10246626675248542
0.07589563241750387
0.07780280200147338
0.025022312140641236
0.028087693339988694
0.030715299038253412
0.02932076103508463
0.03181520769261789
0.021593987835317352
0.01620412911360446
0.011653084305042652
0.010417242589586569
0.011128573649098172
0.010483950547700389
0.009316197875668788
0.009017766989831604
0.00942244599574286
0.006790183532390697
0.004033819238505382
0.005625633360071866
0.03150016967530809
0.004002811329604586
0.0053785154706178185
0.0029133237435845175
0.0045992760654757926
0.004414794620830557
0.014460829699887035
0.0038365655326028187
0.0033787974174584972
0.0032843215717384437
-0.0004974478376766953
1.9391508624359997e-05
0.0019145548123848998
-0.003086974103239738
-0.011623560263958126
-0.006415372587189005
-0.0023220263736873745
0.0033108095639728455
0.009909013425417142
0.0023753523750913467
0.040647634448365444
-0.004107705007943968
0.00358363143544324
0.005930407830225027
0.006310286257002481
0.007975870209265988
0.008990290411920038
0.02507327596174031
0.007609905734372902
0.007858190979211302
0.0075923349611564045
0.006027459807914408
0.001483312762888083
0.013484216357764665
0.010086568601944962
-0.04926686502526723
0.010189185776608973
0.01111323475140782
0.07417657137204654
0.01677999291893651
-0.017787507250843118
0.027684021034615314
-0.03028855666928791
-0.008018492998267988
0.03911413951291124
0.04088469941136106
0.0031055272179507567
0.02958106491344051
-0.0011699601513534743
-0.07771492756511394
0.02278134635198677
-0.050561811551547535
-0.01767618481523472
-0.002235876868954197
0.0008539767009499504
0.0049887554505661635
0.07989721893534137
0.022838847684455776
0.006028347315881505
0.002695210959933097
0.00521375484826231
-0.0008762240988090228
-0.0022596892242030936
-0.0030943444629917484
-0.0021089464051477565
0.010882054315720901
0.0037070858905112057
0.0259836015345772
0.02310596709017455
-0.0005519561405084746
-0.025992620381720576
-0.014626393543648553
-0.010556333271524459
0.04046288474941124
-0.002523424192194582
-0.0003370473948272937
0.011696205929365006
0.0046520167814986515
0.0031494423118671017
0.003370227131407076
0.003818549804993514
0.010084223028415886
0.004114968350036773
0.003994378492044027
0.0019061011899320387
-0.0006854890418721303
-0.0010316177995574579
3.0778021842223846e-05
0.00163418623395647
-0.01028273356120956
-0.08561655865001076
-0.012703865276063623
-0.0033039291117156924
0.0015883812883073643
0.011977496381916364
0.005940753424008491
-0.011015329408860295
-0.0032331645601139554
0.0016869041829533275
0.005522327537255267
-0.0075779812345941385
-0.015456443576513311
-0.01603676848021568
-0.018862285762107245
-0.01251347845357543
-0.0050328191941421884
0.0009255119726724023
-0.0013025222291951442
0.010358703041220803
-0.0008006037191950312
-0.0002064197267044634
0.002123014788443785
0.00651084249532533
0.009173193036844086
0.00018487445454832361
0.014577869903604527
0.013497463058904898
0.008649308132343795
0.01453109727039993
0.01882412094114618
0.016464357151908846
0.02719234580502988
0.05470249058226457
0.029948736115608502
0.03795057200089916
0.04270843442666807
0.032488010259199424
0.022281553083767554
0.018655231099968098
0.013158736209814073
0.009359609118660468
0.002836708450998247
0.013257080358770516
-0.0038289960859638978
-0.005677204829187155
-0.0022713746582851088
-0.006598183230717424
-0.005902117023486046
-0.007860401256963693
-0.012420249558914841
0.005225143253620433
-0.01607436311376845
-0.009749450257601775
-0.0058378612224662075
-0.004549068508173537
-0.006503064091329644
-0.005700847812053685
-0.0027303147952589778
-0.005735473649228232
-0.00585631295055445
-0.00560909668367907
-0.006054244241912282
-0.0009723426943596385
-0.007145288809428665
-0.008405602142952686
-0.012586545941340635
0.0037737971324439913
-0.014288887901609232
-0.0016184740143925542
-0.008896663138309254
-0.00865596712676411
-0.008854430796968907
-0.008470218786425473
0.022369376793432486
-0.005809678827251007
-0.011386319474110031
-0.01014561662685062
-0.0033087229571056253
-0.002294524129524757
0.0001122377843936388
0.0023424804431900854
0.005539757989362465
0.009382306002427974
0.011193406031333236
0.00794362420927395
-0.0038922851633479178
0.0023373112615497167
0.004975223558010407
-0.008778752984700301
-0.00021563294391771615
-0.011813463228529584
0.007750513075211827
0.005785376119044868
0.0036810334953994548
0.002708126959390928
0.0016695537323735776
0.0016955875034939205
0.007376893057137739
0.0017704542527702712
0.0006972248243290274
0.00010695400372246562
-0.0039052293628735442
-0.004289428090842396
0.010727629308605312
-0.004272047572693078
0.032745498229648395
0.0027945820590618044
0.007720531716837872
-0.004276400567045331
-0.0030897068075214527
0.0005279659582971485
0.004281210577965524
0.007850013682150526
0.005587266684615688
0.002974465340014549
0.0018839442549372406
0.0008664723354975702
0.0010366279039726
0.00030692680245686567
0.0011181085512244541
0.011401648694297745
-0.0013551740255565515
-0.001927062749732576
-0.0004522169785150483
-0.0038963708119329164
-0.0066256636896044295
-0.00016823201191409616
-0.0030746258232967555
-0.004832656600246665
-0.0029433188135920825
-0.003485936597701656
-0.0734241605189833
-0.005002340466979881
-0.006825804792402482
-0.007423593204885727
0.00981965759307207
-0.013361049431334345
-0.0018597943447337965
-0.009754541853554708
-0.005500264441732274
-0.004264688359997876
0.004732152167763449
-0.014311669818505889
-0.0082788907166258
0.009793185032380096
-0.030029651566370205
-0.040026823640122874
-0.043562513379954655
-0.023528803083778565
-0.03652166306268249
-0.011772985443708238
-0.009239641732851977
-0.007565671702534302
-0.002780818219377126
-0.007643969491022813
-0.005450988379047623
-0.0054370681072431455
-0.004290543059195031
-0.005689973072029113
-0.004068485590246989
-0.12403001680313722
-0.009450538852853557
-0.008050347006029027
-0.0031720053378130053
-0.000954418500484597
-0.0036075473989246203
-0.00298090595720993
0.011446643608587711
-0.0021815203286625158
-0.001628327377826029
-0.0012233077711288846
-0.000516101243013705
0.0005276614619351348
0.0016593380186551172
0.007732986219034461
0.0014133709735114264
-0.0022634207459566276
-0.04071923646252494
0.08011624498551977
-0.046914677941727524
-0.006904139242381787
0.003475397611364155
0.0031714620981100933
0.0015231525030577698
-5.3151295087194636e-05
-0.0013231802299509782
0.0013391068577825595
0.005258483360944971
-0.002936156583276704
-0.0026328023271868033
-0.0022949604946478743
-0.0016444785535415303
-0.0022689462537907696
-0.002270321895442145
-0.0022527693301463876
-0.0012829544660322746
-0.002375321039700955
-0.0002485138047883134
-0.001916998548298433
-0.0011265742593662552
-0.0004899752899055414
-8.323831205530046e-05
0.0021709443471582116
0.0012281598143775328
0.0021205541336847956
0.003035370812051989
0.003922338087511653
0.004633489964263632
0.004701283422028456
0.003785331720393417
0.0009105876232023266
-0.0029825919987245854
-0.00034128455062417513
0.009046550968927165
0.013610462423026437
-0.012895234955884776
-0.0029499703616207894
-0.023284398029306565
-0.017045383243746593
-0.005696341485258582
-0.0004579368475775424
0.0016013224851200915
0.0023745291368293215
0.0025523232775982022
0.002710893240990651
0.0015202169878198912
-0.00033346585910060025
-0.004924234946721284
-0.013236136901405836
-0.027823405404843703
-0.026514287615624275
-0.06605123248579207
-0.03780537009626137
-0.02736807368428643
-0.009749931013073046
0.0009953602727479007
-0.0003172766937013146
-0.041743924596331396
-0.019120028162576734
-0.020161476990995242
0.006492864942004343
0.009103873170092548
0.007037212217812033
0.0044960217902463755
0.006335275268244336
0.0012347513447455564
0.0003039761935298994
-0.0003236106029128468
-0.0008391850774438319
-0.0012452926739637755
-0.0014692113016264103
-0.000628600807282959
0.003436923535665232
0.01339391520694968
0.02283880135224431
0.008748434978984863
-0.0007353738596735037
-0.002619558568392254
-0.002709508624275261
-0.0026196953319956536
-0.002430945079213042
-0.002152538823682908
-0.0008732777520361823
-0.0021697842955904155
-0.0009492098056354939
-0.0008676529859503861
-0.0007578553113912048
-0.004310208334848186
-0.00017526501008078898
-0.004355669355063414
-0.037297779278291886
-0.013045919086625491
0.009446069291573586
-0.0017483777412993383
-0.003831925656007108
0.0004973991753527574
-0.00555877147390224
-0.0061512520732949095
0.009417589558159604
0.012539068007193585
0.027121160397955875
0.017002263567694874
-0.01169015712311862
-0.02130471386201241
-0.012308317832745419
-0.005795556978498529
-0.0025909573523375056
-0.0006977512717946665
-0.0010299667296849993
-0.0005314049899785276
-0.0028384895288604307
-0.001247318737024719
-0.0007791420482914527
-0.00030880911025252955
0.000589920655584702
-0.0009708353930138595
-0.021053845302804554
0.009754650995691883
-0.014470306396362747
0.0034643439104188652
0.002852182844063854
0.00023115588568976768
-0.0011222460903561838
-0.0023462796354724517
-0.0023038342707864196
0.0016470494805532582
0.01106336490334606
0.0005733005150742215
-0.003259362929272361
-0.0035050962334882965
-0.002345170733762913
-0.003405447673430742
-0.0007015552693427236
-0.0014511570082455622
0.0027521941874547183
0.010347022153617562
0.02246138023698415
0.010111777009455689
0.006846958880378213
0.005986249651799204
0.002338907865285721
-0.004878332309786285
-0.015962430370845312
-0.0038705106855012276
0.0018562185685419468
0.010179145017418742
-0.009156417015269966
-0.04796762167868638
-0.025678997469271894
-0.004860873385529414
0.004540450565998729
0.02119409117425313
-0.002884924710371195
-0.0016446605517843045
2.716743186383458e-06
-0.0018403381185501072
-0.0037017856935649177
-0.004277588377240817
-0.003946622297638832
-0.0033275120606584318
-0.0023081735948287255
-0.0019342281931336255
-0.0014733609693200359
0.004123320889887293
0.02281564517916085
-0.0031191310754848474
0.04703108334675933
0.017390994414369452
0.003662884618051032
-0.01017584986558432
-0.008254638177610372
-0.0046909575558793755
-0.002042609830554217
-0.002020087677254596
-0.0016899452464285516
-0.0019854079322565595
-0.0016164942474084234
-0.0025437394103703242
-0.002855021163629743
-0.0032075905397634837
-0.0037009287851650055
-0.004493680315413215
-0.005589598299636889
-0.005512271626570181
-0.0054554427119575585
-0.00514794062519824
-0.004771565026718882
-0.005796921638854928
-0.005994061031242099
-0.0069673048597952624
-0.0006020856779286052
-0.008033183478889564
-0.011075382959132822
0.005065877552685669
-0.010462343326975179
-0.007845199554967916
-0.007681400383774853
-0.006708177481985145
-0.007099640102317068
-0.00808904941618543
-0.008985144101838562
-0.010153431842800788
0.005667014120289768
-0.009459556912228674
-0.0045464205385497254
-0.00892547827081617
-0.010919548873253254
-0.008320773581430567
-0.010830580924275145
-0.004035902241800008
0.0036281927783871123
0.012097022492892606
0.01447938536427478
-0.006555072098747541
-0.06215553373616461
-0.06452339622889772
-0.08809355169665123
-0.061846659018926754
0.016309442037302804
-0.05543512168373152
0.008145301470315064
-0.00022534463673752755
0.0006378377822050625
-0.0085481373473979
-0.006310208193878424
-0.009921014119163876
-0.0083072248164023
-0.0024214110961178347
0.004334951950040042
0.012929618770258241
0.021024193089861323
0.016526961264734318
-0.0016037921651846602
-0.039379986936884756
-0.02994128492989661
0.012515742676372085
0.02209063590768465
0.015798809585170465
0.005171224809890643
-0.0002699297013195335
-0.0051964417705372065
-0.008516278065139616
-0.009849213228393395
0.015621958238957559
-0.013613206995810345
-0.00013380501457841752
0.0003802838280217037
0.0006268898502504301
-0.0017735483280874782
-0.0005829046263253752
0.0017554597390693587
0.004954050518473561
0.008711338255706857
0.01029963240631414
0.013204125249004444
0.006729640561839756
-0.004458622444909183
0.019833499396489707
0.02697563519302315
0.0015635791562350436
0.023193258710837137
-0.02093018095562565
-0.016388610001423057
0.0002626733960062543
0.008351224130555715
0.009530228626833231
0.006725776263406739
0.002854183985146376
0.003832459673561598
-0.007202165853546953
-0.006909954286168509
-0.007194503598648532
-0.007612010668327884
-0.008292828936977848
-0.009445142831263928
-0.009669463409716155
-0.00941420197287625
-0.007014200955950861
-0.009524087262318993
-0.00785327439075182
-0.0036583524794982034
-0.012098720040944238
0.028844213836414345
-0.00833514971178718
-0.008297964154298976
-0.007254038345089458
-0.010140061788273307
-0.010479280485593136
-0.0102271684635934
-0.008785535040022068
-0.007488588004223953
-0.0044268177300925676
-0.010448157818945623
-0.01558185010569433
-0.013781979101270844
-0.012665908056220651
-0.010273217016892693
-0.009055949006490102
-0.005649884957352408
-0.008271721695501355
0.004358838937596647
-0.007383702837337793
-0.003753836682104371
-0.006549374473340069
-0.005584350144308637
-0.006306762539149012
0.0045150237170271555
-0.007220492429181795
-0.0054507471599043525
-0.004273777557853022
-0.001569187338456644
-0.0021899810874631692
-0.001834394315709167
-0.0030909539167872898
-0.0011765081926202244
-0.0018747071848766858
-0.0018871728747035283
-0.0032818754404568906
-0.00454455366857208
0.009235231365035724
-0.004276855746067454
-0.001186715886428168
-0.004092344012828246
-0.0004475846213699345
-0.0020498118650947405
-0.002666700031986721
-0.00363994150053761
-0.004960791832800534
0.003268302767057889
0.0018595609489215695
-0.0015324626468833286
0.0010245434239121829
0.0028934834221469134
0.0010970731319395726
0.0036810538892315422
0.023500640652014158
-0.006539584410812539
-0.008173429107784232
-0.005259697523491669
0.00027603948240962093
0.005166973951049775
-0.002465088895489236
-0.0072540094787769335
-0.011122662610541663
-0.010425282197696195
0.0030355559259387325
0.039274425179900097
0.02025842733761404
0.015761951408900392
0.032317809989237445
-0.022852906768256263
-0.031407253954709564
-0.024484221200849567
-0.015148778583048483
-0.014966934011703941
-0.01863916263070378
-0.012094304352871017
-0.011135340064158963
-0.010425193235674033
-0.00876519511320664
-0.008623547612473541
-0.008316983499503095
-0.007892755602322738
-0.007258846793372481
-0.006644930720398736
-0.006030203457481527
-0.005534085541635528
-0.005471311697155345
-0.005585239043615907
0.02295503537455488
-0.0022072213036444044
-0.0015092048750330318
-0.00028083581522591916
0.0026794267193162003
0.003318376752320717
0.0034969091505666957
0.013889645878830398
-0.005001303926131955
0.01200086136805176
-0.00035504126869854785
0.0033501974051339035
0.040374278610248185
0.009257709520944422
0.006293065236802289
0.004302672054617789
0.0045498050300157
0.0012513809210516372
0.0007281767709647751
0.001793588111792037
-0.0002135104587784227
-0.0003654272343617244
-0.0005284836003003078
-0.001485213323283219
-0.0026491221846283485
0.014661238915412822
-0.002912777508966428
0.0002523741654849378
0.0019089621020846044
0.004265597356341466
-0.0002592914975392013
-0.006658110030439404
-0.020330188485044823
-0.03076742239443455
0.06911896209351419
-0.009524297491547925
-0.01002503619691381
-0.02915344863356565
-0.016083791917221202
-0.0062871394435266535
-0.0032901318569877503
-6.701397649737038e-05
-0.002409896307518607
-0.00406985285739349
-0.004976917708317269
-0.005677621851788548
-0.005831757306606792
-0.007348883318982078
-0.008902585757473812
-0.012624982102985132
0.08565778246643713
-0.013564452005708993
-0.010276460335908276
-0.00985390260007272
-0.009452493782898832
-0.01047658749088695
-0.009551703205889517
-0.011565586937025203
-0.011521239072417365
-0.010725135641306723
-0.017834210780298336
-0.00128270511299518
-0.0028983824796668185
-0.009356067410859911
-0.010976956694965652
-0.011773001496007924
-0.01105819287445219
-0.01147463735716247
-0.011130059068508375
-0.010806235236569216
-0.0104268742897496
-0.010339951700160506
-0.01054484795851791
-0.001757655010264693
-0.012632913797974895
-0.05971914694178963
-0.012410724317867812
-0.008340312164043505
-0.008795918875371908
-0.006562904522029771
-0.009854051506834707
0.01871979821383962
-0.009829838673332885
-0.01072112461135173
-0.012815892918757753
-0.006334862990628808
-0.008832699286359706
-0.004845494382679164
-0.0040470237149087054
-0.0023696225124106387
-0.009207667295688225
-0.025806625208354084
-0.06036674292862844
0.02786817239392177
-0.03523770129728776
-0.03961067410022979
-0.012248918082224041
-0.004373017474659487
-0.0031844623445227115
-0.004754446692033132
-0.03920985421809196
-0.003051324555506466
0.0008681158864714424
0.004523706749746927
0.010063457258816381
0.014652024677860032
0.020339058396654723
0.019851384385892457
0.009898831516886088
0.0008272222755248662
0.007296905538719194
0.003573408767875348
0.010244137258420516
0.019572369508186457
0.019714972286054025
0.012827609189645178
0.006338244352566594
0.0008200393404849073
0.00037142862739141246
-0.00043663425416810804
-0.0012000169530548767
-0.0016534432304447307
-0.0013734658224621463
-0.002942840935675385
-0.0050990188835737926
0.018833954143544003
-0.001617547890601748
-0.0035415501144698282
-0.0027523447385246064
-0.001247786021404624
-0.0020786997221713586
-0.0013270272056767787
0.0034061257017882034
-0.00266570244482874
-0.004629111068622129
-0.0005289393823967288
-0.0028648945249120043
0.00016336660897956078
0.002243732031789402
0.004751937559122858
0.006667407902618195
0.004998668555240349
-0.012992715110909409
0.002173658126909793
0.010695633809170636
0.007352860958177538
0.007772370850306587
-0.00522888982418559
0.010033746486956766
0.022403053111740522
0.02549563057630308
-0.0068860011331436655
-0.0026079326502504107
-0.0012629574347944874
-0.0007169633143746999
-0.0008380494332167805
-0.0009625023306606939
-0.001219866535437784
-0.0018619385417981602
-0.0031500778791994084
-0.00894279093928405
-0.0014243946147953432
0.0014136557569345962
0.0031801850109231394
0.004047237623669485
0.003508316311627512
0.0005283598007520177
-0.005216171699172263
-0.004119355348329023
0.006177493390338074
0.009345918836123429
-0.016882370032896506
-0.015116473822003753
-0.02500810413235311
-0.010677094056436947
-0.0016824158996802485
0.0017872322130804748
0.0026707234985810587
0.0028305111883982705
0.002510269820137841
0.001903611766041895
0.0014408488188003522
0.000909794924036867
0.0003503824679226078
-0.0004940196710966233
0.0043464693642426945
-0.0021834286724474313
-0.0010409825423970012
-0.0007331835776891727
-0.0009100620267111753
-0.0007209445461462975
-0.00013153878570758967
0.0004800568111933514
0.006007098692956093
0.0016772826240786189
-3.538380459754589e-05
-0.00122971582885166
-0.0016007877481939966
-0.0017910462984346088
-0.0008294502258879868
0.0038939502433688105
0.014900154090897177
0.015897628886368
0.004255835571048765
-0.001791534013728989
-0.0026192194156924066
-0.002800674351846264
-0.0030806479511601213
-0.003489991332742677
-0.004137861370420213
-0.0030282706957618258
-0.005074794568336963
-0.0039390912289331515
-0.004196457256977406
-0.0006010498205067698
0.0001390364289485036
-0.00012809069367812948
0.0003979352225124288
0.0005296211888472561
0.0011419013122195279
0.0020559070163043837
0.0032904725655384364
0.005295086252000741
0.00834794817067184
0.011283689200071795
0.0009543883403661405
-0.007662073563752735
-0.011945517206426578
-0.03453893234230578
-0.04318413421808191
-0.03639847297109851
-0.01700646439525525
-0.011568939196481807
-0.0029453003133730385
0.001199734997780827
0.004860614269209583
0.01389802701182482
-0.015324748459620926
0.028336127370029964
-0.007697772459939215
-0.001553286047638677
-0.012599249449435244
-0.009814598631466151
-0.005574457937902846
-0.0028441662085751922
-0.0017312670197711388
-0.0011929795260200915
-0.0010739466116603384
-0.001208907321118107
-0.0005974549775548314
-0.0016436538567724689
-0.0017741204272769362
-0.0022073678907052288
-0.00202806752037526
-0.0022316434300199135
-0.002424037873515694
-0.002336701549612407
-0.002692640109717357
-0.0027714770270389844
-0.0030306912624776
-0.003253534944250299
-0.0023380465776837328
-0.003327334412710291
-0.0031652718386510725
-0.00302494960867789
-0.002856464291400331
-0.002836377355532576
-0.002778238688458536
-0.002765530112279012
0.00042993980457621333
-0.002036210413157162
-0.0014173389745241326
-0.0008129977260175749
0.00034444299364614045
0.0008620255809419524
0.0018138142129926144
0.002914101769235005
0.003926816505711656
0.004452386192441261
0.0035962118715368216
-0.0004035699476992302
-0.009784886166024522
-0.023445863494201233
-0.028634363117705973
-0.0478590847559441
0.02067519008928618
-0.02987437836285881
-0.02297821114579915
-0.012455500004344883
-0.0017435009460310738
0.003657833420919162
0.005326910452265194
0.005092858482567965
0.004043534206619684
0.00400921023875788
0.0015822327197761406
0.0006420765968449634
-0.0002754898657622231
0.0003748133760768099
-0.0017330522617664574
-0.0023078160190203208
-0.0029340877131095603
-0.0033015458452709786
-0.0037813308474245817
-0.004206467081692718
-0.004751657018825818
-0.005337276895412527
-0.005657044985018372
-0.005968951965448682
-0.006319837225004137
-0.006519861636153257
-0.003269536901877453
-0.006245251738578005
-0.004229377318562333
-0.0040177130030081346
-0.004623929213776891
-0.003823916370935013
-0.0035037942491580733
-0.011947885414771112
-0.024014829123275797
-0.02226540784091788
0.00047289524540558846
0.016056838976131492
0.008411310454946815
0.010320448092878512
0.010368033645568459
0.0034124871261317553
-0.010622858903502693
-0.016280942381771524
0.014201054828233245
0.0011502518968306548
0.014554801065337226
-0.024207997943455933
-0.028021174871308598
0.0019167119098671035
-0.0018063251439115833
0.006229941419998594
0.009440393619596735
0.009258861618618415
0.006761366146743733
0.005339159136267157
0.004359958398784484
0.003810956964094409
0.0026311644331842056
0.004663658941602985
0.0021047692544550944
0.002271612304002112
0.015406590164964632
0.004223628841532751
0.005074880764910096
0.005842304078062929
0.006387235258391922
0.006916004699379486
0.007601346783230482
0.006748591261303441
0.004944828017656843
0.002299995843004092
-0.0018407200873937
-0.008336607020182133
-0.01748048785157168
-0.025570067001230355
-0.008492273404755548
0.02328118002825683
-0.005169900276531622
0.018097185432829368
-0.010046944123039065
-0.001579806909738502
-0.027368203204904174
-0.03876262870953542
-0.02345256831255419
-0.00865821842131792
-0.0013124087661939051
0.00567126278738691
0.010804263476745493
0.014649509810923257
0.016796421890200915
0.021808778134956314
0.022071406428777442
0.013391927118715303
-0.027015112650475674
0.07420503253831912
0.02405165871439855
-0.03444006583107291
-0.003203631093352164
0.008710181853734714
0.013912892281081292
0.01698574139698318
0.01463549490459684
0.011876982299868824
0.011195370719035024
0.008253483591572476
0.007892269438733555
0.00687508671600289
0.005543916987176633
0.0038734866564052286
0.015545180467698013
0.004641279961064707
0.004798077022709491
0.005185959281349389
0.0049625967351952256
0.004296075036779103
0.003363438804789377
0.01367380064391968
0.004047466405909451
0.005777118187461197
0.005872816020747754
0.00596139748652645
0.006611172392268548
0.007956190674236197
0.006007803081715034
0.006019603325293017
0.0062034714901673445
0.008029589975057986
0.005241097264747944
0.005238844493265435
0.005537232551583773
0.00648400407031985
0.005116857184728966
0.014258245989955934
0.001383378554925663
0.01884721519462732
0.0002723308089994484
0.00033851087035210054
-0.0012568034011507143
-0.0026947843707226657
-0.00237727349917922
-0.005402727710553512
0.0033410320855578736
-0.00843069439923198
-0.009895380053042423
-0.012028289044788983
-0.015065305592403256
-0.018888586251875086
-0.018057982288424517
0.013588889905655663
0.03215855656885877
0.01584607643644952
0.03744377635153314
-0.020196638723659666
-0.023623287225667217
-0.017159786829542174
-0.012757812489785664
-0.01026458158412913
-0.007627993778861162
-0.005510196013424104
0.0038095491842635664
-0.004786715493136007
-0.004545497633067586
0.0012580091342564046
0.011427246762928098
0.001570565637669437
0.003494476408003022
0.013838844667912926
-0.018121202623229103
-0.004467564942619403
0.011183590054405479
0.0073153447107481805
0.0040905024424978675
0.002722992462800033
0.0028673269569601183
0.014092173467849385
0.018738855690336263
0.023008906183339808
0.020415497723948576
0.009886990084820517
0.00982856129219295
0.002032890659052246
0.0035070908230365547
0.0015737890061940448
0.0007013061506530079
0.016633117550315907
0.0003281539473132062
0.001196754290808895
0.0024086577281440067
0.004578218117469573
0.0024159751139798693
0.0008920953712947249
0.0047538738198251865
0.0005777292288211291
0.0007380317389130795
0.0008287962201953462
0.0005395631116927124
-0.0006219646149383533
-0.003428108036385129
-0.006491653586447091
0.005401699514619696
0.03051729825617425
0.0019413125835979188
0.0005163236983146129
0.022030171406441777
-0.008016205619875748
-0.010225034530133629
-0.005396703102984533
-0.003383182485986305
-0.0018827244751554477
0.0020289830701532992
-0.0007394334005185707
-0.00045269982831059463
-0.000490341570224433
-0.00010544016560003712
0.0006610753778678508
0.001060024235838381
0.0032088678450959396
0.0027399734720355397
0.0031901635191178817
0.004213727678545354
0.004767339009661842
0.005472976370480136
0.006007430194299558
0.0073161149813349485
0.013990568257474072
-0.003358814182581427
0.06198818388126703
0.003777863702945604
0.0016851743821833338
0.0027588316779259305
0.004642718554980457
0.010073600732679272
0.016278723134171533
0.010610696807276105
0.017507251911505286
0.0031840162775169825
0.003764295121019402
0.0029998402860078963
0.007747071440150852
0.00332376774022908
0.003576151644927805
0.0025763456799822674
0.0071981997294683405
0.0021486050152227476
0.004047457112642809
0.0035967523430499152
0.005353111391181104
0.00332374680049926
0.004179145826877895
0.007826240545972163
0.010264806433841788
-0.009945228903969556
-0.0056101279348309135
0.011636760080930078
0.015033453708260439
0.004094579024224601
0.0008869924854531603
0.0016007988854040201
0.007309760535170728
0.01506755519110065
0.0070188109874879615
0.007651806040183784
0.008198741038829655
0.007925862050191619
0.007965988037579851
0.0075977182391683
0.00882083486015692
0.02734278136943859
0.0066907620152862855
0.01413357571229161
0.009996923352393909
0.008917856844432694
0.008028069565127966
-0.048322478336575526
0.007464338835149193
0.008257490446443437
0.008636758405735653
0.007807060440753824
0.007486179937743613
0.007135798673800307
0.006543934627282476
0.006944041466863055
0.006788479193506674
