-0.001172853348664332
0.022795602720047877
0.033235441738750086
0.016861606982980656
0.000979118122561778
0.009531401710877145
0.01858972038624658
-0.017836881232831538
-0.028613456008761178
-0.0045076734179246
0.0467915925760249
0.023527087218809372
-0.010558107688472493
-0.0369853722526806
-0.044098316181089205
-0.03435352220241185
-0.007945806057877279
0.02912009533482653
0.06736253713218952
0.08031921722710056
0.0317341150726118
-0.04139344852311297
-0.026360577647479302
-0.06515833508007368
-0.04528796921008471
0.0027902494621972946
0.020243002056975115
0.011326903221503001
-0.005982370921611529
-0.026894870725222484
-0.035350683633996495
-0.020892832805098877
-0.01572345694653095
-0.007439185703948865
0.0018664143079066744
0.011020421298442504
-0.0027809700689342748
0.02613996507843547
0.03022042800282692
0.03208561062924103
0.031175499922875216
0.02768074296380833
0.021769414549994627
0.013249630956398098
0.0035380402264789117
-0.009178876728653937
-0.021144736192855007
-0.030655419004399397
-0.03294117009692252
-0.019285021282261165
0.005205309079912479
-0.01792302378427506
-0.007491674715580371
0.0434441882584009
0.04466423666423313
-0.022320385388197146
-0.05382710673191178
0.01451616260308778
-0.051827924681704704
-0.009626401742629022
-0.04521442553689528
-0.0034496675100592314
-0.041638605649491636
-0.011139267641927315
0.015108914257524747
0.003675495101384606
-0.003302647252369182
-0.014131908408489048
-0.013908161977489114
-0.028605766756189355
-0.041492552276142736
-0.04425088660988228
-0.040558098866269786
-0.03342314893218258
-0.02475779241075085
-0.015717907742954305
-0.0022929398186374178
0.010068871500584105
0.023547120253616254
0.04027203395760801
0.09183430931729973
0.08977750462185016
0.0458779249969698
0.019933164190011204
0.008651115081872168
0.0029142731345762414
-0.0003874292697363002
-0.0012612412949385826
-0.002904020032533162
-0.009581719219022884
-0.016356326855991286
-0.019150466515715642
-0.02103570584789608
-0.02114103393171028
-0.06247557920081007
-0.021270572100646402
-0.011182611598403011
-0.018921665166413085
-0.022845030117619902
-0.020723255015267027
-0.016714713414431676
-0.007976507453774035
0.007933335625146714
-0.005198296031849823
-0.0032646794936104823
0.001037956480790913
0.00443924967915895
0.007801346391620031
0.009533468361205513
0.013359720469219785
0.01707792010817355
0.007206482768272413
-0.003584655570094443
-0.017549479675994403
-0.028160664434460907
-0.046848280963240986
0.013171433548610108
0.05671017520701909
-0.006539268825418248
0.07144654212684767
0.07860497888658367
0.09715458662848461
0.015527592673731189
-0.019832231272164887
-0.07161746066469538
0.00022434145194305627
-0.0005212045163772848
-0.0018115902249255782
0.0029974460502659164
0.0032043173322137963
0.0020483545635000488
-0.0032978300414620142
0.0011963483860627198
-0.0006696658394695577
-0.0018611595730704607
-0.0013263804481076218
-0.0016051510792085453
0.0034511745317930857
-0.012696172442260083
-0.013713206845238787
-0.007649439229955638
-0.002509616569844528
0.059348221837816975
-0.013330102865512387
-0.027023890450012616
0.026501124144050595
-0.00041043244617898483
0.0009505130651480078
0.003258372125022075
0.010547933820681851
0.010821796881177579
0.031268922502790966
0.0024212066129482967
0.0028515624351229027
0.02996985055623941
0.002621778934828076
0.00032666956130559524
0.0018140431355244712
0.0012952822201469313
0.0001994538729124907
-0.0008859603091802574
-0.002817189575537049
-0.0047570341634349785
-0.007617239814584046
-0.011256282368983348
0.03660696901419209
-0.005453463956084304
-0.01823076668201665
-0.017553732974369924
-0.018028680748023083
-0.016060412180887235
-0.01638719695366753
-0.015033409272505101
-0.013856727889303967
-0.0112575429466802
-0.014185120305331343
-0.0008305308088920522
0.008647155977294763
0.017505859976646814
0.022552666182201263
0.020974047598279477
0.03276822105333081
0.02938833950347756
0.0055697999103581485
-0.008073482536036384
0.03499845013190462
0.02542910806691034
0.016514146140080847
0.010391180097555118
0.003653904560326825
-0.003684884136175885
-0.010907190718951118
-0.01722460218056128
-0.02724267772143813
-0.032230355608550205
-0.04532090157883567
-0.04260136561427622
-0.02844543159726911
-0.02539279276928659
-0.026543013482220122
-0.023105929508403678
0.027517164462285307
-0.02020142309574117
-0.04610642838914635
-0.03479226397412548
-0.011477001370432786
-0.0122595952349505
-0.005407361157424547
-0.004955073823600658
-0.001896589148701891
-0.0006645472570107464
0.00533822838351707
0.006595865023933139
0.008175797572249684
0.008600848284596471
0.0337574445307162
0.012938075992211277
0.013837787927964003
0.013709764747988403
0.016056034661099748
0.016610678324697137
0.017206051919861926
0.017204272968329472
0.01605273048177404
0.012319563220610676
-0.00016977912842946525
0.03462205058522795
0.00662269688522012
0.01165761980218918
0.012361886476490912
0.012034994560692748
0.01728333884510094
0.006474887263137967
0.0029577151737893706
0.20798712944905484
0.0004893982672071453
0.011669825075234033
0.04539226937651505
-0.001443376833422709
0.00819098028457247
0.02848190829162878
-0.02160473744148574
-0.019335306426398167
-0.0017773417599014978
0.008444685230453724
0.0038509408685595075
0.004351221400394891
0.001566038625872086
0.01668410849625593
-0.0007701399167700261
-0.1672502791327272
0.04226973029131316
0.008809112660173774
0.003909503061619938
0.0023918028946601907
-0.010277387411485147
0.002730447107610124
0.004118110307020973
-0.00027837786917026295
0.010934152646211172
0.004219148131460135
0.0037681621193008884
0.0011496264762992797
-0.0056624525830646045
-0.012454343751629396
0.01313859812805963
-0.020365812410767695
-0.004241417148966667
-0.003038324079596104
6.620889591297024e-05
0.0011690626216443044
-0.0023389306503264432
-0.003522424778307742
-0.019132341350485502
-0.006340768377663575
-0.0070140889929609825
0.01726872003012286
0.015773600430718432
-0.00498947791504612
-0.005360999624595919
-0.008518078727279518
-0.005349828981626915
-0.004537771258679953
-0.009896163555052193
-0.007368698771360611
-0.01106904909274566
0.012125214188859056
-0.014412371393529234
-0.01268535859802183
-0.08571260276058969
-0.011121549888075968
-0.002381690031900811
-0.009439764775912974
0.002588577488182279
-0.01028742838670507
-0.007721091437466263
-0.00803052882626412
-0.01333380754939369
-0.011138930613340177
-0.0153273452275869
-0.019113712594963007
-0.007814010054305275
0.014341855147756861
0.0001430492771678147
-0.013459800800551688
0.0019815681330325936
-0.005510443085731845
-0.002876587021861319
-0.0010203807266622696
-6.415157378161443e-05
0.0009931352796124914
0.002397402595694644
0.007957758251544447
0.01087545815413948
0.012017731196036026
0.016601141564818067
0.004131027132366006
0.02374466660638332
0.044129828506969386
0.043259778905668525
-0.01938929320872638
0.06962196830166427
0.04768691453668783
0.06341047883143706
0.07553428658770606
-0.007186216544307287
0.05230176525462901
0.04053200741725194
0.035475348477919
0.036959792870673434
0.03208833706537597
0.025427442803794695
0.011573110893083776
0.00016495043438354554
0.007151643112685878
-0.001565740210689275
0.001289549663697284
0.0002428013297766719
-0.0024946745196113215
-0.004873641203645201
-0.006480999804895762
-0.008589128284276234
-0.011014195773647385
-0.024207391842742468
-0.017043801665289265
-0.008040369322749742
-0.01580952153440825
-0.0161275914211952
-0.016132002412226457
-0.017601686735206852
-0.02188404549681639
-0.026317471379617676
-0.02650030688409782
-0.039266077244361514
-0.021966470448074996
0.03137916824482876
-0.01892111584865086
-0.021135881142240884
-0.03396038000730262
-0.013519526720598562
-0.021072572269931922
-0.00928934547282757
-0.008136181126230694
-0.005368117496731828
-0.009033408809379216
-0.006443831667776341
-0.021669731613992032
-0.07192596448406544
-0.08166420013482353
-0.07939002322493977
-0.0552082741986417
0.037086261604610586
0.033468512385460523
0.034214649067562386
0.032864934395136554
0.0225122194896435
0.030614241904318846
0.04043542615263654
0.0569241981766454
0.054373961252352006
0.003328249877820304
0.020555253378475562
0.06577053948413028
0.04262897554247276
0.028015205410581893
0.020608574404331344
0.0152517868153636
0.0034084524795868613
0.009677117725413837
0.011431422546204113
0.008679144442712595
0.0018627605628504544
0.004020064099436617
-0.008703967677687012
0.0027077765128684693
-0.002483071692157067
-0.002559220389711245
-0.003810782919516178
-0.0019256017047139169
-0.004755966156401467
-0.0017376124329740023
-0.032271205590200656
-0.00881650575859667
-0.022059147992467155
-0.011749907896030361
-0.004709062142447293
-0.0034300855121841907
-0.0033444044265334245
-0.013730954202530636
-0.003968214045267795
-0.0014787623581249913
-0.0015975254902328958
-0.002034741868073276
0.03261618864593919
0.0022245325812933108
0.0002305479280073537
-0.0024170282885891247
-0.005399595698289431
-0.009118064584100007
-0.012989059425942202
-0.011236347052709287
0.0027109818504219177
0.03389119722922316
0.06233653548450286
-0.06708528731705478
-0.04011869782721821
0.015442059045506015
0.06457751298754989
0.022582644121081488
0.024398285007504007
0.026361366356769233
0.03671591169288091
0.050075940854678924
0.06251731068465864
0.0701146846536431
0.07067232502952714
0.059296938678677705
0.04690457173578452
0.043799060858305754
0.06569020149909596
0.061514357420592435
-0.0013039898062582962
0.012562141531748693
0.04705507694809753
0.015453197991891512
0.0036480063074828466
0.012240538375525667
0.027390336140495252
0.007793619674769847
0.025486642386859906
0.013065565743162191
0.0004064781373569327
0.0016971307442500247
0.01228098577866456
0.018760362927555948
0.022434905328333987
0.025148580619466662
0.014883231566516532
0.018900889382806377
0.024262951222485757
0.022750925034544806
0.019163081547964648
0.010729961627379467
-0.00427751029420106
0.006458384221804666
0.013906169293125128
0.017131441227369655
0.007795405811598868
0.044096530724048295
-0.0078047139576871444
0.013955815862566615
-0.029370405669537972
0.002704113596487167
-0.01783250939999639
0.043733896250638386
0.002721622116903021
-0.009455496323040978
0.0032719378070730372
0.017300991501623227
0.025815767234364014
0.02390202047788314
0.01500141765293996
0.02283111795043076
0.028891446768191557
0.016999943364102224
-0.010595010223824438
-0.02441786022879687
0.13355633328696911
0.11337533851421565
-0.006139241387567859
0.009790991548400123
0.015520473115325579
0.02359854570311843
0.01974546568516266
0.014617712385106363
0.009166120402648324
-0.00951326370150893
-0.01040964782477693
-0.0017076029514655432
-0.011264060912241837
-0.004001588080405705
-0.005184456593921305
-0.009600405733688496
-0.005882782235259717
0.0010176360611091804
-0.007501360244780663
-0.005997406579662624
-0.007387929942124113
-0.02489071612342775
-0.02627607650243934
-0.0105374219897646
-0.005023433147479335
-0.006806141691686635
-0.00653381552658696
-0.0064790861501152755
-0.01520555989909798
-0.006399984808788751
-0.010792238438171306
-0.008472896356501782
-0.006306498882787928
-0.024724892297910285
-0.006780476414865804
-0.011727646798932383
-0.014586058312059526
-0.00619389530097591
-0.002981285160286334
-0.002590584411315875
-0.0034148875928194547
-0.0026051661910519637
-0.001636888900870066
-0.0017668390267687043
-0.0014392304911638742
-0.00031129273403634236
-0.00015951080696876942
-0.0015618385815910222
-0.0001872122668006275
-0.0018940275313156292
0.00031044602659838807
0.00022815658932626533
-0.0007859557746467779
-0.0004859300236428585
-0.00027282055714369154
-0.0005401457619029338
-0.0010443503581727927
-0.0017205843241440643
-0.0031153212773999952
-0.0015032742773662296
-0.00724758510631828
-0.0154601560615502
-0.007701108506250186
-0.011739502289492448
-0.01748733602385034
-0.022399284253789814
-0.02680481499487682
-0.028883829168110012
-0.026438995061191194
-0.046237523957193015
0.09812877322516197
-0.04664645440554497
-0.02781182724127313
-0.02648538536637483
-0.016120357072445975
-0.005346869888213294
0.002275457807323972
0.007051114055689742
0.0098458936499201
0.010407611884841501
0.010955716925650871
0.012675745275575393
0.012869501571225638
0.011251760176039353
-0.02440087827500263
0.012159461360703588
0.010496124272449536
0.011217229010861956
0.01111628175898899
0.010007146758140425
0.009155160648261733
0.00937008429427168
0.009543609943721389
0.009149631398506107
0.008402178494649014
0.000940582264271284
0.005980496711990454
0.006468151889042936
0.00687110223462406
0.0064579684222379466
0.006030573151883351
0.005608356764157691
0.004567693219198716
0.00366593143024191
-0.005992807490693181
0.0026250766675628106
0.00099691078851823
0.002409296033529176
-0.005076073645955081
0.0015669899883425365
0.0022452654868954556
0.0031383876579119206
0.0028365855364818355
-0.017146123195730834
0.00307094187247257
0.0009000474766047992
-0.0009134011470556712
0.0014190601706606664
0.0026266981452533204
0.0032007195294366537
0.0034870992635488473
0.0022137238521580094
0.0032925207015720545
-0.014021095612969848
-0.007379931625100402
0.007351066443724608
0.012194488662495404
0.013062742266205898
0.007438769770727114
0.004749886565176408
-0.008957505537052882
-0.028164680134053724
-0.023673440482538673
-0.00932277040473336
-0.050652562624611486
-0.005301960122774652
-0.031430578606670104
-0.020984868771428616
0.0023533298891885014
0.013345314026859815
0.014666157255130492
0.010659938846932874
0.016111300109300144
0.015816701286930766
0.013339297775183697
-0.0038219235160507183
0.006342577305562057
-0.0002661487197386351
0.0005401993562118437
0.004730490573300912
0.003773536879660063
0.0005945162075252714
-0.01586475605498975
-0.00986911275705866
-0.00119004488923175
-0.013503685694586862
-0.005218132263217553
-0.003694606741365031
-0.01894654819895388
-0.0008860655153954499
-0.0027295050750504655
-0.02150011509392685
0.0015728412579980413
0.00177271780848439
-0.011311964089987761
-0.009961278234037594
-0.0018275553813350794
-0.016723000979687278
0.08215592384933619
0.04684599290961751
-0.02569514154566762
-0.00807025983105634
-0.008876676796135817
-0.008489285102756086
0.0024724978499871962
0.011092536423692212
0.014348655511097428
0.01156204483274691
0.0033232380433130585
-0.013160657159751895
-0.005576745780935459
-0.000492389319331758
-0.0026323543111156354
-0.02874136835817181
-0.00913363898731668
-0.023086424298258384
-0.012299633580740219
-0.0166071968203659
-0.004282284970533387
-0.00785516147774331
-0.010404671233577825
-0.009434606092626925
-0.006521739092535935
-0.004335825578090646
-0.0038760649118199635
-0.004081022246495147
-0.005302235324584302
-0.01092348900502982
-0.004482824658048095
-0.00402725562638661
-0.003705947164791685
-0.0036444404835103863
-0.00390645856319793
-0.004981572237818908
-0.008211028921058008
-0.019572606269652695
-0.017494017237874773
-0.014133210766067241
-0.016386874467520837
-0.012026793271176204
-0.003904100420010684
-0.0027545726428745117
-0.0034847726981025364
-0.00458652749861467
-0.028765815465689595
-0.005367953618572687
-0.007943016103154047
-0.000665399371795643
0.0016902061383235497
0.003055153622323443
0.004548551748223021
0.002539538869981291
0.00791199292414223
0.010080813477710313
0.01406008026247107
0.016446615387251087
0.009410466016164255
-0.04023915347585643
-0.032504462651686925
-0.07780253824352949
-0.018247599795798087
0.010758842652450558
0.01561841504439811
0.003902177631111855
0.011409037480342082
0.009205568763189103
-0.00046892901981309494
0.004150220142490552
0.006342765796581108
0.00577234927710429
0.003987419716326419
0.0028229173653581546
0.005076462660204217
0.0017265775111984633
0.0002988093365294098
0.003799306001862852
0.004878155873102396
0.0030335665771749195
-0.004600944479859274
0.003907918321184825
0.003525444200642022
0.0029483018530980214
0.0020462460013517094
-0.0007677919831037257
-0.0006827525841233164
-0.001669401183740465
-0.003226301726386732
-0.004459325992399715
-0.013366885966030485
-0.014773061474960606
-0.020065307052917276
-0.025837538793407756
-0.029054098869831794
-0.025560891104506683
-0.04310399812778265
0.07287513978331672
-0.049990607123000234
-0.02918105799103969
-0.027417876030016424
-0.014166504097079608
-0.0013309221005767496
0.008310429627799066
0.014242824769415076
0.01776613582885477
0.020209962575964076
0.021959276854525433
0.02355305136969672
0.025183464398839023
0.026520351378793664
0.02802434231941881
0.03364341948395544
0.03941766834115907
0.047056378856244585
0.054461426471114203
0.05337859682038518
0.018129124541679698
-0.012372132586195805
0.10457035527196608
-0.010879949453829686
0.030581399185743322
0.05182902914866594
0.054307971298129
0.04929188746732145
0.040497509923000725
0.03832271929419357
0.0286540977298826
0.025529248689563834
0.022697966158263822
0.013962781466742798
0.019046929648621223
0.0191113561855531
0.017485475869207637
0.015660403178069382
0.013977313927765295
0.009296079012802645
0.008407894735475433
-0.00393354461953426
0.00798862311065614
0.008373550874056975
0.007789902019093473
0.0071061820018554645
0.0059968921954901
0.001471398607351494
0.005179192047159491
0.004596486488357777
0.0019601633540565614
0.0017498540896054582
0.0019917973098010433
0.001653466572058909
-0.00018178161739892552
-0.00685168564737553
-0.012738254909051411
0.0002993638193269415
-0.00037745222237244497
-0.006393691373905304
-0.002526512488505168
-0.01619119595305453
0.004059201621511522
0.0006826428793268432
0.0018201405875813597
0.0022571235769013333
0.001375867081878881
0.0008534602505849997
-0.004969347264437539
0.003543878353409942
0.004472365068702166
0.005041820518193088
0.005108086745023141
0.0011774273024894339
-0.008929038230354657
-0.003775121554516573
0.01209350683589895
0.01115441727940322
0.009732341798895695
0.06575192559090767
-0.0038006729432630186
-0.01974486392777033
-0.1663668291566216
-0.031145767088573504
-0.025400922507128547
0.011590963135033253
0.013210800545675822
0.010471159028542721
0.004226881574255664
0.04120271327747195
0.028685574384894465
0.07678214320998682
-0.0015893658977621176
0.0045057145179288076
0.00592309616162135
0.00695067066244349
0.0049046964029253156
-0.01367700576596466
0.002991827536488776
0.00807156223628665
0.008217782219874415
0.00815664115035391
0.01042424563989786
0.011719957677633541
0.011816287168975924
0.00585155999120687
0.04000554167059066
0.001457287568466002
0.01370109046567821
-0.006337602163381449
-0.00574725175798648
0.0054442649120314355
0.015253848781366272
0.015735172275342435
0.0009484902682570008
0.012301629666641823
0.011000042600387819
0.006256159987259689
0.008415758801228619
0.008154679349640414
0.007651868210148327
0.0072221110555329105
0.006095777126325556
0.006186059675899794
0.0056622564908661525
0.005241926715800617
0.005131320062080505
0.004842447780259781
0.005042262673162268
0.0039380818365013035
0.00228642621743954
0.03002998046844976
0.0018041890840856
0.004316510771253286
0.001067981853216879
-0.005876252182684684
-0.013892981755490127
0.004642248872214189
0.0087214324501842
0.010859929682110348
0.013762524636361977
-0.00880819010775862
-0.030293352407177232
0.0034846069217811747
0.006648816975074324
0.013647242203765684
0.015581200826248205
0.023819328886643874
0.021482376839803113
0.012993577175288264
0.02226456678363899
0.02342962606457132
0.012345190382963401
0.011220904616689625
0.03275734925782978
0.021755518525815414
-0.006704637998070066
0.00739504006504032
0.015026754340701255
0.011072899690223502
-0.0004353293197388889
-0.0087066791204457
-0.004696090300602833
0.010163680430225915
-0.04737695152192539
-0.008020242966448524
0.004898440056766384
-0.016115315444154593
-0.0076234632282495135
0.0021460066961462706
0.0061937877173234195
0.011819079352526385
0.012384156810696776
-0.002188605643533455
0.0057496716753488875
0.008128318600863714
0.007872345400979463
0.008857366126044153
0.007898295741010437
0.006660661615392187
0.0031454988679361163
-0.020346563916781055
-0.0005289108271674121
0.002782371323528063
0.0014895024090257239
0.000433233011509393
0.0021589229953278637
0.0019124894029820063
0.0008882731924036099
0.00117224377660111
0.0008450923357443903
0.00037093189876359763
0.000536246453427948
-0.003633622287502322
0.0005890686162425388
0.00026137634755105755
-0.0016725964201697557
-0.018483148724611227
-0.002266854829011026
-0.009669751446405488
0.0005991554546937676
0.001676370224245155
0.0007195750673178482
0.0004438969490261891
-0.005719777016455844
0.0030939950465327082
-0.0020961238244468165
-0.000432165027991752
0.0063168502824625505
0.008211050912483846
0.008675558218892
0.009004197609173
0.0080492373108068
0.004490430223213902
-0.0033192561687467458
-0.01725484697583407
-0.02866213319278349
-0.008170408470093359
-0.06683944084328004
-0.012898420045556958
-0.012749419201390933
-0.03908759275948043
-0.01040802521297908
-0.0014492080581398783
0.00235921827173026
0.0034491775793154176
0.003792019540713529
0.0030906081141482077
0.0004900818899244253
0.00030155843624408
-0.002601252821195252
-0.00831791997365692
-0.012718426340955347
-0.015152722299683456
-0.011453062566409766
-0.036479744923687246
0.07533139684183306
-0.030328800648145842
-0.011925940770193126
-0.015726867988018128
-0.012313585773753506
-0.006890409905203309
-0.005553282603975492
-0.00793189023638101
0.001021414289558044
0.0018002627195447378
0.0012171114511596868
0.00041702210251208597
0.0008888508543301854
0.0007024431813610375
-0.0001958676021776707
-0.003275646574014158
3.5057300668482035e-05
-0.0006395968655010216
-0.0016565837109008086
-0.0017106901383715021
-0.00420497592416353
-0.011709992263420338
-0.007752815022790174
-0.003193513225278187
-0.0036613119876048885
-0.005028294947051839
-0.025936178724651884
-0.006066739864346871
-0.003629088947034074
-0.004147072811824029
-0.010933487730362415
-0.011327675875747654
-0.015579076980921997
-0.007577263092667049
-0.009101145615158858
-0.010724687650024453
-0.011358362248310702
-0.013194658820174902
-0.021587734145980086
-0.033096947808912765
-0.029584168703493226
0.04257724837357352
-0.013560976189981854
-0.006504511069822397
-0.0030778171879962436
-0.004886886795071743
-0.002457303010678553
-0.0022072063779673985
-0.0066054449366994995
-0.004418821111196292
-0.0018921874024327913
-0.0011423462470443147
-0.0011517212416592155
-0.0010204134684166312
-0.001544048772314853
-0.04845766616778461
-0.004914366448327618
-0.012071288485712008
-0.003025875738875792
-0.0012014139024001326
0.00024153470959890552
0.0005201889515341015
-0.002110381565126988
0.0013391802558943909
0.0016726677634235488
0.002235011941252288
0.0033297192093682975
0.004535488799152697
0.0060890099519527955
0.0066669087005620355
0.008507641116672515
0.0010112565618282023
-0.02315060569946345
0.01854891748511418
-0.041639839618146934
0.008302948203322365
0.01030086478008503
0.007269905725409681
0.004851257595171504
0.0031785324959645233
0.0019416166228445736
-0.0007776885060207957
-0.007826512781600905
-0.000499596720102747
4.7005832448325504e-05
-0.00016858430084560878
-0.000584546738016141
-0.0005170739973163994
-0.0007148141249697713
-0.0009752349388841906
-0.0016452019177721395
-0.0014354077688326762
-0.003667698145802157
-0.0021048773390501046
-0.001958901785094071
-0.0022278499838774843
-0.0025285932571069533
-0.003926575686590387
-0.0032584198357870427
-0.003683805725978658
-0.0042946001671845735
-0.004970232790954818
-0.005885691303060659
-0.007082827433798424
-0.008444098514471053
-0.009403263099957334
-0.007435686460190532
0.0010273465575185942
0.004141153317746816
-0.018752333411501156
-0.03345860085281019
0.007477503488949929
-0.0011476527877156003
-0.003085983543131151
-0.00021949421113230273
0.004421014454401483
0.006088597955655825
0.00706444426397835
0.007954008392079888
0.008286148495987761
0.010529776279975919
0.012809240019454488
0.01726408013757484
0.026233347297400567
0.026091964843366226
-0.004671459695873278
-0.023166515212334454
0.0287484686906132
0.02445981767863881
0.022863225099204264
0.023471764460690766
0.022138676303086222
-0.020759413708364184
-0.02337107104337941
0.004233901647395794
0.020571048274070275
0.018274160019542556
0.014765461385854065
0.011935337253224203
0.006588006780337536
0.008255333788560961
0.007535326554118581
0.00674558990846084
0.006033173968720625
0.005333810226810412
0.004693721099126951
0.00492937047301216
0.01100754079553975
0.01169901087661238
-0.010041950473396098
0.015375410177039115
0.005352546262408698
0.0036559755294695373
0.0038559237844565004
0.003976671559869339
0.0037664546110102426
0.0030228549352688864
0.001222200286397866
0.006608898357159523
0.007901522180824528
0.006567750991392302
0.005940052937142946
0.014409623577121122
0.03117045943637475
0.03166520799028546
-0.05074068009418801
0.011006348798290926
0.031202898523380866
0.0034106317749213093
-0.007005647632418792
-0.0033040664938988823
-0.011515830933364526
-0.015672514369946534
0.0024981182923893355
-0.011327339350836834
0.011210955350720572
-0.004604788140776365
-0.004973532330404909
-0.015348439247207569
-0.010365748936717115
-0.002921553224470085
0.0013855757136633812
0.003940017118498463
0.005210586538549966
0.010204295218025995
0.013370459480576006
0.007572143761354615
0.010031664940134325
0.01246908304280375
0.014934987417752085
0.016613079346160547
-0.003395105510859864
-0.0016332983109650786
0.005483548703133278
0.019972942823140244
0.018557964231390896
0.014829794375958239
0.012782883433301863
0.011614044939503224
0.012320966059753595
0.017797227159290725
0.005361715649904853
0.014719365444019847
0.011394573889796967
0.004522866183089257
0.004792643007066494
0.004591322591489932
0.0014612414083499418
0.0016524859761817222
0.003262094742819068
0.002362324370978423
-0.013757158823168327
-0.005869136250421914
-0.013419771526469953
-0.02027143996710672
-0.02639460740214065
-0.030906478939088277
-0.024090349627625667
0.0116925756095544
-0.006437572320455987
-0.026778004998765283
0.01797388477041092
-0.02383210375550116
-0.028863617956678033
-0.0202538530661617
-0.013568171585053506
-0.013802102116240222
0.003687964440173906
0.007191986781171417
0.008699697421357885
0.011867644473592091
0.011722103545138262
0.011639342654994061
0.008882693690558986
0.0070156280084047624
0.0039472451888492525
-0.0005179074672598987
-0.004960216785677287
-0.00479012767107889
0.0022923504443662914
-0.030907099202997442
0.009182574234976395
-0.0130207219798125
-0.004692424322453746
-0.007709242991209571
-0.002044631460301432
0.003891898074286778
0.0075881498721840765
0.01000619591235951
0.011066062107952735
0.011543503604601227
0.011428335665958918
0.011464185030674916
0.01119519127245244
0.010847413141144634
0.01046647055024644
0.009896607253580804
0.007376107997647129
0.00632461039260596
0.008609212939517144
0.008363151943240641
0.00698411205462133
0.007337558172081668
0.007433371310165355
0.006614139537774712
0.0016928580922244427
0.00586141185669603
0.004215103253937777
-0.011081787678887168
0.004844784518167007
0.005563576469216211
0.005829598506432865
0.00442303145897212
0.005860424918235015
0.006122707051442985
0.0061802819476477295
0.005363727705867037
-0.003189067731540705
0.007966820350112562
-8.163883099866611e-05
0.00974933935177269
0.009997267243404134
0.0030193664843583155
0.00893048231685276
0.014110368295579412
0.015672866546025083
0.01505526403435018
0.009678373485856217
0.000690859457175583
0.00714251885175249
-0.025578836455222582
0.01584245990069534
-0.009997260598822747
-0.009965516412583947
-0.00809041890387421
0.022197990036687362
0.02240698567543267
0.020720037210774252
0.021065498989399564
0.01592196785996135
0.018212386870870588
0.020507054941556493
0.02297300335637529
0.019334156948682093
0.004737279942023456
-0.010614826632309499
-0.044336719676171164
-0.035017906831582304
0.013395960692143207
0.020413934801570423
-0.03522561958252962
-0.029690336175723673
-0.01064243929179845
0.004170472532289813
0.013073385890784337
0.01650114917551077
0.01703894044940739
0.013624618992550753
-0.009864916894989098
0.007282453710511033
0.030921271444382135
0.00441926938225346
0.009163380231328361
0.01723247638674679
0.01833397081411342
0.017023911011967582
0.014181545449352493
0.009883724116890294
0.003980381761947412
-0.007013149370859443
-0.01684191950598674
-0.02540646828918389
-0.02404008306170727
0.03860041967428102
-0.03735829959309457
0.034248554704127854
-0.012788306701601667
-0.026272688091614465
-0.012379550712362243
0.0012841254252640107
0.01050168614185706
0.015873729018712545
0.01725475627256458
0.009073244746078804
0.015159220337903529
0.019842328848119043
0.018374789814074408
0.01788647091309893
0.016126216644247786
0.01506827455001736
0.014087325174340713
0.013381427263455285
0.015640839658871687
0.014632879958968177
0.008594457642415924
0.001611725169965134
0.013566948640416271
0.0004659236351028387
-0.002980997339325943
0.003197008063334446
0.007145912827023336
0.008682647274396148
0.008894111327949724
0.009204372986084635
0.010683048473612051
0.011417904164826041
0.004054270362003588
0.011031256491903629
0.0015223785864305675
-0.0013436758627716646
0.007409408026455011
0.008355506739909245
0.008575565280683532
0.00788589478488255
0.008964981351641322
0.004281088858371975
0.009155551245358804
0.008884362734419553
0.010061046843984227
0.010231863975993355
0.009722207388316662
-0.00026183613743965725
0.008198669523378948
0.010762652097608807
0.011125534742293976
0.010881324069057615
0.011250133040983193
0.01120910018776609
0.011216009686673934
0.008868556759475541
0.009507666560076051
0.009818270543581187
0.009368686632953847
0.006449510487766351
-0.002625921967293387
0.008734354019147126
0.010906890376653112
0.00966524957438908
0.009503047472195918
0.007582063981035647
0.0063396364193768154
0.005268825371160409
0.0022904540243970655
-0.0033106940309646903
0.0010562117719236687
0.0005601394190483628
-0.0017339385241932981
-0.005583978367920458
-0.0059557817299126705
-0.010337204044159021
-0.021256925762119565
-0.012113235989638154
-0.007012783620427785
-0.005764976437083747
-0.0018598896585685948
-0.007723549009999342
-0.007480466461526555
-0.01413584811189752
-0.024075478500284814
-0.01916124105317442
-0.006714885700690224
0.02308657756204874
5.65668476175594e-05
-0.019643931540963888
0.01998119042014724
-0.00928770792612586
-0.013057756576517926
-0.00590630616809139
-0.0012586129242886522
0.003482201260899373
-0.0006125457987880415
0.00676354249171182
0.007395806146133409
0.008091551643270618
0.009449823525550034
0.008707781577961453
0.009148168096635108
0.010362274190290092
0.011172204778073269
0.011792627606770596
0.012327390146866825
0.012805115401744232
0.012442807800949739
0.012909837370634902
0.002943277813528193
0.013202673286335431
0.014111924751236755
0.014185224122102703
0.008342211719935582
0.0024820948021327975
-0.008963511555859853
-0.01167970809251751
0.05308762907106162
0.022899111190783392
0.02463977693301039
-0.013445443074538684
-0.01163804768307862
0.006032103683044718
0.014291841070772741
0.014914206487818552
0.0153868545027026
0.015666885881647226
0.01577168443717969
0.01637657054650519
0.016581157962121017
0.01660059306260938
0.016627336969505874
0.016643245146272446
0.015656170843153065
0.01878706375357561
0.018218390407101853
0.02106311958576635
0.023542183968238775
0.026138544047757208
0.028891023979672435
0.027937590451522245
0.01349295751892722
-0.03388281260382642
-0.051511238243597324
-0.03230469836088514
-0.07113484235611679
-0.01648768847805797
0.01382720565994226
0.01982079302463497
0.017455296628509902
0.014542359726576899
0.011293123677910634
0.00611092117345853
0.0034417782920768514
0.0010479402248567144
-0.001257962411053832
-0.003079357501777832
-0.005146252241410679
-0.008239215101444184
0.008547164585225772
-0.010728785147559804
-0.01031718429239523
-0.010722568280841286
-0.011577337994526808
-0.01200784326688804
-0.014269111014140752
-0.011433366985927335
-0.00727807576759463
-0.008853635908776403
-0.04357023898025706
-0.009256172576785177
-0.006362416277670831
-0.01603611781162411
-0.020500303052739702
-0.020143005350829305
-0.018222426143741827
-0.01817593341894386
-0.018962206515127124
-0.01975166563164809
-0.02051299049666775
-0.021140362698871547
-0.021721272772356078
-0.025470141588294342
-0.021550505556714884
-0.022484147898647427
-0.022368066417511857
-0.021723346051726728
-0.023065378478496757
-0.023976152337223677
-0.02427332101282031
-0.03590779330072513
-0.023648852203964045
-0.023324410042700815
-0.027959623357845072
-0.032771275209371974
-0.020651249722002045
-0.018274744507302904
-0.015040947484206372
-0.010195037811336918
-0.005475250592665644
-0.02897652968827894
-0.07480528416265958
0.07075158345547639
-0.1051074117936816
-0.028246103703018385
-0.009108393561260142
-0.007682574856118437
-0.009307698892549864
-0.01124348853148169
-0.0020566792381865994
-0.010932697764656177
-0.009350286522351153
-0.008967149002172003
-0.010151833084303183
-0.014017748417063313
-0.024500878421187262
-0.04217803017575443
-0.047105745389947495
-0.0012226428992436007
-0.07988309328326329
-0.005125533422870954
-0.05016882093226204
-0.041971906983038036
-0.02449895665015527
-0.014755929601901635
-0.012378325056787563
-0.01492242455010427
-0.0119688996359577
-0.012700726753535079
-0.013867442838878136
-0.014920912004199545
-0.015975098258990756
-0.016749670007509362
-0.018280521671575383
-0.032686078298199917
-0.02174734075137216
-0.018933577865946852
-0.017836814706884304
-0.017707425136825463
-0.017141325528480494
-0.016967009391013102
-0.018876528388738597
-0.01647120013143542
-0.017362417328655923
-0.02137467742671849
-0.016399161774245406
-0.015491625512875747
-0.016398575750917792
-0.019090833289845954
-0.023068171785634542
-0.013749082098102567
0.0007222749111706348
0.00278648846322213
-0.02665665322052899
-0.020185450258894542
-0.015112484098867207
-0.015040288599496892
-0.01671490188741334
-0.0275014858191826
-0.0355771823479629
-0.009194035404256912
-0.006854473903780595
-0.006073649449279677
-0.0053969885670387165
-0.00469939501467328
-0.00426998192247297
-0.004180965727557131
-0.004615889673392197
-0.00452957120758883
-0.01473708972759404
-0.004525294908092805
-0.005338132889579359
-0.0052302082179057794
-0.004796870803761882
-0.005806609398886338
-0.005682038957178128
-0.0017482857121972357
0.012494587861020921
0.02054283131241392
-0.019415893043289563
-0.013143160743779646
0.019868531847124993
0.004313415419366583
0.0003626983416509237
0.004619774652373027
0.004919597487105185
0.004669712546666743
0.004209128773797036
0.0035032149001125224
0.002645195744439478
0.0019275435350835114
0.0011140461907014388
0.0002747619436030887
-0.0007469840013535856
-0.005793723843974155
-0.003164374430260026
-0.002857316583264698
-0.0033279547777705803
-0.003744486876883669
-0.004454849007176842
-0.004777534537149959
-0.003795723533376605
-0.01203438442153526
-0.007443976366508835
-0.004940286004676758
-0.0061138700578350575
-0.006311996529022255
-0.006122216914834372
-0.0053663542279484165
0.00015911688224639765
-0.01649935834796915
-0.01672102950563261
0.0003678805324652198
-0.0052204856291109955
-0.005798064297968549
-0.0054080891646566135
-0.005094375879310622
-0.004968377825703551
-0.005305761106886365
-0.008178061618547009
-0.005226113105294748
-0.0011095898839377611
-0.004438800360784058
-0.006611928601287286
-0.005211596506416094
-0.004231928618527112
-0.005360946998790055
-0.004997759832202414
-0.005023701519453904
-0.00443110520629987
-0.0038351677085907425
-0.0023011051635592568
-0.002736916281719265
-0.011582173044551664
-0.00019995205927951049
0.003945569862929941
0.015183622330659553
-0.009792144534671364
0.027560588900216888
-0.015194842065352928
0.011342703144397698
0.001298114966160785
-0.00151914159876822
-0.0037029553639983817
-0.004281204347508859
-0.0019420388348839349
-0.033838166387515835
0.0554709226725971
-0.02927434097867969
-0.005726003346876626
-0.004679036783572914
0.0011701170777621657
0.005967839799154385
0.008249456980956945
0.009174847675120376
0.009014287286863683
0.008373180386177112
0.0075732415280753565
0.006197189682710918
0.005764871269305832
0.004912861681428996
0.004133076389104999
0.003344491943347026
0.0024691299702395216
0.0016104218250397727
0.0008041830244895365
0.0002357637461034616
-0.0004156037472261204
-0.0010272259247550547
-0.001978381214292628
-0.002987566435630324
-0.002646522788196193
-0.0030322307010818388
-0.003332636197920935
-0.0036859578366531275
-0.00393380151463499
-0.00408208238508555
-0.0042837088140545215
-0.006248029730728116
-0.003941982945942175
-0.003540764874656512
-0.003063005322680637
-0.0027143998577699364
-0.001605539426308187
-0.0004081727433703005
0.0009790849844951957
0.002654414374002338
0.004620887857237742
0.006827504475335279
0.009300088173875114
0.012588619766249044
0.016729886859303423
0.024994746355579616
-0.02046915554725738
0.015577145044004467
0.01108403556298696
0.02093196510524731
0.012357168188547533
0.008352298051057706
0.005166356726558221
0.002790524434784891
0.0008354678474430861
-0.0008114332778603478
-0.0031934221666795534
-0.003198755844448101
-0.003929590703888979
-0.004560366694603878
-0.005880276429533493
-0.00518769496153228
-0.005356756844928472
-0.005501890433982298
-0.005403339289359094
-0.0052131277777134055
-0.004998846802109396
-0.004797505868427801
-0.004338343367747659
-0.0023271079472904723
-0.0020341400122942635
-0.0025725705106562353
-0.0019564553972251097
-0.0023583046772907195
0.0010003979927178594
0.00188567340361313
0.003705278840669569
0.0062248107027069
0.008700912725045683
0.011208954009179284
0.008117692011578926
-0.02295486281920274
-0.00804667297398587
0.012916483119614422
0.012961715952673702
0.0029830395952877703
-0.006892831968560895
-0.016975114132423662
-0.03187171327832237
-0.04500825088750658
-0.03202775400792325
0.026848933223885492
-0.046728186766568314
0.02713741392001473
-0.03534542203494223
-0.04489510980675372
0.014822662514584807
0.011360280377163733
-0.01806201176671822
-0.005489384281119558
0.00508168643491573
0.016747434800930064
0.022737762352947118
0.017146950022716195
0.015968781613945212
0.01740582719573123
0.0153394422582921
0.01727726896749255
0.018776767175830142
0.014553536324017185
0.01786075514415535
0.01675547153624135
0.015454406288545174
0.014510314512766312
0.011090916350843454
0.005293142041063166
0.00016806864229977763
-0.00566403873247314
-0.012420392816256403
-0.01958295164484413
-0.026061983466901997
-0.029937601089595617
-0.022832624434769366
0.020834514382464284
0.08003368759553785
0.015170514168334266
0.03776740236369069
0.017036286156363042
0.039979644749065006
-0.049997508030245046
-0.0831780147888469
-0.06933417239843728
-0.051536330042035346
-0.033501623354601016
-0.018439809277931683
-0.0057366071446904
0.005417867148964899
0.015229570240229858
0.024285091586064348
0.03684462597253051
0.049610822101819545
0.02685306587173578
-0.054154870316893075
-0.06735999884477979
0.04255058813295874
0.09102288696357469
0.07872080588949323
0.0684539064303244
0.038246647276226745
0.033291639623443905
0.028834219981102183
0.02258584207861165
0.020329283572465346
0.01823773445179654
0.016547897617602222
0.014831491685859453
0.011725829208081497
0.003483014263403473
0.009669145515808834
0.009839107265813636
0.009049709828762
0.008193348573852328
0.0071440976779520325
0.004161814750240165
-0.0019066704193113964
0.005137524907780075
0.004992612200085896
0.004650514754059348
0.005199202633424766
0.010784779533894225
0.013010715583696448
0.013218523282600035
0.0035437582670046104
0.0018853602793731208
0.0028881615435647915
0.0037801359249164442
0.0038692547696591428
0.004251028556835889
0.00360113916893571
0.004755346208279108
-0.00042698061220760225
0.0006458386772694666
-0.006313045599152621
0.0014688379068630573
0.001108229521084463
-0.0007134650265856103
-0.0026198173511923287
-0.004348086465027606
-0.0056778671133079495
-0.010456948983110932
-0.00861180133761514
-0.010665532002536296
-0.013442166125451096
-0.017094822441501942
-0.02101211649287563
-0.01936106311883264
0.008083152111029104
0.018495004287625152
-0.015045042987086692
0.028299504217791715
-0.017798903102043025
-0.01979549946370471
-0.015992290443405117
-0.012103726093716518
-0.009160199464280889
-0.007575138711953103
-0.006051527337971986
-0.00901166115284083
-0.0038558132383371964
-0.0005939395766278009
0.023309800603716915
0.030531068007965036
0.0027964720016611746
-0.024357092970996117
-0.03677187163972385
0.03618423012085303
-0.039922756220875766
-0.017002035697134175
0.0008243069153313455
0.006099051827599615
0.00787232530008086
0.01042035557110487
0.016887355486854924
0.035025225564408284
0.015197405820050037
0.030799394816701006
0.015819162614911078
0.003490249217556941
0.0006344687341608212
0.009034542643507035
7.123822076000646e-06
0.0032618464437029716
-0.003910593539494072
0.0034633304627815385
0.004613659768573707
0.005386732150036116
0.003122352149547506
0.0056814368804683005
0.0045842470851121435
0.001617588522620594
0.00384764623304523
0.003775255305276861
0.002781826473053238
0.0008209984824522099
-0.002631785672709958
-0.007871364869591418
-0.011834861263229177
-0.002423320017930317
-0.006464824104711025
-0.030877250278454896
-0.030665761875120857
0.01212481980256232
-0.0010450622092915316
0.00013547878848989267
0.004677416528411596
0.008143350335597453
0.009551913576583216
0.008222439796786591
0.009540955219546583
0.008864934879417275
0.008949715426696467
0.0061110871546883735
0.005657386613712794
0.004120740025466401
0.00029067598658458183
-0.0007116464430165912
-0.0009222549733733333
-0.0024397241718513594
-0.004052926307955
-0.0056181146682690464
-0.0069231240794566115
-0.008142391086401813
-0.013607941701945155
-0.01658962073638608
-0.03406683552506885
-0.01753614478842111
-0.014314847230929349
-0.01236828510076124
-0.01164480037419789
-0.0029314801922658566
-0.024659151091015352
-0.005691118304665874
-0.020422040446324542
-0.02364240192159091
-0.028689842816831335
-0.026684623298430434
-0.016867307132385694
-0.03078456730120008
-0.03601162092303525
-0.035391131591319146
-0.037590216749499666
-0.031193107581440768
-0.030933575856532725
-0.029664915886764807
-0.020022408015146938
-0.014365707175021133
-0.018661224754937644
-0.020316482165662633
-0.049244739802648305
-0.01580060984937344
-0.0725295687937615
-0.04346308288669893
-0.03387261113025045
-0.029317205318778256
-0.022116826878088105
-0.024903776938883085
-0.03282500540295363
-0.04847950753966802
-0.04688238597607707
-0.046118591826570056
-0.04560699409796349
-0.03993010634220501
-0.04063155467814
-0.03771396091268618
-0.03855555377317594
-0.027517776411712994
-0.03626148630241161
-0.01804862803757522
-0.03822729966485562
-0.042930705346980964
-0.04320183317209901
-0.05470388109878131
-0.04065068584583412
-0.036142845341635824
-0.03736392151783502
-0.0323225006953216
-0.033353794824897844
-0.03361450703259374
-0.032182815731232176
-0.0298510277539964
-0.027305128660062322
