0.0007278305169911564
0.06459791612197269
0.03716818894154787
0.035727557445115785
0.03433292139790303
0.011810002898698498
-0.008810797648782445
0.013888183055392075
0.014726543193933444
-0.014223530656501233
-0.0663545851839954
-0.0523504616051004
-0.010161268312417154
0.01049705808420104
0.01894624456715749
0.023642589010705827
0.023081034178244968
0.016829684268609566
0.004125299668577855
-0.01258027856439322
-0.020218191200359753
-0.010292282731570193
0.036400151736539495
0.011903522348080973
-0.003606704580427031
-0.010028376825856725
-0.006826749199145549
-0.0035819695238782073
0.0003787780827451207
0.005443692610599211
0.006812968676280967
0.0009096827428310444
0.0003370551746166977
0.0018419722140315617
0.004347081929693071
0.007439586457707847
0.012556339993076529
0.01329185907216002
0.013755153990570193
0.015436748605733346
0.015014685547210594
0.01352618450911631
0.011015903830873646
0.006562596252471065
0.0022159596828972457
-0.004153769801021322
-0.010647674727132456
-0.01936967550992731
-0.03194059067555373
-0.05330963134179217
-0.07444907469216032
-0.021533543675563437
0.020574902156774134
-0.04622508159621118
-0.07635303226954612
-0.014278958511989685
0.04147411676564506
-0.12052275606064004
-0.0053630245699073115
-0.02168927842495737
-0.002564769994140546
-0.039887627193095264
-0.0030234680297167183
0.03574902729479347
-0.049590572771876146
-0.031380720689990566
-0.011452137280655555
0.0425950409505124
0.06180124576729606
0.05949648478269096
0.05700515245284941
0.05556569909045018
0.05266222737196987
0.04761226229304252
0.040753578660488295
0.033666884536533034
0.02443379925955102
0.011058159575141729
-0.01179913283826472
-0.0500805630804526
-0.11127877201830141
-0.1163051721615188
-0.0646571747359226
-0.030653036333984876
-0.0168719983683888
-0.011987075680499944
-0.011549575006147705
-0.015392984293165043
-0.019224933360301056
-0.016595714576207562
-0.014497534978287438
-0.014835929475257609
-0.014876056436098429
-0.010544104526274852
0.037405335626627206
-0.004187513348292313
0.0249408644132932
0.00216542091954306
-0.0030854240640135204
0.0003405464785668089
0.015360648921830426
0.03465121566312584
0.06445294870362034
0.029830528145370093
0.0440954822655409
0.0349887531423754
0.03856841543109535
0.04164941139281315
0.04285173272564981
0.04232320695803269
0.04028604849698968
0.02332116145021757
0.0014103350856862482
-0.012519404153872921
-0.007423379310700748
0.0076430119370701115
0.0398866432187096
-0.004939270172641406
-0.06511587981617542
0.04723516984668301
-0.07299575847815015
-0.016710630137738693
-0.011696980853174055
-0.03660511347983517
-0.07829919738941547
-0.014124806733195409
0.004604384790174445
0.007285201684353398
0.020214135295962107
0.01865183748477351
0.012202683765232664
0.007963453972263309
-0.004738395308590535
-0.014024972628884759
-0.02356114313490996
-0.03261910863912599
-0.03708263244936659
-0.02153997239925668
-0.037718470999164116
-0.039037882710435484
-0.046172243091224856
-0.03807000605524085
0.10491813529760606
-0.0034469446068702073
-0.004289202101924574
0.03336862233803846
-0.047793179286158116
-0.053390157338371255
-0.04791345381321585
-0.02873699662935367
-0.03391885053300054
-0.014543645139983604
-0.03189225646652151
-0.033292221321051994
0.03894199138531426
-0.026249497203762427
-0.024342352513989234
-0.020193103926172618
-0.01588500251260058
-0.011399252459164025
-0.006693066930305616
-0.002737147044707627
0.0011826932203696473
0.005148445167787407
0.011549496266227791
0.0664310225856552
0.0433107795514425
0.012009379680078524
0.008425208549759077
0.006250631490621736
0.0011108986025592912
-0.005319156950565196
-0.012033827754910029
-0.020828802861439462
-0.03111770209090759
-0.04812541519711241
-0.058202223815105446
-0.05458106510272088
-0.057243253039371396
-0.057573260589934984
-0.05263744418449922
-0.04253272254608794
-0.04163718686116475
-0.04744830354477489
-0.05598270636353177
-0.04868479970290603
-0.05407063411642296
-0.05847916045416016
-0.058647133693995615
-0.055360116863737964
-0.05018328847112149
-0.04370638663647275
-0.03649094742957217
-0.03160240652627772
-0.01458342448663318
-0.021955352358939435
-0.01629435044622366
-0.005114920643275121
-0.001112397118668894
-0.002757968648634702
0.0020777639819362383
0.001390224201072578
0.02553476203893592
0.09975208617515348
0.08459904448803039
0.03002846571398493
0.011324392263646229
0.018173264655876945
0.02275269804145262
0.029196498385528194
0.016316566606574223
0.01830027669622573
0.013186636999823358
0.011741984243076108
0.012148425726368348
0.03147458906061211
0.010344008056109818
0.008739733436806252
0.006494137647484673
0.006951494947886427
0.006534146887094455
0.005775924643825061
0.005411719988861338
0.005458101942814563
0.009361257735849947
0.035978369587790465
0.07967890795960597
0.026685803565024153
0.004589199231253934
0.0003324803638484511
0.0021171838795489917
0.027013783845524136
0.0017493366132968525
-0.005869861608434334
0.040284755352018885
0.004106481544919789
0.04123561726409536
0.04389886796837052
0.011858588688254531
-0.022820089563802503
0.02558071530983482
0.04470428748139452
0.09366811924014722
0.057788420404910834
0.03211771231683981
0.0033872984606289815
-0.00230503684087268
-0.0019364700022141553
0.02071608491963799
0.01694692425825022
-0.08380532668256266
0.01668256463634937
-0.006989301282139115
-0.009390894003258094
0.0029840603356618314
0.03602755195002209
0.0076461607129395355
-0.0036211008722546643
0.0013427596336198088
0.021074406804974573
-0.005811665435033
-0.00989160291740782
-0.011600424033983823
-0.01813735684118199
-0.011247340519220907
0.008556430408098753
0.039311443296203695
0.02843780476602098
-0.0010729934793649114
-0.011634707518465567
-0.013338315968929182
-0.017068305254316126
-0.015102754485685845
-0.060674938637708065
-0.00923930289355015
-0.01468564433035055
-0.012691734056076537
-0.0256823051267921
-0.023747830874633565
-0.01965665029580588
-0.02455527477608522
-0.018487348814650775
-0.01727469052648371
-0.022051288710225398
-0.016281498624962355
-0.017130030412257108
-0.04340016688547131
-0.014526220689261965
-0.011618789315645112
-0.09023861013615697
-0.012797967657301321
-0.003563980852726701
-0.015097229592934476
-0.0060224092366098995
-0.011484711757526116
-0.015388509920164212
-0.01779692143579586
-0.02431873556079822
-0.017288667655790974
-0.020218549916511352
-0.025742154646266755
-0.009148781782547072
0.004893124729615851
-0.005558349550444652
-0.009831586763895549
-0.007967547850468768
-0.005540010433040365
-0.0028264266621616475
-2.445680603276056e-05
0.003213328359609611
0.00428689097256506
0.017149803889837414
0.01487502740182535
0.022575766652824583
0.03291966635118965
0.020339605492208784
-0.0021752465246477745
0.0276491249214128
0.04151279119552321
0.052804263544684704
-0.10994300049013198
0.04157489527625339
0.04128648039574779
0.04017700480565553
0.024838953250454154
0.03512884648692885
0.014394473775902725
0.008036546672983888
0.02400069301587951
0.032991386792234845
0.03238860291015278
0.029632109127529165
0.021142422986359325
0.008945821599970661
0.01904154252185393
0.01726625386789844
0.017201244737825677
0.010582604481416923
0.005893839271075135
0.0018936773497169263
-0.0005839110383896546
-0.0032957753990686613
-0.0067199837401636904
-0.02349885452946492
-0.013220862010188029
-0.0187918493645181
-0.012727569313525445
-0.012115724745126217
-0.012279613341778182
-0.014137794263473386
-0.01886206664655567
-0.02081496067104831
-0.025797334746233927
-0.04191383162966992
-0.0171928798575452
0.037275066202931154
-0.014313200905595298
-0.01748275514768903
-0.0357982762027667
-0.02894807058703926
-0.02376130810556487
-0.010895768873448888
-0.011809099326154282
-0.014756668534775065
-0.015044245118520743
-0.01424432013196661
-0.032167177789992306
-0.04555027982372859
0.12311306475656027
0.12113054588731911
-0.03110278823939994
0.026258832748639802
-0.004767305907756415
-0.007802170480264891
-0.018279629059052456
-0.04102709624865493
-0.04275169928974714
-0.047505326511480095
-0.02964666436504222
0.016568207014737865
0.07593707146784608
0.02090012654779607
-0.027897011056318574
-0.04674815614756586
-0.04254032815061624
-0.03123815800445827
-0.019171448014439
-0.02452673948882781
-0.008291018964382326
-0.0004877049021652377
0.020935676822398535
0.03490118318915029
0.0030516610390129515
-0.010604094384714735
0.003869722264935349
-0.0012519485938794063
-0.002218378816369097
0.010037707653266583
0.0008628871864948899
-0.0008436172297241256
-0.008510091205023116
-0.017989115986832456
-0.00584433939569552
-0.015150934446283086
-0.011204670903070296
-0.005087874453611245
-0.004574910902801544
-0.005663733609125171
-0.016524704144608215
-0.008968548443702677
-0.007719181811614993
-0.009195373882743411
-0.010319701038463044
0.008146837395809833
-0.0031639137581114143
-0.011018823181663674
-0.017656201951934684
-0.022918862700496118
-0.029134031498395947
-0.03710401780766656
-0.04731849084124634
-0.04698521515630717
-0.04092229410325414
-0.000913345641111003
0.0830119717261171
-0.028573078621028026
0.06518456338806676
0.020323591113167873
0.020146834677091878
0.03895782131710702
0.047709701224165464
0.04896579421206217
0.052198524323206215
0.05608025245889047
0.05879122937282652
0.0616152852141009
0.06254007330221817
0.052210369082462474
0.039078049309312135
0.013842079166089096
0.01653774026591799
0.021538960250371577
0.004843865697464139
0.008299041474069563
0.01946553176715503
0.022630729622429076
0.027150762216190574
0.020220566092964444
-0.010943227609935805
0.009539294782532947
0.019177073971695113
0.019669939589020958
0.011158545727718013
0.020740563767149767
0.022437040980541282
0.022842803388370848
0.02321399954489183
0.011758432126776078
0.015059010702993293
0.019840721959528865
0.018284541865828938
0.011695080924695385
0.006033152968038526
-0.007777362554553864
0.006439259800779648
0.027949928204966112
0.016026403485603514
0.008616142546293046
0.08004791104291827
0.014360346697511673
0.03458086566216119
0.08422234834330553
0.035898607562129654
0.028631421867666953
0.02105779041977809
0.030203558296262638
0.09297736880367004
0.03268483842358852
0.0317710398747162
0.026344342572216517
0.030435915867195296
0.019201618978151376
0.025923162388773954
0.0224744700439795
0.012835109551459663
-0.01083075968603
-0.008662051675905424
0.013756688500362418
-0.05239318407771929
-0.02567011392454689
0.025978439186371185
0.047259930559888454
0.024686054980263685
0.019959424241927697
0.01575995442715169
0.011423911940762548
-0.004238624655520814
-0.011133071117260052
0.008142456005338035
-0.006273672088076623
0.0011321641973472457
0.001314647637418374
-0.002369604350016403
-0.0003308059390893194
-0.0008572750923484033
0.0035978133590376456
0.0027629983161220244
-0.0023091371013960246
-0.015273261484589743
0.026612073233588614
0.01580511222569441
0.0003935589961106493
-0.0004154468845633781
-0.00021111603449203454
-0.0003499659600227566
0.007952743894419814
-0.0008998036475756505
-0.004768004873297
-0.003190924614306295
-0.002131595194628836
-0.023643275873115394
-0.0039017033502934052
-0.0066066114349156106
-0.011514062470081625
-0.0038457505785802724
-0.0006709110286862584
-0.0005478425789107297
-0.0025407739013762203
-0.0016337911978761448
-0.0008607373686455004
-0.0012425051867714404
-0.0008329611298435396
9.909952940924632e-05
8.294591638222634e-05
-0.001509387795789948
-0.00029385261106780865
-0.0021495030615664604
0.0001815793258073981
6.958690109303125e-05
-0.0008088495822407853
-0.0003028135391792726
0.0002862093265278557
0.0003870679277085891
0.000317749015176256
4.3617423712474706e-05
-0.0016481089339106351
-0.0012456903720445428
0.009685799911079226
0.021678249617439808
0.000817767250861637
0.0017652911996598
0.005052415498222799
0.006877682917542533
0.009141318328615061
0.014809656302183227
0.017246852257214736
-0.006650678511865031
-0.04875015500305339
0.010583552040381708
0.03983105917261213
0.025543410439376142
0.010601362839303293
0.0019694456706805044
-0.002397699816716781
-0.004476705656931071
-0.005450431948978316
-0.006739579277918866
-0.007427092577991675
-0.005820185584298695
-0.005614495686844559
-0.007224606169586734
0.026660933413216223
-0.005289838763435402
-0.00647593222926926
-0.005105374947899664
-0.00449769256624943
-0.004855445334677786
-0.005190779089028268
-0.0048924980911535096
-0.003699288474634129
-0.003230982696889175
-0.0034195324415733303
-0.010683205762659789
-0.0048129112434167325
-0.0037996775342428813
-0.002583901245934708
-0.002320860140039502
-0.002080533400418609
-0.0020371811958250136
-0.0026308666643505016
-0.0032582724500063577
-0.001921950548228252
-0.0035207307559621767
-0.004573911734683523
-0.0019030208415986307
-0.011174911481645287
-0.001460971114453677
-0.0007854488323395903
-0.001035739545767028
0.006090095858332307
0.04398873737704864
0.003623616248001796
-0.0030939217416411746
-0.0062018279965807615
-0.0013628721753484428
4.6018303324997734e-05
0.0003956356667432322
-0.0002210611144028333
-0.0025440469376909634
-0.003300528803359824
-0.024100024660935554
-0.01629650563685964
-0.0013331122836613835
0.0034869693051752543
0.0048467526622987325
0.002446451139534193
0.010323653899518642
0.017092123688198586
0.027317732771207137
0.02665906596659381
-0.019259187463996165
-0.016037154569823988
0.015613060909369272
0.03226544854731426
0.0188900842401982
0.018141982237841917
0.014370902564691724
0.008749015152776339
-0.003269416446532488
0.006438570234956481
0.007582018115314578
0.0058871993903530356
-0.01228102185301486
0.00033343307734941274
-0.0054112714621303015
-0.003264599144342761
0.00335045774045321
0.0035298690202143113
0.00042845551900540533
-0.028227423411530936
-0.012612942515440416
-0.0007360287100589326
-0.012096362855860361
-0.0037036951821204644
0.0004505235146347565
-0.012115071621760107
0.0010180613726267751
0.0024352711916479403
-0.023355612677047038
0.0021350052089355726
0.002172635172161873
-0.00906396814351969
-0.008847792869645876
-0.012215713284569291
-0.004374950461054114
-0.07112174496358488
0.011197043589150283
0.019899822978040868
0.05056244323686819
0.02996246996527939
0.04467915120599488
0.027552877949279263
0.01676688612833729
0.013593286041719069
0.008625911886103739
-0.0004953194716692883
-0.018259713293459066
-0.010244610668130103
-0.0016393771903047564
-0.0036327227136925605
-0.040224642313421634
-0.006431580820649163
-0.017488587421482873
-0.01029659178634697
-0.01975145888740477
-0.0006174496102207739
-0.0052799290328245305
-0.008997197071938245
-0.02439406582817688
-0.0025912001464700623
0.0006648996455369344
0.002318478195986121
0.0024021266625774513
0.00033283909436648113
-0.006501414964604294
0.002180376020248956
0.0033487503374328826
0.004058635350241128
0.004487570577111474
0.004675293703266767
0.004185681775838008
0.0006743561293769772
0.0019483539292860345
-0.006380272147629545
-0.0040937203984401805
-0.010777184495650136
-0.00675133291268989
0.003897520912473938
0.005427378080688381
0.016857688800461568
0.0016620697726933671
-0.03128044857130082
-0.00011172796226043451
-0.01916096268901888
0.00601254939802102
0.009290012411337058
0.011196250397019469
0.011664767663891138
0.008661503947664278
0.014069813268770971
0.01539340436139073
0.01736036458260186
0.01724267776294825
0.008598490401285975
-0.02684660201258745
0.02075733720793214
-0.003750581650251338
-0.011702235389797483
0.007941097211251075
0.015970677132690875
0.007003286958790465
0.01662041421041234
0.015369188482395347
0.009980832964446316
0.011189959142825423
0.012937875214132243
0.012175186110409705
0.009909851667983891
0.003496975067093709
0.010391710512238566
0.015113236262442346
0.006294120441574112
0.010310308358955748
0.010753683072618373
0.009139072464572915
0.011432246236750746
0.010162651403199711
0.010193453998311897
0.01020079982191109
0.010000246743083373
0.008487552682314634
0.009482861955831954
0.009788758417599961
0.009402304373566813
0.00997516661538714
0.022222830099842283
0.015901619328601995
0.013213553167877708
0.018011945192776803
0.022228942340672804
0.02388974458800898
0.004356729319450733
-0.03462912141457395
0.015407047958662885
0.05218621952383947
0.037777142048315816
0.020931352083787314
0.010613364106649936
0.005923064013136963
0.0037391555703384814
0.0028358412500768828
0.002953843805524058
0.003574380257764475
0.004676367598840689
0.006097088712541092
0.007015724267214474
0.00801394078951932
0.013715979896907359
0.019343869821090594
0.025968699563059427
0.03208891106958665
0.030396218721935826
0.0001274584839269514
-0.0013637681053486445
-0.09587859868547917
-0.02541139374000516
0.006139728893790899
0.03057191465499239
0.033079196792437544
0.03254800692821189
0.026026389656755133
0.02709639475926323
0.02086174999660601
0.01835166479788774
0.01563827833108754
0.009663400747067256
0.01400209147927089
0.015344162826142533
0.014535705255615419
0.013316016763085577
0.012347485871459509
0.009312314079945282
0.0070501492733997815
-0.009410081642800135
0.005954996472586966
0.00815911082611598
0.00864455455886971
0.009380066058618635
0.007726909168345767
0.0006174398029154549
0.005843287405380758
0.005507168975756114
0.0017481040217222348
-0.006301598135214861
-0.000347743851851034
0.0010282378112419594
0.0010734994411481847
-0.00421625684426195
-0.007966750721186673
0.0006201075627016255
-0.0017620653173393021
-0.01159602572394423
-0.006797469352236424
-0.025698537866833657
0.013365134652017573
-0.002446363900617945
-0.000124248127846218
3.408529198386366e-05
-0.0020643809946856847
-0.004601341729603153
-0.011964041562893534
-0.0009727197069639353
0.00025590159582278076
0.00039250430113038734
0.0003065972028525294
-0.0036064870331575932
-0.011840975159544744
0.023959966436718508
0.009771266075002644
-0.0035074664045932694
-0.008417671057737722
-0.028485515190757493
-0.04953925143050004
-0.050833851864308194
-0.0962007523752661
-0.013185976552593204
-0.06118994748122034
-0.028847066445000704
-0.01090459327918713
-0.0020447356951885597
-0.007773432849546008
0.013434029010275812
0.03696167732346655
0.00542904451467509
-0.00705454801726486
-0.006533290214896322
-0.005777795122836919
-0.003303581772823292
0.005656615425527919
0.017404359591763768
-0.0007121588156381474
-0.005309628327986562
-0.007655285019816611
-0.015523826032897786
-0.007589877695293055
-0.0012816995828516696
0.002744088512022783
0.010081901504993869
0.09641883007509607
0.029361318144388502
0.03465321230537225
0.025030574387574004
0.021741852174338182
0.0016891614456434393
0.006472773243385229
7.807934790086008e-05
-0.023049906932304454
-0.007812812343439057
-0.008011801833776864
-0.013581253107866087
-0.009941147238102572
-0.009206469262899782
-0.00890647380744448
-0.009102050834966974
-0.009942090058190859
-0.010124469308986047
-0.010634250013174897
-0.011334675230422813
-0.01824195225409225
-0.016011055195803717
-0.01122419821093046
-0.011377991618677879
-0.011334592945911652
-0.0028928663819943238
-0.01127368519014236
-0.011088987971549493
-0.018798984857994458
-0.027897817958667095
-0.030895640820890316
-0.007835876479635705
-0.001296644759364922
0.00383450964149842
0.01848708402806364
0.08584437150866635
0.11952688177591801
0.008887420664302616
0.004488600402094142
0.01137890958993335
0.015117423856802209
0.016573925579745165
0.017175073081395997
0.013994483074507702
0.016441826383411382
0.014100446882044603
0.018545601731755193
0.020314551376551967
0.023508010480591073
0.013517073909017385
-0.0015851145304517787
0.007355452516437337
0.025485545574189833
0.02857081777097811
0.034417618003409006
0.040853087136018144
0.04512921060668451
0.027212784161835722
0.03037075345610473
0.010914736104480266
0.03645292266997942
0.039893123723613574
0.03650511704366778
0.030606373706099824
0.023000057801890805
0.022096554197975037
0.01807947609782383
-0.0012992854754369037
0.0037000089186606058
0.0033393105370722394
-0.00047673423572716325
0.0011879376902617985
0.0032872313646397414
0.002250513348795809
-0.0016341282294247293
-0.03309761741883693
-0.00495984903797692
-0.00019522743734811721
-0.0002327093948059633
-0.001552077083194757
0.0005869697227763961
0.0004561413608080958
-0.0002966337300915316
0.0004220048611489774
0.00030892916009312755
1.637592318843044e-05
0.0006081738674542169
-0.0010190032164388452
0.0006321252341845013
0.00027629949143657766
-0.0019791424145366564
-0.020999787564640608
-0.003620193242535757
-0.011617768520102947
-0.0010237487770758376
-0.001462796929142375
-0.002509479316840495
-0.001370675118413083
-0.010603180278717983
7.686801509430119e-05
-0.005480633716953175
-0.004581454641390078
0.0012283136647522179
0.0025663658844983545
0.0025908538887802184
0.002999455216098104
0.0033505664085251565
0.0037053720265876533
0.0047955343173062175
0.006741480938533173
0.00790179865797189
-0.013298913511425847
-0.013250856756892427
-0.04012257451925166
-0.013707248140548495
0.01119724481640181
-0.0015058895763258196
-0.0008853632296189638
-0.0012083255027128586
-0.0018093204921699885
-0.002212276592473866
-0.003077421223691482
-0.0025552222050343226
-0.0039531185805676446
-0.004491378383749785
-0.005487688839745978
0.0010735892970103172
0.007624414914707146
0.01808387888937107
0.0014019089808846282
-0.026363516298531994
0.00603661358155402
0.016426397088187973
0.006209833578214431
-0.00043956757625572513
-0.004188769794332036
-0.001028217079960246
0.012484364851664717
-0.0009215048681316917
-0.0028324967166096222
-0.0016213066907962434
-0.002036950809651909
-0.00021881561121976962
0.00022056269948004208
-0.00034257887658777097
0.0030751998188124027
-0.00022257907552218075
0.0009786270265797307
0.0005335140139729155
0.0010829392310382543
-0.0014841114892732296
-0.008012311543947992
0.003560901815004912
0.0007258736223016622
-0.0006467816573310414
-0.002216426152249363
-0.003569335392194318
-0.002575632639210166
0.0006300337361904561
-0.00021494148520347542
-0.0062359025529452276
-0.0068921388618278226
-0.004036639588575392
-0.0050965619623599
-0.006820151021788387
-0.009095129707213503
-0.0007346244888711568
-0.013464461185382649
-0.024918729669423736
-0.042305209002206766
-0.0436229277778697
0.008117630047694072
-0.011724622141614922
-0.0023226675998695113
0.008722377439353422
0.0004712759521520965
0.0034981870687669225
0.0038800598952581354
-0.001186608552846002
-0.0010844971295629628
0.004665661570833575
0.00536603665527658
0.005363276470681208
0.005617924522021704
0.00455843369241361
0.06892302943932754
0.0009935746916855581
-0.004550135612224097
0.002820902650884418
0.004985794562763891
0.006722756694470693
0.006817171734057565
0.00651618319842065
0.007782230669886598
0.007981692874842088
0.007935239243456836
0.008526013178701908
0.010053467576862317
0.010784136239434144
0.009786589002478106
0.010266850873879373
-0.0023701374159987238
-0.011093931757555667
-0.007277330754097049
-0.014880429520019086
0.008020354550284492
0.012629807501994597
0.01194675888538127
0.010812592943135994
0.009910720759212795
0.008999528095255659
0.007300936747746145
-0.002358795955388892
0.007352363908753418
0.008082503859284482
0.007929320312121811
0.007513370065777812
0.007872088244638996
0.007771288058510341
0.0074496082921047925
0.006544586599679383
0.006876482566828446
0.0045072070664271555
0.0063113666429484355
0.006515959194217562
0.006124524206375074
0.0056437206049291255
0.003725361378735646
0.004313769754692288
0.0034331576916403913
0.002146063118926985
0.000662540688437431
-0.00128403132228037
-0.0036250264778076185
-0.0062626041415235366
-0.008397609358111928
-0.008004430891885442
-0.0004412540888124071
0.006568725893045508
0.01986607765131133
0.017325587970831873
0.02464886637338694
0.006690589897257806
-0.006367293702467798
-0.008463404368750775
-0.011146845563630907
-0.010395565501693004
-0.010051445283866676
-0.011144049758994514
-0.012866284060029699
-0.020087174421575083
-0.029493428910809347
-0.040083583446251646
-0.046902903772397274
-0.03972125515008428
-0.014185855326881795
-0.014931204103970414
-0.019325091650002638
-0.036297129253879665
-0.036054579700589846
-0.027232235480083012
-0.018743884209672535
-0.028448329742488905
-0.0243985860120459
-0.012715481177290168
0.00018964118488699666
0.0017171722368865417
0.0015014602498575657
0.0011959556507762344
-0.002834757979214132
0.0010878588882097774
0.0018357902108824132
0.002435227728559442
0.0028667754727655626
0.003178131140055911
0.0030868845432718835
0.0016055856233431485
-0.002203247852472755
0.014363338704610833
0.05342576015893388
-0.0016994129764850707
0.0025053348083088887
0.005101071338452493
0.005643248251446618
0.005574744917166965
0.005047799092099856
0.003849108448533584
-0.00019272202042872643
-0.002232047505430241
-0.003870697950743772
-0.007312873749382032
-0.009283642985123203
-0.022330443766392274
-0.03484128805540784
-0.049465692233557144
0.010461364287973928
-0.04304526473633997
-0.030080182323604036
-0.011427490614880463
-0.005960244539005068
0.0004475254603963309
-0.002634183567283667
0.0038197249701602994
0.007844938002522218
0.0013542602606283827
0.01995203606978634
0.019176070841633527
0.02402328326569143
0.010273849519677487
0.0031975892511504297
0.0008226629841976767
0.0011663251117319635
0.0024022570233254857
0.0034184204460477336
-0.0012595968593075819
0.0002316872154586562
0.0063247743952130515
0.008097088853165235
0.00885158308384858
0.009277171404063396
0.00699235471831374
-0.010856929337511282
-0.027761720398093107
0.004034629595767898
0.014856945180644877
0.01035772705308904
0.010600750152486165
0.010596882769006163
0.010161484041895857
0.00833887533115958
0.00874671623548769
0.034999649214038406
0.004983883954494594
0.004888789041745481
0.009850658046129297
0.010575911024894767
0.010805486447235887
0.007961606628284101
0.008639664237611002
0.011045182827249785
0.014563409130546998
0.024436117002422816
0.012767759085769843
0.010649091084529935
0.009975576909597753
0.00798876080203888
0.004771724921634587
0.001848759586642383
-0.0008530255960217303
-0.005706018707218941
0.018957855071023457
0.02438806788730999
0.017820212408691583
0.006870980431359953
0.0007431254697707185
-0.0014625009266602748
-0.016369850888841117
-0.0017678104208430888
0.0025277767276616005
0.007368209579078257
0.00391573221482836
0.0021740160962174133
-0.0002685176887079903
0.00040828741217804627
-0.0005011487325901605
-0.0009834702552553724
-0.0016654355239720026
-0.0011843623383963038
0.0021453861843074486
0.005610600506429672
-0.007138299291375453
0.0010175890169116751
0.013834328583281867
0.019765169732758398
0.007744623882295943
0.0008148709366567722
-0.0015109270199812085
-0.0016659171518413056
-0.0008768897750543561
-2.617953907750823e-05
0.0008549028803809998
0.001376752635630178
0.0021922849216349065
0.00271144736732336
0.0030701431089621067
0.0033406829119482146
0.0032771335091913464
0.0008208351956622889
8.213881560170803e-05
0.003313854733343547
0.003547596309254978
0.002217692172454764
0.003033435186557309
0.0036133699448466284
0.002352049446937463
-0.003561192668085413
0.0019949784778871883
0.00035412658433674177
-0.020561341823866975
0.0013029294829990314
0.0022031082096161635
0.0025042784033524356
0.0027732117976715176
0.0018637047303675174
0.001987270830292439
0.0014857515290574916
-0.0006819534679956702
-0.012633002082519532
0.0009230104311662497
0.005453134412581775
0.0007806246781456563
-0.003642053088016474
-0.014612196014005794
-0.012537004315711085
-0.01161266361423102
-0.017225932858505516
-0.02646157377518468
-0.039308250226186774
-0.050302467052725355
-0.03264076804184243
0.025974704008439136
-0.009911437661813061
-0.048615938537963914
-0.046805016765457036
-0.032478905150877556
-0.029625754535750136
-0.0179154803070173
-0.01745018879133852
-0.012500748402484288
-0.016313778474208087
-0.011516077704443862
-0.007064302339490396
-0.00399979723551382
0.01589657369506876
0.03143677647172158
0.006270680121374619
0.0072485474258626266
-0.01941806662529313
-0.06563270337976874
-0.05797896044608829
0.010526984690002045
0.008301472342397616
0.004031434989328632
0.000700775029487803
-0.0021829727372832653
-0.003663227238545866
-0.004623935870440126
-0.007618894351452652
-0.030995899028505126
-0.014755051280214001
-0.010440318396731697
-0.005995258278074043
-0.0010073225360494285
-0.0014594343071633047
-0.0006911544813771389
0.0006550186597130611
0.001928918986127425
0.00361617407197019
0.006543450186781979
0.005831282159445726
0.011408597243595468
0.013777454427532188
0.01844778588187241
-0.006813832739560333
0.006404734370616342
0.003396855374795703
0.027697835269041276
0.01902847308359455
0.01294171079409498
0.007777265999965931
0.003854998134080783
0.0012313380529947527
-0.003150811525983229
-0.01775594164952527
-0.008400557196309194
-0.0024629541878086808
-0.0007951828317160568
-0.0007725675089310064
-0.0003087974221899732
-0.00039437266271745615
-0.0009808626189882288
-0.0014217299378777699
0.0003095757491049787
0.011106342039357677
-0.0031685784179933496
-0.006596558290326623
-0.01023483452847903
-0.027434395558404028
-0.0037595356136418865
-0.00020410199574090834
-0.0013967367285043217
-0.0008415882319609946
-0.0004117270410538508
7.986545991209743e-05
0.0011996189279138705
0.01037544376170824
0.027137504679336927
0.0028196808165258
-0.009312436017448399
-0.011880228315712402
-0.0005444817094911483
0.0012672801423803035
0.0016681201772378914
0.0012293822679025292
0.002071201141067631
-0.0048570858628188595
0.0020593068645881423
0.0020476409792792327
0.003603807775426462
0.003923275631481327
0.004122783300004623
-0.01117121801571779
0.0004888122531589724
0.005236610790135559
0.006450321368818721
0.006778891272762901
0.007740451459403567
0.008057577441716748
0.008273883072782684
0.004769165553361811
0.006446228636648382
0.008128950512048523
0.008215375700623816
0.004950818964080052
-0.011862087869211667
0.01146929008821454
0.012606161154977162
0.018865364478419504
0.011896251604794027
0.016002558445361595
0.01736310354602937
0.017431391528562754
0.013877713283452765
0.0063688239103587745
0.016306009030688233
0.020726851705562467
0.017507021312160954
0.0127419958446819
0.015624321892603647
0.008368787788456001
-0.011792992442360548
0.011647547439786955
0.024713294353593665
0.024678497371659343
0.023262131360738243
0.0288462121543631
0.021644457029097623
0.01819500533600049
9.71310627074591e-05
0.008441539457504154
0.011239975097700297
0.006606359546547277
-0.001842543644897136
0.01597486002974177
0.03495833610972396
0.029881135394661293
0.017810461150576357
0.013770510371726764
0.011066430302027455
0.01542718152456898
0.01985322941145903
0.018901487371488085
0.02016939107903894
0.02035258096306963
0.019556814914401414
0.02036355102282697
0.020475338675662088
0.020343813792299884
0.019660784437635328
0.01890083668281969
0.018011177363999865
0.017031322846262575
0.01637289001736094
0.012670582080220585
-0.011411867361622597
0.014172427169674689
0.01167654923599408
0.010149571873223325
0.010041847565189593
0.01084383088122711
0.009491282115985884
-0.008734270923962626
-0.046672898296420885
-0.04983600800491112
-0.02623584289246514
0.0024723716738867434
0.010902393765558693
0.013849583961403745
0.0052240126639846035
0.004372899372708854
0.0034971927543271898
0.0020106864520241597
0.0014569415332974622
0.001866766781497003
0.002794802145599878
0.0028299402378038456
0.002863243439077929
0.0025554165170240165
0.0010206298471972918
0.011800786100040069
0.0028748144185510587
0.006024272990497603
0.008294805322625524
0.010003479531541425
0.012572195814735662
0.013702017102657333
0.009079082514705539
-0.003549450570512639
0.08736833196316313
0.07743805601868556
0.009883151478408025
-0.0018374874292968989
0.01121616068278248
0.014219204128397521
0.013645758218069182
0.011050971711535604
0.00901973865689984
0.006909739759820944
0.004203396110487151
0.002011094586692748
0.00018817713773569976
-0.00047487925828381994
-0.002017083558860916
-0.00492118369025501
0.04327917904493202
-0.006141396535581601
-0.004352435431693506
-0.004136291975026888
-0.002274488999707867
-0.003966718311922746
-0.008133830778856344
-0.0028096940070862536
-0.0005527854059594795
0.013070072849837336
0.09682165536044418
0.006301427045756036
-0.003253803413292951
-0.0008998287132046344
-0.0004950759466522519
-0.008912127475408625
-0.005392346221201261
-0.005569366180916309
-0.0059300797392019084
-0.006367817065342272
-0.006648563895460116
-0.006872059116294312
-0.007208317715947305
-0.012087591404814102
-0.007163072140863843
0.03748820665970255
0.0008599773030250527
-0.00657235065951292
-0.00670246604736877
-0.007560147728268542
-0.008523825108310016
-0.023328687629128955
-0.007683250745823541
-0.007253393271451759
-0.012809399693181409
-0.017349380466308253
-0.005342993495293551
-0.0034219589879890865
-0.0010997522877728987
0.0016387043237345463
0.01337437827868614
0.04182709118783521
-0.04394006471749507
-0.06145386461856043
-0.04855478619880241
-0.018606980609697985
-0.0015862005037939326
0.0007274103705807169
-0.0007191424015413752
-0.004147601814135194
0.0601103669053686
-0.005709711016248409
-0.004296714502925819
-0.003958072175847059
-0.00340109119563621
-0.001138057799161205
0.002610610951900409
0.009093705878209941
0.011830780788392465
-0.02324912313634205
-0.035925625950257285
-0.020399577859800944
0.010844553685471228
0.0069349219867711875
0.000689103167930077
-0.002734633396220429
-0.005316079276330109
-0.010502487195290146
-0.005472392992649043
-0.00504932240112788
-0.004969446710922355
-0.004872059672856454
-0.004961486097927679
-0.00504498452344724
-0.006700818021289422
-0.026152896610467727
-0.010546613646709597
-0.006325562481210335
-0.0039784624223226485
-0.003806902531602213
-0.003006483742648815
-0.002945055486302986
-0.00532960071528892
-0.002950769526146739
-0.0045513957225724305
-0.004940090072474529
-0.0034424633036042886
-0.0016086597336384294
-0.0008505346749880436
-0.00034757545365312747
-0.002031404352143327
-0.014187771978553572
-0.0041411831011103194
-0.02148787821987719
-0.003518828816978269
0.0003992070695302111
-0.004058572791532316
0.0016493909293092326
-0.012584466627880094
-0.026199184221276407
-0.04060471050811785
-0.002286724628092043
0.0022611664494410766
0.003535028599068581
0.004392012483449805
0.005241337930518793
0.005953311204778924
0.006751743865743531
0.007570562890601678
0.006582078825051093
0.0027910468442916476
0.005519122551315093
0.004811236509863276
0.0017556907918095767
-0.0018701202317519096
-0.005463153820875299
-0.009409965255695756
-0.0120148954402771
-0.008096188261813738
0.003538439327391918
0.0383448027198036
0.021661417302526322
0.014650462930122723
-0.004639056348109976
-0.008016802277589476
-0.011358351155554468
-0.008217406438173215
-0.004935652128404366
-0.002555161713122801
-0.001092995793036457
-0.0004997939553703938
0.0005957466358262494
0.0009506594963642345
0.0010185037729480712
0.000706789470391521
-0.004581210501659634
-2.953005192745979e-05
0.0006263005687336477
0.0004573443362968902
0.0007651217015262547
0.00027895846211948753
4.187447096579603e-05
-0.0004124436057644791
0.00863260771939895
0.0065666732973588575
-0.0006537154703286508
-0.0003185472801136927
-0.0004919242645227938
-0.001431140395990035
-0.004492260031628326
-0.0058907453635933926
0.034020617997282364
0.034701360064814994
-0.004870175787679861
-0.0026438602157520474
-0.0008667604476739422
-0.0002628939129580531
2.059903648208435e-05
0.0002758304139892439
0.0005364379814967383
0.000615882683964968
-0.0012635725564130826
-0.0019440866937426955
-0.0004165265143172258
0.004521310060205665
0.0017301326477858036
-0.0017856339796923188
-0.0008112598928918548
-0.003978832164102448
-0.005112166023077938
-0.006269879023434168
-0.008646587082170925
-0.012051193284252526
-0.011402151186530327
-0.001387817067423538
-0.02440010191681883
-0.029282915326023284
-0.029128147818606887
-0.02588179950253584
-0.024122181366243577
-0.0208050470268887
-0.021692857844014736
-0.02060995461130464
-0.016596542800526512
-0.01420965609229055
-0.011424899668655468
-0.005988654753637983
-0.01161162758130396
-0.02103999805210144
0.009650966050548083
0.016148017756062387
-0.0006969557592337001
-0.010270522382896751
-0.013228716933061857
-0.013313997384324844
-0.01209471390910191
-0.010635646744623745
-0.009235586093780319
-0.008366118135196646
-0.007813812731361941
-0.006403366414823849
-0.005696588549890466
-0.004823716928518925
-0.004112494391873603
-0.004079528968993125
-0.0035202370630436665
-0.00324509906681189
-0.002825520988589269
-0.002557810001380936
-0.0023745865086176993
-0.0026476843818800623
-0.0032986090246151876
-0.0020549353908747387
-0.001801926211075065
-0.0018530120629875488
-0.0019358882542579105
-0.0020939689024250794
-0.0023113649167459263
-0.0028449979935775286
-0.005710351767484734
-0.003772787196460806
-0.004449056910458323
-0.00547924522904991
-0.007161911406124582
-0.008557300580911463
-0.01057296865981253
-0.01328930891690355
-0.016740795062054743
-0.02102702421651067
-0.026106135114991557
-0.03147824935690828
-0.03383751749743401
-0.0250154789608177
-0.0017514178991041404
0.019507269839978695
0.03299483190614787
0.008125040197291355
-0.016523281989313555
-0.031155954621344496
-0.03264472513484617
-0.027989484328676553
-0.022706977626671197
-0.018088567620196627
-0.014394262214789654
-0.01248707766164992
-0.009256710434910734
-0.007337482732264772
-0.005981022582615031
-0.004647983438850379
-0.0041925979912625765
-0.003564387164945747
-0.0029989953905376187
-0.0026733037524716086
-0.0024473195463851336
-0.0023003613711392564
-0.002115677461803394
-0.002249616987227747
-0.0029756898248693253
-0.0029594972635087207
-0.0029609632361733713
-0.004216318060963106
-0.006850193287501105
-0.005178612009731374
-0.0065307136833868875
-0.006023321724126232
-0.007063762118794131
-0.00770692046953871
-0.009084821788812538
-0.01711943194574649
-0.0646960621400003
-0.03640034139341758
-0.02243464745820632
-0.02790747023089328
-0.021332205808782954
-0.017569348225931092
-0.015850473991675638
-0.012419216108847346
-0.008306439314104283
-0.008431952462371174
-0.036162909979465474
-0.038222955570916706
-0.03198153874031375
-0.002534755702265396
-0.004709381238546593
-0.02403432664862122
-0.04020609404299032
-0.024978595653057115
-0.020766096026269457
-0.022864859507838887
-0.025203480668663947
-0.02390784731198697
-0.02541960831738139
-0.023542417142082807
-0.023836878885281413
-0.029407679606179418
-0.027281721186283872
-0.024811030505411582
-0.031060254077442128
-0.0241257135558323
-0.023499347098729247
-0.02308331597480552
-0.021876217255694472
-0.020364775037800025
-0.017955063020727052
-0.01437346477591403
-0.01044789268153064
-0.0064251232874737215
-0.0028407815953285383
-0.00050045408185141
-0.0013390584202873236
-0.00846411017089633
-0.027683943166675537
-0.06427609319372384
-0.02122491097394065
-0.02391866319555651
-0.08663934662727854
-0.07507147194224877
0.004987531311295794
0.022026270106012918
0.016673194243830004
0.006459214294130354
0.0021232988699109922
-0.004403114784512006
-0.01085890199339244
-0.016584223637418447
-0.02124388570309938
-0.031221433374651116
-0.03435207504512343
-0.0396214454394507
-0.06372476435656604
0.05266910026123773
-0.007961038190967834
-0.049271247154877656
-0.024457224324521906
0.01886080054354661
-0.02819180447168311
-0.015491229338570308
-0.00718681669311814
-0.01838460785417422
-0.019222986979132082
-0.018022669519224294
-0.01772856206262528
-0.01715599757680535
-0.016929261433647022
-0.01979791498281649
-0.029778575236619434
-0.01789701851121848
-0.014471946856429599
-0.01334978438042636
-0.012682077498038367
-0.012637955059260067
-0.016092816627841726
-0.02325742647917994
-0.010860986971311522
-0.00902700516635944
-0.007869822844335905
-0.007380918584468104
-0.007843694111267669
0.006270946720992293
-0.006171387926013005
-0.007863606209025242
-0.006080408689745552
-0.002422136209655084
0.00016008682104690425
0.0014742673891711493
0.0030328952223457172
0.006761557075516619
0.00537733037621268
0.003204183726684975
0.0069928290851220655
-0.003955391312235744
0.01141019451968186
0.015359545307056539
0.016127962152020475
0.018245555667249006
0.019087002974602554
0.02019173579905498
0.013876742587620148
0.02283317959046648
0.02314479114292086
0.02227870898349949
0.020497890642512766
0.01842197981471604
0.017882660939859393
0.018232260477031394
-0.003320038268203093
0.0050335180388304205
0.015137506261893145
-0.015499579327926748
0.015501372554352572
0.01849743476026922
0.02063382709728113
0.021818506584001696
0.02001981904556965
0.020055241218304813
0.02187038814957622
0.01798502033343469
0.01256282653223694
0.00032853698649522057
0.013856922094686256
-4.201043281951085e-05
0.0028719554247832444
-0.03765154026269715
-0.06712121225149519
-0.017050729952083128
-0.0018595131931666523
-0.000824518787087619
-0.0003377215516684706
-0.0003730217573103889
-0.0017317740578780515
-0.009851135803447835
0.0037826954307706067
0.05369684617344769
0.00935926573937631
-0.002486776954238072
-0.0022335151611150655
3.172675769822593e-05
-0.004818034210828891
0.002832193842291794
0.0028513410156647922
-0.007634262423295893
0.0036946368184607213
0.004636744136311955
0.005808513448745279
0.01185765691828313
0.006468295368250727
0.0056069735865535535
0.0020347762562704097
0.005105045229011539
0.005266576998377687
0.004523956357291732
0.0034549486461495785
0.002394103711865901
0.002285094267887882
0.005083882885629454
0.0113565676999231
0.018328416206174945
0.022793716465323733
0.022228210675164284
0.01908315491318574
0.009471789407371109
0.0021173910137213935
-0.0001210608452266864
0.00037441090885598124
0.0012446522393477304
-1.272497759205729e-05
0.002841715009543089
0.0040510821939259735
0.0036432483125324994
0.005160733984782865
0.004543910200125596
0.0040406606829793655
0.0006487006947200537
0.00136595499395781
0.0033061339032701043
0.003194895772608408
0.0028544299481486485
0.002216915540159499
0.001263633298057894
0.00020714832580952182
-0.0007805122464044424
-0.0055552977659173676
-0.03284123704243389
-0.01190941536556748
-0.0009697103195154298
-0.00027983198184098
0.0029143644747876073
0.002840719679249332
0.05963711023731192
0.014569168284190923
-0.01208792825014376
-0.003672386288218057
-0.0008500700876924363
-0.006129880930809
-0.014760051960920118
-0.005858686047431529
-0.0009249901790569049
-0.007529838624832404
-0.013920980198279363
-0.007030874801709361
-0.00727588561434802
-0.006732479917579247
-0.006483276583607226
0.026261686528868615
0.03452490438071922
-0.007861519511580043
-0.011619127224800765
-0.05018590570250398
-0.020259836670975764
-0.007215556687864532
-0.013031325396343706
-0.010041500941506225
0.0011403451167862977
0.012465399145858778
-0.010010591241821116
-0.01936746458057262
-0.012200367891647444
-0.00931061104197518
-0.00906503694554733
-0.009075950826442216
0.008402625560084687
-0.008443501399685987
-0.01239050300527136
-0.015766238128019503
0.057305945453509144
-0.006932219580362048
-0.008754374993702276
-0.009457652678686743
-0.011072616333379678
0.0200448183367817
-0.01222555428844589
-0.01050042405311992
0.006647712608017646
-0.005074355099081788
-0.012895870665006727
-0.013946739964204233
-0.014562281564784561
-0.015628612425846566
-0.01658210118618014
