-0.002032368946827312
-0.008767439499591786
-0.04234970374978281
-0.03212797342934621
-0.012105800829361949
-0.003675278767431719
0.0012703938624162227
0.02654956739319321
0.030542669665323458
0.01686369588749949
-0.012637864435497278
-0.014745213912557481
0.003414256356460158
0.002324003123036295
-0.0015919183778771862
-0.017987278997478946
-0.018023127487849566
-0.012431548026076914
-0.003564346984432927
0.019673161465607474
0.028761672553383348
-0.050001082165013075
0.03186147631934032
-0.037319786264262085
0.004215449646992999
0.03446695651888243
0.009437155078978625
-0.0056734580300605636
-0.011571444839548192
-0.011991298708980705
-0.025073821121729553
0.007347570644166455
0.018863565843835146
0.02316115909280331
0.02382515702199228
0.020567996501665898
0.03332977063277727
0.008486640298746604
-0.02058935795334941
-0.0022433526147866457
-0.006548586442515703
-0.012547851813117496
-0.01990766760588544
-0.03506305566288212
-0.03487888048236075
-0.029822663894898706
-0.019812879042515767
-0.011082426147328494
0.002110785404949528
0.018078637271845763
0.02814121990012646
0.0651808392810076
0.022276629871933525
-0.09228756646358234
-0.0913862728637139
0.04546625105723453
0.04643109224580246
0.10124721929112712
0.02271924801538302
-0.07593491234356178
-0.11138446384206581
0.02798674824413971
0.09422330199859943
0.012296295297539893
0.05381392907519065
-0.03640030680980189
0.0045148419875167605
0.0722881126180621
0.04128821623729184
-0.004409313423915072
-0.02300714551778219
-0.024922090346491413
-0.016695766518932554
-0.0037356652402336017
0.008954777835638892
0.019482361403392604
0.002360325943297654
0.0008640210452108978
0.014848870184856157
0.03771985948607868
0.025594019763096106
0.02394429884202706
0.00758608898649798
-0.00020200471019816526
-0.003940225288391561
-0.0077036016552077865
-0.011611609587665939
-0.013275058896431841
-0.01088935961038875
-0.01899230626142357
-0.02142002672765466
-0.02476332739614
-0.02570065657973398
-0.030139929709944866
0.02006035177869041
-0.028007777596248586
-0.03777631306642354
-0.01941558177882227
-0.00965025092785468
-0.003484833173515973
0.010520385087832906
0.0017786633837935913
-0.019905755845445402
0.011506559394912257
0.011893679737215014
0.029932239524050636
0.037893053785751786
0.04358890891920398
0.04964994673555357
0.04319987916224547
0.02804969765614383
-0.08488826847086006
0.08071818990337466
0.09975865759738185
0.0926485384278848
0.07179358295185677
-0.04471704762707417
-0.008663610734288618
0.030489266768134196
-0.01678163592210897
0.018082543596317145
-0.08854299678431114
-0.004754141365252152
0.034976947032585255
-0.20523970741286288
-0.061990610775720247
-0.03548924257329113
-0.025577753603562275
-0.035351944495656165
-0.018095315217062355
-0.008497691615277738
-0.0012946808569060655
0.0033432489121229558
0.0055687594220131765
0.008081760678312788
0.006133738312447698
0.006378993789756955
0.03728244792067179
0.02453918493053807
0.02391022344041533
0.007112328988933473
0.005519319853359999
0.15773520764938978
0.04340543907338177
0.05492812718687004
0.07454085284066106
-0.012665829618076396
-0.02309515249320163
-0.02625933123140565
-0.014268168828339681
-0.030787644794703736
-0.017361583660147967
-0.02464275869147586
-0.026801194127054766
-0.009978377420432555
-0.027182363772159056
-0.022667529268848817
-0.026244390677157656
-0.02490543969831844
-0.022626561939758722
-0.01978249717086747
-0.016879148462419925
-0.013434868313303379
-0.008820688296127413
-0.007664561074593754
-0.0522120538603415
-0.020735474562291634
0.0006882142997536096
0.005750788626152904
0.013433875785723927
0.01916176901341821
0.02380359322136895
0.027288577709723878
0.025812038552505488
0.025056118150251234
0.015514923256019358
0.03671553199185216
0.01982215495372913
0.01435953513273286
0.008342207855596303
0.0015365441029119447
0.0019868679069406253
0.008421405299310682
0.047255495661056156
0.03863997447870255
-0.01206634341672467
-0.0010401301446593628
0.0014263029873398888
0.005040381225737506
0.010090290506241186
0.014339813461632064
0.01683223621665039
0.01754416997247873
0.007529705909963179
0.013889202334943956
-0.04710136760177709
-0.042854626095039
0.0024282874545821977
-0.0032115171238272103
-0.010663528434483743
-0.01994375619608802
-0.0018296228879310773
0.008545972353601043
0.06847021925292184
0.06621741330550576
0.02111429113684616
0.00261681847327767
-0.004790191734663134
-0.027608549016453304
-0.04168996924090153
-0.014247979207454402
-0.013704935072676078
-0.012190883761237944
-0.011212234633397912
-0.013802372013767581
-0.09394588302695762
-0.013752994690663654
-0.011249699862665215
-0.009914410978355971
-0.011504964711501914
-0.011400627092556643
-0.010858414503969033
-0.010124657900448803
-0.007910945759854774
-0.001535653021143936
0.01672040397720411
0.0224264824860041
0.0060299439541307
-0.003817309012431286
-0.006511873119601348
-0.00850095711666178
-0.016637139799595378
-0.031833995611420016
-0.07234169007489451
-0.007461077747881258
-0.06044592040010953
-0.010753537840081916
0.04845257741274483
0.0005641806909984304
-0.0895894862292563
0.006496678546228215
0.04492124438720974
0.0308955393989137
-0.019320407392128685
-0.0009326390493019622
0.01354980089560846
0.014472111079382559
0.013158277789299675
0.02731794675032132
-0.010192101197206982
0.08496024837124047
-0.014282640286255768
-0.013473051897170542
0.0020073678840394683
0.020143779942450035
0.042589246875608805
0.02585662003370368
0.016488574491335416
0.0012325833706164687
-0.0031051240068722236
0.010967272021607792
0.01347311722393928
0.015345239110242544
0.013988503521167399
-0.006132332544626144
0.021903740771256168
0.045452516976285176
0.020546951469138687
0.006575261710895614
0.014568658071492014
0.012024754892430111
0.01486350221911797
0.012630954809705499
-0.12275456261911609
-0.011871824756509143
-0.020053893149850736
-0.017804066817431286
-0.02510260292778408
-0.003079881073513359
-0.001212619034262897
0.008014213136060336
-0.0012264143387158493
0.012185282368491578
0.019985372778687834
0.017378441791633996
0.017908984214931374
-0.0423316933908889
0.007389546042385722
0.011850828477982345
0.027966822132543565
0.010570599298335604
9.792217279414815e-05
0.012658197614288998
0.01935161525602917
-0.001618703745037467
0.009476140692719633
0.00550167496304327
-0.005217312860588096
-0.0376763021779317
-0.03724936398958344
-0.017944186041822307
-0.031161807014148384
0.012570109135876535
0.01334332261524458
-0.005851536589936251
0.014508434993674576
0.006970227025859692
0.009913250205169418
0.01138560831425592
0.013387801661846435
0.009549959085856596
0.017789540280989426
0.016525074217688795
0.019836833348870004
0.020790464700574277
0.015030688966249298
-0.036996276132530204
-0.007554473006760711
0.015451672574037937
0.013621206943040599
0.023738918345151905
-0.00403207549917848
-0.01268043518844978
-0.011715335009189866
-0.00643432102548007
0.049573634594252444
-0.0036974158716113334
-0.13563446978632213
-0.038390873563355014
-0.014244378091813231
-0.005870080101303935
-0.0014337619260235614
-0.019089358079152293
-0.042288313326878726
0.004127853967701191
0.004148695988077224
0.010334506403256796
0.011323516255570019
0.01077991421550709
0.010875578067022499
0.010995684571055073
0.011283860685318415
0.011924571931602065
0.004888771220229059
0.003091033936779987
0.02915810842081861
0.008378017254225753
0.007980397189507327
0.009633851518442505
0.008626924852999623
0.004743723255514987
-0.0004572869713141363
-0.03031494402046573
-0.015089672998873649
0.009234971044327476
0.005417697088928724
0.015902815901962037
0.009088757267082687
-0.009808248895238235
0.010204297950015725
0.004484172471610005
0.013866599690267678
0.008360547348947612
0.005999234667263538
-0.022064277063913097
-0.02519593312544947
-0.04643041031542997
-0.05802485399872825
0.04839433741734686
0.027649702110539624
-0.10221740330884518
-0.020417157200548732
-0.014867092454931294
-0.009689835643560223
-0.013113662935485604
-0.020878326559403085
-0.02076376513059452
-0.008886961950963019
-0.024020320138360047
-0.05524167959723853
-0.08479635472367279
-0.04883620414349825
-0.026150272367684285
-0.01160918480086609
-0.014190769953126642
-0.014985498932535663
-0.012967263344690297
-0.009127657798245708
-0.006319130943377092
0.002648896059921032
0.0030877767273499654
0.005114753483532244
0.004727141513737885
-0.006891829559727146
0.01520911404777346
0.023472723479140596
0.013108215151691933
0.009855001238170845
0.016968134182391667
0.012811924815138346
0.018314015446550532
-0.018582271432354316
-0.02712191414071632
-0.019429274682211475
0.015143392954201475
0.012562963363054113
0.013343199956973412
0.013759855661930316
0.0028197398628276677
0.008583338526164741
0.010768852407577478
0.007891212616714608
0.012626464770032842
0.03849568253460326
0.030490983466375538
0.006200031022585223
-0.0019398925008797259
-0.010756300909158648
-0.02165829028685668
-0.03750891670331504
-0.062086629691565524
-0.08424622031350812
-0.0733266318845253
0.041074848458125875
-0.06956012261408487
0.02874668925200908
0.06836288715023367
-0.014211658903759338
-0.0261196028907182
0.02835293211652931
0.043501197318087284
0.04303529009207688
0.04139354679432592
0.04023573192984418
0.036145708254721895
0.028905794439914815
0.018462274577960847
-0.015080163133055815
-0.02251546876875539
0.030827181118826704
0.007956723897161696
-0.027492109568980228
-0.004544019816925859
-0.009610224270267182
-0.004518047473459073
-0.006834621318237496
-0.011648411555976223
-0.020202604415257015
0.2683537136169209
-0.034846076503189286
-0.013076345940153514
-0.009500871585207142
0.010033058670626474
-0.006573232871326767
-0.00573457807613273
-0.0022831355209904564
0.0025983799971555865
-0.01324230004906473
-0.004017139339150708
0.00947348099679913
0.011285116681989917
0.03132628619140513
0.0008715309608097836
0.007095284443528911
0.028911016997649995
0.01329527920243339
0.008063561945721364
-0.0032414075721478083
-0.05279167735632177
-0.00614103760212261
-0.028648509846910947
-0.07455819276823891
-0.00930426991701152
-0.03042594586938031
-0.0001817572685922018
0.011146839294415747
-0.09342782665325816
0.016450520339362912
0.00963549638439591
0.014102566848828291
0.021819136287272712
0.016529824332392227
0.009640167925311258
0.015593644709187622
-0.003973873314290295
-0.03080152034934517
0.0066890239711591085
0.1028970691560512
0.01025050775516583
-0.17767080616082728
-0.07541385492370939
-0.017850911029612233
0.012196806906642394
0.012352354929912596
0.011678067244706719
0.009996321488330726
0.00396551469561955
0.02659715192743506
0.013240226525394699
-0.0007442101038964502
-0.0018848848333491252
-0.00315917561210161
0.013150268588309465
-0.009191102763951296
-0.021191655069111238
-0.011932699939233177
-0.007306897006297952
-0.007839062226289656
-0.007012202869486477
0.002640331520899617
-0.01432018372489143
-0.008221004529892021
-0.0075561775299721485
-0.009189765713130424
-0.009810243683100874
-0.009722395290645908
-0.009632831465910412
-0.01331860091211552
-0.011985467227971874
-0.008531138992755177
0.01720069809073063
-0.008542347719119789
0.024573997530877644
-0.013983192801737092
-0.010274682594322834
-0.008084425651798106
-0.008354066842075885
-0.0019430417017423894
-0.005035592257518358
-0.007965522239567388
-0.008532348272864396
-0.006518503815161532
-0.008048119781818847
-0.007820595945915295
-0.007859527723435726
-0.0075413974279779795
-0.0024502678624456235
-0.007103622163962979
-0.0067988270351974954
-0.007199284434318865
-0.006859510652857067
-0.0062577486998401455
-0.005907021316825983
-0.0055656115094859454
-0.00517628855877625
-0.0023354230119012895
-0.004483062210367458
-0.010739412752559798
-0.01437572068294861
-0.0033241871173994124
-0.001520023971458911
-0.0004824430065405477
0.002903684140492525
0.006305479852395747
0.008727977601182092
0.007639719537158382
0.027924397501926792
0.00014186978362302653
0.026056311976814635
0.009899439045390557
0.015012444911407727
0.010855836239695165
0.0053102419947491835
0.0013902729895341004
-0.0010382137479285857
-0.002530044445568964
-0.003928237486805054
4.423238621865644e-05
-0.004352416411975365
-0.004757143378873893
-8.214022251291762e-05
-0.03141754705674254
-0.00544173486768406
-0.0036574524464565903
-0.006184579672629052
-0.006181565414982446
-0.005733092866443681
-0.0053328463636138
-0.0036105586860889706
-0.0066161813834865885
-0.007146160466865888
-0.007244009608623671
0.005172884738501377
-0.0074414016905221675
-0.007945738158853164
-0.008152751163856463
-0.008472645941344057
-0.008779698608022428
-0.008945143919297382
-0.008139991951902672
-0.009328833204123348
-0.010983937124949892
-0.009790084895540892
-0.010647544105362748
-0.010331602679092824
0.024564302050686253
-0.011044080742558023
-0.009443909963837857
-0.008702898062073729
-0.012492944231882717
-0.009143364747127045
-0.010304390550466886
-0.0036015550016166896
0.005325227239810053
-0.006793289880871119
-0.008128532105584398
-0.007436466163514728
-0.006457737696358188
-0.0028144755021321825
-0.0036654847657902035
-0.013993823692566342
-0.009752254487413086
-0.003810764857898615
-0.0015318545977692165
-0.002306260710007122
-0.002874422366686618
-0.00445539785799142
-0.004341610898357749
0.0020618822417688156
0.004780542836885043
0.00029640098883918273
-0.022505515465940793
-0.0029471692182650175
0.00018132204813555447
-0.012376646004457764
-0.006185915502066322
-0.0038816809048449327
0.0027061755373918826
0.03264778280187421
0.0012541232610889538
0.0003995866879226736
0.0003908997587474508
0.008669686645238355
-0.0008927843193860658
-0.008126353469745879
-0.007052751845178586
-0.0017611167150995918
-0.002554720272584177
-0.0040911331443318245
0.03784145006365314
0.01305516266388022
-0.0029895718467103324
-0.01595177909551545
-0.005686539787155689
-0.008151196771713703
0.005185318367692608
-0.013588075973290646
-0.007580904380029882
0.01589599929623134
-0.0024097432918517687
-0.0017635405770728035
-0.021713216873922834
-0.016469209510461873
0.027545921170318052
-0.014895102140728091
-0.027313847787061585
0.004955960076564658
-0.03568102347933843
0.018772502492358997
0.01152595248713298
0.0029226647345625377
-0.01256503958590176
-0.012658075693809957
-0.006899041028943167
-0.00527422960933782
-0.007325164216266412
-0.014691356018479255
-0.004867389712978232
-7.079895117308993e-05
-0.003244254889501276
0.020408562980017392
-0.011105293999936941
-0.014157777232747144
-0.00017058418792794823
0.017798805419604338
-0.006313874508455889
0.008997190870771986
-0.0009751831212088294
0.03680617522746916
-0.006829210517827365
-0.009232561050206969
-0.00946304820298857
-0.008869606108116783
-0.009374055731463465
-0.009935165020359425
-0.009274108350122833
-0.00916530099584205
-0.00980278977415053
-0.009906537938433069
-0.009693320996943562
-0.008903556831620365
-0.0046861499348889
-0.018607116711544133
-0.024713093175485083
-0.018466293075856666
-0.00712995407399619
0.007055978073075792
-0.00653549611295316
-0.00804290776384072
-8.220465323814339e-05
-0.007041770617646323
0.012024906083347523
-0.006339253709146642
0.05221464050698235
-0.006188403197235739
-0.007328875469462802
-0.007103200230223716
-0.005519692401893923
0.00023393867601076575
-0.0029992154589021957
-0.0014172109091991048
0.0011674915121268525
0.0006414136598604758
-0.012178953670791543
-0.06149180217575837
-0.03695648041048295
-0.0697077130679796
-0.040132255364373114
-0.0029983051819252155
0.0034665324588941016
0.005946054342258512
-4.82642056019979e-05
-0.002490790491853491
-0.011732006306597684
-0.008760531900424215
-0.005736356222871754
-0.0065198625703064015
-0.0053008224454977266
0.012890542508202431
-0.005386866769960342
-0.006889261746533154
0.013360940476423904
-0.005270877191330203
-0.006065827890101952
-0.007097984172793576
-0.009469965362973017
-0.005260699388106317
-0.0049415852501608695
-0.004582224739794008
-0.0042776234990042055
-0.005530843361376382
-0.004184514976286511
-0.00269515458031162
-0.0017423766794883002
-0.0019283295674967832
-0.005947797290364642
-0.0017287933795530777
0.003118612608937449
0.005804199761630834
0.007847855508381536
0.00767338826206127
0.028043739494446163
0.016820396597815784
0.035323806482836985
0.010612494913263035
0.016913771998839273
0.012985429756489227
0.007147252615661094
0.003637859869578085
0.0016855992462475298
0.0003959563773085938
-0.00010241489584262077
-7.766114306023086e-05
0.00024732253981487825
0.0011641392018659502
0.0038523659822098416
0.004390137377024096
0.008321638584659792
0.013581932407263436
0.020324892871079782
0.026822286836129812
0.02323899633871797
-0.009636039169861162
0.032796217887187805
0.03249930156041805
0.014561442235507835
0.005251224401086589
0.02660019666383367
0.036877361476972875
0.03018054445703
0.024692892360758265
0.02007295149764481
0.010598875412519835
0.007711694404792082
0.006771241820167465
0.001977113417824898
0.0036644547763390826
0.002022356514616125
1.0648418397662704e-05
-0.0011167174162443128
-0.0028362816257065907
0.003383408984898165
-0.0025831468860750295
0.004796500239771076
-0.00463120335488878
-0.005745706759825155
-0.006674623081954733
-0.0076897935193730015
-0.007851506698097992
-0.005964105969493131
-0.007930945346628755
-0.008321564634339262
-0.008642664961797601
0.004953429642924978
-0.00546535094611478
-0.007583920834214904
-0.006499564538006794
-0.011341538738559587
-0.02133109727091977
-0.0067180106902613446
-0.005497626851307112
0.005857320340871697
-0.0040659423785448425
0.016447368061072182
-0.04664359347935713
-0.003904091493719365
-0.005409634593476366
-0.005735170095101758
-0.005402766277866477
-0.0042112691981596485
-0.0011816271544745215
-0.002668400881938577
-0.0024283255141901235
-0.0008373544588474515
0.0018450272361016458
-0.0002966532419298258
0.007674005656802351
-0.0006943390357601364
-0.00028080599165212193
0.01039265306793032
0.009336566928423351
0.0641166976791444
-0.001216640749334153
0.04093190884258207
0.056530777928335926
0.04784876832387878
-0.01221780706402526
0.03082593133750824
0.04063979943974574
0.021734047398761374
0.022817382613940014
0.012873269751391936
0.0030331703703043826
0.04639891552234981
0.014546285658061766
0.01731027170545867
0.010629581096107553
0.006267174289731829
0.005151660634051611
0.016809011284518685
0.007908473099716401
0.0012298190098773778
-0.001078085406279113
0.008017486162217905
-0.00020794798709473466
-0.004063579821288649
-0.004193267643428038
-0.0062869896760937025
0.03765231318138151
-0.007878292810748748
-0.006704637732004201
-0.0022283555189077917
-0.0044985003254030785
0.03725511875693361
-0.007876678212524144
-0.004615676753787915
0.018130773739518984
-0.0024938421825106906
-0.0031828719496335887
0.008774131801703888
-0.0031659484233703206
-0.0041529790505427195
-0.004632616650518683
-0.004627207360227326
-0.00278542663249227
-0.004905595627360293
-0.005064320834442892
-0.004977832437648957
0.002417045698467839
-0.0006610765670993681
-0.004042827091296794
-0.0018161230695570405
-0.004959581157477604
0.015701240669447603
-0.0051457574411436615
3.532385264774445e-05
-0.0005368795913234987
-0.0008590035420465926
0.025281383286477548
-0.0038836716929313924
-0.0010327637992864503
0.0005100676729082232
0.0030600798330262025
-0.0015291493200324648
-0.013110280689079172
0.05711398894621675
0.017792502149642637
-0.00741839388899462
-0.008158137069706002
-0.014940615514085471
-0.013614582398060605
-0.00705742902194865
-0.014511493002562043
-0.010317700179832606
-0.006168852116572656
-0.004696190180632776
-0.0100107437528527
-0.010890499268806855
-0.026016179039995438
-0.022327290934637787
-0.014087051893487615
-0.013496429136025114
-0.0075356552124588
-0.0044467892508527635
-0.0007516716663761533
-0.003447994883701074
0.0187425738991268
0.011868155100993368
-0.004746493304163379
-0.008261808353199143
-0.009907166762311966
-0.013427946609023581
-0.005947435834745811
-0.01581055206432182
-0.014344689875199646
-0.01588216043833301
-0.016058805535240323
-0.01127522987370873
-0.004502385236998073
-0.0034300724188500186
-0.006598032363651298
-0.00578908754421313
-0.005556624433086393
0.030426901805161454
-0.007766935733517091
-0.004851742913219638
-0.0046910160738110355
-0.0042430536355965295
-0.00658182622137733
-0.006240957459316167
-0.005014160156395409
-0.006020854955663137
-0.006068536982294068
-0.005511688075068873
-0.005859536182485716
0.0015328638657090522
-0.005236068815386823
-0.004698185356019929
-0.005810654076025011
0.018482243188394285
-0.0052144056217202795
-0.006911471983824658
-0.003711858538771856
-0.001562296535415005
0.00019298274107942657
0.0006591979376644161
0.012145482419788132
-0.0012577435004468784
-0.011997507982680743
-0.011374036050787618
-0.0028485842111384057
-0.004198383109754494
-0.005249065094360359
-0.006128345626497365
-0.007184497213148633
-0.008351797026615997
-0.00849660167916258
-0.0038366328151144234
0.006392543242160549
-0.017354988928078244
-0.03547692031253055
-0.012464954476997494
0.005754781252754974
-0.00941495927317853
-0.0059820366827949565
-0.0062411966117399634
-0.005067255325693765
-0.0038244883448797728
-0.0026990969673918327
-0.001603231610809445
-0.00015791405373311745
-0.0012104880080799952
-7.990800023914592e-05
0.004261597907659674
0.006462243912984914
0.010707563965693768
0.0053694680142622655
0.01762874072930624
-0.013680731571543342
0.012880346148094322
0.006629745123369122
0.009961740850690527
0.005534401822077068
0.0012861405524441732
-0.0044456814405561314
-0.010121547306945092
-0.004005196544781659
-0.0021940483715648623
-0.002856116581849625
0.0017493828128749053
-0.0036019450173544027
-0.003795199696058651
-0.0017428144062729745
0.001763307690490534
-0.0029255231747257996
-0.0035688965821939387
-0.003041118897889716
-0.0033037227800575626
-0.005175311097879121
-0.007519228120596688
-0.004137184010237812
-0.002822629427669139
-0.001516650105411686
-0.001472212311813417
0.005502305123630522
-0.001355692495308117
-0.0015928177236903594
-0.0013174133343909742
0.011417897423123846
-0.007732284083057078
-0.004824178994391948
0.00014242857804812618
0.0007931046651656171
0.002330635808542603
0.02729326066414683
0.0009781699006439623
0.009223000761787737
0.01506468241570184
0.007987913630841479
-0.039121180924158845
0.0022575332011999833
0.004898537806632475
0.05151481610160975
0.000910649897251445
0.0004856522607083452
4.3821511330391676e-05
0.004614431217591611
0.014303346143974641
3.6003638555847116e-05
-0.000629864179047544
-0.00020855034741511152
-0.00017082553100435653
0.0009823158084291562
-0.03350931433276031
-0.0030161575243375753
-0.005947046772599877
0.0033574730658173643
0.0026317999511176514
0.0012565377414235043
0.001600320971257238
0.009097485784741871
0.002170068522977776
0.0024711712821561004
0.003496984223227569
0.005093057954996354
0.005145869342379459
0.0069269710284855755
0.010900922923057908
0.011523716454923224
0.03867437763396797
-0.012621647473530527
-0.030180898228957996
-0.018591629250039897
0.006795873217766324
0.009369449831181709
0.007609890704751027
0.005987861327658762
0.004931210230367239
0.004333720505811516
0.005189967206173724
0.014565921615322934
0.004698169269799487
0.0030158586007857195
0.002880728411820176
0.0027443381697398
0.00258987662745496
0.0024580711185698064
0.0023296443386072725
0.0023947178031874
0.002384925902754173
0.001207827227022779
0.001386120973769543
0.001535650634676175
0.001205076296801287
0.0008151491182090086
0.0015479989007775954
-0.00021334807532646436
-0.0007275479836739787
-0.0011909728487105782
-0.0021768935443218494
-0.0027973688960616807
-0.0031144281980318416
-0.002690517785552101
-0.0010404710411944039
0.0010902035970564753
-0.004755369824009668
-0.012005284205791049
-0.013577045888220889
-0.0008065351472177076
-0.013032544006592118
0.004897006486781758
0.004136013504700482
-0.0009940220839890455
-0.00229016653619729
-0.0024991387518464555
-0.0016900292596756098
-4.2160953835707056e-05
0.002154122682536197
0.006282505518568223
0.012118947742195872
0.021063152354275836
0.027997829486910788
0.01345017211041313
-0.04522650040718408
-0.01076189877996997
0.01538752428987884
0.024276440703235043
0.015467582391276347
0.010102859502954815
0.006502287720814967
0.0015380945244409625
-0.012768802708798696
0.006643714404635118
0.016256013284968177
0.015751734678532615
0.013734891166682238
0.011952938257505374
0.017571414641594996
0.00951477486861004
0.008836663923440414
0.007976543324988738
0.007442548887158392
0.007189556457602744
0.0075833417794434164
0.009513914630315022
0.011906607958666608
0.002489708244651418
-0.011897950148119308
0.011029686341399798
0.00979317931352037
0.006279662886659951
0.004709960824994757
0.004008890347084362
0.003684441722383704
0.0036308218420145733
0.00336802163425713
0.0026448478410107893
0.0033803487905601282
0.006748617080469932
0.01249566995976824
0.020505344728984826
0.027246771612224076
0.010776444710696689
-0.05156326785410838
0.00021440326449805472
0.02152779988810528
0.011200550860445926
0.0015590793799605497
-0.010785031454063313
-0.004629509491144573
0.0008825140315937363
-0.006401972839175801
-0.002262390510966835
-0.020716155810756764
-0.01262290632693729
-0.0037327421132699137
0.00346999815839475
-0.0004543072209647845
-0.003757593002831407
-0.0037764427522280087
-0.003730736905751442
-0.0023238978495439457
0.0005105369889179168
-0.0019674579351679983
0.0014281044196229338
0.002037527430425783
0.0032240721514841635
0.004441692216820046
0.004249352225988869
0.004090311169307218
0.04808897577995746
-0.006294225273789186
0.003548709103968995
0.008018644278059501
0.00711358260786746
0.006234654325110568
0.005941547414938209
0.00672783743232918
0.005588244028721545
0.0009999907974736894
0.005586789017708353
0.001812250916436441
0.002908476336625963
0.002304487960608522
0.0016839504960983712
-8.1972967636764e-05
3.6159613228858786e-06
0.0009202714806474769
-0.0011722249831188447
0.014457724856817124
-0.004100616966864939
-0.005213848337546869
-0.007002731921001254
-0.007834229675558121
-0.006305667059529383
-0.005464219898207145
-0.020390177419853363
-0.016195522652174537
-0.018407624503337643
-0.034957154138458256
-0.0016441157841876207
-0.0035916125772521537
-0.009534794683902392
-0.010949469364428996
-0.0048107784736794845
-0.01279049747063356
-0.006738964114232196
-0.004790897555496919
-0.0019355216191545104
0.0004125106207387198
-0.00022084413204246712
0.003393917648300418
0.00817030751783663
0.008661262579948556
0.011484264552250592
0.015223915368192101
0.01723547516696626
0.01082526244483262
0.0258516310154713
0.0012199451335183202
0.01032939520705548
0.012023178236510772
0.01537290798341186
0.010043799504633882
0.0056276459247442045
0.0032018004440983183
0.0018854595738917988
0.0013044625198752908
0.0009945909652330075
0.0010369214378800086
0.0007533566238095135
0.0006861281175686145
0.0006379059033114169
0.0005897034985268951
0.0005946680649403114
-0.0018907276232634639
-0.0025323005459257247
0.00040269447617675064
0.00018223135352889213
-0.0009516984026800765
-0.0006061574712818709
-0.00020419070482570099
-0.0007806541550044339
-0.000439343791354496
-0.00028904252003809623
-0.0021481733342420544
0.030375891521448428
-0.0018304485071060472
-0.001706369745610355
-0.002220685613720071
-0.0006177445044327539
-0.0028315558287587213
-0.003359002315713943
-0.0036681768900822323
-0.004476639322997038
0.0023653560207376636
-0.005211149229061504
0.016433011958342108
-0.0076928375788423075
-0.00912304530416191
-0.020673317772865803
-0.01998015747313444
-0.019345231193864724
-0.023644181064570245
-0.02482901929022564
-0.014521532905471835
0.02171718484911538
0.05675041964203717
0.06892095463097024
0.06449574589745805
0.05207937315269278
0.03436106391921454
-0.02925529149259761
-0.026399365340542505
-0.02283238146894412
-0.016231023157374767
-0.015327736700476926
-0.015893762005383984
-0.010578522837118643
-0.008143507757102098
-0.007619007967607818
-0.012103212941472995
-0.015707470859796596
-0.006822345822517129
0.004869060651626909
0.00398371538768313
0.05277623556767004
0.05257182055312252
0.01630791481410622
-0.0012540225590749181
-0.010280761702413028
-0.01227144316628695
-0.011497944261186863
-0.010282092354761956
-0.009922797399227199
-0.009771146153446599
-0.014113038275512827
-0.013666539830062475
-0.00535441289635411
-0.0023994489826282862
-0.011959357833988321
-0.01509019398683859
-0.0157375891883891
-0.017101637608353173
-0.018513699827963928
-0.020374619823515946
-0.02192467355344954
-0.025320989639010107
-0.02023492439069851
-0.013905508015078406
-0.035728762956604196
-0.017358622662337456
-0.029465860292973187
-0.016758424059361326
0.00011240877828151173
-0.0044985870728589585
-0.017123490991359736
-0.021852147437336912
-0.022523623882576845
-0.021308487667940534
-0.018398588941851732
-0.03452941066618089
-0.02584265031210055
-0.01576904230765299
-0.016321362753946217
-0.01914184546782644
-0.0181553160378488
-0.015034929535123814
-0.01320316615753294
-0.011682887065675272
-0.01076122291936343
-0.013836396743001434
-0.011672644455202157
-0.01095081706933119
-0.012525333767930294
-0.01132471388658539
-0.006504275154704842
-0.010143482297810518
-0.010410057597064185
-0.011004755125358192
-0.010570676182157035
-0.010029286672855565
-0.009466363745573747
-0.011689344306806338
-0.013968278392080454
-0.009461361622698868
-0.020320449623236567
-0.023153467424692025
-0.009817881591114618
-0.010256877831896717
-0.010730459516343006
-0.008853988420301988
-0.010558938612373777
-0.006285198122810572
-0.01051814059397171
-0.008714825000192864
-0.01006950062629297
-0.009285319584599655
-0.009455421973701339
-0.01740230435938002
-0.011708221310081209
-0.009137951117109822
-0.009307953906039319
-0.008156971794966137
-0.008441656247964923
-0.008055433382198576
-0.007988099303141004
-0.009894995789289601
-0.008057614762674255
-0.006546951142432492
-0.006426025263718813
-0.009823577756581969
0.004191443765502946
-0.0044040330817266245
-0.0034007095505516056
-0.0029592674875528785
0.0002705334270775995
-0.001933536249726618
-0.0014532072600510258
-0.0009597568175985924
-0.003811802625756706
-0.008483799395314342
0.002804588510515228
0.002129420752758652
0.004499849319936763
0.0018408847179070488
0.006828032229018323
0.0048206714164845494
-0.0019560844329891756
-0.006448431839998843
0.004463400852613191
0.004939791469627062
0.004116739813733036
0.007369637718755764
-0.0004601174865416582
-0.005411409954967362
0.0005730990367948726
-0.01055556929085165
-0.005441348797897916
-0.014796340167003822
0.00844663292035284
0.019193551273965638
-0.017419569469746675
0.004742121873925945
0.0056306667207545544
0.002196064944959059
0.002267630354615617
0.0020523349606598905
0.002724385733309259
0.0038097395812282256
0.004312693857756224
0.004253630387262551
0.003723982146755508
0.004144133530056709
0.004331531239242308
0.003342389607947868
0.003158172892214946
0.002861340186740547
0.002479374194781653
0.0019481845234846132
0.0018386793172400998
-0.0004093821972388498
0.015166229640304433
-0.001953862001441771
-0.0019357772483298414
-0.0025452921957796843
-0.003296691165385311
-0.0039225172466653985
0.0021080936804045766
0.018691264460186544
0.024121143966068848
-0.022264165557519706
0.016744385671339252
0.005386995523428348
0.018876917747431835
-0.011498900192707892
-0.00869350408896597
-0.007282513272162411
-0.005790477728329625
-0.007004093710376822
-0.006223902072408699
-0.0038287358015367872
-0.004240626585304639
-0.0032012841623828875
-0.0020783730123564766
-0.0006410872620281295
0.0006082231636071535
0.046941192096547985
0.004733074746109907
0.008197269755623038
0.01249288726249576
0.017590012588933123
0.022265334736989918
0.02742210340467417
0.028414957164396994
0.03659326511692659
0.1403801500907443
-0.26129728488470466
0.0806342326015519
0.028019825121179953
0.02923246165417545
0.026747437209250116
0.02017055568692325
0.013194571778986709
0.007439103596139846
0.006745536298054613
0.005678972867016633
0.004889755121156578
0.004397821632098484
0.0033871655290231874
0.0032906413051652897
0.0025612931067805055
0.01435984607739639
0.0015624012028148128
0.0016928351731833903
0.0005988154790181652
0.0011067466391841655
-0.00025041030169909166
0.01562301964652062
0.0004977856910083446
0.001319627485894841
-0.018383689058100786
-0.027161860141312933
-0.012377687287594717
-0.01202686091783395
-0.00872720581722278
-0.00628115424055889
0.008781035700722785
-0.00341884146851089
-0.002566597051059291
-0.0015898900201111942
-0.0008277292068695048
-0.00012135949866919711
0.000642772504712081
0.0016888517189142336
0.004265506830385463
0.002379927785247767
0.0033909211522103696
0.0004255271789537859
0.004098973344224353
0.003715649454841807
0.005088106170413694
0.004500566990484142
0.02671571522883192
0.006096800004907252
0.0069728253678132965
0.002589413473836552
-0.0009768355111429204
0.010425319275090762
0.012125307071266968
0.01431685207311408
0.0172942001739161
0.011721200358275329
-0.010240811529725922
-0.043027403744851575
-0.044542862714275475
-0.0319562541010136
0.004328921892433644
0.01800313566602323
0.015846189171101137
0.013728754641081139
0.011981183657685003
0.025819075864034115
0.007352630104596866
0.0051054508112360775
0.0021737586108166802
-0.0008956483267125978
-0.005201041974110419
-0.00802313129481357
-0.005514574172602541
0.004043829630983836
0.004036001850998565
-0.026833075344169885
0.003719908240798731
0.005600508017533384
-0.004009445149899039
-0.006040907094322114
-0.003909846566374526
-0.00037430466582693314
0.01738799101243282
0.003027662025363558
0.003985442341373175
0.004567117228582902
0.004980219349195462
0.005626792686998454
0.005866432930737424
0.00569875073502068
0.043333296952025355
0.004774101706022587
0.005360367707107791
0.005561607421760879
0.005244249926773198
0.0049751927247699505
0.005176717445467182
0.010672217029721457
0.005228322795136565
0.0044726993058668615
0.05546862620886887
0.004435121341556236
0.004067751437337017
0.0031419513902697913
0.002686419663890027
0.0035709691155608315
0.0036739319550517313
-0.006380043303884947
0.0005708913438826767
0.010409924682935764
0.005371183620647585
0.005566041585265968
0.007400440114466185
0.013867324437059708
0.01212258506044695
-0.0028258715776113856
0.005333011473957291
0.003137326829318707
0.001467429574834997
0.0002590956107685107
-0.0010126097156335466
-0.002615113757902476
-0.0047127413946918386
-0.007313743017077658
-0.010289133736714164
-0.0062889338732431965
-0.010984614534284301
-0.007304424088195684
-0.005843236471693023
-0.005615186629510299
-0.00457036363248421
-0.002669626991864356
0.00019602726410709664
-0.004015816675988262
-0.017770354925656238
-0.022207944798527317
-0.011577351871504165
-0.008488207265512901
0.00480650081461028
0.0008170488543998564
-0.0036908924774401056
-0.003639034281141988
-0.003404412886208972
-0.0025851371706111024
-0.0014779127906985002
0.000407110749532566
0.00040188366229655507
0.0011693769624913982
0.001872783423591085
0.002462310450175491
0.003142792516375936
0.002615469779071583
0.00366099115612251
0.003847641287556301
0.003823978719592277
0.004470086014086934
0.005228590035333516
0.005054919086100433
-0.0016107183597808882
0.0004618766461405544
0.004950106855832165
0.004507337840666293
0.004248652870670436
0.004865017630997978
0.005889191036978505
0.00669205426687796
-0.010778198935480723
-0.01186293864850856
0.006608709872712057
0.005267160477593723
0.0025031065012033975
0.0010861850285770996
0.0001241857549262313
-0.0009086320291997217
-0.0022056031781930024
-0.0015424586747878998
-0.006784699849884611
-0.009732654613617027
-0.004927468895871401
-0.004304616697867714
-0.00263888499940976
-0.0009726700394461796
-0.0012864757475846214
-0.0013067877075192942
-0.0012820903666947395
-0.00130822072280977
-0.001266306050729906
-0.0012576560932625756
-0.003518645426399179
-0.004920349537944256
0.0023345478971671806
0.007712713363965052
0.0029805549589676113
-0.020825430095822814
-0.07532654646878131
-0.025928289585117725
0.0049947001827406814
0.007493761477817182
0.003504848861234539
0.007422711795748667
0.013260696010358274
0.010498120961289641
0.014122717164911243
-0.020769195847471757
0.012243751660693759
0.014303089171635816
0.01789926735035595
0.011705646782735703
0.006078317398537137
0.002665308613276068
0.0009922184905370517
2.3555176762472966e-05
-0.00044275552658715227
-0.0005205070184759307
0.00011034265441324425
-0.00043156440303386085
-0.0003007362071233025
-0.0002571850554580262
-0.0003292057118852858
0.00022582692108970783
0.00041753071724630125
0.000727290776674305
0.000793308234358168
0.001027948132625845
0.0011518966945288543
0.0009720519771465821
0.0012354148367182342
0.0014652639385176205
0.0016879561311980297
0.0019083516285554175
0.0021249478526463783
0.002272654310868527
0.0022301085965512786
0.0021056127363746607
0.006136363674846807
0.0018858912230415008
0.001636441343406746
0.0012703904473947505
0.0007270738508163468
0.00026184661924088056
-0.0005062709831175405
-0.0012999871154302264
-0.002104752730432969
-0.002713133142959467
-0.0026708348644948364
-0.0007886190821048601
0.002088638735719019
0.004915214257929457
-0.00695980030355308
-0.01600677939889151
-0.05244044560594842
-0.01648192999869156
0.0007631172118493135
0.003712242712882613
0.0004906305850868677
-0.0017249579858096037
-0.0023140376180392154
-0.0019103980478257835
-0.0011166573123014036
0.00271358524914712
0.0007625465479274801
0.0015724669524131273
0.002315209949445059
0.005680358804885472
0.003502524996153139
0.004073821028716555
0.00459178405997137
0.004969923124039539
0.005249008884600869
0.005390581432016707
0.005366980749716268
0.004905992802518553
0.0033949940606037405
0.003958085520939357
0.006131145403575116
0.007019875168742659
0.008628157428026318
0.009328105083678803
0.010502562559492385
0.011897842188649591
0.011127155599941334
0.011642275313817174
0.012184995391336823
0.012073399005274826
0.0907607740906682
0.01599866823998653
0.00242953928459659
0.00440835707519066
-0.0016393294796284805
-0.0036495126788062974
-0.00443510078824892
-0.0003833390750815907
0.010404397574680849
0.02064446267027978
0.008306029345145833
-0.03692505560579103
5.859094520060766e-05
0.011562609651578591
0.01716116095134914
0.019633701442135665
0.016489043454498774
0.0018571854276032388
-0.0033629436827283658
-0.00197618951854779
0.0007121384892406642
0.003229382847551978
0.0049765586743342
0.003899656400767629
0.0033993234496421053
-0.0008288151496291161
0.0006091314447599063
0.002383566710198623
0.008793747072561676
0.0005521084821613418
-0.000671320176894559
-0.0017875730778762324
-0.0030570141293318
-0.004437637012950142
-0.005768541265875857
-0.00681212614744517
-0.007242732724964471
-0.0068164262247546745
-0.005554280476410766
-0.002731941098812884
0.0024963580753284377
0.01122907708857204
0.01553540007941446
0.006469444493877342
-0.0020434165717438486
-0.0050570476634044645
0.006005704035246618
0.020494235302486796
0.028006979188458958
0.02019684808816403
0.005042427446698813
-0.005308840273306956
-0.0068077353668881445
-0.009086905660986707
-0.010499928866786877
-0.010915047220154066
-0.010385012694934907
-0.013920511022946367
-0.011608234572377493
-0.011248040816057264
-0.0420600798970272
0.026411473602041154
-0.023423237766797094
-0.02382427487734973
-0.00019477975797049405
0.005662082077111133
0.017587985920135524
0.010156621609043674
0.007632543000950873
0.008880390351965743
0.008141121248210934
0.006290410905777916
0.005840753900919868
0.005555569120843013
0.005512946423437428
0.0036769167591916624
0.00022253327840343344
0.004373041517745497
0.004758146543187813
0.00438806794723985
0.004124973283719203
0.0040647261716403055
0.0005462455528952945
-0.0027404623480356692
0.003048686743895963
0.003005834500058999
0.002908056071131293
0.0034048881432142543
0.003875123292722727
0.0018610273024259063
0.003871321006297993
0.001549192285249633
-0.00047640997805526423
0.00225807266446643
0.0004209703008808363
0.0001683048633697382
-1.0649092350223525e-05
-0.0008061581919695911
-0.000826826092288728
0.008014231487150183
0.0003511535926014938
0.006559609797709539
0.0023734133231199574
0.003227986849359824
0.0037327650219392584
0.004037343853586575
0.004853159062355439
0.0038588601205051575
0.006613050751857181
0.0037972208227611865
0.0032899169680346216
0.0023500912819480785
0.0015610011428575932
0.001806382774851852
0.002702357646186718
-0.007155558483903115
-0.003745750136244377
0.014327232805500726
-0.021219135875184595
0.018114536004125388
-0.0035726746072592417
-0.00029801266395305617
0.0013273319531698197
0.00262234096003334
0.006992495893838153
0.0038139537898793595
0.014245890191205817
0.004363650871474257
0.007840173802508472
0.011750185148466078
0.009195401874968376
0.009111942741590866
0.0033796992518225163
0.042390462042018025
0.05614374612659631
0.025729183564853788
-0.005189941084639342
-0.00720663472158591
-0.003442271795546259
0.0003063228538422851
0.0045068123041357745
0.008637467516306225
0.006798098611198129
-0.01091822285995014
0.007031149634807649
0.01179484022563052
0.009629074985350318
0.005193326859531925
0.0019977105995589704
0.0035558855107120754
0.0025931716031145644
0.01798735687439196
0.0039001603661875483
0.004487179874810197
0.005043420700744698
0.005834408056197597
0.005390972409177408
0.00556288054043037
0.004432507609456234
0.004139597301673218
0.003994834197260415
0.003472357153360567
0.003208228674979086
0.003718248378224464
0.006027695433477538
0.010171938889648974
0.004513266564147666
0.003394568366148093
0.03693571921347429
0.03199466440985616
0.009819289842046554
0.015695972010002435
0.010031480846639532
0.005321971051043606
0.002995074392037393
0.002354213766601074
0.0027984750409691503
0.0019582166987305266
0.0014255289797060792
-0.00022820000652262713
0.0009657666498095285
0.0019539714039252098
0.0027155188573572036
0.00105516585671433
0.0022994844174605584
0.004204399283656967
0.004367558546736773
0.004449030839814198
0.004650286793033923
0.004931185608971193
0.00468851740877691
0.003951143142422277
0.00490122739752061
0.008826904954348973
-0.004615196762573062
-0.00531750326185187
-0.006231208060168358
-0.0026187735603325954
-0.0011777377966954183
-0.017043890718940906
-0.0052459294383216965
-0.000998191279490616
-0.0046263818341640214
-0.00835028264931758
-0.014358525178405164
-0.016551410119087794
-0.014331703705043618
-0.009746016019977674
-0.010347643250089465
-0.00951097910750845
-0.002060501567037076
-0.0006609230621807832
0.0011183728043982057
0.0019236224121408224
-0.010620929243460418
-0.01844973155507546
-0.010304972760629562
-0.0059803993882039325
0.00573128165212875
0.017315166451230997
-0.013074180793656255
-0.005577512919490316
-0.003385729374627757
-0.005884986742674599
-0.00799438527750863
0.0029918808037064934
0.0001795289370708599
0.002379010235539601
0.0033479412291374227
0.003628701214254924
0.002778482707249699
0.0006703559099873505
0.0042032086463867566
0.006879750713877088
-0.004242443774528416
-0.008253036493250154
0.004790670485472249
0.007795079236200333
0.0055458932609618395
0.004858807659879528
0.008565541464139246
0.005169449423841577
0.004522994802221011
-0.0004905927697239741
0.002141444884291545
0.004592236701607107
0.004261356307722155
0.0038852988797461172
0.00318797389112119
0.0028265696590521073
