-9.411320744200804e-05
0.0386106786067632
0.03415541675407967
-0.014175966372598985
-0.03143433523575019
-0.017177695197320923
-0.008256599097832043
0.03651200436909128
0.039751038633793284
0.03747764397477295
-0.058762547304553214
-0.038131666230851825
-0.006969815903980067
-0.005659522013128756
0.0057180950327530775
0.007375465722415974
0.018115225245410187
0.022415011986588254
0.01864869902626236
0.008651586597057467
-0.056209807810297344
-0.051410320572000456
-0.010868629333369023
0.06210516048981288
-0.008296893917466887
0.06650112187909753
0.02948447221630592
-0.04018118492564248
-0.05353223407988402
-0.0401678048769167
-0.0256564306941848
0.012191163732130954
0.025371340775956215
0.034649386685826566
0.03636217715454676
0.03163735327812328
0.04494168375743415
0.01020610703882763
-0.026788301980688156
-0.022549906180702375
-0.03371388050016155
-0.03901230050754498
-0.03698269609905416
-0.03607964049542229
-0.0205394140429063
-0.006623166436275172
0.01684721208212527
0.038108621196567036
0.060958994193244465
0.0755159548683711
0.015173245891005825
-0.0453824888203011
-0.1092712846517317
0.025381057983225708
0.011064226694269475
-0.02625020273194583
-0.036357158442106734
0.022803500611050246
0.027463454397313458
-0.0310214664373646
0.06310188895332498
-0.06545932415187457
-0.005174654988412356
0.012426391567024134
-0.046794217212007785
-0.01819396284410372
0.05601422773556594
0.052037723224002914
-0.031152752769907574
-0.029229251355059573
0.001778304473122585
0.014948983444728082
0.012626796273696304
0.0017781496492761733
-0.012034787217474979
-0.018745893281319273
-0.015459044672586282
-0.002413322032248402
0.013236143644606358
0.055693914231586296
0.04299057589678848
0.011617205492123313
0.04646786687968118
-0.00930890499947614
-0.040849390065775024
-0.04887080598822716
-0.04240896453140201
-0.029198428221163888
-0.033816807666231
-0.015404723453234917
-0.018046339331875192
-0.0128093887518505
-0.0029986481635897195
0.02081158093728102
0.06064759777251476
0.04042071964956424
0.01989255718661116
0.0351292185196066
0.00449276491533234
-0.004191521780664357
-0.0038948332858988943
0.042122479201557435
0.027738948095213697
0.02377163747659976
-0.018676743369938652
-0.022410321293948803
-0.037320034798377005
-0.04237190817557869
-0.037635425519390385
-0.012198411627291865
0.034229564789092976
-0.06129553452526818
0.011693893298796587
0.0023730067314699267
0.00492717024535878
0.06537580217303929
-0.05593760974493463
0.022404989192041258
-0.0848860158555004
0.025688145994700654
0.08562915261586256
-0.045775296444907576
-0.03834048972009399
0.008282095790337587
0.0033791638605998814
0.05993351487459587
0.02641155633601057
-0.0186446763819891
-0.022585073048746938
0.001649204855002346
0.004249389367520336
0.008299236396233488
0.014930085708387934
0.017101812453806348
0.008657046228336455
0.014143747571877911
0.016290504349122985
-0.0014430742999531686
-0.00805021455135087
-0.012852003851557593
-0.008153310278544197
0.013070497670205981
-0.00580935288749033
-0.009691981417119437
-0.0339441300103321
5.801041622002974e-05
-0.015348179024894873
-0.013573863161545971
-0.011528161052125717
-0.021549219935084938
-0.04455959911613968
-0.07571942271844107
-0.020975198448365814
-0.004728328345492402
-0.018849537509754072
0.006602655213107313
0.010634202207862507
0.015196992648965072
0.018715416762989153
0.02213889878701431
0.024863454915308104
0.028182227255741047
0.029250281163102073
0.027257781230916912
0.019962268613662192
-0.011929305669215313
0.011010763659232514
0.008578539939963072
0.017694582446416477
0.03455177411799443
0.010037401984962497
0.004549625531061273
-0.00034399730049126237
-0.003122603761776221
-0.0064225193253068785
-0.010727394037943731
0.007307363667309618
0.007579916717039523
0.01756213054890405
0.029729677856750306
0.031022538679584426
0.011489459897965475
0.017239428878871303
-0.015788970267950987
-0.014232537722848352
-0.008046112742123645
0.017836512098545546
0.02385741882513288
0.011904813076083634
-0.0024313500136427134
-0.014472653176715033
-0.022782109303887573
-0.028047482171421313
-0.029742925153979614
-0.024555408703348887
-0.02602630426322746
-0.02630735371994174
-0.023549404274340605
-0.01913372202189396
-0.011981908385996796
-0.013823076686008457
0.04042035757420012
-0.034088942543929156
-0.005977188636359622
-0.0325649820245374
-0.029780355544828174
-0.015947648293256057
0.0012328328477283104
0.010232208690069525
0.021523381218713396
0.008306551759398552
0.014742366737617824
0.021042119842729745
0.022336050983633112
0.015407788565266428
0.02156166822041412
0.004695637326854842
0.023563269170066237
0.024278446924900755
0.02460633074933473
0.027400373815148753
0.0219462349056533
0.01847493516050681
0.009123025467013598
-0.009729812626555662
-0.04220271819855175
0.01202227432858026
-0.045938997055284904
-0.00526165995726058
0.007453256888617905
4.0709477149514384e-05
0.008244628147080636
0.014224958365027875
-0.013999173710942753
0.03704293376799775
-0.008220625334956138
0.020739186857697052
0.002068553036290815
-0.006155896879122311
0.03506287484189871
-0.03437779989617359
-0.025228082437351345
0.01736118921076005
0.014096889049225
0.015556775393075574
0.0108874871805766
0.02119358713509115
0.005631819150416225
-0.045388638331937736
-0.010682496095444976
-0.0253380178197934
-0.041869490705452136
-0.011409757557925065
0.008322562930373789
0.008305330741485506
0.04442809090352497
0.0077584926607844685
0.0032106747796295616
-0.005025185498433856
0.022463186081223253
0.003109572749845179
0.009476138110386964
-0.0006688825553988213
-0.026994047379271652
-0.029202009441550998
-0.020807163218837577
0.013711934031319834
-0.0011619871495106855
-0.013104971756574681
-0.005862868882854314
0.003930210603741967
0.008451090576968913
-0.0012891850100077667
0.07407880843667501
0.0019277704935725464
0.004749334592456756
-0.03611409194567489
0.014813822373479429
-0.0037631001357457455
0.0026893781985955598
0.0056684335936066565
-0.016198076621835884
0.00779724780335103
-0.0024597456140755688
0.001829269296574199
-0.017780219635732897
-0.019226164303167925
-0.0246818773018824
-0.01606063655029266
-0.044219546262172456
-0.0073087329810646836
0.03600319470781101
-0.00948250124870747
0.02250743485457387
-0.0010446417062246946
-0.002234475490168885
0.001804112709631917
-0.00019471128353841066
-0.01791315014669212
-0.01515691497313949
-0.004664108593561387
-0.017656561653892167
-0.014192837145534312
0.0187878305242919
-0.004024731768671759
0.020290448718780447
0.006047337267587255
0.007081150549873148
0.004546379604637601
0.0022066877869281382
0.0325341167076684
0.011965991922060229
0.008158565182618188
0.013799585837479825
0.01901739286002142
-0.011259073504497277
0.009645393594701374
0.004271083215356574
0.01124576259209682
0.030757292071496124
0.013313320855587054
0.04710027708939042
-0.022971238091636027
-0.03730841157978786
-0.04900770161929405
0.0627283895062535
-0.059677588130636526
-0.03189824660540496
-0.011604636567183687
-0.0048392872270259886
-0.00199815390160257
-0.0029140142866526915
-0.0030742924998611518
0.023738947299065175
-0.008594767850572787
0.0028823487047835872
-0.0004155765385401194
-0.0028363921926912936
-0.004307404704020982
-0.00691502037666851
-0.0076291511433775
-0.0094827889138321
-0.014308021596664203
-0.029804803393474844
-0.015821971040150512
0.025876243784640315
-0.009528813594005193
-0.012308897260815476
-0.010774615846187602
-0.0124016997528468
-0.01435654765860637
-0.018996171281346196
0.002399852253493054
-0.04494695902324332
-0.02180838535056187
-0.06392255985933683
-0.012620812867139453
-0.024110329150668745
-0.05479196220243677
-0.0359631411417111
-0.02861238385948749
-0.010487611440697072
-0.007385142111042716
-0.018638586324388626
-0.009248432730436679
-0.014784499788745622
-0.03144774165239115
0.007334180571055102
-0.039383576471606604
0.006365209891256783
0.020988134703200864
-0.03728245497395479
-0.001088437536923529
0.014038870860629436
0.01484670061269391
0.027265275268267275
0.029523252095132548
0.03263941503085565
0.00036208231233294966
-0.006016559128338159
0.02481618799769552
0.006726279216063026
0.001269690760579204
0.02952455735487743
0.028529289978558182
0.01967093658999577
0.016555439903626148
0.017577040803024715
0.007017873087582205
0.001025785369759987
0.010607273117219188
0.027291415922076834
-0.009619991804472438
-0.01113686698313174
-0.012350576447312609
-0.007967994680513924
-0.018207653646200885
0.0642662613841995
-0.012469649608907953
-0.010093526371901277
-0.02355286288272232
0.0019082365532833588
0.04886686292232458
0.006132824491891306
-0.0023495628000174615
0.003195333795438613
0.007448986311393162
0.0049016550016488985
0.0008473035718067452
0.008601292453468717
0.01752649345607192
0.023001670918153555
0.03334864482660048
0.0031556873322926946
0.019595263608756158
0.029833604012611824
0.028246095937427666
0.024347923017422494
0.01744589404930641
0.0057598615350960706
-0.0013583732010873672
-0.009515990765826642
-0.014533760401867072
-0.08093254312878266
0.03367688913131179
-0.008567138462234475
0.012137398070041746
0.057961594195578274
0.03348442023151372
-0.023840402462905405
-0.01750248663396825
-0.0226752978840118
-0.01815290976609578
-0.01005464335291801
-0.0004516230290480793
0.008594979520543894
0.014639916543220223
0.024870467028043613
0.06432265768575401
0.01738797789434795
0.08314414758651373
0.048766859173040786
0.026531825698268275
-0.0011454989636232049
-0.005002105468835191
-0.014365044038420835
-0.033360398325142426
-0.00800220324457028
0.020167957782754296
-0.01014455452849128
-0.014928001619998348
-0.00032064543795700816
0.007027252563172688
0.003203243012588665
0.00544838449119949
0.009825323682714066
0.007563095564276961
0.021585600578905427
0.013722123036080199
0.007888325218863297
0.008010350213562454
0.012965054844710139
0.006723210057847219
0.006251111559032778
0.0037404963026790214
0.02772166235915201
0.01196208044612553
0.01879513394071601
0.032509233360316594
0.027159393729584452
-0.02465120046015037
0.04570795536923548
0.03379913491835489
0.008807966876450586
-0.018665118197658866
-0.07774474323356804
0.08272265078534753
0.008785396614924964
0.012175237124521485
0.008080224759809185
-0.006479003163458716
-0.002868836978483147
0.012052880465074285
0.005847328701115988
-0.004601482646098368
-0.0009748258125858567
0.1616382027236168
-0.028305946250146537
-0.004176131012647073
-0.06366031455095508
-0.015997283955545102
0.020076061919993875
0.034574190854741775
0.01459192466367018
0.012172941717811596
0.007041004638658633
-0.00893810681938699
-0.011505886054510797
0.0019591911775446095
-0.004866340227812682
-1.4492908253435802e-05
0.0007465564729927961
0.0016844597938777631
-0.010618470488652658
-0.023564895423907814
0.0005854390707306625
0.0016503091143135165
-0.006397188947524732
-0.002309283682685917
0.020799253250181542
-0.012618904098887159
-0.0043609154035284875
0.002503989819431331
0.0012283085173299716
0.001362079901798671
-0.015636848845843623
0.0011216822991849107
0.0036700433896993483
0.0027580976539755353
-0.00015635242489792745
-0.019949606060527238
-0.002243532770027799
-0.015279550703545744
-0.001095314768088455
-0.0007617053114339456
0.001155380557525834
0.0013712014660554495
-0.0008636955055469881
-0.00039694610364666305
0.0008024492768417697
-0.0003558208449491008
0.0009776984770711419
0.0010360435685457157
0.000791537941867221
-0.00012849029276852723
3.665781720268115e-05
-0.0014119956723673713
2.2608821705782028e-05
-0.0005313513393859409
-0.0011228970256576113
-0.0012283156570560064
-0.0013134122918940353
-0.0016340452858740085
-0.0022504392748329493
-0.0031086799222761574
-0.005823938888389004
-0.011057543026790587
-0.022349476096378048
0.0005282567536042829
-0.00872156260675245
-0.001560081640876155
0.0024866554982662407
0.006633336642049196
0.005150975376109278
-0.007239843690967574
-0.024574905508364855
-0.015020953228240064
-0.059408460456258874
0.01823150224883107
-0.0427611595347794
-0.004206964892192985
0.014740710592161792
0.013726362574939772
0.009369698405533856
0.006155523284820305
0.004203459726835284
0.002796876055607329
0.0015634312205392447
0.002862513695784683
0.003196425788520199
0.0002970499955351276
-0.028979409635399075
0.0032080272331446906
0.0023867440877434537
0.0038435171277268706
0.004159446696926184
0.004116921840717364
0.0036799286776214137
0.00313320977253342
0.0044285326720461815
0.004610838156009931
0.004263345261540436
-0.0006814434722378318
0.0030123953890985955
0.004363525414805271
0.0048930998380279115
0.005242728168737842
0.005781058467981051
0.0050092111100817115
0.004458479250077606
0.0034927315108008025
-0.031766410487005695
0.00238488391011417
0.0018381758212481412
0.0023088240917289353
-0.023555638286847154
0.002329569812773552
0.0021563914863852005
-0.0008283622515479741
-0.013242685249604544
0.03130189672790368
-0.01246558850462426
-0.002649048021934222
-0.0009129721846472687
0.0019498611455519281
0.0025060706807791483
0.0024923195352594485
0.001868541189849921
0.0004056430940894048
-0.002215684659942357
-0.006574402122334695
0.0008298806788137298
0.0018160307522689437
0.004477304497815863
0.004199247700767666
0.0037986267247108775
0.0043592580618419825
-0.0022629223649525483
-0.007893977229520035
-0.0002661390149606425
-0.00974952855472917
-0.03980943389883359
0.004820781058956824
-0.012057725350922087
-0.0044301590329486875
0.00017850999163789662
0.003778580803053014
0.006024387566039854
0.005887631413548252
0.004349320477058021
0.002345257698889312
-6.140293665976465e-05
-0.009281521684670448
-0.00380349720195091
-0.0009874708883326666
-0.002679537071704629
-0.0014964976274196144
-0.001214941134957455
-0.003798269846197423
-0.010269004512475978
-0.0027720728632821285
-0.005969696405662619
-0.0002962652297957131
-0.005681879698028027
-0.002360489824115469
0.0010570008623528684
-0.028639092604703497
-0.0071832402924650925
-0.013886780221432275
-0.006898449160264975
-0.006135064299784074
0.005945573748836004
0.003315589013821209
-0.002927340215395052
-0.015275412716309373
-0.020258003311877028
0.03334827174702336
-0.0003448264592145947
-0.11093524135961505
0.05473689455048105
0.0641340959780776
0.04009251298781217
0.013473234073987603
-2.649114766870383e-05
-0.007520637302444448
-0.01236876681282624
-0.014921698043901288
-0.013115047635872656
-0.00892661347739371
-0.014122135911145344
-0.03724514495574374
-0.007797478006283392
0.005033966262634068
-0.015891552775142464
0.008914815514902055
-0.005479511235959317
-0.006647299951862738
-0.005862623372257511
0.0021411564758380664
0.003545981154133971
-0.0019335237993975875
-0.0021869367161215184
-0.002073330046821067
-0.002896636147786389
-0.008858660684622977
-0.003515347543277221
-0.001605865087275977
-0.0007278104887312956
0.00011898745486287217
0.0010354604241377486
0.0019210531297895685
-0.0006842207193514852
0.017747643545113958
0.009841827925889533
0.005330838367847776
-0.010444059958945021
0.005951171197148056
0.003649747844573461
0.003250394784787633
0.044203195907204326
-0.0024627253476576776
-0.02684588318488561
-3.836783661326464e-05
-0.003917455362522168
0.006363661498278806
0.006952265327422048
0.008214870664922443
0.00745355815574597
0.002666364838672444
0.007516911303395248
0.008923488336231323
0.009933957749696496
0.008174721173689203
0.006480210768246659
0.035290336620960296
-0.08745621696202548
0.08268615882961634
0.007820868831566472
-0.013907759036441664
-0.004150318165343711
-0.007004695844442647
0.0017425303199787125
0.0016955596135866903
0.007383376551989122
0.0027469424822663003
0.0004592571772504481
0.0003940582026663865
0.0004083490291160172
-0.0030818979531389025
-0.0015626191070456416
0.015910569281347542
-0.004651797921703894
-0.002451759187077536
-0.0027772475636952502
-0.002092541703848212
-0.03359519512578966
-0.004418283362218354
-0.004784585150627588
-0.005346860657480502
-0.006230469796199957
-0.0052107379033657164
-0.007329236574824896
-0.008521218219759045
-0.00996774142060901
-0.013471745107481605
-0.004215528671558753
-0.011240178793735484
-0.0040031587835262315
-4.08348594955363e-05
-0.007520771291032354
-0.02683239444978258
-0.00568007032191656
-0.028539003608958995
0.013625934708749494
-0.05137719744085641
-0.009931607955472231
0.00793460875865568
0.0058269522923078566
0.0012127313584689883
-0.0015049007940917953
-0.002651056006071362
-0.0029731021864600657
-0.0029539535460021984
-0.0028771604855527023
-0.0029813106768323628
-0.0036113898701854823
-0.005899001684029252
-0.006991787086759117
-0.008418303735551792
-0.013078959173524281
-0.024977604747182133
-0.05047067877440642
-0.07894225651980334
0.03338453420883197
0.0877602033642611
-0.006704150381444317
-0.09654487869658103
-0.05632785022312474
-0.02648652774907287
-0.012196766021591237
-0.008213108255588226
0.001250500169374582
0.008125223410384609
0.007435968587130775
0.003608916143275541
0.010180508465548964
0.005603764746118275
0.008164069620529986
0.008621946099670536
0.008369398416682994
0.008714804703687658
0.006881067257542326
0.004106521252514835
-0.007004649016065726
0.002384412765030977
0.00562448148624359
0.006152467309697242
0.007649490866915608
0.005762205827780146
-0.0014023793247948692
0.004857441912696121
0.005894752999351766
0.005000311052234021
0.007068322796843249
0.005033119066979324
0.0038865687432719782
0.004832815206351119
0.010622556907805718
0.020878974719400846
0.003727744102319916
0.007111652751224588
-0.005197233244583469
-0.0036698022868679268
-0.017051989601702372
0.0042709712534860205
0.0006494554946273745
0.005344308996668665
0.005022444368243591
0.0031980563327113232
-6.28458231060852e-05
-0.005272821599325149
0.00595748017150851
0.010903612162789594
0.010861327517312084
0.013128200100987015
0.011817115734562164
0.018092301023949802
0.0499693286929788
0.013329761857836192
0.033525737369295545
0.031362685926860354
-0.10276725102319703
0.0015832903901264908
-0.0007252567703418272
-0.037748946447435885
-0.05499450432450828
0.048241838406480726
0.0065743688342666615
0.009041662823051314
0.03711937008235107
-0.002183472838398176
0.030231741302394793
0.03964813723899473
0.009798632435981957
0.003920307236126367
0.010922455352830289
0.01176623983969962
0.006647485336190709
0.009287900882996256
0.13183047107602694
0.006424773837923363
-0.007648006611516425
-0.007900903752766607
-0.0003543475214576012
-0.0070730829849165785
-0.0032973818821327603
-0.0032676644832246153
0.016966204624050445
-0.003097597549589867
0.01894795989618634
-0.0019515984933675407
0.020664178654564283
0.02805641066876749
0.06206397220880318
-0.0060939623327892255
-0.010066295263461882
-0.026048387489599745
-0.019931351543805396
-0.018600772169659146
-0.009917782321702075
-0.018554313409720934
-0.018689293188345252
-0.017360086584707852
-0.017318602510280362
-0.011447163329162706
-0.017774885362018853
-0.01702640612504563
-0.015392387242390154
-0.012126350168136782
-0.01303943413578182
-0.014635276600236544
-0.014058209739649323
-0.016857786671582768
0.007137758023468458
-0.015687140110768417
-0.01896657496006995
-0.026866037797755597
-0.03564776915978382
-0.00784599690152512
-0.019313737136713437
-0.018836887851820926
-0.02107897601548573
-0.0199799368308594
-0.0005850095284910115
0.05803933153981434
0.02944396295876402
0.0316625841540981
-0.008909625447697337
-0.007907669002885934
-0.018574276902863982
-0.010929856717755839
-0.0012176715980028413
-0.011201870417919825
-0.009097593353115151
0.014619476112563734
0.03463404592444072
0.06286376631836421
0.019235269658158874
0.02191656243299117
-0.01882687700936127
-0.014238168218447757
-0.024282949336649585
-0.02585512029143011
-0.021468650694516415
-0.020170581518978353
0.009373642293120685
0.11647418726263252
0.014361205203767102
-0.015623244605322047
-0.021340776046394668
-0.022246953865837048
-0.021468392139378744
-0.017799525864646355
-0.021772858772425203
-0.018127778817179505
-0.005869498481515484
-0.011724780002949513
-0.01349989875492034
-0.007620634925604545
-0.007255631408597103
-0.007065101020722638
-0.007654744443585488
-0.011241842029698633
-0.0122036670402381
-0.010547855392975952
-0.00829702992588462
-0.0027651761305065637
-0.006225981864337935
-0.006575067211932215
-0.007043573912452558
-0.007680017575203192
-0.007004699383428284
-0.006839067117238327
-0.007101037444728599
-0.006805722587991466
-0.0005659315759666118
-0.006173526581213869
-0.006205419132271122
-0.006665376213349213
-0.004309658711723175
-0.00825450136121546
-0.004144791875548181
-0.0062733446482656306
-0.0038003738679275364
-0.0030955254422538763
-0.005203263736263381
-0.004135430263092724
-0.0029866760301250016
0.0026206055576190245
0.0024176288701278615
-0.0046449750268495555
-0.003602986036419605
-0.002441117471637065
-0.0020707179372649607
-0.0017477438115190346
-0.0017768817268485827
-0.0032095597347575437
-0.007139089160787339
-0.0079893205429041
0.04089732083909126
-0.007557953756836123
0.016558281416388248
0.007189108890485276
-0.0018001281752967088
-0.005116663195098458
-0.003968965947332841
-0.0053974128851989375
-0.006951464304310088
-0.007549094347717146
-0.00788325354974557
0.0014845024331039966
-0.005274294869498152
-0.002027044430798823
0.0016364933887158442
0.010672984829026377
-0.00016766176402866075
-0.023151093233132056
0.013262833025122838
-0.017432597336941486
0.020711699061864083
-0.022018957613263404
0.003206763032351514
0.008612329356921432
0.0025413361086454142
-0.006399684366387835
0.0005968486743521554
-0.01368742053292279
-0.008823593187214304
-0.006791211359518178
-0.005832955316882917
-0.005546681335290476
-0.0052279669498873724
-0.00483926415469301
0.0174719024426772
-0.005649401978861894
-0.003814936128608574
-0.004057063525409087
-0.003599605145082476
-0.003489962336008379
-0.002171751719296261
0.004116552106571885
-0.004368938863119211
-0.0034218795315093834
-0.004571259956748337
-0.01704683958393517
-0.0038288828160324244
-0.0005254280739575274
-0.0010133911279118662
0.012393142008943352
0.005905078346558488
0.04190464782876158
-0.001979225601995329
-0.0016796304301462336
-0.0027106904537481436
0.02157509708392014
-0.002200822504636313
-0.012801957196168813
-0.030235778027294696
-0.03200356920794606
0.00423347375112602
-0.005181834932584873
0.0027889645310115382
-0.056895348680047655
0.003565047643071078
0.003923146299419906
0.003540118777264804
0.00366829757043633
0.003709757270463019
0.0035645489572120625
0.0028362734104905238
0.002785427854417003
0.0031787142197298884
0.0018036798072139635
0.044473045685841595
0.004905875860557006
0.015563687179071882
0.0018923004979019531
0.0029933220426454216
0.0032776144419579597
0.0033526263427429343
0.020110217531179628
0.0034682911621679653
0.0038039402970254585
0.0040484953401538175
0.004455350493064058
0.004398150047764565
0.004168712510590461
0.00235123239779862
0.0021032838852421106
-0.01685520385285605
0.0045748867937040584
0.0003741596912533427
0.012879991578065936
0.0004847327359095974
0.002815041551488616
0.004062138762062487
0.004450774606585998
0.0045276556933084525
0.004453891273970192
0.010547230001278354
0.00921829906284298
0.0040282691433098285
0.0046944381181690704
0.00450066696435993
0.0041163412069092796
0.004440540695147603
0.004331618399140233
0.0038673665333593048
0.003377820301270204
0.0034425506438830124
0.005286481757031565
0.0030179714274447753
0.0023815394172556235
0.0017932811143369484
0.0011311280749838034
0.0007654015570979924
-0.00032669726922195477
-0.0010877544267294797
-0.0017536680720349575
-0.002166311687607696
-0.0019315667556487318
-0.0003146394325541179
0.0032425461265967
0.008775787295104098
0.010688794163724381
-0.003996019448491154
-0.0002710520449384436
-0.03624721118968188
-0.023418281288085756
-0.024782109785851172
-0.003068700674398598
0.01488357882482611
0.01357453351250738
0.005990628735435798
0.004028866766712825
0.0035405059388148286
0.002781072908031743
0.0033594553700756545
-0.0018532367168216143
-0.003733312556984593
-0.0005087760374792584
0.010127291242997681
0.04498587619602712
-0.11580990775889943
0.003785056277786118
0.012695246193469288
0.013643454798495401
0.007480755624450178
-0.0044387582639786715
-0.01925641188566745
-0.04768271951229436
-0.13168927128872182
-0.03022451848857307
-0.014777057173974149
-0.004899473277864357
0.00012247680179559606
0.0027866142691519366
0.003055661797496076
0.005534513274514225
0.006568887521000736
0.006914858286648018
0.006989475822223157
0.00653510203457194
0.00488317214779194
8.338861444169784e-06
-0.01387357158459827
-0.05860981102232419
-0.030256178240045756
-0.025103851288967905
-0.0033408091850520437
0.003136877675038844
0.00492761006048525
0.005090823664367935
0.004593346104251809
0.003450748300742818
0.0033521867496516507
-0.0029887685332144654
-0.00351666405764731
-0.008131015330608492
-0.0015202359223557191
-0.006851046200286727
0.008727789740540169
0.05658181913549078
0.04067558814361544
0.013429159859459505
0.005612978204573024
-0.003960881258471535
0.00039245868394252267
0.012792679514991969
0.007472348207607494
0.0056382456168621925
-0.012338377250111346
0.026542476535011062
0.11054970517531933
0.020753876348923256
-0.024481370112385797
0.0072267611894946664
0.008009127407927674
0.0013163454865830668
-0.0018982953726648624
-0.000259414494669628
-0.00025734294850980095
-0.005203622941926064
-0.004934936004018047
0.0029030862405582726
0.005022079739689988
0.005527344570674292
0.006193515853338923
0.008304469065431938
0.02101015009363155
0.01886374343182147
0.019287025794517246
0.0031255932455946348
0.004075551472030857
0.006552698745850548
0.007164036265341582
0.006441909915016489
0.002929904968031258
-0.00703937044237502
0.03682655245964912
-0.005449258375357531
-0.003408365892684172
0.008148704812614293
0.009510733740636322
0.008508353111145974
0.011092661234409038
0.008177427886092496
0.002456130741869138
-0.0037956600776102374
0.027266640859742536
-0.002995169818995111
0.0024753491754502155
0.004005806135277247
0.005828451083847429
0.012254223038022607
0.01679669732554299
0.0049070726299144446
0.0383650748108477
0.017782530769361565
-0.010040331220351162
0.0001865310848277176
0.010409782671985834
0.00606339682154642
0.0077917692098390815
0.009249841870927348
-0.006627823903687472
-0.0025127560066053162
0.006452561342439693
-0.0029195961833881666
-0.006922329040603932
-0.015145294588851697
-0.013783471277248278
-0.016651442988728577
-0.016254562350603095
-0.011682851405673444
-0.004096113582193295
-0.003064248557296891
-0.006529448566760987
0.013157656532506303
0.03187517478518904
0.025286281338286323
-0.019709566960214284
0.0017397869160621394
0.0012821745151167915
-0.004914691059296426
-0.008110439908223672
-0.009723483927228738
-0.009595269112706762
-0.008810705475683842
-0.00800419267337998
-0.006847581914688302
-0.005852087898245663
-0.0051222324873209475
-0.004427515176685859
-0.00405972938212903
-0.00150928714984586
-0.0004940601603939507
-0.0030766242527721283
-0.0026724276760742177
-0.001700864187248174
-0.0021844700818750146
-0.0022899310733083184
-0.0027001556306838845
-0.000620972933282343
-0.0026101336790538433
-0.0018279060901013856
0.0043819109583013395
-0.0033368508731078557
-0.0034689052361158647
-0.003926279443558797
0.0030223436307451586
-0.005975416829106247
-0.006041537416799297
-0.007108732826612049
-0.009043228147095603
-0.007279003317947911
-0.014047767887765305
0.01046224580698354
-0.015957083098917413
-0.01568515593973349
-0.003901554828967163
-0.012185191267210833
-0.013762955439663448
-0.009190187632357717
-0.004064956707440895
-0.005360362688805117
-0.025453434098725018
-0.02223741768334905
0.02451429179247931
0.06602902617127976
-0.028599335111989765
-0.0701915983757569
-0.09615161762041781
-0.004983401136049703
-0.001413663943586822
-0.015323556154224986
-0.01773803500176693
-0.014966383281472729
-0.01694752544757183
-0.016828513818162392
-0.017215175850303206
-0.01696905663683241
0.0034620142331700347
-0.01934309801593509
-0.015246331005298739
0.0431776622902334
0.002579278196969835
0.0009627894893337286
0.01295453624744297
-0.01944192382904092
-0.01702695824473973
-0.015744614041607586
-0.011435238064573958
-0.01079752466605209
-0.010827241833064305
-0.010428972719921551
0.021640575856405248
-0.009167361866249987
0.006254999794042089
-0.0039838505310152384
-0.004939134826748232
-0.009601187185018616
-0.01366071888779137
-0.015615921108946664
-0.017075504970149664
-0.019453266633573017
-0.023422605057515918
-0.025077531312084077
-0.0295172997437315
-0.02195018160026033
0.004940196494052648
-0.0006719628325749655
0.039666706350269
-0.003985748308248835
-0.010747230554318513
-0.022661359869532733
-0.03198497957029266
-0.02873627853831327
-0.02268613426087746
-0.01858448827563746
-0.015110068555158151
0.008298881074294287
-0.00136497828090236
-0.01452001894336701
-0.014251394693119286
-0.02379298300847917
-0.0211454302310591
-0.013986303768785787
-0.013872405519131454
-0.01461214532097009
-0.011256922538801149
0.009693117528841912
-0.013879397831489237
-0.012959797002925735
-0.014968338403447556
0.00858583184227109
-0.008870319883368007
-0.007580156175548473
-0.008300044657483763
-0.009666538343951675
-0.010232910861531734
-0.01076756155541422
-0.011924323846824443
-0.013325300961916274
0.019804472241240698
-0.01395461493054924
-0.000573461172117833
0.004305036198590045
-0.010446175789949393
-0.009234685446257648
-0.009086644865217436
-0.007773526046525791
-0.00901095488866419
-0.009115149257416718
-0.008329630485221711
-0.0066449512904408065
-0.007298383185695773
-0.006649990032800384
-0.003737364443596992
0.007235666269739764
-0.004173340270840336
-0.004994105102382733
-0.0037042269335098945
-0.0020269186009439634
-0.001781204007778483
-0.001519253569521588
-0.0017713993642251035
0.001007705956360414
0.0015556657906148298
0.000881514254153244
0.002412150007939932
0.00938762709810122
0.027067297650079137
0.004730340572246568
0.004297331780687808
0.020393813144153856
0.009426381329914085
0.006972099906954429
0.007709041285034285
0.008480360598366729
0.01371264170370106
0.02946044734158068
0.01019532097969019
0.012130822999155732
0.013566466941717687
0.017373399907914876
0.01273524300778203
0.015155420960204495
0.035890045596287126
0.01856102808838417
0.00227255420122166
-0.0007636387104179798
-0.0032098695006666012
0.019253479845623953
-0.0022582547239514967
0.0033979658707135323
0.030392444091127072
0.025279038142499943
0.022846865396488003
-0.0041142455617228435
-0.03960601247664749
-0.013334128141989034
-0.03831303283734524
0.006942746651532797
0.009242170476736524
-0.005467511437152405
-0.007592809593736582
-0.012525782769521729
-0.017639342233621624
-0.006749692993943984
-0.0034945802014192976
-0.002521415426791978
-0.002856210945385516
0.0023172089949787763
0.006796542028231169
0.008077025591803346
0.008880506720264485
0.009429788968069324
0.009829436130099433
0.010059324801856184
0.011895312522449346
0.011588643657884912
0.03505045058299176
0.014117712456759074
0.007555512319205875
0.006756220004650795
0.006796716688658079
0.0038756237376558916
-0.00180567397622017
0.012082411457976358
0.02430562241488134
-0.008729091509188207
0.030040168057805818
-0.006693828160737693
-0.02838063650357605
0.009353991197358557
-0.003331791701624737
-0.0002932333216483461
0.0010503189445676576
-0.0007803233561608737
-0.0003908480575871737
0.0020305846135065322
-0.0005375715576017798
-0.0003634317485173155
-5.312338946329109e-05
0.00023315523026690727
0.003015171330484207
-0.03986190969409495
0.0021168358198070483
0.004705076515962481
0.005599334372988316
0.007878715932352244
0.002604867697880803
-0.01181930896818241
-0.050485113631446935
-0.09027900289398842
-0.009899189231113334
0.01455982731887318
-0.025329103269664817
-0.07287174568723778
-0.0230792507905288
0.003835309889843932
0.010624026763756856
0.00015385641928984063
-0.0026009210595988185
0.009869229930143907
0.011778074313175459
0.010763274789885174
0.00946384340003209
0.009795885939932875
0.008341902996568847
0.0066573774616397316
-0.003572838728724188
0.006380912253468848
0.007745106228118368
0.007725938389991353
0.014683665874053767
0.0076367160953736985
0.011928697244804628
0.0035033247997658975
-0.002732128244502727
-0.0048348171905841664
0.08095598712104196
-0.031009761940058216
-0.04513058189611169
-0.016511357766344673
0.00944061072084059
0.01655074055600561
0.012246021881742335
0.011929488229063768
0.012280108578289642
0.012482401501516995
0.013029911764278469
0.01355531664180716
0.013110544370588522
0.012220810689374176
0.008338565208407882
-0.01717652689742903
0.011070342223675766
0.01475590890088435
0.016872086779701628
0.01831417786074174
0.01676535047685475
0.017319007057055927
0.018481416170028377
0.019200132473919166
0.02360276355684481
0.03219867454494232
0.02226599651169601
0.023854730048119645
0.025768446238513792
0.02671797351529374
0.023005116496296423
0.08381072308303207
0.07457571085242906
-0.03637890979853118
0.12666156057877434
0.04433033457867853
0.03421788254413017
0.02443771099149166
0.02158025541048154
0.016931116781564882
0.02107020829150371
0.010533739088998961
0.008713392561924698
0.0051141160207186535
-0.0003023857219550974
-0.007520993310499225
-0.019396032353259755
-0.03476452172698983
-0.03522622492470898
-0.006743148836914018
-0.15220531613028004
-0.003130972105266476
-0.03370097847319117
-0.029524778940507822
-0.013179725409420431
-0.002803588817683003
0.004505745168315674
0.011632224817114905
0.009249784825166084
0.009944032671977032
0.010745047959846165
0.011653357968439793
0.012405816499261318
0.01238856861380119
0.01105621501305567
0.015162187990731437
0.010388199128140591
0.0113164575390733
0.012173648519936294
0.011922061938054063
0.012233088335367197
0.012111733964893812
0.013113731768745604
0.010801742743593296
0.0100485677494301
-0.009503358707784923
0.009946865049133008
0.010422882721253456
0.01095956209302678
0.010744937031584297
0.0076715608451061856
-0.003227888743018964
-0.012992390500173473
-0.009802490438406345
0.010591644701531816
0.013372171045716896
0.008360639600634259
0.021519768994015677
0.005408495245316572
0.008638148226759115
0.0016964688330714619
0.0024724855406877675
0.00508369625797115
0.004357665259933544
0.003094990615575668
0.0020899739409051188
0.0011777046218351154
-4.018551087969737e-06
-0.0030069496621481042
-0.014183963746194846
-0.03412924937614576
-0.016988283725391927
-0.006550799763065651
-0.006252129752221443
-0.006836561835234293
-0.004022891586844491
0.0024124782848063573
0.009461039349378184
0.000427366887870664
-0.00020933139253632375
0.06501633423931139
0.009940867855579355
-0.022126362454968088
0.008367152861127663
0.016672156714606187
0.0015370174957291794
-0.0015720535004027946
-0.0011107101986611184
0.000547671461821238
0.0021715261391228864
0.0037273148796220816
0.004624499098685896
0.005363195357020634
0.005749117888070866
0.005849909347825434
0.00864622217764726
0.0055333460034251965
0.005962056869120198
0.005613195618198723
0.0061625795873224256
0.005040967816984182
0.004608997003570143
-0.0015812300875531408
0.0038747244029158257
-0.005460463125928089
-0.0003851981425958071
0.002999889050522438
0.0028964703613857785
0.0005248178384485847
-0.006319178407212211
-0.02604627721500091
-0.0559869875903368
-0.06160470596867458
-0.024298565715131597
-0.005887710339540753
0.00019373185674230565
0.0017076394649776546
0.0020102402958060176
0.0021469811339656446
0.0020976914108883226
0.0034486575126709412
-0.01162875609131684
-0.02352770548953652
-0.009957290099557153
-0.00033915737675772087
-0.0033875350646264957
-0.0035075333962048378
0.0007108444706560225
-0.001874782336700081
-0.0016361355499454689
-0.0021053474708495135
-0.00301691928109128
-0.00529006690951778
-0.01100682966974685
0.021255759732874697
0.0040098145452674835
0.012023172723035366
0.02008128198031126
0.05949883066178108
-0.0116100899191127
0.062176190946000374
0.014890745151888226
0.009412402185423963
0.01154484272126775
0.012108162716078782
0.011003223393621513
0.007374678766648568
0.017616774194215427
0.0210321757577367
0.036678332080870686
-0.014185304299383488
0.01138502995699594
0.014494845708739578
0.00843656833399515
0.0036066495096996978
0.0012251785111608397
0.000281280765532874
0.0003046274734513785
0.00038528172195617075
0.0005591486161189752
0.0015098135333611734
0.0019153077362887697
0.0019106865137028094
0.002660372392635134
0.003007242555248461
0.0036699033852218227
0.00395758721186827
0.004379193358163589
0.004712928846161774
0.004875390128242099
0.0050206867929336475
0.004109697739524263
0.0049368062811302
0.006300052211508401
0.006241489438393672
0.006414845916261623
0.006469465006725611
0.006536923475588878
0.006453642379039185
0.005531831919924336
0.006292444543827078
0.0061452540346371345
0.0057810742434421
0.005191738891042535
0.004772152820654632
0.0043410629800704915
0.00399664171105322
0.004100486241190503
0.00524792956168444
0.00838948494932497
0.01463157352190702
0.022438642730325094
0.020253092674157275
-0.015507759562105147
-0.007931412203056078
-0.03984923641259551
0.0046131101681647566
0.0015943308321557745
0.02086560614858035
0.01698580750608814
0.009463128482870389
0.004786271682988007
0.0026566591984910444
0.002008579991868434
0.0012748912850432702
0.0026587207374872694
0.0033760326416371763
0.003996774328222437
0.005550095047112878
0.005045483439772235
0.005496831022357616
0.0061618221337977055
0.0065145481928550585
0.00684863474833949
0.0071391480715651484
0.007224157911995412
0.005508593203034497
-0.0007455123838758975
0.0006247758724580402
0.006722804731012815
0.00863195817078682
0.01040495830476136
0.009312912219185069
0.009520231500221955
0.013063352347975742
0.011749558144951744
0.01327829943317372
0.015751065899155595
0.02217498065642554
0.022093078006760473
0.03420066533169645
0.003908904136204387
-0.011471935905384749
-0.001783687024586944
-0.0014983548135936943
-0.016051210914184277
-0.032406464077965984
-0.03495676039637728
-0.012313223991983256
-0.0007477638878053644
-0.10494572900215131
-0.008853470760178324
-0.011933517738818214
-0.027717749394403333
0.030514805771224788
-0.014193597234178549
-0.019136645398872297
-0.006860732819787746
0.0026031888721473667
0.008431538883470915
0.02099953020601745
0.010408221377966962
0.013418179449860146
0.015476615053527978
0.023242671692162136
0.019954409862558593
0.016884234380551887
0.02183438021052003
0.01660974075980977
0.01595059672331529
0.014794453137729518
0.015670702545394283
0.012950745532065577
0.009000568115909295
0.005133006289326402
-0.0003411152731659257
-0.00733941582164052
-0.0151207358046856
-0.021784653697505416
-0.021629390391851872
-0.0019994477170670643
0.04477384650069284
0.03905884846519369
-0.019259291460361486
-0.005711851182098788
0.0014210930437515276
0.08186274958737402
0.07211877823198247
-0.001195024527158305
-0.032178706050090225
-0.033992317162051915
-0.030367925506817016
-0.017964768184391744
-0.005527155300913208
0.005533128396815332
0.015138460253615534
0.030903587635753765
0.037228864578185514
0.03703673518375063
0.01250762679313027
0.005550878429676604
0.018239442673268418
-0.018994738992340904
-0.03178608971524252
-0.0008125307325641509
-0.024470614461747073
-0.010543614580405484
-0.003338990744740093
-0.0004858821680917469
0.0035413456909992023
0.004216078457716759
0.004220727697850115
0.0037774127346609553
0.0033900547125508404
0.0039684318021493605
0.013657845507901955
0.0019027473000685022
0.0018918678253232889
0.0017622522322030291
0.001469808277351436
0.0011060929722458044
0.0038805054844484994
0.013720913771023338
0.00010264908321699448
-0.00017522225655152142
-0.0010410814400551589
-0.0031247340835709155
-0.007356973864408133
0.020770182185647534
-0.007282829760693281
-0.0017680908218334805
0.0010225228209424073
0.0013436572760234906
0.0010776539216394753
0.0014258252444553255
0.0012305101587922296
0.0020156425267511204
-0.004483488651534955
0.003922445810068767
0.0025249086180943437
0.017574208583992598
0.002367534591158274
0.0065626610990398085
0.0011209539842548942
0.00014151651907029202
-0.0007015207315871157
-0.0025368708977694335
0.005181097566559188
-0.008962921269284697
-0.011935660398824263
-0.013219990721109943
-0.00996193465890171
0.002688805838966747
0.02325087356686153
0.011870222111851169
-0.036693245549934236
0.021396495415159988
-0.01892244001739952
0.06502946125029944
0.016847354975771087
-0.004520377460315617
-0.012083805749989743
-0.012536043478713768
-0.007376555731087757
-0.006258515941912026
-0.009107952863669435
-0.0034107968262071997
-0.00619040178600101
-0.00902536666769173
0.020599265272081432
-0.006074327060442009
0.0010835121902191482
0.004703713521165256
0.06713224991084071
-0.003772708494580022
0.008923120995964845
0.008121303527037447
0.003052832056250783
-0.0014898815831177856
-0.007398710367062334
-0.017592866149736555
-0.05866938010187183
-0.06477660461765754
-0.06296924545616063
-0.023662368113932564
-0.006805594132937357
-0.008335560737561256
-0.014379828189393581
-0.0006244543887153696
-0.0007936218758514257
0.0035480143147262415
-0.006623533939583302
-0.00855396955425454
-0.008577200503999526
0.003917268435921786
-0.009660208527203456
-0.008589585904485535
-0.006569467453502357
-0.01058531363482523
-0.012272612187610062
-0.013514940442362842
-0.01382093106735628
-0.01197783247699
-0.0070741142083039915
-0.004330069353012062
-0.019424563789061395
-0.047801220494888844
-0.027557554552935206
-0.0549935911243366
-0.024569246815835253
-0.0054635652433984855
-0.004501851703775347
-0.01008189164738927
-0.0132072812360872
-0.013196042846937577
-0.011096475506131485
-0.01031139553401012
-0.008537046662742387
-0.01485916487335216
-0.0066271718817301475
-0.003929232630765571
-0.004146091638610154
-0.0008844102529254219
8.744507171601262e-05
0.00019146472543442243
0.0013772829736731656
0.002385985587580642
0.0027763234628104066
0.00258161310694224
0.001052629730415769
0.009567893036216815
-0.005147666874730154
0.011946095428274375
-0.01849019444470191
-0.016237662809438804
-0.019760182969790582
-0.004888356381482405
-0.024805284345281595
0.017567988048895748
-0.03851454825410286
-0.0054741618076176324
0.0022137272442781537
0.0010421311742827082
-0.02882370386492631
-0.0743246582151837
-0.026779498324982647
0.008366538653679645
0.015740037998493852
0.01800738303096891
0.008671331373682678
0.006053582999835073
0.001976823009474905
-0.011474330889025405
-0.04164811472188277
-0.03368143627972068
-0.011924864806358312
-0.01151544855059282
-0.026060421187561935
-0.034195361315510917
0.022316259156794378
0.010383106793105527
-0.004652914937770499
-0.016145405085321352
-0.00020118732365693686
-0.005340351476180134
0.006628581043193553
0.011203965522965733
0.013723765861361563
0.012429145578386775
0.005591528034098248
0.029293937593488566
-0.004215322035255071
-0.011757367083980038
-0.04113523283428406
-0.010840942438262457
-0.040139359549555095
-0.0078120636836701025
0.004726939865197174
0.009318270349467112
0.020830020920022143
0.00961015267918589
0.005772997399297457
0.02100454772069782
0.0014734543120947295
0.004590430961817386
0.005584838870774517
0.004778568138926998
0.0030709842999765554
0.0011780757948470248
