0.0019428251395142994
0.03276693017872543
0.010086019926241597
0.010139177746728342
0.013933310418157402
0.010124042539758444
0.00623664379391221
0.01333266294056567
0.012679883887340709
0.0005098366188171598
-0.01839924575036817
-0.024936074285831493
-0.021449605478841883
-0.017321683095286523
-0.01571800747818534
-0.013899929561117023
-0.012719644597176612
-0.005190888001549138
0.01339629054662092
0.037646065360184465
0.04868473087116221
0.0018046702707533798
-0.043919796493649195
-0.052265700726875565
0.02548263618195611
0.03798366103872171
0.023815494711120558
0.0023679430881586414
-0.013312311089410528
-0.02329572808968862
-0.025492095291570597
-0.028780093793647436
-0.027471127223781682
-0.02321810773655568
-0.017149128206619606
-0.009615459052875312
-0.00292963472287705
0.007488044152858418
0.020619972702145307
0.024416007511314772
0.031826598360530534
0.03841837528546362
0.04371794059228192
0.04839545157402467
0.04856815611672401
0.04555805964959038
0.03896925422085001
0.02926090797135665
0.014969657575603949
-0.0041951883854471255
-0.02155020659238412
-0.016507683823503812
0.0012626051745117356
0.01638007244026949
0.020213548332181093
0.020019633451019724
-0.004573489299319743
-0.010831382233340651
-0.006498078540755405
-0.016152801786762903
-0.02625040172076447
0.002040379363101525
-6.415771746188152e-05
-0.05063849340055656
0.025608159758396934
0.0025328897720854676
-0.017132658271352446
-0.04095196067575375
-0.07314421504850044
-0.0800926398009828
-0.06475591671276415
-0.044096663972845736
-0.02444263064876834
-0.007720155782441576
0.005439528742718375
0.01476830942485266
0.023587300953970592
0.02548625318786523
0.02023924287420977
0.009823296679779978
-0.005493292622913616
-0.008370913071091059
0.00010508452150214599
0.004487769985670353
0.003707605483830217
0.0012194118467623203
-0.0017474745626368839
-0.005188672567939054
-0.008022406335081455
-0.008096844166921878
-0.007699972756665679
-0.007985299732216788
-0.008578035865454131
-0.007312075593581387
0.0014386999709818588
-0.007393406974146837
0.01964615866288323
-0.0076433332485303295
-0.009823928844771821
-0.009992852331742384
-0.011217320759975995
-0.005748145651991414
0.02888840017401952
-0.014698482032631204
-0.00014779236828527494
-0.019982596053321054
-0.02107775319973431
-0.020369449307442482
-0.01794253210845678
-0.010250692814822493
0.0018099054448303966
0.05436900919981028
0.0077552535015346915
0.007632854625555096
-0.0020469772548244876
-0.027639731340051803
-0.028414330136489915
0.029453462425708725
0.03100051421473177
0.014831195766615428
0.04807558572083214
-0.037881523157513405
-0.04371334494578319
-0.010428628323983412
0.04336520486774953
0.022253304302289372
0.0017878007655463314
-0.01698849080432873
-0.01449300123793544
-0.02925071004731642
-0.031414975350717696
-0.024446371541276237
-0.025243205642490236
-0.01991069195056185
-0.0150512511866752
-0.011425073827595968
-0.005468268660115386
0.019017504520200575
0.0005174469933435192
0.004460988868927218
0.012558329937554057
0.007223833978892514
0.10531179024976867
0.002595368228506687
0.009783333745213852
0.039939604041622494
0.01811080792313634
0.02134800661618199
0.02148214333108889
0.03285955081053838
0.028782627245065136
0.03676969263793516
0.026536906059256685
0.021199899791413204
0.01878233350781132
0.01894853872690679
0.026902740999130488
0.02056756345413652
0.018903436135615292
0.01746676230657729
0.015038109329965516
0.012653371262790016
0.008464035816354493
0.0026534231818463047
-0.009803849444601142
-0.05924187785602165
0.018984973476819655
-0.0208104463918961
-0.012372846317026136
-0.0029700837262776583
-0.008183940312161441
-0.010233469462891822
-0.012231011084093333
-0.015046639154073225
-0.016651208191605156
-0.01388719211563158
-0.0038196196145893523
-0.012850663679685043
-0.01150927380800413
-0.0047376763731777636
0.014929629969990735
0.035116409957014455
0.005578286647622419
-0.011880389612544178
-0.04753022664144002
0.018056679703019145
0.01857613335487964
0.00197408670577808
-0.00754085516126427
-0.011372259671478374
-0.013185202460038757
-0.01458797524787089
-0.017144421492219
-0.02363545169303062
-0.028896142983642844
-0.04991156036760477
-0.046433994277634796
-0.027215597885576096
-0.019603812054299737
-0.015339528046956347
-0.010359772707425502
0.025297511455927554
-0.012567098871035966
-0.016756932019982212
-0.020691729424712486
-0.01711524619288064
-0.00400112962111181
-0.01921051591655007
-0.03057425704703899
-0.02515901074882449
-0.023984142850473688
-0.010421873431612577
-0.01609217552769349
-0.013802754027344651
-0.019286702144223653
-0.03880725185339596
-0.014147549688978713
-0.010631950343707836
-0.00540268258095524
-0.006881365939583009
-0.005504163652538107
-0.006286398103878775
-0.006517243177071772
-0.006505689116915876
-0.00732197417133562
-0.007797896007893381
0.019146018217691952
-0.0081944178714272
-0.01150134569221624
-0.01639670021883374
-0.02245687183468969
0.004036465975271153
-0.03039613544466254
-0.007549748893177108
0.04219234142172984
-0.03349879956433727
0.004804636419895617
0.0878334144610696
-0.0625982098595589
0.10220218511849999
-0.013880951807347842
-0.03940214471415414
-0.020577446348303996
-0.055918656117866145
-0.032052999850150525
-0.036058289418535526
-0.028313112205742588
-0.038709709228714716
0.08674974305565661
-0.06527676796027515
-0.06556574783768726
-0.0014858252159388277
-0.003457760329971558
-0.004725623740681805
-0.004451784006833851
0.00014291527037615652
-0.0056767764426489935
-0.007876152234727216
-0.01273564465965029
0.0035108234148340414
-0.014251376450517944
-0.006934691859108613
-0.012327902262438087
0.00786036586648759
0.02115211927107049
-0.019986903324124415
-0.013052071654931639
0.0027331975343760457
-0.014844607272227629
-0.0005258968043776219
0.0019852001432734507
0.006279303540303287
-0.00627974302725115
-0.0034982691431821498
-0.017359327613176066
-0.0046517193139030966
0.02780797937150047
0.027562077156274636
0.006246032940137875
0.003682837336928208
0.017916337924670355
0.044311030123241266
0.008859396799052106
0.01928879843451228
0.0003058203223073148
-0.014573206127183588
0.1338570099846748
-0.0280432459111166
-0.022494433226976862
-0.1312462002980115
-0.010240974200333739
0.03083104729731961
0.0005271556601923258
0.020467003702037856
-0.0023268865558604777
0.00933140021885202
0.013061263358412619
0.018088769976657815
0.03488934898933183
0.029247784502835144
0.004504933784599547
0.008309374538797503
0.07117104178225958
0.018472715955885437
-0.0034398885773294367
0.0253164984997586
0.01624505247930013
0.018272303142263687
0.018692230227582363
0.017437298732104093
0.022543932614321055
0.016482469033033707
0.017238918411453686
0.01452852726142393
0.013688061963651186
-0.0045632266650080956
0.026030863551900874
-0.015418904100904436
0.00232328859865018
0.002950726742876276
0.10189443166174539
0.009215659919762831
0.018808379851698472
0.029412591655489304
0.012222307729602495
0.0706577705330788
-0.007489901941876865
0.005825501340165207
0.005900886679801719
0.004250830397861056
0.00485941594894856
0.002313658525765918
-0.014104123093494484
-0.020561995630016004
-0.0011330947954367968
0.00874477035529244
0.01232136304576642
0.018151121275198696
0.020871655606278045
0.022320503057096826
0.022308389091559123
0.02188756481144467
0.019423780797255007
0.024158221040494816
0.01620137244739417
0.040637256493683424
0.026966893850642937
0.0212933087515436
0.020184734185590962
0.01960500028585524
0.015950185604515523
0.015836668784569973
0.011640199912898217
0.00971965528218986
-0.005695119260510613
-0.010670527026703966
-0.002425724754510746
-0.01770153194372474
-0.015761689059154795
0.008497350049492251
-0.01982678474431073
-0.012081877679286738
-0.011815520860089542
-0.01928600919039362
-0.03748723579468913
-0.038990629005001984
-0.03261339598385308
-0.01416553451307517
-0.047006267930859574
-0.04970516659217391
-0.039468479646233096
-0.036142003115444604
-0.03135839392463892
-0.029816566924443177
-0.03977934141956765
-0.049900045507357216
-0.04922060689268164
-0.035538017064816664
0.004477198669390503
0.026673324853382627
0.07455921792850034
0.0027379419545953843
0.008346419715878624
-0.029189781700322767
-0.045393596213759844
-0.043347484387609075
-0.035140310731411564
-0.030283234481222995
-0.020976423958515
-0.012846033672332434
-0.008008407651520447
-0.0031892719997577397
-0.011172215504388435
-0.010689062355836712
0.0006148498790341958
0.005962842607186175
0.0008573930529326523
0.035261397925077154
0.003959808376312984
0.0005061581699296807
-0.027260241674842825
0.005428191141795422
0.029691313634942096
-0.016228681242437284
0.0004914083493070205
0.005543374795684754
0.00744675530807091
0.003559909740567541
0.0016996458637716996
-0.0027981413391392827
0.004231287950707029
0.004694038702976542
0.007698791664391248
0.03238825954192689
0.007615171077884745
-0.011457469105055228
-0.003100706347130068
0.00014638792040571512
0.004676051861690611
0.01269705808039822
0.029768022446960866
0.05412743418831778
0.06653524921311622
0.03569171874385466
-0.03157365715160288
0.09031601416967151
0.0005998229775338013
0.062310633037909686
0.05379729334651975
0.031488717561622984
-0.002800529567171305
-0.017929157367498238
-0.01885076747155675
-0.014985399337146746
-0.013225635285460668
-0.011800197539259686
-0.013855916778819505
-0.025004243504588575
-0.028566837317410405
0.03319847877622852
-0.022793423499738594
-0.022214842790352792
-0.028936647569116267
0.0029791828079533795
-0.006271406795199328
0.005389028656929176
0.031798902747873406
0.007516144587215676
0.07461862062172993
-0.001822435858540347
0.019922792614764262
0.0033745070631237078
0.005142935680794778
0.0005574822755578027
0.0017827858826700484
0.003386108542212872
0.00436811752365354
-0.005590721008178145
-0.0022401346400457186
0.00864181174806227
0.011499696488131242
0.01562687988325277
-0.00152920421214029
-0.003476177150045577
0.0070752314976029705
0.005121938380520911
-0.006636763902438491
-0.01955546388639625
-0.058951805678308884
-0.04000358055341091
-0.07080475666346922
0.03514904659493488
-0.005541975977333556
-0.005696848047936734
-0.008345188794942468
0.036783243566920906
-0.023282519134473004
0.014301639860523952
0.007149639386573012
-0.0009145560449093284
-0.0032940898507687745
-0.021634950879656233
-0.020026052658462093
-0.0074327630149993
-0.007997052580628692
-0.007724700300492136
0.001206195062677688
-0.10430882709877673
-0.06173070098253528
-0.035224361983192655
-0.02681952383711496
-0.0067709035152207575
0.009794328643733495
0.009505861517069877
0.011507080461115569
0.009791810999861617
0.013916850343358584
0.010994177015049204
0.01374987245333512
0.009713221745450494
0.012058277046378178
0.014554173696880546
0.025297357524461703
0.013510608295524923
0.005931096222897979
0.009359399845942052
0.009000567727734448
0.002199788205594799
0.006602540062760896
0.01694348130620096
-0.0007077179685955735
0.00289013994638946
0.007081670849117214
0.006116259463115423
0.0049657950589291735
0.033446448331302024
0.0025183832929272978
1.0222223652869399e-05
-0.0012168694263006053
-0.0013813574560204767
0.00893286928618411
-0.0038763135365982204
0.007891086081635194
-0.004834533265928178
-0.003927195458341848
-0.0002507950547876694
0.0008882790591973899
0.0045161097347752865
0.0027140000278766557
9.59890216948387e-05
-0.000834521646521323
-0.0005087566719340994
-0.0017520625843107142
-0.0021369215097148133
-0.0023703225467446624
-0.0030877187042586338
-0.001125842852143517
-0.0030777905104587265
-0.0033197321422832196
-0.0036749343461354796
-0.0037620236135799626
-0.003503984320689769
-0.0033386306296577578
-0.0032262713441128027
-0.003258863554293533
-0.0029787180589932604
-0.0057028853645401025
-0.004519012045836573
0.005832691848705498
0.0002936493272606609
0.006461226524189161
0.015438576958234567
0.02324714377178426
0.03640943360319685
0.05229687714282159
0.040489491709751774
-0.05898803003408042
-0.030532348318544955
-0.04108204803458955
0.07092365749637997
0.06647819133198056
0.03849772774715137
0.018493122142480004
0.00681806395759608
0.00023175882095271926
-0.00355864335186644
-0.005612699774704162
-0.004891473396827425
-0.007466217885442496
-0.008055990729457837
-0.007851974417941516
-0.025291524544112796
-0.00861341185282616
-0.007071637042404094
-0.00796968116697644
-0.007470461202167533
-0.006633445365309704
-0.005574699734017638
-0.004274671086894455
-0.005471354300492152
-0.005467963408083288
-0.0058297709351597645
-0.0020159673208313676
-0.0056835517985412655
-0.004893630410180813
-0.004126827512453642
-0.0034278156924154833
-0.0028484121923433295
-0.0027353853244782987
-0.0020274293676081855
-0.0026247126754596903
0.015574541746472744
-0.0031412766246162295
-0.0024520171672859515
-0.0024209972379945605
-0.00019737217377917377
-0.0014898174964369688
0.00020884861432223
-0.0012057154467306275
-0.006714009398557617
0.018621147726797044
-0.004923414966545434
0.0053268651800304065
0.012359783839247313
0.006840052177091739
0.005433427835232418
0.005254673858806869
0.004835208105593743
0.004655515493454238
-0.0007363947737931627
-0.0046277803315710195
-0.00786122004023915
-0.0005271930233095865
0.005501755015731272
0.006366997155978296
0.007615670706545395
0.007301666659728633
0.00896488997451679
0.014213788813398968
0.016981309939198393
-0.008619854309076323
0.04152831147595317
0.006204990299089527
0.015006700318089681
0.007170472972900843
0.008156788599237625
0.010448375275132961
0.01677029233337725
0.03066575308888943
0.015546226184597143
0.013034003801582868
0.010526238404765393
0.013588474252572
0.005542264166513476
0.0017452934488305539
0.002497908809949695
0.00852840850428688
0.008746725036228016
0.004043107969219453
0.011121024971321957
0.013144695860227694
0.003176141366161357
-0.0016952955275598713
0.00034312729092408445
0.0005681677614961634
0.002342421520270583
0.0033969689833946914
-0.0007374833840358855
0.01282325902276163
0.001718073675066103
-0.0005612253269747505
-0.01523886123632311
-0.01711877503952488
-0.008245106063441154
-0.04870790273087096
0.11435110261467585
0.023366813016081518
-0.08692345259644833
-0.004468328250416605
-0.011585116499788611
0.0034812291942178182
0.009103025824318076
0.012687532379660714
0.017159287904146902
0.0148550031970932
0.005960816224968746
0.0031592925172453093
0.0064923007303684934
0.009303979374501403
0.0015185412189277201
0.02627636229163484
-0.006761878351101067
0.002139602449165042
0.009433867031568162
0.02360462940576988
0.009157354621351432
0.01161300249971
0.020500663545013384
0.03666947508883545
0.017951116670846784
0.014024630172352207
0.0129086401920439
0.012240656106087407
0.010828127311864303
0.010386923641289155
0.010110074258275559
0.01160300169959846
0.01135352883333139
0.01094220639408006
0.010154128809148361
0.008784606236139943
0.007299595083553872
0.003992444693213729
-0.01353061362836581
-0.009946062279668615
0.0030623921052485414
0.013954739214864743
0.007352646629347561
0.006690455094495534
0.029905360638987924
0.0008113865118058901
0.018769853534262252
0.0053235605255868255
0.037675611204547495
0.011856607553995466
0.010085996282687918
0.010087095452734847
0.009224033753674643
0.011711666164952927
0.007755517822830031
0.007936118016986257
0.009232760652211347
0.008771567696920108
0.00991086440322857
0.017771604959094023
0.01517895083164771
0.032918499401259585
0.01515529522938236
0.0068774232863827575
0.001691584849070218
0.006039720744513781
0.004225275340681182
0.0037651340148034547
0.0063946583904571684
0.0006766297994746753
0.003907687358459513
0.00435357595073004
0.006015355745818221
0.013029065150985506
0.005605743375444109
0.018796962866730375
0.01454172439532732
0.005090109560501797
0.0027041653080914726
0.0013759721579136275
0.016525668682680385
0.0018206842423309775
0.0019259074860513087
0.0019011732977718293
0.0017139562101182687
0.0016421957332299593
0.0019453664946129847
0.003188370250697633
0.0039359710970963205
0.0033812930105230677
0.011416204155962256
0.012900958262463062
0.02165480807199425
0.03335913565164198
0.0470077811389196
0.04108407645647902
-0.04271163421458037
-0.019903276889106886
-0.0475319250674753
0.06932180452910698
0.06771360593460117
0.03983800360547755
0.020175139130680777
0.008886976070511423
0.003031072589540153
-0.00010246052979897776
-0.0016753239858047228
-0.0022416700294412904
-0.002365760049724343
-0.002056858748631092
-0.0007370260465234476
-0.0007274482933902861
0.0002916637625812258
0.0027394646691362274
0.004972382423948639
0.006617895327642661
0.005267964908039329
0.002278400923398376
0.004738591323250765
-0.057201192502514445
0.006209068814463177
-0.004309448301743197
-0.003393795748162974
0.0026099648328511142
0.0016744043240630945
0.0014558374803194266
0.0003461841701705803
-0.0038936906659274733
-0.004751329328832503
-0.004622881289958621
-0.005148682868244691
-0.00073094271904531
0.001536468898158149
0.002464138090117748
0.0031789134638502596
0.0030855748462981494
0.0073263392512115605
0.0025425893125972923
0.006311006923031119
-0.0007933777970628228
0.0021377554894073084
0.0033259827857989167
0.0029879512664959143
0.002282975282824428
0.0042885601289140984
0.002844652613787954
0.0034194824947190398
0.003893547834972105
0.010341521639018888
0.005979081496041616
0.0033386816319419445
0.0014574840761042232
-0.005813639424139351
-0.01241141243647193
-0.004507642919004046
-0.0028089134506127564
-0.003469446573841357
-0.007105789191749729
0.0066571767057313595
0.16731127779850716
-0.0038205050741983624
-0.00044587641172152466
-7.431979764100276e-05
-0.0010443347021399886
-0.003045294739452305
0.00033361001176131097
-0.002134538745268742
-0.0012411974922956297
-0.003558764675989975
-0.006550032459200058
-0.018863055248426564
-0.020426767102491927
-0.01644675304930472
0.05074892557851579
-0.01522783161180459
-0.024655102504535918
0.020626132901001428
0.0015005337988898118
0.04046793996374206
0.016778524428427855
0.03585867663351805
-0.0007255535298878692
-0.005286670114372269
-0.021286730301465894
-0.058106990625728425
-0.05086823269202726
-0.04844335035694172
-0.026101476032263034
-0.03292717805216094
-0.07725495288855
-0.03697718247916227
-0.0197832210606563
-0.013758265003028236
-0.012752700431052198
0.022821366618677705
-0.00331633098425029
-0.0023422524850187317
0.000924582401842021
0.009992554838615886
0.007254331798541012
0.0036473283365878696
0.0012572991760656177
-0.003725815122158819
-0.07816303184792134
-0.014288331805414719
0.0032450219214447285
-0.010775978030870109
-0.011964706296015256
-0.010261846069541072
-0.0021737256019652884
0.002600033221828106
0.016930382966822137
0.001665204324443228
0.002320485784344344
0.005151276383772872
0.0025121203518788356
0.002026470817991362
0.0020843067164117808
0.002007889708366172
0.003738781150945481
0.001081721045889633
0.0011162301712913452
0.0019579466343267703
0.00646890243125377
0.004331194106640446
-0.00043794816204255756
-0.003122679590877936
-0.013046051231427717
-0.06268837723880655
-0.016094623525384006
-0.009145503738197242
-0.013223996344466611
-0.015513857874889635
-0.01051676962383441
-0.01205293448690033
-0.0023387579886086957
-0.0002889501409616062
-0.0076378662440402915
-0.01696138747234826
-0.004741495397098307
0.019306211662480144
-0.014076206959887134
-0.0036771802766139426
0.0008821738112373257
0.00379481854424765
0.0021688900081814613
0.0050338075604400255
0.0034239324070405404
0.007666304047393117
0.006745851662208046
0.002418526617309291
0.017365924370510336
-0.005674038881186488
-0.01709837872738908
-0.008219521793069761
0.005558552938922606
0.004336621879424284
0.007677540185906718
0.017455912632643063
0.03093101746091522
0.0007467005795925396
0.04127694528169453
-0.024774193015370663
0.021890455739576598
0.019490589635833118
0.00808342862376164
0.005302146748363847
0.007708992668286392
0.002690099765429689
-0.0007708326582945741
-0.006364074217533023
-0.00868261819268669
-0.005553765543428449
0.001104234962949219
0.0023761120210278844
0.00016534554397635152
-0.0021503142429781705
-0.00826207527213609
-0.008629410842721093
-0.012419571361887219
-0.003800131294705272
-0.00020050531565145337
-0.00029164061453129013
0.00016445170874796597
0.0008411937623720204
0.001923453073659701
0.0012279170497900543
0.0011428574240779656
0.0009229191251256603
0.00019867643524721295
0.0023813502118810405
-0.00013238957053729634
-0.0008392340579076448
-0.005051977778277995
-0.002629533109341473
-0.007286001758662278
-0.005167478891400879
-0.001236368528418281
0.002460580903368949
0.004575056551251275
0.003549967647960636
0.008791153670912839
-0.0009789926522362014
-0.008742771110421982
-0.007868280238200562
-0.000716463630052816
4.696297367913276e-05
-6.853680113962579e-05
-0.0006621687270452916
-0.0017857386890933861
-0.0034936975969060945
-0.005462932216887697
-0.004989051187226133
0.002742227414527415
0.0009426907623450847
0.0428958719018021
-0.01513770387227894
-0.004197279637282106
0.02057550073479731
-0.0074753657854246276
-0.006209137372728186
-0.0053671145174218155
-0.004963524181383575
-0.0048437869518110094
-0.004759011385686561
-0.00132782846385258
-0.003912276764722165
-0.0009694364084482266
0.00716023144056492
0.021844937814198297
0.04350356016275551
0.04912275110473837
-0.045182427344775795
-0.01249579550811923
-0.027256216448378053
0.051558816705492796
0.039745975719012824
0.018241866514959862
0.004412049145040007
-0.0030840506823868563
-0.0019813363751809325
-0.008994791801368328
-0.006982696864149875
-0.005465585367667118
-0.0029099962321151645
-0.004271102518464711
-0.004041945438794989
-0.002920289353015934
0.007536012966716831
-0.002621499302935458
-0.0026076293700324983
-0.0020656136101397378
-0.0033350395511045775
-0.00649995003253921
-0.007955865653802852
-0.004343048346136994
-0.005249363675929669
-0.003505760883709717
-0.004154917291241812
0.048962233153398135
-0.004795036966345661
-0.00398465328587849
-0.004866748959715612
0.0013512201341973288
-0.013208616256748651
0.00331584491383005
-0.010436051563105349
-0.009505248960889745
-0.010691250685260079
0.001981126878420677
-0.020929130802844132
-0.024825343686394916
-0.025171180797729127
-0.04181385746859267
-0.009476687340797794
-0.03643619858004013
-0.018508733928538943
-0.01774184007113923
-0.008421825860110026
-0.0043170850697156395
-0.0025788254447039567
-0.0008382938171555979
0.0043720749399494985
0.0004401191230439353
-5.37158273900861e-05
0.00019300857922248393
0.00015232322341559088
-0.0005768709408607974
-0.06707316476477411
-0.0064418519576803085
-0.004639714014720862
-0.001423134951695651
0.0005180917986046127
0.00040012277503318394
0.0007413892245464805
0.007253349915892757
0.001067593715896354
0.0012514576417334338
0.0016988008786419442
0.0022441095133698824
0.0017877556220198864
0.001875382089889413
0.0032634554667229703
0.002952962522553359
0.0053236883978731745
0.02150275700688203
0.054013319023551824
0.03407696485141817
0.009202694261503845
0.004133357296206594
0.0023179104797711597
0.0013382443277907038
0.0006520498060177389
-0.0002172088402492714
0.00024026128280489227
-0.0010634560272545788
-0.0013762768213993295
-0.001001904424531083
-0.0009951061978195727
-0.0010805228888292541
-0.0013472263002856691
-0.001655762061146477
-0.002108431013356389
-0.002344713864958346
-0.00299964747293404
-0.0039525394444951305
-0.00435740912606687
-0.0044512788229505666
-0.005050177018424177
-0.005900193961431535
-0.006522604404195887
-0.007886212807632704
-0.00897892864672744
-0.010267503567950673
-0.011877626649596984
-0.013275033847526636
-0.014084922214527902
-0.013089092049320124
-0.007885026183532012
0.0051881210257217
0.025132363614484836
0.003439776190327218
-0.01274778665585383
-0.03290044871986531
0.03797619434945402
0.03342331524704676
0.003310230083682536
-0.011939357017208831
-0.018205635390210792
-0.018691694234908234
-0.0182804166178178
-0.018470885633933617
-0.0190782353831433
-0.02200671063377131
-0.023891626963860574
-0.021214969483662405
-0.008406545660004334
-0.016077117884433424
-0.03798699100676317
-0.056694613333463206
0.02394334148832356
0.003765780406497412
-0.01747692720919823
-0.020896225306319405
-0.010560604916052853
0.04123058141046594
0.09458250987634467
0.016438404002107325
-0.0006147136882987644
-0.004384399837898386
-0.005230913137141669
-0.0053481170230179524
-0.0038281196750291277
-0.004481424997237224
-0.0035241504164713142
-0.003000375255381347
-0.0025329517817461043
-0.0022229216626158703
-0.0022177760869645942
-0.003250673409965341
-0.01024533316115517
-0.020446469296271873
0.0014111955507827248
-0.016091372201746834
-0.0035845781832348615
-0.0015337771019860527
-0.0015990101714101952
-0.0021633649149906302
-0.003151869994242368
-0.004661009750474389
-0.006983971473285487
-0.00861269581289634
-0.009680231464341863
-0.015463737264755317
-0.015065578081677173
-0.018788530183396303
-0.021206965304408142
-0.05621335639572479
0.029330663276843586
-0.06522063141305473
-0.02739321988221513
-0.015708977287080258
-0.011576054966476299
0.0030453005017605176
-0.00019137991094509405
0.014592215155462766
0.029674279656800327
-0.02461633978635636
0.0268697623410509
0.002105613667476781
0.049144775940113926
0.019055923193845997
-0.0029159660995125
-0.010745180683051574
-0.012731305758688857
-0.01174550468926951
-0.009912686916045615
-0.00876586343918149
-0.0072887624344455245
-0.004521841358599461
-0.0025109045037567754
-0.0009729914479378805
0.0006417671836936105
0.003843910096566299
0.02112096679029216
0.07464093622667686
0.012330056026121163
0.0015028978485721553
0.0017318366674947713
0.003216550685756579
0.003704902900663052
0.0036466292518933753
0.0023928428628908613
-0.0036446473108747933
0.008292835532722925
-0.0034829370081806946
0.0035083876141905747
0.003748335127739113
0.00462393206074893
0.0037769322469919397
0.0018435879154757632
-2.0213956629530583e-05
-0.0028523275368318984
-0.008818221645906415
-0.00011408806855650888
-0.01195515816407618
-0.01071269056875378
-0.013986263555945686
-0.017989253917339017
-0.016889844396685862
-0.002198860839003765
0.020435500636949194
-0.01911691502968351
0.007231851214042786
0.046871476516599356
0.023283696153534754
-0.012587478412354034
-0.02344015154725187
-0.023037571096987727
-0.02245580639897668
-0.016637264883473432
-0.010891794021542549
-0.005731979136685898
-0.005019118239960482
-0.0037185493658341167
-0.0038894246905465694
-0.0036859238346302965
-0.002061736097563593
-0.0017101614350188395
0.002126729585410474
0.011721398785200435
0.027245458143984994
0.02318835954460454
-0.05430746155659901
-0.008188985013530678
-0.008170126552145255
0.04845784521718529
0.029387465863491516
0.009591600497215105
-0.0004734607435403032
-0.004161920926931172
-0.00554444023719356
-0.005310349487132951
-0.004653488763747388
-0.0036378751347077047
-0.002934194992433626
-0.0020995886501551353
-0.0014355608175150973
-0.0009375651396387559
-0.0008499751168229861
-0.002467752415541143
-0.0024856554028362737
0.00010154407438413709
0.0008458588826557845
0.0006082271708698643
0.0010020654776401355
0.0016139133642527558
0.0007281975674872372
0.000792206468941676
0.0008121360539061741
-0.0013322725500812332
-0.0002661886861793121
8.384023629392466e-05
0.002259473218890832
0.0030633415819480685
0.007685381483247356
0.0038302437475798267
0.0038953377847192948
0.00352597254557757
0.001668324211737998
0.00214315686792523
5.2441276945974645e-05
0.012070815446747625
0.00012039701565697442
-3.7515355492303105e-05
-0.007092501140097597
-0.007633978202856983
-0.005816596286425108
-0.011382266176169008
-0.022579409797913307
-0.038610769891793455
-0.047493789858063205
-0.013787442519445869
0.1209264614981789
0.05557204049893447
-0.024745042139753683
-0.09337731834231199
-0.02877783129506111
-0.022198387046048054
-0.0047385921978122985
-0.00210979080595073
0.0006190031131548853
-0.00011803964919662473
0.0025063385186840986
0.005036588730341639
0.0016359482441210414
-0.006520163477002975
-0.003414320411954671
-0.0013413922606613595
0.003264055848166456
-0.0130809492991421
0.020365322700876674
-0.004454691043707338
-0.009149642833365595
-0.003081547672871078
0.004552160295163724
0.007303848764050287
0.0065803997579394055
0.006012399457335356
0.0040500959394244055
-0.0012207271034647893
-0.01612917617172221
-0.009314313513554601
0.011509810115754922
-0.0011289534146227968
0.002009213220715191
0.003140880157194612
0.0031832660428829313
0.0023908754029968535
0.0009381212623553804
-0.0014026673726072179
-0.0052579988780602814
-0.012178637751936627
-0.017452530841931012
-0.022635325629478727
-0.02636886598512844
-0.028823470580033452
0.06532201663258706
-0.018613603581647892
-0.0030589498717067823
-0.015980299823592656
-0.01672839311938412
-0.011952844444338714
-0.007550611179957841
-0.0050224201015002965
-0.006436724222123524
-0.017512644201541427
-0.012110672204772546
-0.00302063455458885
-0.00036710678154366357
-0.0013506382098515
-0.0005833835027104915
0.0009959717204023894
0.001038572812449592
-0.00013650830177553262
-0.0025888749745458252
-0.00017534769938960023
-0.005619114805523259
-0.00730657200039488
-0.014515238293843774
-0.01404377323913539
-0.009021906991758323
-0.0029950182163295614
-0.0006528469889735035
-0.0002130498515779321
0.00015044235074466403
-0.00013637546279095605
-0.002359996287486894
-0.007933829522667005
-0.0024160996176870895
-0.009060712482594229
-0.01575194924238903
-0.016044516464525656
-0.003544424173997065
-0.0006393599038561064
0.000225355512143926
0.0009044875755557433
0.0007104645682102896
0.0015152705700352974
0.0008375589290874572
0.00200402820888707
0.0019065259558544816
0.002266937444310182
0.001348285694474227
-0.0070341497245954895
-0.0023313661589106655
0.0026137398238780785
0.004178837127424617
0.005399030428193221
0.005782525365330734
0.005995093289040576
0.005553121540526898
0.0033951345519180713
0.0042870848721018135
0.005524129422818111
0.00477999728343431
0.0013792934044448667
0.0031719838898010343
0.0068107444073508576
0.007521966137083219
0.013642849001987435
0.009239646564068353
0.010476136925055949
0.010993178217640094
0.010363093573277162
0.006657236066719065
0.0033016556977060467
0.009481370618473447
0.01000202332721062
0.00904461034224225
0.0069525055064542365
0.0071279577436334516
0.002483049892445233
-0.007260799751144769
-0.0019095649729615513
0.005299883048895468
0.003087620690580091
-0.0032393880620500155
0.0015847086363145883
-0.008189287440729257
-0.009441369210946569
-0.005101796963638209
-0.013340286939634698
-0.01283577146589914
-0.016212026611641915
-0.03356894922963917
0.008841495003546473
0.004244979749552674
0.008288348098909559
-0.01040318261504201
-0.015724640452047783
-0.013643382624238526
-0.007970301021989213
0.00460845967598746
0.0014839087198590427
0.0050155160968863195
0.0072056484486702635
0.009227934437305876
0.01068732139976554
0.012280346575346266
0.013194732736204674
0.013788445698567632
0.014056200205259514
0.01406876274720458
0.013765172310654631
0.014791170774446583
0.010326577407462196
0.002263196794369413
0.009340886578484387
0.009538405634308826
0.010665920195896458
0.00870440301317532
0.006267257229347231
0.0009830477373102648
-0.012732488954726852
-0.04349361216053621
-0.014614852940231807
-0.03602976226576807
-0.010684163639318102
-0.012185981409012992
-0.0020473404156947984
0.00040001749179165505
0.004328095749114182
0.005043762007941232
0.0033597142608443806
0.0031070017706525056
0.004322270194064296
0.0030085180394083958
0.002266444909856926
0.0011281449561989175
-0.0008551032499307755
-0.0048813955235752614
-0.03171573682243647
-0.0074470238452149385
-0.005683285829893592
-0.007050300356708335
-0.009685138732029362
-0.015674951734450823
-0.024333212078274085
-0.03641203802605998
-0.03870441278891628
0.0015393493915413215
-0.005911554904206967
-0.012341269989605087
-0.035679812211063644
-0.02858231207651751
-0.01894262148758424
-0.013309487657145078
-0.010019230356585519
-0.007862790692192798
-0.004897470169649651
-0.002795556406081567
-0.0018020299641586038
-0.0013039488134507695
-0.0014102086428236947
-0.002445192644374141
-0.006214219569969863
-0.3434395651190157
-0.005907634369513865
-0.0015893915223959725
-0.00023589538685590199
0.003951397167617571
0.0008856126706574041
0.005253777326135549
-0.0003661644226257973
-0.008059078922972482
-0.03548053775429122
-0.011843294099968354
-0.03180901790192087
-0.010102743940711837
-0.005519084697784826
0.00012496576645217795
0.0071614911867582684
0.0035859211140307624
0.00308012678836018
0.00293173946275733
0.0026805672797789813
0.0024363422834923374
0.0019823321420085914
0.0008691899527521733
-0.0005408309845332611
-0.008526606097389838
0.11391007403212956
-0.009260903627347205
-0.001406462750155936
0.0008996355257133073
0.0013776191298426241
-0.0011748870964483726
0.0034227888930923266
-0.0013418132337549267
-0.0021490767368578393
-0.009661599583110848
-0.011681518057682331
-0.002043593487198143
0.0007428938733222549
0.0011124458959835082
-0.0007031380199891743
-0.009418968197948775
-0.0005297167842894652
0.0003395714259832138
-0.016035058782185637
0.01646271724864104
0.0006075880521175997
0.0014667342549717166
0.002076279086618245
0.0023612270437393247
0.00019290486875706253
0.08323491470755955
0.0005639825619560265
0.0033464692791055645
0.0038345200409619262
0.0036768521631274833
0.002291752570343274
0.0008145989715596985
0.0003049211833359276
-0.00029576689796829183
-0.01909201882087286
0.0857001682991196
-0.017039758365932797
0.0009873828046430713
0.001164404567388199
0.0022631460382136694
0.0038247172527281106
0.005989757680685642
0.012515278223830202
0.006714523705559971
0.006493687422369304
0.006400805819258855
0.006226576239427294
0.006025503552429666
0.004955365342201987
0.0021792898978655125
0.005211156554578661
0.0006296870505155932
0.002571999062751201
0.004765364759249085
0.005159812117828566
0.005336873157589605
0.005187266084714921
0.00607992525000651
0.0038578966849689474
0.0012535464772452177
-0.0011822576953938
0.0020961966590659774
0.004152066460490688
0.004543576880924481
0.0041270914517013355
0.0022040104751774323
-0.0051491993410327465
0.013254963682162566
-0.006347881124503633
0.002434222798158571
0.002895236236452162
0.0014730713101249121
0.011550521418491227
-0.0026265091852848642
-0.004723210986838346
-0.01299875793412011
-0.004685803619589472
0.0003438898867129561
0.0016863061740241773
0.0021271437328089357
0.002021381002644475
0.0014712400707465507
0.00031926135746436664
-0.0018936264616041182
-0.005656406762832488
0.008998868454279621
-0.009599059230822613
-0.009980032496602073
-0.012837174287762881
-0.01634142163549848
-0.020083529272532246
-0.020868186322430284
-0.013720485631494092
0.004207668068709574
-0.006577254447398055
0.031316534255998875
-0.017944320393768472
0.026813000635559085
0.0009813984677438103
-0.016787423657764262
-0.025151088849120765
-0.021948770133815184
-0.017650722052951248
-0.013561590962809443
-0.010063774573001638
-0.0070492745746976535
-0.005373631565467549
-0.003920534049515914
-0.0029492075932132157
-0.002561924063292101
-0.002307553787460893
-0.0023084155543305314
-0.0010225570961428752
-0.0006152001925768946
-0.00022964692507750122
-0.0005425717264609095
-0.0011102025075614918
-0.00488706367233552
-0.004157398431883367
-0.006612565970071414
-0.004153061165574467
-0.0020680326212443294
-0.002151537690896776
-0.003108239705850316
-0.005860596201972375
-0.01378869125515888
-0.009367922145122247
-0.008644909359937582
-0.011294083558228606
-0.004599860949798465
-0.003772880845761282
-0.0037960304322324236
-0.0040045292632467965
-0.004452586444265074
-0.005426389753961007
-0.0042205740832601665
-0.008840711072150603
-0.008020469397641759
-0.009341319426285183
-0.007904379387131647
-0.008929968620147942
-0.0097850044920313
-0.009359836968877907
-0.011445696224368036
-0.012345716955241686
-0.01376104665221457
-0.01575270407296696
-0.01918400100767105
-0.0231149723645782
-0.013185824355379044
-0.01925096833656472
-0.008376003424997521
0.0012858046552809486
-0.03444215993163972
0.051314436536945354
-0.02797231451581456
0.008654449803683245
-0.0008463105842677925
-0.0039334471776303155
0.00327767853906499
0.017485857122559244
0.017419702690152583
-0.056142818937487286
-0.005605133528370943
-0.028534199684976183
0.0490125911634103
0.03325557903114427
0.010078428498691125
-0.0030328166543155317
-0.00911149807693575
-0.01169498118951762
-0.012537538404197801
-0.012574265887940875
-0.012372438230340909
-0.011560632617955152
-0.01137282005193292
-0.010851785653454144
-0.010096365346618959
-0.0097579607058185
-0.009467428038458027
-0.008980821395272212
-0.008535844291153371
-0.008304251225230446
-0.00801397768942999
-0.007924848557107166
-0.008124829090682751
-0.007880319703941152
-0.0077895286625522964
-0.007656904572912874
-0.007672085889786663
-0.007844648718161255
-0.008189869000805624
-0.008740804050987358
-0.009523832514314429
-0.009102423120326176
-0.01101318943559694
-0.011951419841840448
-0.01324265870506327
-0.014770412904393104
-0.01666162392829295
-0.01886063211373149
-0.021435677058878513
-0.024323033912120352
-0.02721983075443586
-0.02923538937899384
-0.02796676163029028
-0.018852221423386505
0.007713574117840369
0.027903341053418722
-0.030411309124886144
0.014230531528204722
0.0009126728340090388
0.019375501543681745
-0.008499036585068348
-0.02406202778638726
-0.028138945399808987
-0.027410604988713155
-0.024967081102843583
-0.022198213769157447
-0.018824474445273118
-0.01709821857155887
-0.014938877705630758
-0.013098361089553411
-0.009750226447132651
-0.009904302258181265
-0.008578588177692954
-0.007296827834437069
-0.006098301707402344
-0.004977549855447988
-0.0039271170485282
-0.00302639286496554
-0.002519456469398872
-0.0018516938872667284
-0.0008303452914303057
0.00038297847210204937
0.0014386870648114027
0.0032308158693621913
0.004264113302005762
0.005986919651158057
0.008271282889416734
0.008475820427739866
0.010070815848695888
0.01236269118031003
0.019075458287917634
0.0740012788484268
0.028303887836530296
0.008252466966992581
0.008200778929867586
0.003999995488812951
0.002870752147595215
-0.0019416335156122776
-0.009708097443998575
-0.01766501478909809
-0.021283585339609258
-0.035276893708654083
0.07341301786427501
-0.03222477230279853
-0.020572591854657665
-0.019935740572857335
-0.007537435252552435
-0.02382325057886434
-0.00604969363562386
0.0037783202798464745
0.009155879018568803
0.011335235094456685
0.01612387045533182
0.016027988846243284
0.01862780734410149
0.019176816421851303
0.016840943903535736
0.018255782974003012
0.02078525516891021
0.02177364635996237
0.022248276382911224
0.022645752170204925
0.02238696806725713
0.022112281273441656
0.021367065181930503
0.02077927393764643
0.019389145530140043
0.016727080196294354
0.012425171960747843
0.005711319071113783
-0.004161875363881677
-0.017656842833375354
-0.033387656134100885
-0.0513901760067321
-0.0822687794221903
-0.0065514115350022405
-0.04479548079654426
0.027118605607021066
-0.058454081304288495
-0.035397739169729006
-0.020583229200148732
-0.01103150505327755
-0.0011370262586978177
0.009205107798920708
0.01518852362850957
0.018288134389718765
0.0193359086625726
0.019368737197057163
0.01200828533970713
0.007676219529287854
-0.0003022372908199571
-0.026875473234516972
-0.054222400979205915
-0.04601849283703047
-0.02475114482135905
-0.027058871423521733
-0.002247962929192675
-0.014214670941786162
-3.302976897228656e-05
0.0071119525519659325
0.013930677696866496
0.018341752542614585
0.01913905955752646
0.01926937135394461
0.018878971740413107
0.017909301284149935
0.01433768628767463
0.010507979382434801
0.015089923334264932
0.017150971930570066
0.017491001157398264
0.017143332302982952
0.016030434927220904
0.011845911351052072
0.009481460984262748
0.014846476368968388
0.016219943966360985
0.01622460671024521
0.0153406898537335
0.010906023215364283
0.014746995311090522
0.009070554228491153
0.012329427062086928
0.013546446454750683
0.01646156121234554
0.016678179182981798
0.016624319626443375
0.01564097291561035
0.014742270089166596
0.014090651331881815
0.016057300409133286
0.014807624101655554
0.013183025307813142
0.015205737075129648
0.01645276845517263
0.015972329164569327
0.015704114244764228
0.01456055323743308
0.011980868759816797
0.008328300190189602
0.0067614252760247635
0.002526224119305566
-0.0033383457135354707
-0.010108044790428912
-0.015546185522895174
-0.014312810571609975
-0.008866787402860864
-0.03733853030948995
0.021539467463059486
-0.017835402144231172
0.00756709286270397
-0.015271358576705037
-0.013500560798374767
-0.0070069084123094375
-0.0004308377515033109
0.005514031410890239
0.008319972708019688
0.0135644209055202
0.011837112469522069
0.010607244278379547
-0.0005720528585304844
0.006756245673432645
0.005032076596091475
0.004803023059810695
-0.01268266224522216
0.027901908787432962
-0.0011889014834489387
0.007759791168989176
0.01439385751462998
0.016487643886637676
0.015891975138215702
0.012267936514847264
0.0005390749102306007
-0.0236152125740542
-0.011643718469203217
-0.022772550786904464
0.0003104223824727088
0.011192810426634461
0.009814517296019454
0.012665549990901092
0.010313664760343252
0.010933279783839523
0.01117263130565988
0.009071375453372046
0.008344125180995095
0.006018769188581495
0.00805533918477128
0.003993597928517082
0.003933919743112388
0.0024634424026566295
0.000801058236776068
-0.0007579467797402231
-0.0028839566205699943
-0.004916337514007977
-0.005768151792916097
-0.0027184057464721785
0.009360688769230996
0.028479872229603773
0.02709410122478208
-0.02242830084841612
-0.0367101343478551
0.024976090292350976
0.021792547670886522
0.0033709615527260633
-0.004641124013301641
-0.006570356995068612
-0.005665346295975193
-0.0035709067642522886
-0.0020919032687838294
-0.00025622596807897826
0.0007456535181226841
0.0022875399376654894
0.004552664459305237
0.0051875605424530685
0.004320693342022805
0.005250102236126423
0.0075033028758663715
0.00855624903825376
0.009316484542910133
0.009614868193912279
0.009374389350812815
0.007548456180120906
0.00835937196270701
0.013610526139456446
0.010758680236175022
-0.0003778188210139859
0.005161443103075867
0.00677930734977152
0.0078155257146481
-0.004193157498265548
0.006928666648025555
-0.009867731264359785
0.003946270975260991
0.009017625844341771
0.00927037731058684
0.004425638625997889
0.009874361905885105
0.004404980685118532
0.009851116977492698
0.009460498149732871
0.009741263441722417
0.014926249219578337
0.01641036993352313
0.015838828416452917
0.008493716806179217
-0.004892959264340071
-0.003872584036116709
0.0007818712849203243
-0.00037872502196961043
0.011938540081783229
0.005750793799906902
0.00947216523527943
0.018516172016877712
0.013821752309542216
0.007594954310259645
0.012572414616442254
0.00950511371364591
0.009691706582746573
0.012374935317085821
0.015189667470732079
0.01514773940532566
0.01124877492342014
0.01675513300677926
0.007998828482424704
0.0031536616637499416
-0.01468723360166606
0.019478941998586845
-0.008711595707121104
0.010564094527033233
0.015575296571460616
0.0161852854932682
0.07737555040137704
0.016530341352449233
0.014408649263108681
0.015504021536037374
0.013082821605942447
0.01805297289810406
0.02040620483602739
0.021461829003007336
0.021679556899579986
0.022035311167724378
