-0.020712347946954587
0.15242182052022224
0.16281107392282562
0.16002614844124408
0.1533584616603953
0.14450844769617413
0.13444452873860566
0.12380494297061065
0.11274495273855337
0.10143107080871289
0.09030710469990134
0.07935435543253254
0.0690816562573134
0.05915422110561397
0.049537753992882766
0.04022519990543716
0.03172052175793722
0.024682909386785676
0.020312058060662507
0.020423561623088757
0.026542949600845522
0.038892530378764424
0.05562511255749858
0.047179308369895465
0.03179159241043655
0.02127965762258356
0.013813029587059263
0.00905073550064963
0.006005856989575631
0.003764339582820077
0.002085889276596368
0.0016055750254832248
0.0008200422656949558
0.0002039234307259112
-0.00020221589939435318
-0.0003627376090162084
-0.0004324045907852665
0.0002830700581160712
0.0011286586175557531
0.002644560245104439
0.004636338717286523
0.007266878569446028
0.010623681674674987
0.014780424387348624
0.01990714576778169
0.02606007015576949
0.033361831823175585
0.04191984933181549
0.05189388605467428
0.06353590280554021
0.07733840203104006
0.09396247407693
0.11156275046246683
0.12279803599000079
0.12108142744726981
0.11079896567307841
0.09014044370616621
0.07217490207796252
0.0831583772566566
0.07423941070576714
0.07808603540113783
0.07784164994125864
0.08145266523213737
0.0618937521521745
0.10354354478151387
0.11877037423401908
0.12186698070421546
0.10933011971935197
0.08509114969221267
0.05966665665421189
0.037696479741377346
0.018895023627680006
0.0026410696045861756
-0.011339256398124947
-0.023226009146470442
-0.03320506443916019
-0.04141774201266124
-0.04792479229120543
-0.052807769438479486
-0.05618837258823107
-0.058013852578336716
-0.05962927879641116
-0.06160852098120051
-0.06274005762458187
-0.06309348856316002
-0.06286558554027119
-0.06218231105608887
-0.06111828403130475
-0.05983551356335572
-0.058732389344158205
-0.05756379614554271
-0.05631481038991605
-0.05505152069155544
-0.05398973851215881
-0.056736149902007316
-0.051982120499249405
-0.052861424960333796
-0.05064541758219454
-0.050151785550220145
-0.050211604620766376
-0.05090581443820113
-0.05214417299288495
-0.05510456486381918
-0.0538853627433986
-0.057101412204553566
-0.058073274862415376
-0.061129659970157374
-0.06485821275795428
-0.06922307424520902
-0.07413025335437817
-0.07935937180036738
-0.08594875863437217
-0.0866329686771265
-0.08670907253872959
-0.0811654995183586
-0.06625392234525838
-0.038466277126326075
-0.0014949456384542232
0.01910960408154926
0.006382592775141886
0.009492195587224276
-0.029276744658092907
-0.0649197171139233
-0.08438597771856651
-0.09262008574490427
-0.08780300957279139
-0.07983744245391763
-0.0693097945964143
-0.0596050314778436
-0.049180861506540226
-0.040039789695493745
-0.03246548517639159
-0.024953388637251692
-0.01880379827522762
-0.013381323832097789
-0.008650839531798082
-0.004735449921729949
-0.0026493573994927693
0.002041441080161224
0.004622065716093448
0.006456961508105428
0.008220535737467588
0.0014006123690296364
0.011343047258006701
0.013143622109006685
0.008808680616009205
0.015290871844163745
0.016275032988560534
0.017015764970617197
0.01747389299617029
0.018293344405031352
0.01897297380490247
0.01977550766484203
0.02041688539130688
0.01749796499642649
0.021517971943615592
0.021990540658441467
0.022409109227962968
0.02282490266031977
0.023221267347882286
0.02359672942092884
0.02393091168319193
0.024260533838986714
0.024627703865596044
0.025295481016905666
0.027927750542796823
0.030813805744009035
0.026017243358384734
0.025482214652934307
0.024861042756054923
0.024076605130056394
0.023118339209798482
0.021885760528004707
0.020627441916181457
0.018797379760390597
0.018503797405735285
0.01673152674799966
0.008247330414270396
0.002696102974794544
-0.0024423208715242412
-0.005813730526967161
-0.0057145467977597186
0.00935459460175265
0.047109033232388645
0.030821743667598715
0.001415120871483789
-0.007142832762361963
-0.005982436483075749
-0.0021465599306613983
0.0020342076664794035
0.005898310941224816
0.009262306222995126
0.01210988388459448
0.015662036034018438
0.01722278414312604
0.02290799458659044
0.023173274953933152
0.018809844740136784
0.018890938901243964
0.019307734686389768
0.01972401367365442
0.02529738400924879
0.018489984531331077
0.017633861292422368
0.017006942891754806
0.016731814688456904
0.01846675126358944
0.01698191176985787
0.01801348613634992
0.019607627918099963
0.016822153800685982
0.01831122535798284
0.015561369795981281
0.01521304514872655
0.015305486915696094
0.01575880790023553
0.014897241903710813
0.014192014059253438
0.014020983756878344
0.013721456673890988
0.01353435255387732
0.013336432126268108
0.013157667442372008
0.013005073946152794
0.012876006374253892
0.013227683500364833
0.01540434931836108
0.013187221734180347
0.012512566179707944
0.012654691444499936
0.013143698754458722
0.015465785925234904
0.013413793029075674
0.01314419201442402
0.002504049996753939
0.013263147967677906
0.014126671657695837
0.010579299727055456
0.013237121889842458
0.004724676317799142
0.013862885149670916
0.012188361550047083
0.014785890071306408
0.014432309915778057
0.014390047693712972
0.01151894166853195
0.011113306016410595
0.011641650260380625
0.013277979469554757
0.01320757570266514
-0.01596589806093613
0.013717763589535626
0.011796823742976574
0.010717548588992012
0.010295941056862549
0.0102413907567859
0.010028593524865839
0.010310272792313389
0.012508203591351335
0.014594292053376784
0.010442896552743159
0.010038170988120201
0.010195853111051858
0.0131744812826801
0.013918537561972578
0.012836601934120083
0.010046560107657667
0.013822365231061296
0.010612997009575784
0.009605300015749205
0.009483186782245712
0.00981399018779626
0.010270795943762453
0.006511441545071451
0.01199321388413208
0.01166036435277827
0.012690318313465076
0.01380861376857596
0.01021754585446077
0.01040403377776218
0.011150554805990724
0.009943564086968266
0.009700842702705867
0.011339189021504733
0.009745173132205293
0.01063454178500849
0.012208451440120284
0.011900481621039133
0.011181217727302505
0.0002005674295214345
0.010853377225198574
0.011666959000635439
0.010326448315457084
0.016148920423989428
0.011337576505120333
0.010178883231935304
0.010325988719022502
0.011090817005830143
0.013799048557683236
0.013848062658154223
0.012809649783349879
0.016333175034281545
0.019261535474672426
0.01925099766894641
0.013154819801156598
0.014143658482209095
0.011575088163635448
0.01140352785331699
0.011503904485167115
0.011817567483073083
0.016878023247477128
0.012196327662522512
0.012234976130974242
0.012618483119340591
0.013444571626732762
0.014676246175541932
0.028637976294728546
0.018139730010002728
0.012963560509049246
0.01139624603852261
0.03606019081667383
0.004050586453243795
-0.0018191385990695258
-0.005487398259129139
0.00550679655572878
0.040835998190342344
0.015303952028331175
0.013780254955214224
0.0009294767338520582
0.0015009408843283919
0.005251785782553239
0.008375380663258608
0.012803816003593635
0.02546715261148369
0.012272550193448098
0.01307771285602716
0.011507126542646786
0.010875806338815809
0.010696619454406453
0.010585032416971113
0.010411860532058581
0.010333389817515904
0.010546088125483973
0.014096025860312963
0.011464666383883177
0.015480465053451001
0.011690355696301459
0.010403129193603975
0.010287474925660053
0.010585923521898162
0.011587302477593323
0.014268881479042572
0.02149461510921647
0.02011899648552366
0.012505460759094481
0.02439823965938896
0.012683007058439628
0.013657374643972101
0.020684383445678235
0.02941939379053292
0.016556293134491046
0.013989841305002191
0.015600543419418238
0.017645066595456407
0.023484444515901464
0.0252978844035831
0.028936143031821775
0.03022563364059753
-0.005859128347144092
0.0023510985953976043
0.03479616004296632
0.0304803450625294
0.010191572929053478
0.0014059371164052991
-0.004650534746565316
-0.0045148086755936075
-0.010481019444998662
-0.01209255554340926
-0.00828175298417194
0.01125747100627238
0.053754161083056855
0.025106914292046638
-0.004864935572433952
-0.013919344508852375
-0.01513901686608398
-0.01373844815861127
-0.011318765369009094
-0.00443850405627444
-0.0062123112187225755
-0.004676842428482453
-0.002077555803977143
0.00020204409040578357
0.0024944855747476673
0.007141504685676641
0.004199172666987926
0.008287990696491422
0.00742320851507193
0.014586686174866104
0.008781654714434923
0.010471268991064287
0.023741620224506408
0.023762143784433483
0.02947612443004825
0.01899808811414563
0.016487674138295067
0.013668219026221074
0.01391524022834501
0.014837921183738102
0.02043937502613246
0.017546073119898333
0.01727067100440536
0.018392029553142786
0.0207231923038949
0.024877939168666777
0.026589471117678315
0.02398243620532123
0.024130271274481516
0.02441642723651885
0.023535372217997917
0.020346175972135297
0.012859759435910832
-0.0018659863587971596
-0.027010933511817294
-0.06315907001157407
-0.0925508094516651
-0.08884784660231326
-0.08025584043827129
-0.03907317284038438
-0.002689599166569472
0.017932675122761747
0.028751672012614957
0.03252204064837152
0.032322015763522116
0.03035534582551518
0.027375482065748823
0.023652761543644405
0.01898280374656753
0.014888901359866289
0.00808956994211609
0.016434970428358658
0.0026079241971483013
0.005557548353448958
0.006473482971478195
-0.002549139487430672
-0.009300312139028176
-0.011752287252916868
-0.01048920746161771
0.008150501211434793
0.06279946085722256
0.008627384765704153
-0.011428622076295816
-0.01299199417469137
-0.007263037839837013
-0.006525014159068202
-0.004104249407574133
-0.0017307935686999773
-0.00016670834245943863
0.004969201662362933
0.004524211964362226
0.003146055118759602
0.0038528647000034503
0.006776990238765519
0.008503059329542605
0.018384012851995972
0.01429742992843609
0.007232825328007294
0.007904963657913258
0.01165184362811489
0.03837578285668315
0.016934328260784743
0.02359677304393555
0.034795282083760475
0.0018763193989421837
0.011467885479677876
0.007921555783127077
0.019752683125298622
0.023071802696223095
0.007254211120299106
0.009012833752018369
0.011996934622381378
0.0213905403034714
0.027677125805822864
0.025894487566993096
0.027174685610528448
0.032546841548833194
0.03380176293705071
0.012623963793115383
-0.07193346168834489
-0.0076537777119120316
0.034583003538445366
0.03355762204328344
0.026962680474929966
0.021463676650544713
0.015148930582619121
0.011308556955242001
0.008734091913271855
0.012099690139559149
0.012764507334923143
0.008292576958830011
0.005650277982998077
0.0018595955274900212
0.0011737211147948116
0.0026575957516323167
0.00021389242479078285
-0.0015409781803706359
-0.001709482763486139
-0.002390315804323613
-0.001809516057790307
0.006712225432417576
0.0029101284185664373
-0.0025288442799908783
-0.004237615347286734
-0.004360550536451658
-0.0048173569750753304
-0.0049544808114990865
0.00104145509397843
-0.005129527376123564
-0.0037276854115521982
-0.004558642505585876
-0.005296545557548438
0.0040481446696530535
-0.005147523286478035
0.0033730005530788975
-0.002473900512462136
-0.005502295516210243
-0.006694512557984898
-0.006876905867398864
-0.006240324998134896
-0.006801519573249456
-0.00743941655206076
-0.007578901945017654
-0.00766214479164846
-0.00827570880234308
-0.008424778384954826
-0.008069187314238885
-0.008640778863615774
-0.007822223283903407
-0.009066565786487886
-0.009230069314184552
-0.009113923080151532
-0.00942236079036378
-0.009796052137220472
-0.010045624152776345
-0.010269051461686555
-0.010474306943894628
-0.010128843967644298
-0.01072944711744058
-0.009743860945424239
-0.009334943461889228
-0.01169252438596026
-0.012672665943751823
-0.012346245284040004
-0.013358103905187213
-0.0133455689951381
-0.010857505368485083
-0.0012555188342837148
0.025589170259103733
0.06199784503418018
0.02325350568230547
-0.0029616080393689835
-0.011423686490184149
-0.013138179612252209
-0.01289837865948295
-0.012242375322781022
-0.011588060770219876
-0.010998081522676933
-0.01013426480505349
-0.009357314592711727
-0.00977997193451382
-0.009572936025674902
-0.00829900425978884
0.002377493292947092
-0.008936204018474045
-0.00827687888987173
-0.008560429702796836
-0.00849496483996139
-0.008025536039949783
-0.007683663263392145
-0.007695898923836269
-0.007991580343865093
-0.007929030762512024
-0.007702359604291389
-0.004233779082429125
-0.0069205004233039965
-0.007241733840505604
-0.00747609233588531
-0.0074133309123641244
-0.0073131472390243375
-0.007218308264825076
-0.006879348503406139
-0.006617199536684777
-0.0026605250198466976
-0.006225748224555147
-0.005740037498809757
-0.006165278927308389
0.0016910977077587484
-0.005963352432021642
-0.006245789995085709
-0.0061413144337183504
-0.005226002909530343
0.0011161858647622262
-0.0047892061284788325
-0.0046503201623161565
-0.003522319391313133
-0.0049160536867489625
-0.005154030334906398
-0.005042643916559115
-0.004843856165707154
-0.003889479788857755
-0.0036177671411576867
0.0033668784633715822
0.0019089424264270756
-0.0032117546558677046
-0.004473757755505511
-0.004740021833942367
-0.0038476373771310986
-0.0058574708266470295
-0.007876430930624212
-0.010698402485501139
-0.01048600014091394
0.00832843758784296
0.025501409566674172
-0.006421599833852044
-0.010897409844437031
-0.006613549907027149
-0.005621529450549224
-0.00398847819737376
-0.0015700641245600035
0.002730999095187896
-0.001493898511422088
-0.00201573367380386
-0.001874486979197853
0.0037333044515415336
-0.0006553470927463449
0.00105740853658763
0.0003140862827210049
-0.0014832963569134385
-0.00148420674679625
-0.0005436581188224662
0.015654060725483882
0.003869514193222685
-0.00019292946575830255
0.0041128661142812595
0.0016155736428745517
0.000992359863386549
0.009349161967601589
0.0016458253611795971
0.0012360450414925942
0.01276992922490892
0.0006399812506514658
0.0012387689542097458
0.007202295828345285
0.008006904891886667
0.009112238559657591
0.01716169279464064
0.034860608262366845
0.0340243277618844
0.01383767875836379
0.022676889516518667
0.003670468697503063
0.0008169389900076651
0.002094579767435683
0.0013770355421126705
0.00012479901265464332
0.00015375337807575198
0.0021074564096177748
0.0071947641369029544
0.0034096651681713636
0.000914864083402268
0.0012997675341365077
0.01500088470221314
0.0030426697851671223
0.008464184754830692
0.0033660677648758106
0.007314345591003446
0.00027073004704527306
0.004758524131881701
0.0020368965168495413
0.005293173986916518
0.0008568415017533907
-0.00022665067697804077
-0.000522472681148189
-0.0004977025978979218
-7.965930843984396e-05
0.0015532978107265435
-0.00043641375536342965
-0.0006343276910003624
-0.0006982429640187361
-0.0006831345669293509
-0.0005740662763231381
-0.00022112846621933559
0.0014217402398406392
0.006522902749663285
0.005227209459480255
0.0034891992182155018
0.004026673274454974
0.0032936213658469457
-5.5729819990287145e-05
-0.0002977251100186895
0.004628079838676503
0.0009207995923206395
0.01249273807382368
0.0017962809848978988
0.006941751958888923
0.0008223720515429301
0.0004310436213776772
0.0006223286875440202
0.0010854589479445047
0.002924745136032547
0.0031040822240555113
0.005031774916222869
0.007734657306217747
0.012566440498367182
0.02124891685141855
0.03499520878430232
0.025231428719405303
0.036484061882071574
0.03098337398738877
0.01852148733945604
0.009156596676627155
0.0075018151717160175
0.0009475726829231152
-0.0008282340696557183
0.0008109462933561303
-0.002100083155837342
-0.0037817742907655383
-0.004310012687432638
-0.004212564211961181
-0.0032937866888366487
-0.005354705785717537
-0.0039248049888898386
-0.0032356921674194625
-0.006145696147338442
-0.007146477400044382
-0.00704959230920663
-0.005271393092088352
-0.008408931030967267
-0.008822099631732538
-0.009204998172323123
-0.009539630940932952
-0.009296158474920992
-0.010217455404796925
-0.010885295295386618
-0.011361602951794622
-0.011721176983095657
-0.011227617294682642
-0.01252705143216603
-0.013544251115877207
-0.014097467293502957
-0.012486870340238902
-0.00507296973303896
0.018301439557738535
0.0604188581507905
0.02383680688828741
-0.0038272800794016478
-0.012348574838660472
-0.013611915861889838
-0.012743902224596081
-0.011931030399476997
-0.011032939950761985
-0.010147789170400613
-0.009369380217268646
-0.008570170309379272
-0.007714537190516663
-0.006685237535735019
-0.005133643528888842
-0.0030503125627568046
-0.0012062682046754835
0.0020907489264404846
0.007236309396039338
0.015502007015743642
0.028123881760024203
0.04256329174323604
0.029416807504724175
-0.048422489252376674
0.036011138964338454
0.041939263275367275
0.03308575386335592
0.024705597915160134
0.018326659983172868
0.01482009604648636
0.010573191436667689
0.009942326706353156
0.007983882268504931
0.006495903310405445
0.007629238540831825
0.004055673445448948
0.0027005498484241374
0.002127020533498952
0.0018274314138222376
0.0017082801980943317
0.0029836977653605453
0.002386007765438537
0.00695124978576845
0.001575718115958524
0.0008828898825779689
0.0007210195771567842
0.0006239281317877452
0.0007854584976504837
0.0019307676559708806
0.0007221447488313716
0.0007958405888223786
0.0016139303860783234
0.002771693548175623
0.0017935663452351932
0.0016471167574945156
0.0023334440437760852
0.005077274300518001
0.006922804625234614
0.00215261666468864
0.002525704483670561
0.007869771992975736
0.0033206808950531548
0.009271462709651127
0.02405820885713065
0.002593262041246473
0.002306314491671972
0.00241627049331528
0.003050524582358929
0.0037390708866100715
0.005975720636973652
0.003943300553972585
0.004379900320600554
0.005110978449303807
0.006326422790104257
0.009231708575687647
0.018218965467263676
0.01276818143612219
0.01746078329891202
0.01669745606310202
0.02144656765510842
0.027101934778221523
0.024056021420361756
-0.004931132433579181
-0.10416739615322307
-0.025048856775499572
0.019335211353742988
0.02652930318042781
0.026039620238366278
0.021460932478108218
0.02435217687707931
0.03014621081234256
0.030722402688372
0.022464276798546564
0.014863047283661378
0.008579259553864236
0.006469965800612059
0.005166091541091191
0.004781787619221981
0.015440964557589604
0.004980499794087767
0.0035662373480623666
0.003639915097742876
0.005021840466151371
0.004045962727387385
0.0035164787950599254
0.003630300637498562
0.005275990533052242
0.028742350254507137
0.00467186820307903
0.0047177557840391605
0.0058168136437267036
0.00580335666383286
0.02152278574285003
0.0034311589270724038
0.0027518793111302032
0.007122578756026683
0.0024008773208985114
0.0021219238488457103
0.004788030932782719
0.0020725135808342923
0.0018208350710840677
0.0017358229270407937
0.0016966364189801545
0.0019080780817126012
0.00179240532698306
0.0018706459869683456
0.001963023557774756
0.002797686947939534
0.002551017808319956
0.0020526906663748574
0.0025037337654881422
0.0032345962904847705
0.027181730450919463
0.0035300957059107366
0.0026071489345076554
0.0038810852596221066
0.006482868393681341
0.014811059073113367
0.0029086549647279305
0.0013888056667940155
0.0007275761952418174
0.0002487543446408981
0.0020372175537210313
0.0047780007042313825
0.013259144361717433
0.020950857786931305
0.002401278713464607
0.0015850032082017145
0.0016417477779981466
0.0015467424501223422
0.0027086809617336434
0.0016516415026227964
0.0019110219321922858
0.001370168174672983
0.00044566696572642754
0.001724744522143003
8.508333430499461e-05
0.007097050754808147
0.0007814415968835923
-0.0037503920301894026
-0.0067604130377913844
-0.008043505304516991
-0.012369957775314444
-0.01187683087588093
0.002547601420240961
0.04032006833776388
0.01304322862603291
-0.009392197935738953
-0.011195451546239686
-0.00964310136437906
-0.007543712188540605
-0.004235525816404545
-0.0037509787383580933
-0.0024476385492697237
0.0037976887194419015
0.001178918515734717
0.0003782903960223162
0.000604108782275338
-5.809152191756925e-05
-0.0004452101600691218
-0.0003487119984500825
0.0006005851045897988
0.017269634300841413
0.001202065473307053
-0.0004388715008889131
-0.0002826371210121272
-0.00029624166930861925
-0.0011749466959924348
-0.0013608518329966447
-0.001350281092391166
-0.001593375991274892
-0.0017191588363419414
-0.0016880243241408413
-0.00187713147880735
-0.0002553617870799675
-0.0021867943034775067
-0.002234223707984645
-0.0016006243253030461
0.00686532247419791
-0.0014759515979910465
0.0008960948747992899
-0.0026487600728275803
-0.0027981457545506443
-0.0024315942228165695
-0.0024564037525146684
-0.0003588236727324829
-0.003553574913188147
-0.00193357129101927
-0.002551760582856525
-0.0050417772492345305
-0.005835720951174755
-0.006292215418118833
-0.006963532612527255
-0.007747332777067591
-0.008697396327920805
-0.010030256614826212
-0.011721475473241682
-0.012701574436933698
-0.0028625295384872495
0.024740992050149867
0.00789122900636346
-0.011186778513572526
-0.005867986422753121
-0.011736904955330621
-0.011183390433308477
-0.010960622978006623
-0.010967854917976904
-0.011264127495526795
-0.011560721110786818
-0.011278475112672688
-0.012724158809924913
-0.013281558627316887
-0.012803335762139307
-0.013778153171766111
-0.012036963012792196
-0.0030380419515191747
0.02487863332041095
0.060511592054457226
0.019103037860200223
-0.005210751956253774
-0.012568470054713479
-0.013965095560046534
-0.013597108580425154
-0.011847299439284389
-0.01047487055352955
-0.011247900914082894
-0.0113996427587801
-0.010977201186303074
-0.009995012487802586
-0.010083234379637287
-0.00974182953474679
-0.008869043735474081
-0.006565829994476057
-0.008453584317225859
-0.008397772061717814
-0.007949360605672709
-0.0076727819831846605
-0.00656081887283194
-0.0036128037322134304
-0.00541755289092296
-0.006328911749080485
-0.006203817683496453
-0.0056133015606526235
0.0058825456117292205
-0.00495327286180781
-0.00573255438396516
-0.005412853021217172
-0.0014431645202293705
-0.0025870027754498716
0.001200694967801065
-0.0036916211744378973
-0.003183954200622944
-0.002463821294260418
0.005474282493726141
-0.001012111330045504
0.0032436756253514465
0.01096801201095484
0.01977124118165763
0.04143851713761375
0.00022115756911760394
-0.0031712279068154617
0.014756194074479714
-0.004301411240311942
-0.005270417982569646
-0.00542262472318195
-0.0036334837417178406
-0.003912428923513196
-0.005667504319122994
-0.006056803692483501
-0.0061529358553271095
-0.00623261823273857
-0.006095398518348511
0.007803771270237004
-0.0049233313580341964
-0.0022750259405881737
-0.0055541721751159
-0.006351113186622863
-0.006843690762594471
-0.006889136000027866
-0.005294714947008296
-0.006972903950816042
-0.00687247604839841
-0.006675968450035686
-0.006481619156017392
-0.0061675873141953455
-0.0053658640998348025
-0.003407789991191394
-0.00023270251012245838
0.012694683497125131
0.021225155570582695
0.04825406664952037
0.02639887847298584
0.004708265256632671
-0.0030635172947399685
-0.006342255439568104
-0.00801301237608944
-0.00897674363752113
-0.009564900603419099
-0.009151371221813531
-0.006351845454819969
-0.010279950289703028
-0.011110262967687912
-0.011397871853664072
-0.011594339937346598
-0.011905733877091833
-0.012122919163324796
-0.012301085571332804
-0.012339137405184494
-0.012659569912425495
-0.012168896556762442
-0.013026513519415004
-0.013390521454022183
-0.01362391139699197
-0.013858138915264193
-0.013657096047554333
-0.01438883001370195
-0.014706376952019134
-0.015022158655813043
-0.01543887183252062
-0.015874560816082836
-0.016332442418566122
-0.01674971666823314
-0.016845963483879952
-0.015720788031722208
-0.010187869036178441
0.006676174301014338
0.04489553839024163
0.03580225390259953
0.0007273733621172522
-0.01248663389015971
-0.015605518020667659
-0.0156924143960093
-0.015520483580395662
-0.015156408991233432
-0.01481157071222261
-0.014597826911936729
-0.01446493102934822
-0.014743325127199225
-0.014931494590808198
-0.014625051664319776
-0.011185856054347205
0.004132701258794198
0.04651904803912968
0.03396216760763609
-0.0015390433603315612
-0.01186449516381594
-0.013251683478366416
-0.011353063465796995
-0.004935463340886773
0.01872255115302288
0.042068620446472076
0.01015750410284637
-0.0014456335715652081
-0.005943014759674426
-0.00805566615782371
-0.009157643936959793
-0.008152298929882732
-0.010196315433074104
-0.01063633837825228
-0.01092361728139357
-0.01114056455492393
-0.01133951554775152
-0.01154657446677993
-0.0116929908877292
-0.011496600341609885
-0.008267015944186717
-0.004761103247905788
-0.011115907087741265
-0.01239386091883855
-0.012579166502946947
-0.01270327968368002
-0.01290029495266223
-0.013133867315781977
-0.013369629322094324
-0.013118808810090922
-0.013751171946897189
-0.01414314015805358
-0.014930462992556121
-0.014779375824351378
-0.015168495330917985
-0.011644132612928624
0.0040797885144774945
0.03871288371309586
0.009843351946961435
-0.011091340049559079
-0.015816685157864833
-0.016437909739532863
-0.014154330422998584
-0.01630037470064845
-0.015862125656654586
-0.008465832010283083
0.01757849213745667
0.05493981614578436
0.012605737507050472
-0.010146804891273807
-0.015920641298498028
-0.01657816686674965
-0.016001001125775703
-0.015385896247128742
-0.014685113849814685
-0.014235880907955134
-0.012826121902366063
-0.013202689225932986
-0.013045222126210506
-0.012438797920040018
-0.01157830760117945
-0.010001600101715353
-0.006091946787078356
0.007826506067303987
0.046944997539714525
0.0060138837067946855
-0.004119319570383837
-0.007955381263708825
-0.00940262604955209
-0.01012484222706907
-0.010588501395974717
-0.010844965735142246
-0.010343497765471459
-0.007765679442838334
-0.011030621525322361
-0.011416027251977245
-0.011806645296774132
-0.011848628474652597
-0.012117674857471892
-0.011720248341541926
-0.012361254858971592
-0.012996280777322239
-0.012740612521072009
-0.010121730352488818
-0.014655980118806615
-0.01593985588620857
-0.016884823793311
-0.017965914193655286
-0.018587317341810048
-0.01745890455444491
-0.008961443468120603
0.023182754500562296
0.04004684100361157
-0.002024926888301025
-0.015716631088477033
-0.01726437311333592
-0.01587377424076771
-0.013845970671211556
-0.006789754082965026
-0.013405264924585044
-0.01360600385514192
-0.01298598711789505
-0.013123963843319673
-0.013272859240038177
-0.013098197742152849
-0.013439372328301773
-0.013810192003874395
-0.014656791964905437
-0.015273112693381073
-0.015316974597586979
-0.013132593782325142
-0.003268499383579175
0.026200830166263206
0.0513948025896587
0.011953903255787317
-0.008585689270582984
-0.014205531848022906
-0.014894235010547272
-0.014360133825311568
-0.013563742271664968
-0.01295182131219283
-0.012349659469141653
-0.011838567040241233
-0.011325506337965049
-0.010958956017002629
-0.010570200639832335
-0.010195117904718552
-0.00983283011733594
-0.009408285339105567
-0.008336546380998526
-0.007786498380189908
-0.008378481572972994
-0.008135070462661874
-0.007504944666742266
-0.007429058227187149
-0.0072859337720559995
-0.006746408944920512
-0.0048347393608196365
-0.006084862546880289
-0.005247968266954856
0.004376810224291597
-0.005141459999657176
-0.005290321782856297
-0.005208743808375309
-0.0043670728602938575
-0.004858723129081154
-0.004714900246029305
-0.0044870913426392
-0.003900334403554861
-1.6619546757682862e-05
-0.0035418615326329567
-0.0003055094397862154
-0.003419392481816632
-0.003464326552598692
-0.0006447139848557332
-0.0023061636858349097
-0.003759248122208459
-0.004168950879102084
-0.0046262273485230335
-0.005229716111464895
-0.005375065898673582
-0.0013289073733889312
0.015572078804405328
0.0050363475404108056
-0.00309266460372485
0.019763732463693274
0.004138734928771321
-0.002294004079612485
-0.001666190366594468
-0.0010347040302007412
-0.0012163035695345857
0.0004682017618246208
-8.897621288708468e-05
-0.0007525333356143479
-0.0009310698704308284
-7.874622120690436e-05
0.0001661695563243666
-0.002386264752018607
-0.004323921407101806
-0.0030038091244470513
0.007189162697317649
0.003089148158500138
-0.003365715189532095
-0.0036735731956206033
-0.0018360600883316244
-0.0001796996445904536
0.00030497756866849316
0.000740609494190178
0.0010640375634322465
0.0020255596025602718
0.010395014328967373
0.002284743978295568
0.002746058175606676
4.151992766347505e-05
0.00023264660731220693
-0.00018090468748721637
-0.0008034021303110186
-0.0015822064680120723
-0.0025169174594029254
-0.0038991293028329587
-0.00595582272677492
-0.007803422523756075
-0.011366329459867769
-0.01446014276043147
-0.007473069853563538
-0.0016318520642895444
0.039856013127742805
0.0036015030517142377
-0.014301360615011785
-0.014403105732050045
-0.011496100040438766
-0.008244036921930643
-0.005503897857388956
-0.0033626049688660446
-0.0009746027167995707
0.0036088489831546298
0.002480475606279386
0.0011079609109294125
0.0012722517961088766
0.001625396205225473
0.0019047080620519254
0.0020913037429406123
0.002188669445642548
0.0022845395155675252
0.0028677240593775522
0.003118539548872691
0.002866467222871691
0.0034226225692388676
0.0033922923195257746
0.014031497306374735
0.003788495286287995
0.0029693984092805264
0.003096715348020667
0.0028898236150190645
0.0027791785880999214
0.002649887300749701
0.0025409992903573987
0.00282480654500204
0.003829395999196999
0.0028775746170621595
0.005337236567803924
0.006048247803505254
0.0028224666352738323
0.00235501241781808
0.0021978963653447752
0.00258905799908362
0.001954502555177374
0.003527714044240112
0.0017397951654611241
0.0017740466353759555
0.0011688852601193717
0.0010683865429977999
0.0011997477570210376
0.004566764091797941
0.0013172199380817784
0.00016640723190027454
-0.0002441911977055125
-0.00041831211798908405
-0.0008604497093842351
-0.0011580542046066605
-0.0014555406448186546
-0.0010243916579148536
-0.0015860180596245544
-0.002111400080733087
-0.0023653779871224234
-0.0017824511810965158
0.0022049415328335323
-0.0038355175919093354
-0.0045100614492293335
-0.0034320138592824874
-0.004388719558643005
-0.006128499481889137
-0.006726940044127368
-0.007134155572444611
-0.006828418207537183
-0.005483792401592105
-0.007947906758181135
-0.008860475377948571
-0.008663149202881762
-0.008577269839170969
-0.009084007062257076
-0.008431698911908588
-0.00328335826569178
-0.010605189970008035
-0.013705073166177284
-0.014575967051830877
-0.014552278361094158
-0.013178654804085862
-0.01600909198560124
-0.016124937443046515
-0.011146249897658238
-0.01639624593715104
-0.018010302076545907
-0.00912804401543827
0.021019991493044596
0.034182615708400955
-0.0029607300391911707
-0.016724588532741374
-0.01888405380171835
-0.01817309509230889
-0.0162537980429687
-0.01595702793902343
-0.012302602695369681
-0.014405051191968589
-0.013763575266559025
-0.013153682824144782
-0.012455022939565963
-0.011859022296692839
-0.011294039597025728
-0.010830479999832412
-0.010276184436958305
-0.00971623783242659
-0.00914729796359966
-0.008573155561549653
-0.007689924743493647
-0.007045493542915073
0.0002964263505926976
-0.005932617069239143
-0.0060311979061372315
-0.005624109660258708
-0.005482416778330834
-0.005781709418596326
-0.006485883610820829
-0.0055309617724298085
-0.0012573791010525271
0.017953598378909023
-0.005107570723672212
-0.005689748004584305
0.008946353651316692
-0.0012083153782091627
-0.0011116761905859403
-0.000305714829078412
0.0006215426895484922
0.0013145904311506263
0.0019833473516700693
0.002478730701591746
0.002941792963744849
0.003623810444464764
0.004395545873198675
0.005360762516156839
0.007026999406120364
0.02658182997287033
0.009342651655895465
0.010704059283387617
0.013204904123227742
0.016598381453779336
0.021260914885549192
0.028085563591019675
0.03679580996713871
0.04125645775108581
0.005764809611848877
-0.06814505092746614
0.0284948207963415
0.04053086999185433
0.033664151289118746
0.026142590234740002
0.020539955165075906
0.016728338305551635
0.013908630633076244
0.011967084699024527
0.010563999832888924
0.009526943879566836
0.008772302301010447
0.00817285755513623
0.007790290664511656
0.00801442527896752
0.04393250827393192
0.007441512658520345
0.006614317536595311
0.006183148395084165
0.006321453189825366
0.005780659577413812
0.007038356954254329
0.005034833230806428
0.004621017589896134
0.008448970272315552
0.011454362175120915
0.006881249131404521
0.0050631394021103835
0.004442957237282559
0.004829123867451764
0.006281628265824402
0.005044060692704165
0.004850630511882523
0.004796946570842454
0.004756598756349155
0.004730330833466841
0.004710135222575234
0.004735980173779222
0.005959407123561128
0.00536112786812631
0.033410658404093414
0.005398836473771201
0.004628644014182841
0.004667159966727682
0.004967966152508429
0.005226067012446382
0.01072080174207563
0.005394947420321091
0.005640883467907298
0.007843673993723588
0.010200804474542515
0.006844177901536498
0.007332699822937069
0.008419911993108344
0.010596285074454098
0.014908746160317208
0.02443066452177019
0.03744027110254834
0.0032692556584951486
0.04060579763299393
0.02709847278911161
0.016534491256895465
0.011020560015242776
0.008082731701213106
0.006735066077751153
0.029194255428300737
0.004445411233881965
0.0032010792285087322
0.002347619397290435
0.0014723546610179647
0.0001581032735856828
-0.0016818581320345903
-0.004536778443968286
-0.007163605639717766
-0.00012967281252814752
0.029777123807799278
-0.0013097874221614206
-0.007386057108798145
-0.004973678079195444
-0.002612139158228448
-0.0013019542799857446
-0.00015356663232289142
0.0021086580201884163
-9.073193308670196e-05
-0.0003656736010217988
-0.0004889885811826308
-0.0005954274936537514
-0.0006486910745122262
-0.0006950011430312751
-0.00041690443860319695
0.00920502630844654
0.00022895808098130714
-0.0009279078157660602
-0.0015195176715160858
-0.0017661017355198522
-0.002069239637647035
-0.0022330966960779244
-0.0012395201583816353
-0.0025301615769587706
-0.002245113407713292
0.01402683662673108
-0.0028899936792419843
-0.0036148976346772966
-0.004037757509536534
-0.0045623610577874025
-0.005230719598147765
-0.005545053089691323
-0.0008300859879108925
-0.004707779643817216
-0.0060528745034791965
-0.005727018886489075
-0.005207327606550122
-0.003741250219165538
-0.003043444335205092
0.0041727005072238945
0.004814024855816551
-0.006746550846918884
-0.008076037915125202
-0.008756281234064701
-0.00935290895587373
-0.009955297361520845
-0.010535232454713649
-0.011135626174835565
-0.011744845248160739
-0.012191173842574192
-0.006411225676216293
-0.013641508559167584
-0.014545877244169197
-0.015358675688277451
-0.01616492216237488
-0.0170305854166218
-0.01764336076530844
-0.017155041049443983
-0.012291357437388604
0.005406571752748106
0.04642240490581656
0.023558404817505478
-0.006677600729358564
-0.01539382593888506
-0.01601208031523373
-0.01602843188098138
-0.01553857127303611
-0.01476695031768712
-0.01400517999268987
-0.013292716450650957
-0.012603968665163612
-0.012189043777634745
-0.011753411007177047
-0.011354755184686458
-0.010939227403844719
-0.009148615069550546
-0.010189283150932817
-0.010363363659419074
-0.010243103724103989
-0.01015877162719422
-0.010133095783805663
-0.010048712123720391
-0.009835041222722165
-0.007488916422364495
-0.008837269016376183
-0.010073690560398158
-0.01030926276100934
-0.01042025864117142
-0.010519499065287244
-0.010316841784354496
-0.00983412714837394
-0.006023658547514123
-0.00596847563064386
-0.010307549727738178
-0.011120976341678732
-0.011244067483998439
-0.01132790869407246
-0.011440763202791979
-0.011572453156316428
-0.011688281924479887
-0.010623035699435051
-0.01180789105477282
-0.012113468487554823
-0.012258668869972985
-0.012021220282136674
-0.012273728066753368
-0.012684451699994293
-0.012785432490402374
-0.013062789526491658
-0.013349006566124078
-0.013790999028435497
-0.014113406003857904
-0.014333603460955104
-0.013970296085338526
-0.012877003267245382
-0.014912239552835046
-0.013946940305702073
-0.00753915207100667
0.014558956261127232
0.060130358444137715
0.014733902122119771
-0.008273544087173986
-0.014090050038452165
-0.01501286588807834
-0.0147318806472144
-0.012529076070794537
-0.003632962770682708
0.023400693476499566
0.05848981789241651
0.018735526804379794
-0.005443128795828726
-0.012612709692462197
-0.013977351948250111
-0.013809619743915895
-0.013306630285484866
-0.012924384066630785
-0.012558883396170254
-0.01227447774282268
-0.012066877198510684
-0.011736012048929448
-0.011810435736820165
-0.011727164673220748
-0.011563555931973588
-0.011568897089132455
-0.011613987403027472
-0.01162356893538556
-0.011602970893770196
-0.011669315628561073
-0.011710278576954773
-0.011777184997542888
-0.011741921100412087
-0.011659514839419616
-0.012077102207845365
-0.012235423918741625
-0.012388803116234184
-0.012545094997069007
-0.012721557333748232
-0.012918433752957247
-0.013068609364975562
-0.012311576026630576
-0.013555485897095215
-0.013830302454020971
-0.014082834734261954
-0.01424715143348884
-0.01459303748067392
-0.01492442870073136
-0.015238503102627868
-0.015570862382370983
-0.015918515243696908
-0.016239155883097003
-0.016334369819642865
-0.01577297050625498
-0.012674319443111782
-0.0019782238786086592
0.030507427684453182
0.05402441371720011
0.011754554521687088
-0.00855188687103889
-0.01471183392158076
-0.016416887718337676
-0.01661370749289399
-0.016394179343705934
-0.016077509599224545
-0.015745305118196936
-0.014707573558677025
-0.015150008114115217
-0.014936194776834449
-0.014700500308995314
-0.01375178453348545
-0.014250887298079936
-0.014072037286945118
-0.013881502386581783
-0.013690471215998508
-0.013505979711766576
-0.013321975938110272
-0.013137628471068662
-0.012984024119012142
-0.012758092280151085
-0.012541910716758836
-0.012403547330995211
-0.012034506537527448
-0.011226273142742715
-0.011735161193776815
-0.01133878077884447
-0.010900691869980113
-0.010853170139429354
-0.010169016593297686
-0.008567829874123483
-0.003333772692525898
0.02488862175076128
0.004705357259777124
-0.007120997421338513
-0.008346386188959956
-0.0118721520978273
-0.013214232198330237
-0.014729485764939727
-0.016620355578888125
-0.018453877297114018
-0.017606558235294993
-0.003435578249597291
0.03741155258549191
0.00034196657490512413
-0.016027865963998633
-0.018163449458549464
-0.009143032890430438
-0.013752925045662416
-0.013358568198678202
-0.012394312200332765
-0.01126110314337187
-0.010295735326971728
-0.009304320321368614
-0.009511806183508819
-0.009164000444634869
-0.008712610401564165
-0.007438372805052735
-0.007837729647281907
-0.008341439571153136
-0.006512850697700442
-0.008630849769782635
-0.008910228236507636
-0.00922053674644222
-0.009516225542443206
-0.010063967607466912
-0.010755040806869206
-0.01161133478176092
-0.012653360594767672
-0.0138791198408463
-0.015333108444987024
-0.017041182444626192
-0.01887849780623634
-0.020093222758860267
-0.01762068744887338
-0.0004943009200516089
0.01873036478159824
-0.006724186527632458
0.013970960465413757
-0.003396090007233089
-0.01878389848782413
-0.0202873681124502
-0.018027385158819957
-0.015461494608338488
-0.01368488956606086
-0.01170571085013432
-0.009702956364564924
-0.007565789111713188
-0.004829408889172453
-0.0007191584917059277
0.0044215330936933596
0.013695483572384697
0.03440395545941485
0.05266139285889775
0.05328346019612986
0.030194112750838466
0.013754438485976288
0.011010929693942122
0.0029449050558045006
0.002105051933950731
0.0009124527770185595
-0.00029279854441073685
-0.00031952111147125233
-0.0006553636284033496
-0.0007387542210395034
-0.000817011512363419
-0.0008021216326497136
-0.00022515249070459382
0.002247417049986508
-0.0005292611863437721
-0.0010838134913491709
-0.001239062101245229
-0.0013129741731984783
-0.0012609651582909682
-0.0005184447752996169
0.0013042255428857893
-0.0015869377480836895
-0.001987126422580724
-0.0022733270408508187
-0.002658331983296446
-0.0028004517982416657
-0.001535644794701344
-0.0028594124446760477
-0.0029881293094524857
-0.0032090257749746807
-0.003806110635133893
-0.004555515259946
-0.004988069543038652
-0.005407742597554644
-0.005624273240911872
-0.006241612528427101
-0.004879393509106736
-0.007225026145635324
-0.004781199177606048
-0.00866067595109236
-0.009249331639061258
-0.010242662818005533
-0.011008312105723343
-0.011599315020889454
-0.012443140475352268
-0.011647774654170471
-0.014493398336377533
-0.015631281679512908
-0.016842491301175867
-0.018165911804439397
-0.019421344894830887
-0.019551858604538678
-0.013805477764251499
0.012656343498004732
0.03503831070500631
-0.003959174286999992
-0.006007579129777329
-0.017780202949696504
-0.0177970754053977
-0.01676142694685345
-0.01565461623604407
-0.014175209898339248
-0.013417381015193111
-0.008205538521856334
-0.012148780299871686
-0.011701023765066343
-0.010088752239402109
-0.006107253652802015
-0.010280920564529577
-0.01015499469756068
-0.003788964088864274
-0.0013887973112659006
-0.009742210863882212
-0.008372744316796441
-0.007537695946543744
-0.00711845948912068
-0.006930543878947037
-0.006930977746709629
-0.0058358451714888805
-0.004432946661400136
0.001064842575909441
-0.004205291034448071
-0.006983209734529413
-0.006205150703111466
-0.007046725124179487
-0.0066978453512156165
-0.007340528813611984
-0.00745273100946565
-0.0038182499769220625
-0.008149928495404373
-0.00875309433499762
-0.009139786964519267
-0.008925894224915694
-0.010183672049944116
-0.010913872926177222
-0.01063304332228431
-0.012217127775710967
-0.013147455432777655
-0.014023775939418302
-0.01497047335794275
-0.015979672545643166
-0.0168565636125764
-0.016675449516127396
-0.011344428686580789
0.009359888145303917
0.038038596237770485
0.024558627832098733
-0.0061674122473676
-0.015099337785474705
-0.01620044626089795
-0.015387905362850366
-0.014497112802788013
-0.013525584288077465
-0.012048630274293218
-0.01186709122360539
-0.01124799730517035
-0.010579948649230203
-0.009941766394548962
-0.009179033247366493
-0.008489115054095504
-0.0071540422495721305
-0.006791616165913333
-0.006697673084742757
-0.006179776457185634
-0.005621353000028338
-0.005066097522118111
-0.004476088327654281
-0.003567137426678384
-0.001742970627446665
-0.0006435874697777355
0.007274853996673364
-7.300729214152109e-05
-0.0016622589530750772
-0.001685869402849498
-0.0012939743120892477
-0.0007911755149392792
0.003351806951381524
0.0008499695423992549
0.0021177140284081206
0.0005415097190058858
0.0005191059878904803
0.0008204363449381311
0.002136965428213297
0.0015248516389772555
0.0020211221801394517
0.0034438235533639015
0.004855118233597528
0.002949387141884853
0.002907813881799076
0.002581670516025417
0.002344007911013272
0.004397136977711728
0.005454869922498648
0.002576182585640695
0.0020873318776464095
0.003770486540029646
0.003909304007713973
0.003573621106155882
0.00481726574091961
0.003903980082004141
0.004919090989825044
0.005943993734835954
0.005079668964941934
0.0068880114961726606
0.005645964745633082
0.005189802577261085
0.005024069852659695
0.004898351470716334
0.006062492107575707
0.004500520609578682
0.004647702413193114
0.009188171712249366
0.010925759154791518
0.004723125227146695
0.004080636928244748
0.004782870828240998
0.005294925760958104
0.014900230428086372
0.005454677609018941
0.005313428952264339
0.006049359213643867
0.005462556398145878
0.005134447476267052
0.005165875975655946
0.00523754282214599
0.005061051755015484
0.004943231194421301
