0.00036980119520474506
-0.05773980065436375
0.028035045717852224
0.059037868059095173
0.06754011629306611
0.03799579366018792
0.004648079965696664
0.023193593671602716
0.013752116872283
-0.02217019605955256
-0.0814168830225914
-0.05332592780809947
-0.0137787946454514
0.010946840678311549
0.023070669651541417
0.03213849461388251
0.024797370899994477
0.0020538397338371295
-0.03119293843770604
-0.055856582878783465
-0.024850391791174212
0.05877042844345867
-0.012157018793083221
0.04568117977470855
0.018829755513588044
-0.041151188011017234
-0.032388707461902415
-0.003946442075624494
0.021921733430563375
0.03909840569624627
0.04803313688735047
0.025354888180008667
0.013495691303061127
0.004143009598322749
-0.003054863342467639
-0.007241097183313851
0.00303400525925202
-0.00797680180486459
-0.0006095645812659955
-0.0027925292072814743
0.0010048346785098627
0.005315298992167727
0.009284165503933448
0.012893562132071946
0.010934172959807427
0.0029597309871246683
-0.01043509006474334
-0.02972964189076195
-0.058301212014535066
-0.10112691171400193
-0.14649523480702856
-0.0967626055118786
0.024609624055435243
0.11190124292760179
0.02124650115219654
-0.09278239375625755
-0.11222915229447658
0.16668851421675573
0.007122353549337653
-0.010139984692292414
0.02185305816408648
-0.00455591222872938
-0.029617856742009115
-0.04373091072587997
-0.04458903017739304
-0.07057536100576561
0.017373075499991928
0.06014599475321948
0.01752173075010493
0.004145650655504746
0.027425326723730357
0.05778218899578928
0.08070635717180535
0.092500032742327
0.09337698403331261
0.08574596249943887
0.07709306343949063
0.05579787081505463
0.020435021358659287
-0.023505019254516056
-0.08947579453856212
-0.10532808451156228
-0.06483812062380591
-0.04867632473437345
-0.0440359967354579
-0.04254357299755
-0.04175514534116393
-0.04184767382524955
-0.042715566270360585
-0.03384044147091089
-0.027137633930939428
-0.021107872404925548
-0.014826876625077343
-0.004031559107472742
0.023059535194838787
0.010481457341641022
0.03787235121306222
0.02037336283159689
0.014264788873065464
0.016719918530685645
0.021173113719623358
0.0383052489406042
0.06613073107037877
0.024633215550789588
0.026354040073230587
0.012205099313642595
0.006708507179340359
0.002334315061668017
-0.0012836691459292783
0.0013314407079071753
0.01224897477094648
0.03463015117924438
0.00037055561037926835
0.005904207077223707
0.017770522676196696
0.028376393128348134
-0.011937459696033293
-0.03356410388639925
0.10489315575503314
-0.07173773193035998
-0.0197987613356138
-0.08701434891920025
-0.033198615031188455
-0.012380946968206128
0.005631136875670206
0.003991348848097284
-0.01280056030663288
-0.022979577897141338
-0.007887179272311433
-0.003586332516572458
0.0006999897688420044
0.003402313534281806
0.009858800181869291
0.009600907016416636
0.009614060615941
0.008555061923701675
0.009162422118909322
0.014260566940413211
0.004891342440240008
0.002075536049492755
0.0015280061808585611
0.005486880700026841
0.07737050945997509
0.019795425022603088
0.002669323310601297
0.029648858894749802
-0.010358803373353643
-0.016109408213853
-0.013261342118193978
-0.00481266621370037
-0.011022747533299635
-0.008035043970141252
-0.015405178397881959
-0.018184483814576678
0.03647178495436163
-0.02118776713901294
-0.02491400328071185
-0.023553021074478812
-0.023385149232339395
-0.022924700779434055
-0.021918795774277584
-0.021245390110085537
-0.019968635909472395
-0.018124636356202404
-0.01276832236471022
0.07368129318815504
0.013548821162474722
-0.005854198706471172
-0.005945172347627066
-0.004936547971163387
5.460136870352344e-05
0.002149725913024579
0.005100286001796346
0.007538194960963951
0.00918630373438442
0.005433318641881328
0.0035764781246735836
0.0033005581177599497
-0.0021295521287345675
-0.007099722908073828
-0.013855251677179119
6.880285906630488e-05
0.008314093004710841
0.043411712918029415
0.016385068401881253
0.01649596609321166
0.004039222877021777
-0.0045477457353161966
-0.005816155340500427
-0.00429216227786945
-0.0024046639884978474
-0.0012359142150882353
-0.0006430279110678706
-0.0022853470692934677
-0.004629589610318058
0.0017869805584860715
-0.0008150035588078336
-0.006793263258878127
-0.00839193492293432
-0.010302281037293795
-0.007061402568896107
-0.01687273571284258
0.0061694015800285145
0.0018942908908334156
0.004870987663910957
-0.0011189332183289314
-0.01887879629453672
-0.014350845052508205
-0.008952309384211538
-0.00593154727680559
-0.01444334576341192
-0.0177199692961874
-0.01680135909165053
-0.017405623796227936
-0.014790076363958666
0.03038014481095412
-0.012844041451751281
-0.01601103458102979
-0.01758954714073957
-0.015649352986217363
-0.015438562936611555
-0.014705232340790561
-0.013897797439034057
-0.012065433660082838
-0.005932835559029415
0.00595099303222651
0.0006776348452018014
0.006754579724524572
-0.00654540417063963
-0.011069845524421428
-0.009458265106010806
0.01023775287842443
0.0010649651588374913
0.006633192033473295
-0.013153961945847227
0.018157147438824708
0.029921658520827024
-0.00013279674628166385
8.769218086639602e-05
-0.04179338255406927
-0.0013938773861235894
-0.002363580728485225
0.026732356642227888
0.039637308581016925
0.009813679977554259
-0.009778457748569825
-0.012976152588314537
-0.008600664750998018
0.007080776628762713
0.016785517301876798
-0.08062276075348807
0.0029023089625136436
-0.0020514166365485503
-0.0035843192139678247
0.0006689251968939405
-0.0025057970994028424
0.002123855242327931
-0.0031806832566508877
0.002048113821563998
0.011707540547369543
-0.0014274165533365527
-0.004447860841434706
-0.0033770489983477336
-0.007659708937325543
0.007626550837815343
0.012593579018493856
0.002118870235872904
0.010717282182431932
0.00894037562598109
0.0009579606353463935
0.00033641340881355845
-0.0038742324379862077
0.0009674874906919377
-0.04129222194726578
0.011680915852506673
0.010872655897722386
0.003922358628483562
-0.0004478642418380507
0.006706693864373845
0.0054718841283781456
-0.004138353043207106
0.005335318826319279
0.0034397401618281804
-0.006243793971111606
0.003337597731325476
0.004699658843314584
-0.021475057968058035
0.010148726895881808
0.008436607586974192
-0.06066582400020967
0.007828153858633842
0.010266524628257627
0.007432042874788669
-0.0038949897304922714
0.011192584579923085
0.008501898563997084
0.008509244009451807
0.008253119834635819
0.010123468862629015
0.01078588874231267
0.012424138923762066
0.01417551835720918
0.002998633424947512
-0.00394444020865028
0.013082129393604383
0.0026233217252116295
0.011434018315200552
0.010902081069909891
0.011741537332540781
0.012867600145385244
0.0036923809177119757
0.013125860480002131
0.015824708114914512
0.01629237659752149
0.012607836916490986
0.015452840783917872
-0.021303326268297607
0.009624783814337913
0.011535053913690349
-0.0004400226862327786
-0.08358365180479174
0.007806169820286599
-0.010227790134620437
-0.0043309649340386724
0.010182662334653193
0.07530437166062208
0.020330159930490456
-0.00409090442587467
-0.0038169120398789517
0.0023721049088908496
0.006525236693973122
0.010496846096344136
0.012378144660977638
0.005539942884961892
0.016604243324915953
0.010307685391524421
0.016348347901198493
0.01846993241405364
0.017939584017189814
0.017802321660322577
0.018440480094548156
0.01829336927550765
0.017733369799808118
0.005093382906723174
0.018454014233114543
0.005703241362188174
0.017426289716654136
0.01874396532371372
0.017882662704093517
0.017416936032707064
0.017254801558813766
0.0170988839018598
0.01163329651813392
-0.00041108799770836436
0.015657998240269432
0.0940560340241245
0.01169110012697371
0.012177455077107121
-0.0021324555002933013
-0.018109795313523473
0.0042552052965764905
0.010334601051079775
0.008106491822155247
0.00717869331876795
0.00683526877978755
0.00840144914182044
0.007147568517845283
0.007112792338510095
0.015121114210311834
0.00122774953230751
0.026943397594425975
0.03825178338688229
0.022808646590042995
0.016881319711024998
0.015399938138317826
0.007173599943423409
0.006623691143888114
-0.0012597171769963705
-0.02642314744340435
-0.07949950408166227
-0.06863691311911137
-0.08582492709805788
-0.022126503539874186
0.006959556328521271
0.015362368138528855
0.015648604366920834
0.013089258247016169
0.008408944663300581
0.01330736980449468
0.014724200021806999
0.003382679516914717
-0.0029668456311613928
0.013495225702037964
0.008598259699368454
0.014472022284745985
0.00896636450874434
0.011480609398034039
-0.0003477654189571206
0.01258255455822376
0.012630980770807178
0.01894926352042379
0.004223124356386025
-0.0017723979561631907
0.013735517536938118
0.0014039196728154674
0.0047594987954704135
0.0027193179313374925
0.0010749970944415675
-0.01036493307942131
-0.003911484844184419
-0.007118599197430152
-0.010787505624851895
-0.019723153433625667
-0.001793316903136959
-0.03426928143384758
-0.03176646932567135
-0.04271809627958694
-0.051990642526923404
-0.05974107080503687
-0.060627470661168005
-0.04593982773536767
-0.0020481336554945793
0.05311296318863084
0.003745007336981747
-0.11444449158006154
0.1228052810783173
-0.06583746805183256
0.08333071657907506
0.03843179451348808
-0.021824041170554555
-0.045697391555341894
-0.04716180667384045
-0.036646948284283255
-0.02599808578109959
-0.01823027891629942
-0.014942293271516817
-0.011493249767881656
-0.003470552953478312
0.03908220625041341
0.036771529016692596
0.043469922148771156
-0.013948122334701487
-0.01150802458581954
-0.025208931260773844
-0.017491269742244613
-0.03137098339305706
-0.029932916086188168
-0.028240688731471387
-0.1378259796471447
-0.019827524199229663
-0.013628072134938652
-0.015658038623504338
-0.01729824268170929
-0.010282673685585662
-0.008315335894465958
-0.006207194516867215
-0.004198215557056413
-0.006738867265610653
-0.004140579913977499
-0.0025407220199743885
-0.0028654202039985264
-0.005662450408316839
-0.006310138146967659
-0.013241458360639302
-0.01089222580394689
-0.017792245477106127
-0.012591784794942575
-0.016907089803855985
0.031974010388162895
-0.014776664878605865
0.03595669386873339
-0.036535534988558785
-0.008549711097887313
-0.017740774093297683
0.01859887355154761
0.025140179037608255
0.02747599148650469
-0.021728066745973648
-0.02476179718120203
-0.023162529508822388
-0.017509642066362706
-0.023060764169168118
-0.018234548050148937
-0.016499125217745447
-0.01739806419000901
-0.008612807150533582
0.050681009324226166
0.01035115408818189
-0.03870454954986952
-0.10420217138806113
-0.03661367652368071
-0.038441776569915924
-0.02179525454770044
-0.009886361486872075
-0.008134522132133976
-0.007167344423801128
-0.01701853705714625
-0.014063536261539738
-0.0006712365876076143
-0.010635902567880811
-0.005028038620211927
-0.003548797802321595
-0.005548960174183244
-0.0004220632558263601
0.0009922877094776033
-0.003797644130418766
-0.001602009700047437
0.0002758352626500237
-0.015445223823254067
-0.03776918999718451
-0.016730484336727393
0.002729693225731111
0.0024830251473371093
0.0031354977485451457
0.0035947641657913653
0.0009807144997696154
0.00438764905529981
0.0022674559107414114
0.004213876688227244
0.005447534601156472
-0.009683274628711411
0.00562786918044355
0.008367480809587003
0.0016783704601654424
0.007605937179738634
0.009879821091922031
0.010893453166352677
0.010851381157522986
0.011919155216301837
0.01217240714839058
0.012172386318109353
0.012590606397065026
0.014337856820235459
0.014849382251677822
0.013982026413775748
0.01564321909221992
0.013948801761822732
0.016610887539069596
0.017113122705998907
0.016877727974370378
0.017614902040048595
0.018430504561682534
0.018845124840393628
0.01922815114312372
0.01974105322144371
0.019604039624154218
0.01925113624951933
0.0020626572578003924
-0.006198943231889206
0.017660941080901722
0.020442954866170437
0.019634927523957804
0.02114816474283569
0.02762014327708931
0.03794754560231748
0.047435890968113126
0.02340175431447978
0.028506859718882126
0.010391879004540161
0.026827340264559886
0.014146366933829735
0.009795460528094824
0.01122275208616814
0.0138972003799264
0.01626362020693931
0.01799097405576057
0.01842130868124156
0.018847224467113583
0.02047681425724789
0.020680176889388
0.019930473438722132
-0.007485341963339722
0.020338746643219205
0.018248400184396284
0.01956835905466819
0.01957801459419817
0.018966317942823958
0.01844648864167834
0.018077167323474065
0.017975416558162705
0.01735429456798684
0.016714394709611963
0.010543259655159395
0.01457796755180526
0.014139804490899485
0.014355239018063076
0.013721342890061789
0.013079644814797136
0.01257331872594257
0.011065592492990188
0.010257263770711912
1.1254449609268994e-05
0.008912442579789277
0.007259223767985059
0.008585027112218835
0.010712421477509877
0.007676773047621698
0.007783179912816856
0.007724453825482666
-0.004721029412833566
-0.03222103235128691
-0.0024406391445353746
0.005067134325474686
0.001585336844742638
0.0015971364077221257
0.000554741202437232
-0.0007476094853914143
-0.0027122455682661315
-0.006287792366328682
-0.006921536159343199
-0.02106451562822398
-0.017485798575295523
-0.01332621935320846
-0.01553430645548942
-0.019915241921239692
-0.02959251768362358
-0.03214951780202755
-0.036644764513472455
-0.03231958028967552
-0.010667702539973695
0.017012011228497156
0.04234508462955881
0.0018748799628104818
-0.025570523595629543
-0.03896514627825304
-0.033475157324960966
-0.027355577449190243
-0.02109787882518536
-0.02143482056828453
-0.014310141583387573
-0.012790770386115693
-0.011798627970798236
-0.024437424303700637
-0.011263967995774882
-0.012372446833184923
-0.00984707974189885
-0.006326431487506996
-0.005440438362797079
-0.005453978951801981
-0.012320653238372977
-0.017244259472091114
-0.004004895564832025
-0.008337768165740493
-0.002702923075915455
-0.0007438336458686443
-0.00814373030436785
-0.0007589980434091433
0.000767222868189143
-0.014913662937247775
0.0021535845656235
0.0027731967474730556
0.000825799233957529
0.002772087971819703
-0.0006244896498579883
0.0028532242121628035
0.09081896898018127
0.07137825450965209
0.009465613209574664
-0.018368540118646727
0.0006734315558505608
-0.00889366267205969
-0.007485955571847588
0.0018784173085237715
0.007445945142685719
0.008483904694163779
0.005551021562863619
-0.004218992855187185
-0.0017289131926917017
0.0017348024698479023
0.0029417514902004573
-0.025452693292695037
0.0026552696417378647
-0.005643471104594263
-0.0037598884268937637
-0.01645435797883428
0.0023220548851493016
0.0034019764552122573
-0.0032591222411697592
-0.007088829989549145
0.002067142399447252
0.0026621492009313015
0.002382547065665774
0.0016834090960780052
0.00012570341119968944
-0.004577768493212726
0.0008976589307899725
0.0006499098461046001
0.0009092155365714738
0.000686818703387145
0.00029758041924572774
0.00021287157995871357
-0.0004863494258351855
-0.009477141254985172
-0.0021486119832284877
-0.0032664824926877394
-0.012431285680646874
-0.015830584356403072
-0.00451308473897827
-0.002951597989632733
-0.005000763806309663
-0.004596615468783627
-0.029479911957084215
-0.00440342483868333
-0.01832793997233265
-0.00261558293950572
-0.002957466526463767
-0.003426022038432214
-0.0036158014860783643
-0.00884216176654955
-0.003828620165471376
-0.0038056397116517588
-0.002719576478617405
0.0013393617066169096
0.011921558577842242
0.032135484057910384
-0.01914073375467843
0.012224861803125925
0.029679658439781143
0.004687115264629544
-0.0003932801665760489
-0.010316962833848035
-0.0024524787679502716
-0.0022379229308685323
-0.007314707433916411
-0.0023392673480275216
-0.0011023979861554604
-0.0007187534798342464
-0.001578183389903435
-0.003599151506814842
0.0009272890064834609
-0.003518793048755696
0.0006033555509179931
0.0030071467928379563
0.0028677378077100607
0.002243472615728169
-0.007803003809274255
0.00385641257017114
0.004323346150201019
0.004738625985191577
0.004989284216656408
0.00401003134240186
0.005221073248790639
0.00565287908856982
0.005705477907226566
0.0038124976524869488
-0.00904452440247083
-0.0015948128385166588
0.005774944233646998
0.010187190209510876
0.019562920789130595
0.0334223542134437
0.026423168963696123
0.03044912203762338
0.006166064653431388
0.008882375782696093
-0.007102221243746097
-0.009938645867354611
-0.006521768102762296
-0.001692491647039992
0.0019122753587407116
0.004277971965196154
0.005913545386431879
0.006800101777625802
0.007354580921826768
0.007438307306346468
0.0060865908467073165
0.005102908229354313
0.006649548903780722
0.00727684726610546
0.009301575977193334
0.014253255028371551
0.02640311410093383
0.04753739577872616
0.07400451578080718
0.043467643013800614
0.06765396783096232
0.03401299154224172
0.017374495248304072
0.008188210879346118
0.004484457304334883
-0.0008415491453150411
0.0004915278442818674
-0.0017960328807539465
-0.0023948797649504163
-0.0033342488367122
-0.006301552089985216
-0.003919129884479724
-0.002793394468190903
-0.0028764909393810796
-0.003413417923900024
-0.002794275497435518
-0.003460844899358745
-0.004505810236327851
-0.018116790907735353
-0.005148364947130225
-0.00399740300381024
-0.0038160114678864134
-0.00425009766913822
-0.004583859562744546
-0.008216831041320021
-0.002949245034426374
-0.0025617750369834017
-0.0032302593798760985
-0.004737367007637433
-0.001984870205452079
-0.0021888553905028245
-0.0008900555307727303
-0.001791241126888076
-0.004521008591884781
-0.001269164726991317
-0.0035269596159169104
-0.005270106010233093
-0.0036148874852199218
-0.02318066012180777
-0.012285705988425244
-0.0004257544488190091
0.0008511206820035028
0.0015464839990697362
0.0007835321565477129
-0.00010021282603416527
-0.006915531592533027
0.0019353730748298773
0.0019594358826095924
0.0020864464946074085
0.0011081178981597604
-0.0002871081530439506
-0.012865142071311756
-0.024564206742269473
-0.028163112575237945
-0.008660999039069459
-0.014682096893289255
-0.05880987732212541
-0.01968823227720866
0.02555216304295051
-0.09743023810999246
0.037981663912871264
-0.010808754437736599
-0.04561812966521377
-0.030553936896919518
-0.012672108171626891
-0.01351121148018962
-0.014200572388641322
0.015356050084396021
-0.04425443888919658
0.006142764481774248
0.005356707489254183
0.00703526610750028
0.01031891585074564
0.005238787820999876
-0.038899108781671105
0.0020259967252789952
0.014979285580224549
0.016721528907992333
0.013253917020127218
0.017994012418652516
0.01907298375994171
0.017722269417082524
0.012833885485243657
0.06673232448664387
0.025603458723098764
0.01954898936063122
0.02057957935690828
0.009534546120744792
0.0005253895862104299
0.021978275372257335
0.022920444193931726
-0.0005748824997557505
0.022127984474284264
0.0220013709231544
0.015141738921172024
0.020114152763148027
0.02089035314008567
0.02076112056902847
0.020383150893303753
0.01758976864325262
0.019460388961911535
0.01904346137852848
0.019231009835697865
0.017400957774562412
0.017844623795768552
0.017985432205120423
0.015620672497169695
0.01677283789623106
0.03822810237441564
0.015454112793690878
0.013793441415139216
0.009244544230599484
0.0021284713049806413
-0.007850738058537872
0.01311854975325803
0.013387707134752755
0.014429665236376907
0.013251591012383584
-0.029073997139911587
-0.048768453284376345
-0.003917756415708838
0.007707977687303652
0.01223080609380967
0.014120748822408912
0.013879783150410847
0.0134770422201931
0.0019621816509806027
0.007225626479316942
0.0035530554588798988
-0.000569319877930437
0.009632254052203623
-0.003145844658394976
0.008580655492215372
-0.015542715843198758
-0.017700610133317262
-0.014688917006288174
-0.015729170715257385
-0.02048649146381687
-0.02355112963688976
-0.01776950588667338
-0.005462959750783762
0.05024906899477339
0.0025574631446698237
-0.006599887435955287
-0.024632103447414146
-0.02255435821034802
-0.015041901527363108
-0.012067204160907298
-0.00753448516412906
-0.005366117126538301
-0.01458984025627001
-0.006523225163151781
-0.003980694616006088
-0.004753896878806975
-0.0014895881141499957
-0.0007030782293879602
-0.0007480788581676848
-0.001981218105310746
-0.01973233569388389
-0.002712700075598203
-0.0011612548448315123
-0.0025713846667924298
-0.0026941110723351755
-0.0012831600793815144
-0.001503986334360797
-0.002969281063289563
-0.0021861586726872485
-0.002605862676231091
-0.0030837016746611393
-0.003921870487708211
-0.009803283301157515
-0.004249260891564448
-0.00476419206660479
-0.0060140125934985385
-0.019759267669684277
-0.007664080564577246
-0.014309219057600577
-0.007755857267779054
-0.007606219943899167
-0.007883209334420072
-0.008571146837746787
-0.023888312905243087
-0.011214437539578544
-0.012860781406551692
-0.013399070973220061
-0.01251133322069237
-0.012393736924868566
-0.013792163508925672
-0.01531974886088286
-0.01756752464866124
-0.020817384903760637
-0.024249183493102167
-0.026538170953652913
-0.02092210152366191
-0.008250777398236863
-0.00720054500101566
-0.011443847991581296
3.10298654426717e-05
-0.02721990121682449
-0.015906906312794716
-0.010999626065640639
-0.005733214220077155
-0.0013805449852633575
0.0025121009866076525
0.005227014834107162
0.004635474044981017
0.009509317510145372
0.010995180056610723
0.010453318984975398
0.013193965853271001
0.020286846617763293
0.02680008505301067
-0.00047146119544010134
0.015759434910901624
0.0063341477879211286
0.027643080114292208
0.019780921698437485
0.01427364475722822
0.012587552688916311
0.0037870708871141487
-0.009100538918231533
0.004403211724077464
0.009436082965906022
0.007782738858413637
0.005411389942377182
0.004580064767831346
0.0033620279448488798
0.0013176648723843924
-0.008654567094517082
-0.0011552276456384346
-0.0008387187582508276
-0.002955737486330674
-0.0030103835572196725
-0.0047897796428715625
-0.012175664494899324
-0.013790383079247103
-0.0074795325562230525
-0.0074773593634948335
-0.008856770331753321
-0.0333565757586016
-0.009598845310251744
-0.007747094181715175
-0.008422264559729364
-0.017993600647251674
-0.011450688706726731
-0.02044173782712626
-0.01205683707824872
-0.014102110657056076
-0.01602291903276266
-0.014613839904329707
-0.01710500583532717
-0.024477614729809836
-0.03386004722149738
-0.014551265400937112
0.06572457297644231
-0.01251945683080784
-0.010413649650091474
0.022322072486981717
-0.009660575622164536
-0.007791601526848238
-0.007534569552751108
-0.010556620110408524
-0.00927871731890005
-0.007018571976457813
-0.006687880924178598
-0.007107964951845801
-0.007071070993320392
-0.007901150702818988
-0.03151100631438617
-0.008960911441873203
-0.013893664263769926
-0.009565342185847424
-0.0087307261743221
-0.006764900608946062
-0.006796285813487334
-0.013500889141644505
-0.006545218029624723
-0.006553590782269526
-0.006532586500894154
-0.0063831915286877185
-0.005939685482641617
-0.005763717861207592
-0.007250969154759713
-0.0024624630387050173
0.00446620164698855
0.034973864865593667
-0.061979332602089314
0.042426515489742855
0.009307774597999068
-0.0015298554748135506
-0.004211842564288501
-0.0049586025751140895
-0.005213856385410893
-0.005352274401585044
-0.008124891543050032
-0.01140197834348537
-0.005416701480945799
-0.0048671914031754755
-0.004792660442890059
-0.0049441819296102045
-0.004385821526604173
-0.004209850447300378
-0.004135279198766375
-0.004570518887559899
-0.0038398828182814693
-0.00523531572946787
-0.0035409564873614408
-0.0030677640575456164
-0.0028467186841904207
-0.002537319525037812
-0.00329728149355724
-0.0017756726431958927
-0.0012541329318069476
-0.0007274535786980238
-1.5171123860114847e-05
0.0008111498591626406
0.001810056128334677
0.0030624660527580182
0.004602168967115266
0.006528614538864899
0.0062613192615625
-0.006240861992296709
-0.006279644473404665
-0.03436925703168176
-0.01887463272129769
-0.011665462141301791
-0.008410190651289676
-0.006147952989563103
-0.0006413618009479541
0.0017927811698585203
0.003598063551085664
0.0059655267589906365
0.008760200532802033
0.016967133600540397
0.02773004588936129
0.04094056587621659
0.051177853868050724
0.030827166258524077
-0.021608418904858914
-0.041816659784909685
0.021696237923858462
0.034509687325597206
0.033783888056930195
0.02979038473144301
0.02932389320917027
0.051411374096555496
0.04477632824243626
0.03659773479786683
0.01557343373870942
0.008528075445562479
0.005215620955790843
0.002978132283668085
-0.0017113109585414022
-0.0003457137978892187
-0.001283959774456144
-0.0021769834693196803
-0.0029651884363289774
-0.003466177287193145
-0.0033195886586759632
-0.0016494357419402055
0.0007856652016320982
-0.03515904551231611
-0.07024434789837179
-0.004256146235734751
-0.0014566211323967886
-0.00509998615109922
-0.006151328909761806
-0.006324717790054678
-0.006329793609590093
-0.006265005723988571
-0.0058993492565454966
-0.004532858316995
-0.004561377184976454
-0.0003009150189913579
-0.000935502621079251
0.010364470809414798
0.017416100613168412
0.00036237334929109814
0.00748019335250197
-0.013700144133872307
0.007742490550446652
-0.004379233299346384
-0.007457524408373189
-0.026361899063154327
-0.012142617401885873
-0.006638036962708854
0.00048418067333437715
-0.01439602879201656
0.012752188272230415
-0.02452072841643674
-0.017138668998146124
-0.020446362042183423
-0.017938167324877644
-0.014689929602726979
-0.011796595203351167
-0.010733965560720104
-0.009341600350099174
-0.008559858075140085
-0.007842557576014816
-0.007906486472086747
-0.008347833895892097
-0.007393484263136695
-0.005850300280740035
-0.0007350464118761025
0.02014633837347785
0.006695145739523829
0.004034037270380694
-0.010590010320865578
-0.005429595621413515
-0.00670097568639617
-0.00767692194430341
-0.007578859869231032
-0.006443846826241495
-0.013659968354278677
-0.04465776997985349
-0.008037132127937878
-0.009406891321338609
-0.010800827420187004
-0.012464467426363778
-0.012065333567633445
-0.014047098779841517
-0.012733444112801402
-0.0149824570249732
-0.024120897309016738
-0.04241695429367904
-0.019954951982644967
-0.01515536386815913
-0.015782508619333994
-0.015589444208031733
-0.015269376335483888
-0.012398366530093193
-0.00905265316557795
-0.027353508565294546
-0.017749009316070687
-0.03480834331824035
-0.034687781474378135
-0.030802960147052694
-0.025920546981663628
-0.024935147750511064
-0.025746707686689622
-0.014771869745045463
-0.013095021024068908
-0.017995281352363456
-0.013222123196639525
-0.009214305097717836
-0.008043296459065298
-0.005841509087940122
-0.0032347706881914297
-0.0005725106087419984
0.0021196328367178974
0.006050696450727758
0.01296623478175344
0.018510611080354365
-0.00041731979768633835
0.026015437897384638
-0.003101641908905232
0.002811296523702584
-0.0031633771907149657
-0.0038744380636877344
-0.0027264891087809082
-0.002125419347185599
-0.0012588664986720969
-0.001318128470880335
-0.0015136271538695653
-0.002244274031524212
-0.0024150355821729694
-0.00292773893511898
-0.0034172393346575155
-0.00388898930759106
-0.0044422279746339
-0.006143110587507992
-0.0069520472798164056
-0.005652475296249488
-0.005857219992913884
-0.006876587938485099
-0.006462328808825903
-0.006269024412799807
-0.006785487446910116
-0.011246362119997121
-0.00693538338802999
-0.007143916077646642
-0.016440987001567833
-0.006619934901524959
-0.006482229932434197
-0.006296855764459207
-0.009114915038074194
-0.006094648968746723
-0.005563550341306294
-0.005327090352009757
-0.005952445236240504
-0.01471620283539413
-0.007101430746751282
-0.023036683211335975
-0.007015197809994294
-0.0033910905531222314
-0.008453716745867168
-0.004831344182553408
-0.003492803638270404
-0.004846762726646964
-0.007925448394057765
-0.013200714805152914
-0.020791249399740162
-0.035129551789131276
-0.06759588340928444
-0.04641787576032871
-0.023513366105214067
-0.0015078367407513592
-0.040124446776107436
-0.00479398734981322
-0.0044049770216718145
-0.0033620867350859173
-0.0013384196092414936
-0.005990208792226587
-0.005302258671516656
-0.005600111238769527
-0.009999382411167261
-0.03625699104875844
-0.05270215983806699
-0.028547037886601342
-0.012088562429587973
0.032258976710223514
0.05098308170734287
0.050108541239773416
0.01089570633187153
-0.011349238149928192
-0.015836344362794946
-0.01379647319069766
-0.008612623375272173
-0.005219780271565472
-0.003259009711866611
-0.003939333092793643
-0.016340126645522507
0.005202796450669838
-0.006916681368925994
0.011959057192415499
-0.0031144068664198704
0.0012783786111489517
0.003950062655359037
0.005017502366273783
0.00539299589077609
0.005259122085608721
0.005354435344146409
0.002654373290566366
0.002051149756844628
-0.0012080586744990921
-0.007338915544042006
-0.005210236143186348
0.04902611892732859
-0.015742454624771383
-0.022725832944629952
-0.011367042906749369
-0.00019142989126888992
0.005816598049947925
0.008524954245128785
0.009675021625035666
0.009455416771590612
0.004076118569269622
0.005741458854199491
0.010648808811337536
0.011578146047993673
0.013069452761703976
0.012463424057679301
0.011344288489060916
0.011007918388677235
0.011586967481082538
0.0072282112707890474
-0.0015026041791749755
0.009673155990604343
0.007902736906050728
0.01579469727993857
-0.014939029515981311
0.012089771396767889
0.005361137147297462
0.006260560686168915
0.00864106035792785
0.00928383428024115
0.00946439358036357
0.00869632288923534
-0.0022325826921816526
-0.017892516730517904
0.005100828789559406
0.005727390760557595
0.004792864523224682
0.00945663348737462
0.01020708589709719
0.010343000237088883
0.009177284738984267
0.010493742909230771
0.004101105887134656
0.010316248409288452
0.009172452509333358
0.01069692371704825
0.010279257055763163
0.008999606749672803
0.002178492765419856
0.008543156814459206
0.01037335299987888
0.010493811858845818
0.009508162570358802
0.009926045675994763
0.00972645674928186
0.009918306327915382
0.007636878707600837
0.007833325990511755
0.008059113168684705
0.008190694246740899
0.006663151040282192
-0.001458509061501681
0.009049179763558068
0.009352926644466445
-0.000852996797617684
0.007166522724122334
0.008030420635910631
0.006559531022939227
0.005590245409859275
0.0036021997067592734
-0.0005913974922654504
-0.00032972968311356903
-0.0009155047887437598
-0.001741346591437584
-0.003885517430909257
-0.004039582906566238
-0.0076511259707560085
-0.015116235892747302
-0.004932171383768723
-0.0001909039365475098
0.0002680529019474243
-0.005267918776215011
-0.02025334051571394
-0.00467641064846512
-0.002728439159183811
-0.0041968781625817955
-0.01038940235179574
-0.017312568286806596
-0.019699401323789344
0.006940136677052014
0.029252927352317378
-0.04735809420087274
-0.0478802084732553
-0.031218427528851598
-0.016045559118275616
-0.0075846249568751155
-0.0010172282805075744
-0.004855222903022142
0.004354380793673569
0.0056860752890767865
0.007041639727712147
0.007356859964361222
0.008257732024126899
0.0083970807386247
0.00888518472169645
0.00928809241685258
0.009619991514586123
0.009871418062282056
0.010084087624554487
0.008582626506489593
0.009742552365433583
0.00015759037891542637
0.006366563419488881
0.010273613971864218
0.009764764313228582
0.009437735855427
0.008629801693744764
0.011855401510576262
0.027050422662638213
0.04131502504057448
0.019129213594913118
0.04717966919464851
0.021800978661450813
0.0066878888117542345
-0.0039594551477835855
0.008014469488460055
0.009774093020405118
0.009498119335447247
0.010459747225527782
0.010590101167309253
0.010401568636260086
0.011435967026369644
0.011322363165987955
0.011139647872217235
0.010920121794889581
0.009299464934738792
0.02212890480269944
0.010071189649415637
0.010508168373190055
0.010387019233690986
0.009082560269360674
0.009560131005136203
0.007866249968199072
0.0032786331189271476
0.0007642086253227699
0.04598966829567993
0.09158686530938302
0.02343418468505055
-0.0028085449927584554
0.0017777951642829345
0.004925721917275727
0.007094815573374852
0.00819710805435998
0.00938210281520225
0.00828535651909149
0.007359935190677144
0.006881663975433815
0.00628105728388023
0.005776620269645508
0.005733321380674496
0.00470406852307728
0.028185567808673834
0.0042833050066570805
0.004713865891934024
0.004889067011072336
0.0031128395622341334
0.004623267956882716
0.001814046578294715
0.005178471160141337
0.005617493610511971
-0.019982421270697763
-0.07843255080961327
-0.011411181490647859
0.004596430556053165
0.008500348918968142
0.004115241390507612
0.0009479519142694181
0.004017342480905998
0.0043067673093927575
0.00394022762395296
0.0036150247101895067
0.003112366820051917
0.002588343964391112
0.0019819710833385356
-0.00325950326697123
-0.002059295873450583
-0.008489996056832916
-0.009805337453233103
0.0001206955101951811
0.00047674079346673504
-0.001044536237956418
-0.0007451119509734406
-0.016968207700823367
-0.0009382333193090271
-0.0009801453768684078
-0.003932037139534288
-0.00760106876871704
-0.0018225503747825297
-0.00196093388906437
-0.0013976578393251396
-0.0015848044762788933
-0.012654907094008674
-0.04241199020669405
0.010148394908000114
-0.11498315045361986
0.012579527923756726
0.013790167801799025
0.002792338956252458
-0.0007668893203590346
-0.0028089535027115715
-0.004899072077987875
0.01769829433485847
-0.007466610879498745
-0.008589584946825424
-0.010918669917486882
-0.014624982064387549
-0.01826075052669957
-0.022552539845900912
-0.02213068477175336
-0.005874012018468068
0.017369822003242757
0.010384949379732318
0.015539558119612776
-0.009252303899284772
-0.02441801319451628
-0.024390929204918275
-0.019322072651379474
-0.014518884604700754
-0.012970402763406032
-0.009252011500854512
-0.008098357457608295
-0.00714312296736143
-0.006502337078048842
-0.006412338566961768
-0.005919613018010756
-0.006305006164715663
-0.019396420428943382
-0.008786459069946781
-0.006163273851605976
-0.00523831732573519
-0.005288367728222826
-0.004891083357422035
-0.005152619394027744
-0.008094146945406763
-0.005432180770807338
-0.006415730559344509
0.005279250696004397
-0.0074889669483653104
-0.007839105774364816
-0.009161900074176842
-0.010389668759516562
-0.008015792691954885
0.0030045432110449113
-0.040440150679610216
-0.001835268418106427
-0.007453355788881965
-0.016805985141763694
-0.015954390673640573
-0.018148086709107003
-0.019520966331836823
-0.027941877004025974
-0.030076106112354464
-0.008458135986319828
-0.006497860274407505
-0.005611094008724259
-0.005147372428048426
-0.004578842931592075
-0.004161373765872196
-0.003793735294529476
-0.0032807074178157133
-0.0021354408165306926
-0.016239709875922007
-0.002395938105069295
-0.0038337553361204317
-0.0038811274594326255
-0.0038840183618400084
-0.0033262094802016485
-0.0034483029355466895
-0.004612805913236565
-0.009781346467121907
-0.027548927564525417
-0.0019210020649988453
-0.0504116544458783
-0.03448374496861852
-0.022709630504684
-0.017922653070838047
-0.009281706208560527
-0.005450416751853019
-0.004849130771551217
-0.004925224871606644
-0.005142464794596857
-0.0054435245187133535
-0.005364320932949903
-0.0053254036607940135
-0.005223474257443231
-0.005141980382306318
-0.008594666274633104
-0.004938362832849103
-0.0036059502425280217
-0.0030793308333972686
-0.0028089504742117325
-0.0015881622616417215
-0.0007544736073059684
-0.0011491583014964135
-0.02004323297745515
-0.012417022873604942
0.0018724588927060484
0.0030478272534352215
0.0036747287133132877
0.00503531945120949
0.00689880931059814
0.005478708473474899
-0.04343994833894696
-0.04396367752818449
0.008952820417391615
0.010273928654388104
0.008622185926131596
0.008672555921950625
0.009143273635536367
0.009576753704711507
0.009692577895554463
0.007432149580365084
0.010585579405151826
0.010496621548345127
0.011480263328440661
0.005474361939781788
0.00785848892911378
0.012009869656240988
0.01082956740303664
0.01334334409051743
0.01428897978631934
0.01562646176666048
0.017233872570986374
0.018720307930190402
0.01222546374601799
0.0034218601778751457
0.023849318698287287
0.02874827711025827
0.025362518408742925
-0.01166482912133806
-0.05312838747570787
-0.019821037182080427
0.017442300502945814
0.02052049193647992
0.022078064967744462
0.027613518672239018
0.03551605370648363
0.0383443969446071
0.007318949511279781
0.01785311714178164
-0.003485853485324269
0.017822855650051338
0.016439251839064507
0.017400592296114008
0.019191200807791093
0.020228275171439762
0.020825211673002223
0.020612849777847813
0.0201563401189391
0.019894863491359133
0.018718211643406035
0.018711131166574836
0.018088186082090042
0.01683688383855977
0.015812799201815563
0.016046962452404948
0.015292588809175334
0.01443152298471329
0.01391027738416985
0.013245476970178225
0.012642807843017934
0.011710494012683625
0.010423462846970502
0.010882938382869713
0.010486348720722013
0.010253412671594063
0.009908964750773252
0.009692671835248001
0.009562309496425675
0.009411922774131708
0.0073193885438153465
0.009785705841413075
0.010210021235681637
0.010742454562262593
0.011137548545419373
0.012353916158874748
0.013670177370028479
0.015168592029517319
0.016937307571844723
0.018918114815012134
0.020873198302500763
0.022064885645924986
0.020373296331063266
0.012784825594205749
-0.005149348342631945
-0.0549721019511651
-0.029427774482112833
-0.02531735166798686
0.011331467383440746
0.020660807119400718
0.02410418988462652
0.02287022966188496
0.02048160427522068
0.01800864215245562
0.015725791470444173
0.012854023498653574
0.01201893531061226
0.01060210848725016
0.009295650327241584
0.0071238274164235295
0.006995331151693889
0.006213619911108218
0.005293032126409238
0.004425898275732736
0.0035947744911303627
0.0027177868309677896
0.001872357274732427
0.0012766314205148277
0.00016565074765888013
-0.001044206559584366
-0.0020878898249777995
-0.004138440920850612
-0.007656512109355275
-0.006959653199445666
-0.009608799689082003
-0.011635051602799523
-0.012776809441398352
-0.014828825062122707
-0.016230618044660045
-0.01207152622801371
-0.006378442409031344
-0.007319634807119358
-0.020981888755056865
-0.031302839492156176
-0.027057627837750533
-0.029196925361270394
-0.02518558845730464
-0.01839533632501359
-0.011715486866480693
-0.007132052305288294
0.00405169084367761
0.05509681916773871
-0.0006098937122645566
-0.018015346865321573
-0.006507306833961432
-0.022298983718477862
0.012150738173849642
-0.007114203817406757
-0.01568941775136464
-0.017058635098473537
-0.018428817792955913
-0.022991737150475727
-0.016786617489262558
-0.020109936349113438
-0.020855801329348764
-0.023110262579241418
-0.02115020182025266
-0.019161616129473417
-0.023648646132542635
-0.016355564648265607
-0.014080112251315438
-0.011089774252607076
-0.008851645434764605
-0.0046022944856924635
-5.99804495495715e-05
0.004870094077879376
0.010694751274241701
0.01656807327252826
0.022064256702811806
0.026289914344043746
0.027979525600227657
0.02546139776540622
0.019653874011646262
0.02163145859001674
0.06165473899492681
0.013121943522677456
0.0955387875615659
0.07699946678767033
0.045582293360944534
0.03957367854282624
0.0421443285170545
0.044834912798554706
0.044186313816233974
0.04065967217136743
0.0361678011676379
0.03169951812697551
0.026812119483388356
0.023992094899748833
0.025577458913330436
0.03627337963591813
0.05680441879012308
-0.0755747634862887
-0.01533643667225217
0.04846736469659679
0.013706503198812382
-0.043895176828339724
0.01365981481910754
-0.007204953357276411
-0.015206454123211016
-0.0003189294720273361
-0.0008347805944495667
-0.0003075003914208257
-0.0005459041375983372
-0.0005344866603058514
-0.0005050177732090819
-0.0014208935782972095
-0.007799815885240857
-0.0008812827351023142
0.0007231478565181337
0.0011999700819189454
0.0015716283660193548
0.001689190561438368
0.000367244448868339
-0.004313498230148523
0.002603907393390392
0.003180665945722846
0.004117984788032135
0.0058149820343278815
0.006521760627333013
-0.013205000610986072
0.0037216151629112784
0.0063114029280921646
0.004765353994483704
0.005011789688616864
0.006877633260605142
0.007267676148531808
0.006972562261722227
0.0036631330897446903
0.00630074476898295
0.004040995800384942
0.008028490381028252
0.001057506646801039
0.00859410318333896
0.006162327640522456
0.009111936576616585
0.008824052505280545
0.007644949836340836
0.007729148678040256
0.003611583087290669
0.006703421914809208
0.005326101784741626
0.0028157771964465615
-0.0016495861861591339
-0.009382654149014022
-0.02092582010494521
-0.02985936818191408
-0.006941081571108049
0.05431085277476759
-0.029315365939093233
-0.03478524271638006
-0.01352680112450307
-0.0043814254159982285
0.001412937216765479
0.00497952055394963
0.006312736328514371
0.006929587005685417
0.004414645038662901
0.008685793223276462
0.013304006457581778
0.012855904920582941
-0.01902476457833176
0.016282636161604806
0.0015248259051306092
0.02851654893300286
0.008424890786664427
0.017515324070382594
-0.005699754737507915
-0.0012111098644930738
0.0011751098643700399
0.0017462768901146339
0.0023915416514890702
-0.0006762907744684837
-0.02465912781552384
-0.07462681872990681
-0.027024150343540627
0.0008159749436458826
-0.005614156717031036
-0.003742157172309233
-0.005339186273657008
-0.006357700754115913
-0.005126143544516878
-0.013077945627303697
-0.0053738382414771635
-0.0057596847060750285
-0.00844792837515394
-0.01667632813879227
-0.010339392395237047
-0.008956696224517504
-0.012504805636218426
-0.010900025413219524
-0.011431024340870401
-0.01253015310378725
-0.014082906342729592
-0.016332141280197453
-0.019372122672464336
-0.021568826017505146
-0.0200073016493244
-0.017114799320589465
0.009741185439578304
-0.016914421374077768
-0.018862213029643426
-0.021415802884859773
-0.01919989634602662
-0.015595010053972127
-0.011992828961806402
-0.009872130173714322
-0.010263743998840833
-0.007179922523510645
-0.006114501193651043
-0.0049382692033309965
-0.004578432276828978
-0.0033441609003867375
-0.0027263736648807033
-0.004152279159237343
-0.003051764375154708
-0.0012646567294032364
-0.0005283170439540367
0.00014293570865493087
0.0009113307570745704
0.0016224525265019646
-0.0005607661793259768
-0.00790300422836081
-0.0067391573629551425
-0.024213149896792168
0.002006065715851604
0.009878691995406457
0.01310137460034621
0.009095759927251658
0.0039092681494606275
-0.051201715508727846
-0.014199853055143529
0.006426952204069719
0.012820756634628462
0.014418717306829637
0.020604801430349637
0.01490769782924988
0.0222957760956973
0.015869149259472026
0.013981513999723525
0.012516105173967788
0.018642922816312718
0.018860590053177285
0.02074163648862101
0.02177275018775862
-0.020144430716798334
-0.030956216272852638
0.015041635260387804
0.00833702160864571
0.015314868250406765
0.008327104505035848
0.004341985352210628
0.01581275003063776
0.026037725420879464
0.009514094985490239
-0.0038660812096049926
0.01964224158460686
0.017058112360390672
0.019185963824658335
0.02018836073307698
0.021398339759461003
0.021492081394328896
-0.0003762718439131702
0.020678352342996743
0.02345075536018087
-0.0029505896613576414
-0.052766558256857075
0.01526883876757222
0.023821320302909982
0.02048656731882192
0.019848376163014127
-0.0023132864594774386
0.020478606390491573
0.01897912513198217
0.0008472443355918676
0.011042826520845676
0.020625840910515097
0.020562944286643643
0.020098419683846337
0.019888927258979876
0.019437950602646813
