-0.009215088000966844
0.031802994989768255
0.08274808439785375
0.0509918847105927
0.010347893933619205
-0.011890818057721313
-0.020156441714466403
-0.03279853182994089
-0.027969648249970436
-0.00846435573408483
0.021892005057902744
0.022976892408556836
0.02628279933822617
0.02506487716610986
0.024922395203441645
0.022322048376074002
0.02085511992902455
0.014287928592132754
-0.0010366488215148106
-0.02294688050664081
-0.040055929410636994
-0.018778268968729053
0.10329394476811571
0.013720360982832592
-0.04619823145912678
-0.04145899478214338
-0.021352569313234433
-0.005591816390898294
-0.0001982712371204119
-0.007930226353337929
-0.01904237042971744
-0.0032662550128006724
-0.00419469233912238
-0.0058264805326104325
-0.0072766187655599075
-0.008771359763750677
-0.026618168593852982
-0.011198114937781148
-0.017039800741364044
-0.012767577950913935
-0.013539961684246824
-0.014816591789664725
-0.016669910828050975
-0.020669938949459128
-0.02186076394118875
-0.023251517901876947
-0.02405623706727003
-0.024905289530982644
-0.023252753282366437
-0.016299756020543052
-0.006960264979867807
-0.025571502368318927
-0.06249263082810056
-0.08384320124597429
-0.05807306281769726
-0.035903420086909735
0.024640536566142034
0.03836748774845236
0.01858499858792937
0.06786162888178154
0.03899642410081511
0.0493059372021275
0.02098435852422156
0.04283333791340244
-0.010694683638538934
-0.04133068416149241
-0.06549798807786064
-0.03635660127542947
0.036588448311420954
0.07774080699203104
0.08936851827061652
0.09194454625031821
0.08971428955554019
0.08342909569885153
0.07370868232181925
0.061176021291749635
0.04499237212491521
0.033447596946123814
0.02810268866796247
0.019818690385512247
0.03676185696222499
0.031646860414542316
0.007991072387163683
-0.002590004832210756
-0.006532116083522985
-0.0077698019882860335
-0.00755394875546204
-0.006222540748803114
-0.003894203072034973
-0.0033878634201966466
-0.0028669620766942636
-0.00012925696709992278
0.002168480125048928
0.0021407107196149923
-0.06553769493988341
0.005666480577885917
-0.020261999855970724
0.0073390115966753084
0.011404526217522675
0.011645630049884373
0.007882714285498943
-4.933673885150545e-05
-0.03162363412888042
0.009138698596452579
-0.011633387394119682
0.008409062924542054
0.005108220330491189
-0.0006603577197470607
-0.009732206145809014
-0.02258873085877044
-0.04195784473507204
-0.10946216630654558
-0.047094742239566695
-0.036841817882136106
-0.010529342335302833
0.013199784916426375
0.03759094289601048
-0.07759017733620122
-0.2268071002429115
-0.05668453525649826
-0.15466737155224786
0.03712305713396825
0.04781825583667544
-0.011156739898995937
-0.14380778831698204
-0.0681040494466832
-0.034897325055694865
0.006710197044626732
0.02269936219504056
0.04829094850129827
0.0598393090815894
0.06061954735733086
0.062427318829750306
0.058320697380875926
0.05021590710124507
0.043962642188362135
0.035943804239107334
0.026305177665336434
0.015230766473229115
0.007868569252338465
0.0059104660570300045
0.005013631226057802
-0.018012923687542193
-0.010945001492631818
-0.019441707599131355
0.0012682464066384586
-0.0194391553268824
-0.022937743611949467
-0.024452011339864296
-0.02657569458345986
-0.028129641041138482
-0.03410442595729812
-0.032815464192879465
-0.028924229793201868
0.015005698126021707
-0.02797015215888295
-0.022974184553047776
-0.02864354499929328
-0.027793091979411044
-0.02565471732216351
-0.02318296541009232
-0.019557809169792554
-0.015092625703350258
-0.00880703422079137
-0.0017271814671831812
0.027533982498377556
-0.010088472959577668
0.01195651637539216
0.012152559128320374
0.02467165132972683
0.0223923735993967
0.027789146549531116
0.032655011700155175
0.03539644706210983
0.03878335582405153
0.03611967455734188
0.027159088652765645
0.03713317025197011
0.033222142207645376
0.02877650814855434
0.0326001848055456
0.03542138564254695
0.008402796384013148
0.016733148676307336
-0.015957081189385946
0.027313061587812017
0.0344171293057231
0.029676268597798584
0.030585085421859958
0.03516436377605873
0.03937310322132181
0.04243262301214425
0.0437756949484795
0.039799874149550066
0.04000212631774137
0.021231253762973544
0.0211929731448548
0.035280751233377566
0.029709539672950664
0.026653873161568115
0.018903199663972265
-0.008661608808381313
0.008073068130532211
-0.007418416268948001
-0.005422964702612099
0.005344859768318065
0.01227870561976703
0.006852877540823993
0.00047747888939798347
-0.012037467249435949
0.005866441236119782
-0.005377608940964004
0.0008402853347536671
0.0002473394838950685
0.0002999984954650354
0.057027152649688856
-0.0015488414396712653
-0.004950694274427978
-0.004050451692075458
-0.007668288673334477
-0.007309111824455558
-0.009094122607929366
-0.009411123138642882
-0.009108002428599098
-0.008621090020281781
-0.012201803029273423
0.009240534836961752
-0.0111186551630075
-0.004268403381916165
0.0006965123374045531
0.006658200120940928
-0.0022662075272022113
0.013968265307101291
0.016111654595028627
0.04197410189884475
0.028289764636206725
0.020251295368660098
0.03150651329680728
0.034477713443096025
0.058823675425357415
0.019202734279433354
0.016056252817790696
-0.011579766910407597
0.0048719770706656
0.009370057562055216
0.013993233878666866
0.013202660390560755
0.02010915274787741
0.026761712013405718
0.02600957127097715
-0.05968587632506466
0.003617609924308535
0.002210509792522361
-0.0022700981007884344
-0.009837157210952692
-0.018837989792747947
-0.011750609588514004
-0.003672079001848129
-0.003833022749111187
-0.026762310135518885
-0.0002797489281074606
-0.00034900833815472703
0.004637140434195046
0.019834983754275257
0.011622165656492559
0.007375339770609902
-0.010046493246939136
-0.03244311175372867
-0.008807675162469135
-0.005174127972983495
-0.006721275735215849
0.0006297676834982856
0.0018957809317346173
0.053802959145671965
-0.007618080979846034
-0.00937195573395078
-0.014677915703612536
0.009864006289702154
-0.006246252398507438
-0.010111997209553442
1.2517070258274029e-05
0.004250178582925304
-0.004014671985506359
-0.004191930601223985
-0.0021598291954740643
0.005863029821224439
0.028255881132611942
0.008503321702627027
0.0031494882039064267
-0.006252742534961709
-0.0004940448632854884
0.027426651139976114
-0.004610791877356817
-0.03192747009841243
-0.013515317087565544
-0.009351614231410083
-0.010331180248714277
-0.008660639055777438
-0.019224253066095227
-0.014824608229680881
-0.004188631350883286
-0.012041684132587918
-0.02692807213001047
-0.025960909643418757
-0.008732267940871636
-0.01861986212901611
-0.011001407321097499
-0.010841725942618397
-0.011276708898451917
-0.011011092115427308
0.002719689195030114
-0.011874591274141201
-0.01061693924205123
-0.010470562566292833
-0.008516311952277967
-0.0033387884821753358
-0.022345499617462294
-0.01971136259026187
-0.008926587496706733
-0.01792420744631025
-0.041041716985016866
-0.031774485453226614
-0.002918471426547843
0.016786577117288887
0.0015031216713474165
-0.035464877336982774
-0.0229590320871476
-0.010331543039371192
-0.01269422746361155
-0.018053232237611964
-0.021420238217225676
-0.020788648563957766
-0.027184558453049873
-0.06757916033019888
-0.014142607146980169
-0.017708294220643434
-0.012868501033985083
-0.011390600837632853
-0.010981194857367815
-0.010648152116846723
-0.010888324770268711
-0.009992820656232786
-0.00865336986667595
-0.012796865966300183
-0.010412008907859361
-0.02869078912744907
-0.014722890519473609
-0.009400454350427545
-0.00748279475921212
-0.00590812835827833
-0.00506912558846827
-0.009663588853096072
-0.03413980066988979
-0.00937855622765354
0.001233052990875757
0.008421807420527502
0.001349100771516949
0.003792350005256413
-0.0037546679904056474
-0.0363401894766097
0.003951873487883722
0.0014156380007232703
-0.004928117647406677
-0.004759380090714561
-0.026772618287522306
-0.02759189563425186
-0.02601651782457018
-0.012498793114431132
0.022995643791498856
0.02602950744871794
-0.03950399416447444
-0.0045579622241380836
-0.013213202328976388
-0.0032294973037683217
-0.002906563386458269
-0.010320643650552354
0.0053480937794283
0.015338245498614957
0.03401919842951823
0.001256158592357838
-0.006427808762939967
-0.02857958227544107
0.032133941567025585
0.022676179904633026
0.006620977156078855
-0.0007238413464539097
-0.003031655101376492
-0.00918034916453954
-0.0013561986748575818
0.0019437991254107787
0.00014668134303982513
-0.0010827477153236243
0.0036676693974225663
-0.007370799684463163
0.002782900085954101
0.0065087397331467425
0.001319830510180642
0.042296129639895305
-0.0004973510485143942
-0.003459241940736945
-0.02432316205184645
-0.032886687836033726
-0.04956501166306393
-0.019445989440535588
-0.015803550667601616
-0.009234357120256838
-0.010377791682796466
-0.011098639824157977
-0.028956577600673872
-0.014848161978638186
-0.016116460363371887
-0.018376372140869866
-0.021764276543655186
-0.005649827620949264
-0.0446213831114005
-0.02258678831667242
-0.02271253024955286
-0.021725132085151515
-0.015213844726431284
-0.0033633133796718406
0.01593460740590229
0.03446850327024056
0.0377010626107476
-0.005354447830915445
0.014195441870231643
0.2284456042186549
-0.027137030203695903
0.02865992235068757
0.04070098372590754
0.008416168299624363
-0.019084079054405855
-0.0334405495174297
-0.042633800779689354
-0.04509575316794423
-0.046669180265668624
-0.05016130533616813
-0.05698521251998354
-0.0678668765258987
-0.046918608450969436
-0.059109751867956174
-0.02129953538271747
-0.04741096553495283
-0.04125600018109941
-0.014404152771969946
-0.008718022232107152
0.0045410006640364394
0.0272026444696184
-0.005666112247348784
0.04673446400359652
-0.004231263940360042
0.023574114825781273
0.0017679531995987289
-0.014339334335736217
-0.01369189896729233
-0.012398647072373469
-0.01117451701425219
-0.006777876308480678
-0.01533111312072118
-0.0073451616949124846
0.0006447855241198355
0.0028798555515087776
-0.0008979059327249465
-0.00012728751077555333
-0.024885904892421058
-0.006064698365373756
0.00807212310379999
0.0060755779878788226
-0.009814441697570035
0.02810013196272644
-0.04506483024355725
-0.03503383752552415
0.0022836377300951686
-0.03222700945635705
-0.035547521685054415
-0.024095353484062502
-0.05300304004948885
0.02410427961480328
-0.030510051272669165
-0.01939141293458668
-0.006815230907733825
-0.003132705869197155
-0.03294489877500624
-0.015728498791671448
-0.00836152835164586
-0.015403454743061882
-0.004953781337527147
0.039994175886129614
-0.04296130261960136
0.12695679863596876
0.037847534695989955
-0.015258702630504386
-0.010941243832221295
0.011857961578293049
0.007443306747309752
0.011773348230891397
0.01510464627234113
0.010013741179773597
0.017855424675175195
0.030909291806925792
0.014597734597705775
0.019651974608853193
0.01891268580068859
0.01636360052971211
0.01804277224955419
0.018257215326478605
0.01794724986944372
0.017446759696378333
0.017250757143423345
0.015155934323955712
0.0059748787974428785
0.010928339678383244
0.010869351718050538
0.009729908795829719
0.0065069509262667535
0.005330886986333766
0.022751257103011825
0.0043792838346130665
0.0022379919842269533
0.0027016487341766943
0.003729545849289201
0.0027795957133974897
0.0033876196904133672
0.023412803049380516
-0.0011374034595497012
-0.00038037504134581687
-0.00213412062269347
-0.0033396877366566784
-0.004091226455313661
-0.0049105953254362554
-0.005395794170301245
-0.006482456711497908
-0.0066345640960187606
-0.008965208483385508
-0.00975155121017424
-0.010389495882111391
-0.011200418209003268
-0.009461156735150678
-0.012995145545161974
-0.013769062253496242
-0.014475010467437497
-0.015482208954946147
-0.016467438236072704
-0.01735374502002918
-0.018098288671623497
-0.018629205852025304
-0.018548818207366147
-0.01753531400083886
-0.01981305841838517
-0.02378664554079285
-0.02137910015301852
-0.02350439572801754
-0.02054824457293334
-0.021767094513675714
-0.015556330581936098
-0.006358378701104829
-0.006904929109704484
-0.03095442682554406
0.09160449127659528
-0.03810555477645798
-0.005079905733802622
-0.00798554999159206
-0.01842363883626697
-0.02354372239697634
-0.024783585951453586
-0.02425147715270525
-0.022992406496418646
-0.02145327530584559
-0.02004973579949374
-0.0189196863297518
-0.017894269406403734
-0.016191908503812236
0.004621715356945674
-0.014712031859675933
-0.012673235204287045
-0.013176849906565487
-0.01255072329328241
-0.011925552319109111
-0.010972789006682766
-0.009899286619991628
-0.009582923123531983
-0.008923709249422864
-0.008164239956824729
-0.007656223326601111
-0.006287124134889867
-0.0055799095307367316
-0.005829369538430045
-0.0052976858431715125
-0.004596434135977667
-0.004137605639264303
-0.002622095004621641
-0.00196062534015023
0.009806510669666521
3.76726297651108e-05
0.0007940543764785937
0.0008599633689349165
0.0027913557124418682
0.0014436946436255105
0.002397157836122282
0.004409341541532335
0.005620428114703148
0.010200025604428306
0.007926732589732
0.007153497950481217
0.006639383267093274
0.006234679108091744
0.0059401978181168585
0.006610456772452247
0.007878119833729335
0.00958502537711563
0.011559561917019578
0.010000800496136721
0.004993154725201178
0.008792174535988798
0.0065213077083076665
0.0027365801049998133
-0.0029236355549483294
-0.010960475867021723
-0.017834998660073407
-0.016313143307556347
0.005149526602428246
-0.02944365340920288
-0.058559403074059005
0.007699953987120915
-0.009038817252883517
-0.02347513254940261
-0.017595986024423898
-0.00992227642581392
-0.004361876528368165
-0.003754337665758114
0.004552524131282439
0.00704886792806538
0.009076122601210533
0.00879705552028836
0.012490522442388918
0.010940726492791271
0.011371882653972912
0.012332379502502067
0.012405903490184665
0.013030282379312978
0.004476863501689523
0.02514133316276103
0.015876052939326243
0.008009600448556236
0.014793931250598746
0.016262230604005494
-0.003928376128377752
0.024328167623738843
0.022647428848078435
0.004084172100595064
0.025131595362345473
0.027932124404752116
0.020073924940533845
0.02813514471306605
0.042947021387246216
0.03199018123359008
-0.022070578146769746
-0.0018443763910177223
0.026792633367680025
0.08116625997461985
0.031314720541340796
0.04013459177246941
0.042908539159590676
0.04095034338555234
0.036267036976536236
0.03160027428202171
0.028367624938878046
0.017593380396811843
0.02482936848207264
0.023372186038116142
0.019348818369554984
0.010822903299089609
0.011696224939200606
-0.0027253710876167696
0.013501671783614656
0.026137651767871323
0.008927459770660943
0.009424896716745073
0.011231446311119555
0.0026458991580704987
0.007034513768086471
0.004182859482080295
0.003587385899747945
0.004041795878468785
0.005517935681797873
0.0036879106588744016
0.003613412826517142
0.0033106359368957213
0.002492668770457803
0.0023565102086206937
0.002514120389064568
0.0030837784488459076
0.0034359991475984043
-0.0027337784499518792
-0.0051512015620921005
-0.00032217173585698456
0.005037937232132136
0.01731224995775561
0.007447697214628069
0.005407045966584543
0.03157178145148016
0.007985362612108563
0.0038913615294126616
0.007156080394449177
0.0031960874178419306
0.004500655213021855
0.0038788786804437735
0.00397366399399242
0.003888167941812712
0.006516795040443633
0.003823856164190885
0.003000553383488001
0.0037159864432278317
0.0008906036497907367
-0.005810201334020962
-0.016890861182939924
0.019411059024841682
0.0011259794779193927
-0.011641365097639347
0.0005406623060304483
0.006687093263917402
0.001936691531590432
0.0045477352192275396
0.0030460669209365107
0.0010965895969699475
-0.0006594798594352721
-0.0001476795068972323
-0.0011417310634273834
-0.0010117447604410129
-0.001479542324883449
-0.0032705859928577104
0.008496747916787607
-0.007821365496912697
-0.0067728158552487466
-0.007868852842303877
-0.009463567540195424
0.00018764408878108122
-0.011241195704303913
-0.012512097161787568
-0.01372862570248419
-0.014859355389676561
-0.016410974472622304
-0.01729388488898044
-0.018024686685464943
-0.01817250128622127
-0.01844887955590955
-0.02164778122872632
-0.0201847153905904
-0.017268523422821536
-0.013221651253400591
-0.0037986101941471905
-0.00042333221754069163
-0.03056349382590998
0.07110736689787658
-0.04176211517954097
-0.0012103784770100476
-0.0038279853505069953
-0.015397818488090955
-0.02100492716108742
-0.021866624462117727
-0.02096588917502622
-0.019333695888921972
-0.017407100394752174
-0.015328497304332321
-0.013285443463980258
-0.01093876818371602
-0.007170257924941659
-0.004861138873018437
-0.0021412951940121805
0.0006679483144097446
0.00322100011399356
0.003377425688465038
-0.0036662572408207856
-0.012287208075617232
0.03243743969422107
-0.033036099375163525
0.023638693528850677
-0.01401675224755546
-0.00886167168553345
-0.00105955314167555
0.003422814535871089
0.004387760741553532
0.0060709526688823645
0.0010895150936104843
0.0038977714649007056
0.005948915772055527
-0.001517193461949616
0.005972139635078452
0.005612966404930989
0.005100878874205678
0.005323360162082852
0.00478215446761662
0.0030942222927212524
0.006283542629479778
0.011379139168803048
0.007372640063832553
0.0054905005180980754
0.0047267727761896436
0.00386531135989252
0.004183547774357237
0.005531550903941133
0.0035591157234471627
0.003130726080648856
0.002633765814262499
0.0032239191482497523
0.0030542536656179174
0.003116116314316692
0.0011561940728347334
-0.0060882727899557055
-0.014832761369871307
0.002483481835111985
0.0060687098917520214
0.009131867452514745
0.005168227000419514
0.007348975639223606
0.08766358434695394
0.0015558645287871821
-0.0010667681168718861
-0.0023913880317420508
-0.0026164738659315177
-0.0016206050095438616
-0.0032544411651256704
-0.0043079502914096885
-0.005129658580524398
-0.006289676023730869
-0.005355830274325687
-0.00851604344274853
-0.0337837194494748
-0.00983425052458011
0.01986588252225352
-0.013270805776472126
-0.01731735883160567
-0.0037111413964815354
-0.004321548611139537
0.0034726439465354642
-0.1585090431498914
-0.02238479490592249
0.005027387080742733
-0.00746485152044822
-0.018531567593644497
-0.002416374356655569
-0.0081813835566414
0.009199871964542864
-0.036056219608995736
-0.0522609790308361
0.005225008779170838
0.004970966506172852
6.848447407586964e-05
-0.0031209758109334656
-0.00156171695346689
0.0346192614500189
0.004551223960287776
-0.0033499938080256654
-0.004000113960090712
-0.0014253257841551695
-0.0011332810573049072
0.001136172416638182
0.0035809493722680813
0.007354902326809329
0.027138227378137283
-0.008405318774758723
-0.012139302456709364
-0.00561787379878417
0.0037841307335603857
-0.007082680028743481
0.005405720077142933
0.003067267113376448
0.008459841178278044
-0.0033406630700590608
-0.006517076977620833
-0.0033065599857317178
-0.00886575709331788
-0.011520491745322527
-0.012756506745099894
-0.013258147660473577
-0.010691269017923923
-0.013753951969431277
-0.013826278846497167
-0.014013673810968123
-0.013394865324455059
-0.013117147152662939
-0.012892390144503009
-0.01121507719509958
-0.01344989079703176
-0.018270553787250298
-0.012452309105181447
-0.007780433780771748
-0.004494365203818477
-0.005526694809697528
-0.035690466749348
-0.008585425731016057
-0.006723917447330105
-0.0038072115108953065
0.0014309060211940103
-0.005717391953566027
-0.012641187359480442
-0.019436386225824658
0.003556607716204966
-0.00023148316491770465
-0.0020871910866736166
-0.004687368538693329
-0.002833100067339463
0.002507548904481944
-0.0012546656472891614
-0.004418360469168898
-0.00940889453859176
-0.01773274178134218
-0.027731348298016247
-0.019916807275933677
-0.03908114031713126
-0.014824627330487799
-0.010022249975360963
-0.017052688574785157
-0.014061050629400901
-0.005965190881010942
0.015096839802350069
-0.0024289177122254874
-0.032554246652784884
-0.02766397815125859
0.018892289451050714
0.0015888927599185649
-0.01382737440328257
-0.01638818225987877
-0.017648275530540363
-0.012972274282209581
-0.009980591286527013
-0.018544195884620644
-0.008357581742436636
-0.0038966085705691195
-0.0004361656028662047
-0.0022864681062116773
-0.002418807433081705
-0.0017223095286106429
-0.0005437067921298359
-0.03039960728126669
-0.0006655173473198162
-0.00010038892343405711
-0.0002202914455855347
-0.0020520303934847784
-0.0007638467183525901
-0.0002971804507765484
0.0011930873344455526
0.0005251354906116187
0.0007289663376043025
0.0013496340033084038
0.0020356968019225002
0.002882582273750893
0.0029626810676562387
0.0035798111159966767
0.0038314119776694895
-0.008628066077725207
0.005488340781371456
0.0010701713436202555
0.006055290070508378
0.005963224587371957
0.005602044952693797
0.005059795405104317
0.01752751791306684
0.007877098055249726
0.00046796083781268274
0.0007101081798187307
0.004393690069708103
0.002106427251112625
0.00023629512628331494
-0.0018927982798672986
-0.0048675279067400415
-0.008703541180916359
-0.013202450246367896
-0.014206509404248823
-0.0013879466864934503
0.013711433718901772
-0.034651667548613145
-0.015767378857583687
0.011734064887261187
0.017978745179523078
-0.012221092112201307
-0.010819708875144286
-0.009709383513140678
-0.00992400831004324
-0.011152259285974117
-0.01281572290430944
-0.008776872926897725
-0.0166264817707804
-0.017476178839852276
-0.015865480571378113
-0.011880365874551938
-0.0010570671023238877
0.0020193670279797494
-0.03266283395982415
0.07480620208033845
-0.02925637762992629
0.0033230347532347917
-0.0030714058124986197
-0.012911284274838262
-0.016324732311537752
-0.01765817891515704
-0.0179092196171487
-0.01279889817684512
-0.011884059938628183
-0.011229666095496828
-0.010217678652599465
-0.00826191355681569
-0.006709467828877822
-0.003059727603519129
0.01176320932275243
-0.001519905089027246
-0.0012094809555599987
0.0005471869850606215
0.0011965836517592058
0.0022426227964563467
0.0007566946646701919
0.003963137640746271
0.005731119526841752
0.006809348511382062
0.0075560515050092135
0.03669098280319827
0.00736802394048247
0.006820536105465324
0.007614969542812335
0.022218147966568055
0.004627247407955976
0.026306792628677227
0.011221324016970112
0.011450879744968797
0.012511485362420765
0.042757731237245904
0.015496999308766852
0.017695564647009016
0.02090890050719231
0.009547262356869087
0.010252613870465305
0.015499989961145447
0.0123968297297961
0.02361335005070346
0.007610232758092016
0.005987977250564134
0.00528886615611662
0.0031716737770357945
0.0029335325002471904
0.0042730203397959125
0.0032974216235150807
0.0034768354330995768
0.0035195743335538275
0.004173617546545153
0.011737653325704346
0.002473090837831142
-0.0020599512789391617
0.004244769812407511
0.004281961820529895
0.00217283575205926
0.0019998149498206613
0.012966330151410127
0.001557995404236253
0.0014065549718069632
0.0014473431132188072
0.0016636897328682545
0.0015229696972359897
0.0021966017349546187
0.004790743405133007
0.003937335657301141
-0.0008702543190520724
-0.008729064634991544
-0.015354823639032173
-0.018327185514154173
0.002886546176854473
0.0019474255590376396
-5.585086600942604e-05
-0.0015196825684647866
-0.0024650246599337952
-0.0030557849139356396
0.00014226552923321978
-0.007462658264454473
-0.00422855735466774
-0.005647064776286327
-0.006146673667110644
-0.006523142188779761
-0.007321849602950585
-0.007851345152256793
-0.008233786893335412
-0.008499088485517652
-0.009209415256026648
-0.010503205015681366
-0.010579798049334298
-0.011249559176284953
-0.011890391716361467
-0.012556382771986495
-0.013130723977740717
-0.013986745772216607
-0.01471907935975335
-0.015389031360843778
-0.0158970603728789
-0.016040497957156258
-0.015380103579480785
-0.013023221411542102
-0.007237060836676978
0.0038937807711863916
0.017078223782925967
-0.005732650952741742
-0.011651825821736838
-0.037167748313137364
0.0063200332791011225
0.014053194251408527
-0.0018852096442574498
-0.012161888406775075
-0.015159620122938788
-0.01639226520592924
-0.01588801814159885
-0.014314522918625755
-0.012284965876747999
-0.008486084596942308
-0.0027462032137461024
0.007757349954318158
0.02390141874243301
0.017901816425888135
0.02666105076456121
-0.013256058936234046
0.022310023166663945
0.01499257735318629
0.0015116101479622941
-0.0017080206775901981
0.003907829365129932
-0.0015995802290882245
-0.03392819074918585
0.008260245170204648
0.005931130777291225
0.001776712265367555
-0.000686520724133648
-0.002055420640445504
-0.002107840784115027
-0.0034399275363155395
-0.0039296038307634965
-0.004452545808695189
-0.00478052748178166
-0.004952319755916945
-0.0045880857734650875
-0.002284726843392471
0.004293263569421988
0.006318781184994331
-0.0027446815871271725
0.007217106558204494
-0.0018165196793490958
-0.0061148002934526555
-0.007400532065336758
-0.007917196417568011
-0.008262202583341515
-0.008490996363137923
-0.00917244342277516
-0.0077899576541367276
-0.006738097518625608
-0.0039372465260218625
0.0009182889490413429
0.016520175786894527
0.03866953054545035
0.02734958642026802
0.011619986643070563
0.01335926244158022
0.03515444801231495
0.005435656538428928
-0.008622325948590841
-0.013529126589146004
-0.006221174383938541
0.007165507158376271
0.017755677996760214
-0.02730901077756044
0.019040487453965364
-0.021492891009932055
0.01752955079268025
0.00241265725958489
-0.01042705956141883
-0.015397474881868782
-0.016168031880077274
-0.015704042066995442
-0.014592428695097604
-0.01099615985750744
-0.010814496958666441
-0.011226762406816375
-0.009981826816694168
-0.008370045997814567
-0.0063468211318018835
-0.003452941005251372
-0.00840373268909031
-0.0795889621102461
-0.0029383266330330086
0.0007372975496713903
-0.00025418916199729057
-0.002541824400723473
-0.003321420764611885
-0.003268088291071661
-0.001120554292052983
0.002755163540819781
-0.002732131334193639
0.0033850275760316374
-0.001011182968579471
-0.00385331471597869
-0.004391054158220822
-0.00522586474091837
-0.00563179745836537
-0.005914605483844754
-0.0045543631337530725
-0.004508233864649018
-0.014573913995119892
-0.009570721950035523
-0.012645207306518285
-0.014244694737772602
-0.013530255468695938
-0.006384751825591315
0.010789911427868048
0.025018863233495302
-0.03474923376625791
-0.0366969296712712
0.016099570526348767
0.01462143066990061
-0.007543581383714136
-0.016056853249958297
-0.015670104246550375
-0.008860003690815934
-0.008702777313155382
-0.005839547111984967
-0.005077533603193411
-0.0034279873732558407
-0.00316532936436047
-0.003694028070344545
-0.0046477966996334025
-0.005862525301895781
-0.0062013270589969215
-0.004407278597306446
0.0019128840628385324
0.013460357137137256
0.013095308954315571
-0.027780303224580336
0.026774032045378555
-0.01663146525919305
0.015399100351673894
0.0040142387784125955
-0.007105922928539481
-0.011830756525931572
-0.012431272259658177
-0.012320407831612064
-0.011039599286538773
-0.009691449868497118
-0.008035860976100326
-0.006909530916894066
-0.0056227765518808565
-0.0044425113344700555
-0.0032841667386482813
-0.0020664089153358306
-0.0015154600506310548
-0.0008469837127522425
0.000832934069320023
0.0014352239099150598
0.001939117194688166
0.0027251166296386633
0.00338727791907108
0.004226519678731267
0.0038920322798287996
0.0055242521463304195
0.005420719523329802
-0.0033535371412849687
0.006589510991078776
0.006935682269903489
0.0073105701686509575
0.012117775879658486
0.008341770512743575
0.00857636345425334
0.009254058705529233
0.010371004718669951
0.008483133602812028
0.013197162235773016
0.008449060347175871
0.01452173466704646
0.01475235446339669
0.009311494558123516
0.013146113111815759
0.014392106497892222
0.012384365985146056
0.007896041533978814
9.207678941543835e-05
-0.0056584198344785345
-0.01190978055532509
-0.06605085542209772
-0.03199862770796928
-0.014213388338798297
-0.020220950299006203
0.006875093120986329
0.00765769930187411
0.01699732802644749
0.01467990828232461
0.013864294847199836
0.011592126016032753
0.012035462552153788
0.01178938686096453
0.012209713854283731
0.007228579068996438
-0.0041134593193816365
-0.011455328346821614
-0.022837796440193986
-0.020348657127356583
-0.04308012647291088
-0.02933319209749147
-0.018866496980467974
-0.01911878877356979
-0.01640857839644364
-0.009418633780135315
-0.0044781775202970015
-0.001098716336534542
0.0004759275270265083
-2.164270707402259e-05
-0.027065325606510232
-0.003029500158084183
-0.009253575595488348
-0.010273260586019177
-0.007641046638431461
-0.005522463254230719
-0.006810935931521833
-0.00928275151247603
-0.012329923812379757
-0.015184038258532203
-0.01736404761609711
-0.018761279663553867
-0.013253056345432014
0.0026549565999085204
0.042954271498309146
0.029838196530453002
-0.04856823778176036
0.013425801425047007
0.040136376029565046
0.002540072741106352
-0.015314991935745101
-0.01992725097394654
-0.019037710332617426
-0.016258053722479165
-0.014163276549320031
-0.021620518792538547
-0.012515149032660005
-0.005813943828193702
-0.004347091833525539
-0.0028286707104552763
-0.00217650535473659
-0.002703634700578907
-0.0031361256481491763
-0.0028220988848075223
-0.0012523542703008709
-0.0040831480643867225
-0.0032818236196895667
-0.005112860947072529
-0.006106736541161559
-0.027313522637669504
-0.008025474790052245
-0.0063216353969195406
-0.003535612818498816
-0.0033882930247785227
-0.0029885678179512607
-0.002223510922089756
-0.00026428774540694124
0.0006910712279938003
-0.000490017200659403
0.0012541976790908947
-0.007355247848949315
-0.011115300810071433
-0.0031728541380118148
-0.0037991752275068464
-0.004153991346933302
-0.003262103594888842
-0.004390802059932558
-0.004941385406024664
-0.004733597894989467
-0.004256339682289086
-0.005154618336657916
-0.004873738877783993
-0.005105674179323118
-0.013213357181261725
-0.005659704528801246
-0.005278452849419135
-0.0056279013455637125
-0.004842426565141291
-0.0052987190650229474
-0.005393188401992204
-0.005737593754274014
-0.0062442307743895455
-0.005345975446213017
-0.005224229997521482
-0.006082468055614714
-0.007281265559386612
-0.017174830408009493
-0.006322306326605533
-0.005001068122740992
-0.0030363427688272363
-0.006544553559463372
-0.006562988923322725
-0.007085320631859842
-0.007059516282338635
-0.008094074729002818
-0.01253674983337309
-0.0050986344688977985
-0.006836938370208275
-0.003596833639930429
-0.006614290995242033
-0.003164555929506574
-0.004670567011672316
-0.008271238701216538
-0.010221537364385405
-0.007568002410083624
-0.0060719314865266385
-0.003185107776257991
-0.007987300391718046
-0.003444472801785187
-0.002065081993076241
-0.003170740260959106
0.015406632231762425
0.038914515967522725
0.04531724981370118
-0.033392739882744216
-0.051810228478196635
0.033295569895082804
0.044061359891933
0.01763061351622397
0.0012956690986460353
-0.006757368581839664
-0.00902433018775591
-0.0021361715186051203
-0.010149259975285763
-0.009762705749380724
-0.00920693454682301
-0.008041726484174347
-0.0078088625303628515
-0.008139652053210465
-0.007774716329306497
-0.007567958771683485
-0.007357573719726963
-0.00710810612649797
-0.006830841510086692
-0.004385062067939527
-0.0062815480692176105
-0.013674921294668956
-0.006507835486993284
-0.0060121378652577785
-0.006780702383069008
-0.00885651710960629
-0.010637506534101749
-0.009595810115094356
0.006131300005066664
0.0167385557386663
-0.009292381323905365
0.019070048330627747
-0.003609584004074542
0.003944695434975404
-0.011009229962041843
-0.006462339469929413
-0.005671852713348347
-0.004419106490643525
-0.005429143638102114
-0.004886458471611602
-0.0032541309736437234
-0.0043348138176564684
-0.004194794441551235
-0.004069809898710077
-0.0040502571939283905
-0.003313478380057529
0.00181400943903437
-0.005875855323205893
-0.007168262784516286
-0.009379703981858147
-0.012474477560246054
-0.019857296593874457
-0.02979370693262144
-0.04091280334838147
-0.02514301981165337
0.043218785259431174
-0.02531530815041103
0.02982718694460019
-0.032860987978782466
-0.032589858122913595
-0.02072849310525403
-0.011601025048468301
-0.0047002132980834945
-0.0016847244062539876
5.738399701952294e-05
0.0010290839121103077
0.0017411459621768616
0.0025670346508633065
0.0030170358962825264
0.003926332707390747
0.004529041278252406
-0.1109008807116553
0.005635909029333478
0.006256710789042502
0.00660340067337943
0.010862852959123611
0.007971301735554225
0.006191773890720318
0.012983856432988668
0.020827361294664126
0.024334192279742293
0.008566277158394349
0.028828126783732342
0.024614880844661173
0.0173684171085323
0.015655543325093935
0.01337383812331661
0.01375378343324351
0.012346067874737751
0.01151918510041691
0.011031514076714658
0.0108481364210699
0.010949457335026065
0.011613988226169672
0.013634177933683862
0.015296474465734008
0.06567639169101033
0.0144753712899819
0.014015308405317253
0.012135903857514925
0.012615636489580582
0.012082389992143982
0.012024634925158323
0.012366272605144264
0.01234154247728853
0.00918801848592743
0.0023628138499046775
0.012142037345774738
0.011596935479996044
0.011493428621672923
0.013384479729810434
0.014144558126748911
0.004227811748733028
0.0009323171006139097
0.10803961721414129
-0.005105089021113085
-0.005101812633974556
0.005320201738213808
0.00977879394238112
0.01120451323613608
0.011377222448558304
0.06321295747786386
0.010177392746882051
0.008259404369435926
0.005415500598887652
0.0015338559210595426
-0.0050176190871047245
-0.012719020893112859
-0.016324768991092333
-0.002018229736939205
0.00040723108566315764
-0.04968668179652226
0.003589260006430238
-0.0033814902872071227
-0.015235822385612247
-0.00966942780179809
-0.002174205297625645
0.0035030859622518094
0.004073686185774602
0.009771936072555458
0.01121211830381037
0.012093098062824666
0.012764950769233478
0.013583405152336268
0.013742857073118918
0.01432887098838983
0.017485978904110914
0.014416774477405898
0.014177105165255822
0.013597454345517148
0.013072735409860061
0.012748788956752436
0.012739610948436725
0.015115255025604514
0.012459528290048013
0.012364962809703579
0.03009740771472037
0.01170003359621729
0.010447633816327921
0.00894218247378131
0.006958898021820865
0.0051995784923644294
0.007652879414977078
0.005265235905253814
0.006924992835160852
0.005703468070832385
0.006256051023121428
0.010342570968900212
0.024565903442158987
0.021247162532942197
0.03213674818362427
0.006126953907908125
0.01003696307264251
0.00649202752578154
0.004609858772012392
0.0035590337035304944
0.0027598619163790926
0.0022791558503284836
0.0020962538051969423
0.002168317397007316
0.0023952537968515092
0.017076860594717802
-0.0011570337772489304
-0.004565467890816532
-0.006938621155523058
-0.007766935334705567
-0.006239036935049012
-0.0004006270006377903
0.012737349565707495
0.0299606399759885
0.004785895266962517
-0.019378761929306838
-0.03620543273161755
0.029977988008289116
0.019867127811468946
0.0007182694111020453
-0.006057959128374254
-0.009098465089587907
-0.0102018606505148
-0.009712620783199928
-0.008570772423756944
-0.007255255880590949
-0.006100063394870489
-0.004954343288279883
-0.0038690623082706602
-0.0027946637452977052
-0.002732354069862983
-0.0012445466906760797
-0.0010745634551028087
-0.0007537037058710096
-0.0006040067765431834
-6.010992852837697e-05
0.0011015215912278315
0.0024007534534178756
-9.708309551901126e-07
0.0013610808226568875
0.0013017522984854503
-0.000509448062386395
-0.001114100720286821
-0.0005982638005150864
0.0020413834467488167
0.007604508161957048
0.002138880916111748
0.0012647383340519897
0.005743075457721965
-0.0008844223469681726
-0.003538897802439809
-0.004143690932628437
-0.004167574752910695
-0.003916411922220427
-0.0033964538723304156
0.0016898899033872396
-0.002468015051896143
-0.00296308050324011
-0.003973794428747181
-0.0068391759910904635
-0.008164650774217328
-0.009391672929150285
-0.011419778497080748
-0.012276619035050793
-0.013311681046610162
-0.013960799444954998
-0.013914326804633071
-0.01277348733144925
-0.012272208380937167
-0.014032717904072714
-0.00463461299249335
0.007851606737781323
0.020961806294403217
-0.010023023323528963
0.06234966894576664
-0.013620085567247338
0.016546348365871405
-0.0024411230076077416
-0.01205715755779516
-0.007649144219057663
0.004798326643596653
0.009350819046811964
-0.023577274888760033
0.0658626670945202
-0.02637444947181658
0.009467014144130335
0.0011361261568441118
-0.010420874470258343
-0.01596630949544995
-0.017784572786572604
-0.01792046126125549
-0.01739720013612047
-0.016635872780099106
-0.015736849225688788
-0.014626305038222945
-0.014262011947924107
-0.013528430942237983
-0.012510290173955736
-0.012237335463376355
-0.011662027322466038
-0.011241224124017393
-0.010676331143150794
-0.0103060017002674
-0.009805802165719068
-0.009421932723020953
-0.008900995218252593
-0.00829044008689717
-0.008610899291133619
-0.008629282163980767
-0.008751222991995726
-0.008857264066613099
-0.009079848141807956
-0.009285505021595895
-0.009489297483762217
-0.008815836644895703
-0.01028419360893653
-0.010810984898881201
-0.011326874880977535
-0.011796415220328439
-0.012428478576756065
-0.013132126612238003
-0.013691415101243156
-0.014053726631180574
-0.01393953496203241
-0.01269610697937891
-0.008937742881610878
-0.0005821301227228066
0.013534603911243578
0.01619643153191269
-0.03335085411007812
0.019854831783321914
-0.008966036473474626
0.019040293543495485
0.006558834977769207
-0.004682264273921048
-0.010725019451082491
-0.01320168611563811
-0.013848077175839302
-0.013629053336325005
-0.011456499894805182
-0.012261851077101942
-0.011483572405448717
-0.010598542319612079
-0.006448834567244552
-0.008721019877347653
-0.007791030826613077
-0.006787726439375555
-0.005698632144505881
-0.004509409846188288
-0.0031800007164430382
-0.0016802078988287347
-6.139164666388093e-05
0.0017270720265077945
0.0031262238863736334
0.00409200603594614
0.0051722762925825285
0.007240641824087084
0.007254002846740959
0.008886621240457882
0.011977072988786504
0.011366214045661278
0.013239562860904485
0.01598204516894684
0.019619210289004204
-0.012459632529489546
0.01385229764880812
0.014193610675702968
0.013244618956958462
0.0023666176460595016
-0.004031754101796584
-0.008589904652533458
-0.00750364516222759
0.007738923285542998
0.043306490175907354
0.03973386129152792
-0.04347138965786435
0.03176301307001908
0.04729491301804722
0.01576072186674701
0.0014135081146707921
0.008813790547197624
-0.009470077886340253
-0.009095117420503996
-0.004057953726693535
0.0017842912512591894
0.0046361070358373275
0.006144072129441711
0.006313454543298969
0.007371545270094841
0.006453525325205327
0.007487280839492296
0.007619712394248255
0.008786901909159685
0.005046861128838281
0.0031004908508718266
0.0011614576219221386
-0.0010078575958576631
-0.0036424641063091904
-0.006628821489463205
-0.009346681720067564
-0.011501179290335159
-0.012483913523652114
-0.011545549239308244
-0.006826626988830409
0.005254427776712879
0.031565911563450094
0.0727385692068509
0.05069704220279124
-0.011084088059166327
0.06468148357021684
-0.011160511315853505
0.03670195535863335
0.05882065879558383
0.017842639194931887
-0.008285056822856164
-0.01948181241208577
-0.022371744850239034
-0.022483180774309143
-0.020979970888834052
-0.018848018684013996
-0.015634561400750528
-0.01766423134238346
-0.01847018694346232
-0.026574177800378414
-0.060708119424492266
-0.010724557092988352
-0.04434160776869868
-0.028282376097760867
0.020476676882587287
0.021009380147133733
0.03238607055329228
0.018311380435876306
0.014290542924243664
0.013516479082194648
0.011162885597321337
0.010419691771782086
0.010710492796205699
0.010971749368443128
0.011311186857776885
0.01118667768768335
0.007102518486004409
0.011559349327538935
0.0109899811385542
0.010532579795119897
0.010148512776839988
0.00988295212884326
0.008519538325948466
0.004202686017273226
0.008372922860749253
0.007708607638400361
0.006961085197229012
0.00740747718134277
0.010116193523454968
0.007674323190495925
0.009791683491282373
0.005565997620845311
0.0030139420021919818
0.003269188310078805
0.0014127760382448928
0.0009308736628431082
0.0008109568283788413
-0.00027095066236684697
-0.0004159482208517842
0.003950034173403653
-0.0032910722342101508
-0.0069688044268036466
-0.004723395645409926
-0.0061393897059382665
-0.00697682905029706
-0.00832054773333185
-0.008579355459940501
-0.009757742399363566
-0.011453937673851075
-0.010112803355277387
-0.009410928206468114
-0.007306681475546849
-0.002143988390360235
0.009458316750749941
0.032587601604215165
0.056560626675300485
-0.01282334885254649
-0.049900404971981276
0.041087767008994816
0.031026578539495742
0.018401234703881175
0.0021839851386593104
-0.005371925323416521
-0.008526584355807176
-0.010114666127855781
-0.009527368925796984
0.0010293954915305216
-0.008064603473323472
-0.0037965902251119784
0.00849730845829085
0.006832406679673724
0.005163196873302609
-0.008638675751735254
-0.0020117819028914936
-0.003227784098155499
-0.00879850110007281
-0.005344944559000696
0.0023070287927673765
0.005656066008610417
0.00808680146754592
0.012437048747225052
0.022329214863045344
0.032332526789433755
0.020596600325309935
0.03127238307770319
0.023302327898837513
0.01606175889667837
0.009669911255325325
0.007707147624199943
0.0076808162870987875
0.007908128243361068
0.010194775147067636
0.0060170156383736
0.005079102814565817
0.004135070009423258
0.0007899854984512543
0.000839897011184209
-0.0012209720985841917
-0.003598511365953109
-0.004776973788158741
-0.006365778405914731
-0.0075490302731427
-0.00800044347835564
-0.00682383820702388
-0.0018972806670264832
0.010257103160769374
0.024513925491206456
-0.012420903887660732
-0.028571191496716115
-0.030678140721678838
0.025370219613987974
0.018061282351742005
0.0012487706057734036
-0.006195614378596394
-0.008984727843980137
-0.00882778731375823
-0.007358056634666206
-0.005771802588767524
-0.003553962667647854
-0.0012614235088281916
0.0004517524460779738
0.0014832138038851368
0.002535743841402763
0.0032675104225052434
0.0046095941154377295
0.005600137935457773
0.006561104089388919
0.007821017819855187
0.0092258301168928
0.01134156676563075
0.014595396526101933
0.017967950124451654
0.030219452415373473
0.041634551594240926
0.02655281178512103
0.025708959562464596
0.026378850589370943
0.028365121453336674
0.034973414981949696
0.02376787790713051
0.035922063853002444
0.03287155259520012
0.02972329570303385
0.02883356962722297
0.029487971820108552
0.03208782235707208
0.030103687631757404
0.030198483210791077
0.029264024819986918
0.02632888896667156
0.028201772833421485
0.028056382742858016
0.030325310520247534
0.038705212078163416
0.04203892122938682
0.04330078992913903
0.046929406877671345
0.030216683643959276
0.00983597151352349
0.01541540680722351
0.0319022905180189
0.03919192972625358
0.03583418254268238
0.03311933412148533
0.028359369325206985
0.03129603176457449
0.023794001743245082
0.023478677400787292
0.02244632019281852
0.022344729795339295
0.024457897818851968
0.021397087427445834
0.026348270935732217
0.03015061861248212
0.03426335648797573
0.019631034020080727
0.038575302293698176
0.02814557165205002
0.023262158545482393
0.022942680916592184
0.06743847805734192
0.024711888285335055
0.02695494093726361
0.02496453498711903
0.027528579415103286
0.026563208006861315
0.025150393899108902
0.024986501261316775
0.024834399568804198
0.025012371804134934
