-0.025353553103796313
0.053900935336793146
0.03563084788814109
0.0006399138225265575
-0.03256863783786301
-0.054890533637213565
-0.06479993071336496
-0.06623067834542934
-0.05699147344634578
-0.03949219289118042
-0.016966489650385993
-0.0036833389339031653
0.009066318863697895
0.01927328971215767
0.026120976553782774
0.02712292373541002
0.023053731672427885
0.014334813051511918
0.004173846473200762
-0.001269102115448945
0.006019514142815976
0.03974736300910659
0.11048645014771222
0.06991309337179713
0.007058395303866254
-0.018745660557700595
-0.02951232944876405
-0.030093048044806583
-0.025163134437699488
-0.022075457465268414
-0.015627971380130872
-0.0011901255676878572
0.004499388645691436
0.008728376683761061
0.011379780807202951
0.012569921055784304
0.004758084548043303
0.011591941622208555
0.009702866823164558
0.007060978847758585
0.004169645463375506
0.001157154417865314
-0.0016760858718678263
-0.0040111022928042694
-0.005784869334097285
-0.006949390220019223
-0.006742488781210857
-0.004933295860107159
-0.0012136628369529576
0.004831378211103932
0.011582975286280245
0.011203724872447952
0.005476254019544937
0.021343707521402557
0.03762398090468745
0.027770709249436993
0.0008275510912487076
0.05700123140779389
-0.03796401051426475
-0.05147400000115293
-0.06515562491848141
-0.02498086547138424
-0.019138549348777806
0.0398508841998406
0.06007899467868641
0.02037920521912498
0.003183808053720727
0.009353344377891239
0.023186653503063558
0.0264329718780376
0.021679449896767542
0.015220734251548237
0.009224672197569537
0.004478545528222047
0.0011697286266735888
-0.0005323367365575572
-0.00021082983711778673
0.0009193653873741039
0.0028949065153979717
0.005736079313715902
0.022989739606763544
0.02946058782000329
0.021246063213264558
0.019737758555425585
0.021767385646895822
0.024589317608944054
0.027448556128565397
0.03071475105141941
0.034686986034835034
0.03462774705728613
0.035014422482954194
0.03593672763176195
0.03675968909079723
0.03714524104062417
0.0010416183104876746
0.03589955715530423
0.0339402624695925
0.033530024959152444
0.03091111474205677
0.029677554822861933
0.027071083360928276
0.02545714806277739
0.022762837487638545
0.01856501344467806
0.008451377172016898
0.008350302271862977
0.0017992338272757732
-0.0059310368724308496
-0.015626542236554262
-0.02569276732725059
-0.03719224945556242
-0.05484662562974324
-0.061811935893957705
-0.06709074724019613
-0.05823051552987696
-0.03199100728078346
0.035219507410334056
0.09067926287524239
-0.0077217053148756175
-0.1580552756756034
0.08208636388561144
0.06309596854108787
-0.014310072364904246
-0.06327564930048288
-0.09902022266972958
-0.06990076152634567
-0.056138775932021816
-0.039997494714492224
-0.0270335102187081
-0.014032075900906079
-0.006597633710593877
-0.007878439403014243
0.0004243566685688188
-0.00019380110994019566
-0.0011701583804775365
-0.0013433108522049853
-0.002533004202288183
-0.0026610070204540976
-0.00257555057157892
-0.005367511036859636
-0.014299715867819014
-0.010578666001003677
0.007887954200853533
-0.0006659666710349353
-0.004584221753170477
-0.04212272499736963
-0.024859396451098775
-0.029401552988486117
-0.029103034552695063
-0.02176093574561781
-0.03237192832840335
-0.030043847892354727
-0.035169221434651295
-0.035882420983072164
-0.0872590488636816
-0.03862019280728472
-0.040327831485951676
-0.043054632089348184
-0.044075589106548095
-0.04463443216279732
-0.04520627275374749
-0.0454155113929285
-0.04518177735646291
-0.043842901295099636
-0.038209079277580445
-0.08007059425106813
0.016157805975460616
-0.035356708599055604
-0.039851679850046305
-0.04549046108271583
-0.04321164814798178
-0.04221019549976978
-0.04067391220415981
-0.03688547474189244
-0.03319815510121614
-0.022160668170947872
-0.018393705302072277
-0.018076592606423397
-0.00988677641926814
-4.0744856910177305e-05
0.01177994212886192
0.017202965900143658
0.022487022556246048
0.009787689767386885
0.024844728060207905
0.027613965199366517
0.018936016660286253
0.009276312291679273
-0.0005699116258835987
-0.00951803115807665
-0.01663537081326223
-0.021900175752183147
-0.024977328248211153
-0.019882671482974977
-0.018830120240435934
0.0031301564219184883
-0.000478650763286979
-0.027609623039952867
-0.027833821435158772
-0.026174983998433227
-0.02550004249191095
-0.0020878264608136248
-0.013449071397167512
0.011703815668702763
0.007073112943994752
-0.014871736442614553
-0.01168111616596602
-0.019677543053978973
-0.008363026117799514
0.008035378494105232
-0.012764037246291006
-0.0013780534093856074
-0.019183032581969652
-0.019237761784485472
-0.01412630316048155
-0.09692258977441455
-0.011537776619315503
-0.016838723037368764
-0.015905110878539824
-0.01613295807051981
-0.0159286458786719
-0.01464748600271253
-0.0135498672651354
-0.011281430291109965
-0.006153995608950285
0.009741828699004144
0.009269471209093258
0.009640616341320964
-0.002452321437779812
-0.0007545158358544872
0.006370013482376835
0.050386568584537106
0.01563651563447656
0.010559852192864375
0.044764433914096964
0.031318911335104276
0.07047191290996539
0.043784717152007734
0.03335738600232492
-0.031400694328503405
0.035005307642197836
0.03457889013854492
0.0851069300095131
0.07066040374812156
0.05044354460274215
0.01355384768032891
0.009612281259410597
0.018980249785888897
0.07443352525951626
0.04711654384269857
-0.23930787653619057
0.03283290919624124
0.014831102747337207
0.009820905132250125
0.012177864732164654
0.020336085007274848
0.012224514354278555
0.011390826383366096
0.03636164982558832
0.059852148955145915
0.013536206510741097
0.010837197704898657
0.014950639339361207
0.046662508669871886
0.06901274694976182
0.017689824035434176
0.032646148003712475
0.06116722401636842
0.026367060207991642
0.013345500437084969
0.011121978604128932
0.013230010503323428
0.01882792541929003
-0.1095861317720095
0.036868020588645904
0.029966248077646262
0.026460516968634898
0.013919117818118327
0.01659162835362516
0.0212171299238119
0.024634267479965746
0.014909401325977258
0.014458370170976825
0.027005155643802674
0.016582667237009338
0.025974565129237664
0.03196106515335556
0.0389332570475797
0.029538998973005378
-0.1898762935021516
0.024373091563853186
0.00204184679627248
0.019207173304837875
0.04850214838488415
0.025552085192156314
0.014468840708172566
0.013311377609670435
0.015973911745725954
0.022279696939756205
0.022899046137621507
0.02357126276020637
0.04601596481590211
0.07627942938142088
0.05415795162117607
0.02335404204896458
0.020496058213343
0.010112169679761862
0.008382441295468482
0.007944755142850085
0.009189776595021312
0.010627430986712573
0.010365785730581266
0.005690341597488436
0.007256680997447849
0.011821223705386156
0.012225773940517626
0.05919247156159786
0.02280054960610301
-0.00011951546192060223
-0.006406400316722843
0.13196511490323393
-0.01062418435982691
-0.00234362190023472
0.005812060816846578
0.018747894481361733
0.034460009286761364
0.02919748201637101
0.01434515563687812
0.011596368692668833
0.0011381364342513398
-0.0021970809550584994
-0.002162809149546356
0.009592465397559948
0.03579903556957555
0.004536576612271157
0.011743536761129427
0.004537626190023134
0.00037283146175547246
0.0005627685582326847
0.001313284165171479
0.0013865325737567316
0.001916677956452955
0.003567423913605219
0.02267994820266023
0.007705113904411156
0.013892465796950984
0.004110429086997369
0.0015603828400716233
0.000937501129394847
0.0012961963335454225
0.0035554297919065366
0.008727673131507194
0.04239328243685305
0.043485788379134915
0.005774074776441849
-0.035363567677246494
0.002951491796299486
0.00854912255570149
0.041403210837730624
0.04981735530756749
0.01384092493132091
-0.005669113452143656
-0.005228349338231045
-0.004648993660615386
0.011999828516720825
-0.00026879278870061557
-0.008019995483215085
0.008032558705431533
-0.004921648075365845
-0.004677904822490359
-0.008105818842705809
-0.043468618699417365
-0.025292176892496444
-0.021213388430170024
-0.015047134154851352
-0.003977096273256394
-0.0036293063304187402
-0.0019451104841708966
-0.0032806804890345227
-0.011621387689574401
-0.031708168652458256
-0.011018091548992063
-0.0011724943506708433
0.00039015786759558253
-0.0019152159106282333
-0.00498921857504773
-0.007366891007242141
-0.006186001341719642
-0.01230794040412137
-0.013256043667854179
-0.0024656429940786897
0.0028165928280472993
-0.004899286629840374
0.0011849971950876
-0.014252506316714793
-0.01312297356789882
-0.009000352028430114
-0.01665354063502758
-0.011261781543356195
-0.008741783144517849
-0.009254403256101567
0.024826204074235535
0.03809073174660345
0.013918023821141429
0.0023846726235845703
-0.0059342895933242115
-0.006361682186036576
-0.004126089630247957
0.0233180410777345
0.0033443770957488532
-0.004250768733356988
-0.004242718575550166
-0.0003227829064680576
-0.008898600078892831
0.03630637835626026
0.007809226922706521
0.0001818785112756722
0.0003812866911943474
0.001029168489596558
0.0016987129890245229
-0.001059160111918786
-0.01160964062336846
-0.03430561429953398
-0.04786659630602586
0.0256211475318082
0.06621553048254203
-0.02954598724898055
-0.03917211681230254
-0.01597024855836684
0.0037309746118445695
0.006956385670501258
-0.0009611146120356085
-0.007964426186449255
-0.012148173661873516
-0.015385807988835034
-0.01924147895367086
-0.025243877657426524
-0.021767074781876304
-0.029097894178100783
0.03284598852414741
-0.01873177693644607
-0.013870978617703643
-0.012910767057397224
-0.006494538022986966
-0.015396914978708931
-0.007757623098841953
-0.013771231068876212
-0.021947547087756706
0.02511295190316313
-0.015654127922732138
-0.010904354499266196
-0.007508815707274872
-0.005133580850363858
-0.007693776513774495
-0.0081643476846644
-0.008564760691923554
-0.009278554148812113
0.000309975553267517
-0.003310407742561204
-0.009370090166598373
-0.009487654634024203
-0.006604909971258635
0.0015819102984306656
0.019483737315584327
0.006402034017884957
0.0017129819119956979
0.0013570215477379127
0.008586517390438277
-0.0707769315112997
0.0032797737153229837
-0.016116703071472418
0.06306936742567175
-0.020853766709969097
-0.01328700353218936
0.026939676205646558
0.05536776819835135
-0.029483779190402848
-0.016835415728192363
-0.01899553910606613
-0.01528825686277585
-0.0016658203498716747
0.01766836494193823
0.0010594746689091918
-0.02034561692101874
-0.020561624909424155
-0.013208415431615496
-0.008341635393547795
-0.022573739960444688
0.020714171001442388
0.03990774268743527
-0.006969539919163701
-0.013842811992551931
-0.023138567748258638
-0.022458151464555754
-0.020262554777635652
-0.016781854448297967
0.0008285473357817198
-0.004688396332527476
-0.014130032010791107
-0.002828291428524097
-0.0095170256609363
-0.010705960907783581
-0.012633703414571896
-0.020179778498956188
-0.0231309334089499
-0.014773897805278737
-0.007885456454643579
-0.0005707794701062122
0.018749683245627435
0.026881337817957266
0.01595299164573284
0.0015291120916185222
-0.0031009744334665927
-0.003915066846122881
-0.0038970416112249786
0.002003127891423931
-0.003189167698828758
-3.5792231365166696e-05
-0.0009772865556937976
-0.0018014894557735607
0.0068546872730241215
-0.00021114468361626486
-0.009042263139449563
0.0055143817119841405
0.0007670811424860221
-0.0011871521987534693
-0.0012719346516093337
-0.0011412197228127033
-0.0008501511029273209
-0.00013834282176214657
0.0007450364684664935
0.0005484494892478112
0.0008711670575273794
0.0012415987906217723
0.0024074725043373947
0.0021539188902113342
0.002239035282512196
0.0027843383523930097
0.0031629453960873776
0.004054147645923561
0.0043196792475820025
0.0045413125966979806
0.005126949640686253
0.005941141269146842
0.007126420644539586
0.009185675189108605
0.013918701781833763
0.02469710043145902
0.02770618450225565
0.01734694451910863
0.015300704267547809
0.017262893860431422
0.02070013906033869
0.023078715467589796
0.025081475365402905
0.02425042600833512
0.010036712621910098
-0.025358985582594407
0.0002521074398523475
0.013046984597196429
0.018473047828496937
0.019442268608282628
0.0179954314020724
0.015813802658476848
0.013650094130623833
0.011768550578073344
0.010591210254194058
0.009008876072871158
0.007689034520897791
0.006833247643529826
0.005743059361405984
0.038805248536381315
0.004955206547060058
0.004745875131214971
0.004059995867313021
0.003351577749198559
0.003007636781032589
0.0025693385236199816
0.001836686298517852
0.001568558620358821
0.0013792639490743208
0.0012562611168046738
0.0027213154032931066
0.0014936262379631124
0.0008413643003184871
8.223138233596923e-05
-0.00022209092697324218
-0.000518977502817418
-0.0007228732783272324
-0.0007399171952354618
-0.0004103704048801842
0.006622249525528675
-0.0005066677033115086
-2.2176042839915964e-05
-0.0016272405804885815
-0.006032249047374636
-0.001644148560882797
-0.0014204991826747896
0.0017072218129994036
0.013313174079154257
0.023063530998696964
0.011318198879879324
0.00040275611612054974
-0.002587984968366807
-0.003962991857368032
-0.004328735984312521
-0.004446877820650328
-0.004201001666083017
-0.0031892770372778457
-0.0023559061295246124
0.012943088352969328
0.007850445661538622
-0.0028222401790453998
-0.006014034171645771
-0.006620971766210109
-0.005053979682615136
-0.009390885866414478
-0.013126905525638837
-0.019479732631186596
-0.024143976595072416
-0.008318989466637281
0.005741865637868474
-0.02154484551939244
-0.020275880611409277
-0.01061072792988558
-0.01021730438216391
-0.009096569479090674
-0.008480983421421338
-0.005319483654832761
-0.00749362843724138
-0.00691289486697313
-0.005650440978332493
0.00603611000461061
-0.002106921685663662
0.002669387626730548
0.0007445952185114813
-0.004797009687825676
-0.004894909324382888
-0.0024211416003921482
0.005977313402221002
0.002317468594656056
-0.002127463504952125
0.009333912560862223
0.0011697544368871045
-0.001294804860384679
0.009521754050891522
-0.004482574279175947
-0.0027699332857786573
0.018204026634888876
-0.002922964578020548
-0.0025652253607618804
0.012845692957614134
0.011411062064015716
0.006360908180826835
0.028960006794498207
0.015813789235247528
-0.06912774551353683
-0.020194243623958573
-0.06882742630360608
-0.057476144388046324
-0.042454361534545015
-0.01822890263212389
-0.009653957911272552
-0.008996515575669738
-0.0062666902949659676
0.0010618025470788175
0.017497528801280086
0.006263562169931809
-0.0016359820579283171
0.0007569011033781277
0.028289673582939844
0.00525582081458381
0.01677919924219936
0.004196809747120731
0.0031480857221168604
-0.0031801613444360525
-0.005405406666820236
-0.0014938504135850789
0.001685333575114628
-0.004978637740709764
-0.005110551792571115
-0.005129347551949617
-0.004848167701636743
-0.0031693446113269814
0.002178861222440828
-0.004190465231174193
-0.004984577893826264
-0.005290281062097666
-0.0054584346735882935
-0.005507961725442285
-0.005179363443801375
-0.0013450755291180853
0.014678088518158373
0.011224093763867968
0.0053990054698277775
0.007201586986000472
-0.0006376551037125958
-0.004869856925617976
-0.005589758251654299
-0.01039841480390604
-0.0028698181718453384
0.01971791653748335
-0.003751118475846233
0.000951479995205746
-0.008270555933873833
-0.008774187339091981
-0.009256288365497306
-0.00969519973117315
-0.007963986991914541
-0.011150982254715126
-0.012490967980223413
-0.015600254416575317
-0.019274962449491714
-0.023140252046504304
-0.016534288833832005
-0.000657030739672523
-0.0006661763255845027
-0.020534707716567714
-0.013581739338984702
-0.013663501911653136
-0.004391421534003252
-0.010248987005472686
-0.008431798808457172
-0.00158878172165085
-0.004203209255417878
-0.005526157852067189
-0.004884940131312846
-0.003958058893347008
-0.002827912670722773
-0.0036605983849441357
-0.0035651439948214117
-0.002708566976496887
-0.002137428894088774
-0.001051160617016888
0.0006056959238640486
0.00680814583169871
0.0011816409496380978
0.0018147750405342535
0.0025447459112660177
0.0034789835906957347
0.005287597987926096
0.005846793414890622
0.007024968979708651
0.009303198029698737
0.013795950902502949
0.021210638663569446
0.019582343122637024
0.01712040682667247
0.01877307093662668
0.019964879926799843
0.017819347180432748
0.005105680835051282
-0.025056424992749814
-0.014268116556788182
0.0022074707853256244
0.011818503657223634
0.015266145669461944
0.015160863931801206
0.013331295865518228
0.011193158965745095
0.009196343136161867
0.007213253710792326
0.005313955390017728
0.003389458495289142
0.0013614955066154756
-0.0006936220094487497
-0.0023241489488890245
-0.006949416836156709
-0.01193786877035073
-0.018447388659919645
-0.026188360641118288
-0.032834109209162146
-0.026739925688415062
-0.00745510796902829
0.01823797293759194
-0.008890393500469366
-0.023738747315500134
-0.03121242923064743
-0.030220885072581697
-0.02668269550072483
-0.019870305822142956
-0.02060406089238064
-0.013979802198172556
-0.012660917532731642
-0.011441001965898562
-0.006057946351102946
-0.011346484449801008
-0.012722243018415038
-0.01236669760286664
-0.011815096520203246
-0.011549945798229072
-0.010488462086897351
-0.00887923889997638
0.001636355208848036
-0.007756978233749078
-0.009227151938616422
-0.009073574587618628
-0.008402403419546204
-0.00754029823974986
-0.004538444218042848
-0.00855899424932286
-0.008796428568230825
-0.007258237317759443
-0.006470379725539523
-0.008079623439393379
-0.007433007667324243
-0.0068866830988548655
0.00011224145103668997
0.006929482270369545
-0.005387338522965183
-0.004429570707894345
6.87516146335955e-05
-0.001341353733327065
0.011506580198338851
-0.012229233818224891
-0.004727176500979786
-0.0064146262862160705
-0.0065542089419196575
-0.005032724205372229
-0.0033218819585100192
0.0029605181502295047
-0.006173662814623191
-0.006967385784900005
-0.006875804781876399
-0.005750548749984847
0.0027969208609019336
0.029765758105653115
0.018923507718274064
0.01113209917581985
-0.0044356276488667894
-0.001526418981492303
-0.05081705561205063
0.01212127922189317
0.0022564028801493096
0.039326205314760984
-0.006739311722968801
0.012028228100611582
0.010200272673428247
0.02539918555611238
0.019495455538485324
0.04761174201635488
0.006952476934562463
0.0711604693649744
-0.1371938272708734
0.026591331663019965
0.004731243706702511
0.000955482710031292
0.0013666690686950467
0.008651391508540458
0.012648348051349427
0.01005565451777418
0.0008183942611665894
-0.0012975210853778153
0.0005425120252283987
-0.002675565678153693
-0.004343615929353966
-0.004776322321795396
-0.004931527535754583
-0.09127203041432906
-0.027510241512581565
-0.03353949475220231
-0.02660800515445957
-0.011758639406190723
-0.00094554168444477
-0.00416699854710369
-0.0026687157923432083
0.011802932153209907
-0.0003731521884573263
-0.0009437619912747397
0.000533005717912505
-0.0004918952739159454
-0.0012158361388563785
-0.0015322282416300897
-0.0015968319212187115
-0.0014656657320133467
-0.0011572756879255294
-0.001131781375086008
-0.0016945921892557582
-0.0007324239362211835
-0.001196691228234491
-0.0014304416357151263
0.00015470639080486309
0.0034713836912653668
-0.03506532922532915
0.004641373456316747
0.0015181429874003118
0.00760459157285976
0.017643448181514445
0.028259526893639114
0.004066335658954749
0.0011206347804589491
0.004315979030933234
0.01798106621768833
0.056464982898349225
0.0687230889391997
0.03816133737931122
0.0030637546318448335
-0.002823685925718301
-0.013680974959058791
-0.01767861331717831
-0.019016788975238758
-0.014658218137704954
-0.017698071140680706
-0.018044619144364667
-0.019565974935779405
-0.023211172465176646
-0.01052041761916909
-0.01610552624517389
0.005857740108977475
0.002561174011995029
-0.004209688522031894
-0.0031948057702477655
-0.002873141324928299
-0.0016178720282000114
-0.0032641218716483525
-0.003086503248206204
-0.0010373903313990536
0.0024476817778974606
-2.913306339032446e-05
0.0037342006739995615
0.002216059568335364
-0.00259096741312328
-0.004789440751705776
-0.007261023031094509
-0.007117415276708218
0.00565134483119794
-0.000503819108354763
-0.0033644594352505042
-0.004462196980062847
-0.006860278703264306
-0.007297259727109594
-0.006829671111024764
-0.003912372081535529
0.020663605614898124
-0.0017241664010952283
-0.006684437788500246
-0.006825696384113499
-0.0064817308869363635
-0.00781321417420095
-0.008177102121582335
-0.00816250163391484
-0.008612919768997043
-0.00853888713602556
-0.00822829851791865
-0.00742830080021021
-0.005238318395873777
-0.008146364962701979
-0.008468346888120988
-0.00649211577132695
0.005461199534787214
-0.005386248999565366
0.0005273199570431543
-0.00804205774610181
-0.00906731854111018
-0.008994488417979972
-0.008542810361630649
-0.003968409487167857
-0.007834971737593673
-0.002316532273644737
-0.0028579518817383404
-0.007583591700719377
-0.008153229756489622
-0.007967343301390671
-0.008117484333236103
-0.008397447480157909
-0.008925511999085882
-0.010269398670373886
-0.012723489884139157
-0.015076020462796986
-0.00542987524190881
0.03846146244747932
0.02853751129364138
-0.00664098087997608
-0.00678660929766556
-0.008726327539926037
-0.005380710294910807
-0.00243932788340969
-1.0891854068386964e-05
0.0019241184430618661
0.004066259938578956
0.005391917532883602
0.00893490481479017
0.01204041711374248
0.015524178284407381
0.01911466435322622
0.020029365245017444
0.018043136144337436
0.006223248997914875
-0.02203889421432795
0.010122377315943386
0.018994396942870636
0.020124200522187653
0.018369627390967737
0.01603530675861706
0.01897347272754373
0.02304699488976239
0.01476245125321284
0.006990257070491676
0.0034676555572150567
0.0014648763392802655
-4.324917963128475e-05
-0.0012367477528233877
-0.002222855293279424
-0.0030179744525214345
-0.002791826444958708
-0.004627094244305567
-0.004887850386005314
-0.005347525645084747
-0.0036892458955728423
0.0022424111583917096
-0.0001204676283063739
-0.0043506654282585355
-0.006079079054173643
-0.0058186076663701
0.006219650003692811
-0.006070362275689136
-0.008126874441015588
-0.007821409608798895
-0.006930281797543573
-0.002731849641072624
-0.0023609380395974732
-0.005286218512128573
-0.004355738527275418
-0.0030705139746467626
-0.01220774425701869
5.1823592994778805e-05
0.007510277226028243
0.021072459171044295
0.025431719949100602
-0.027930856596993615
0.0009646348659299226
-0.006586612221804002
-0.02611623216236738
-0.008200896623444948
-0.010161708771741591
-0.010441701382099393
-0.008355015322877416
-0.0095911199974933
-0.010945338486562399
-0.010975484592740916
-0.010844906021912683
-0.010832731783300019
-0.010293259148240991
0.044141409749037644
-0.007431585049173272
-0.0029493879230522583
-0.009095309053974668
-0.010219553740091624
-0.010954441110495915
-0.01099896415960169
-0.011635722987735736
-0.011315180744313752
-0.011429700156045036
-0.01167696643799162
-0.012251717217098912
-0.01293004326065352
-0.01380934093980928
-0.01457904750813287
-0.017428431532925805
-0.020362780767105394
-0.025457426360623547
0.01932866355680758
-0.02384344256618133
-0.02342628097601328
-0.017234199753447223
-0.013640737201959524
-0.011579301981952127
-0.010266061088445117
-0.009287707647054158
-0.008241133594626039
-0.005007550290894651
-0.0077288701365599444
-0.007479653867655041
-0.007158194419714249
-0.0067153362409531105
-0.006627185934386451
-0.0063471056636226625
-0.005997181017920714
-0.005421525498744389
-0.005323033445262314
-0.0039641135395158174
-0.004450175229141665
-0.004309273866667536
-0.003875533753571581
-0.003395234948667343
-0.0025337804106866047
-0.002241570481084913
-0.0015625384092832933
-0.0006886754059803539
0.000375434660887201
0.001654946129158422
0.003190537677141468
0.004915362036995335
0.006609127495839652
0.007517607890343007
0.006176523006014617
-0.0019084080926718915
-0.031051922801030238
-0.027529452055039646
-0.008393907021460215
0.0014532498742617268
0.006319599833418585
0.007768832080497424
0.005431162524883265
0.0034873442741937006
0.002575884608516917
0.003094569824452332
0.005735028430117304
0.009631612498977591
0.016882739021209386
0.028227088787026424
0.04297005966828495
0.055823983015876225
0.031132328893971065
0.0345858243051215
0.03921887897689388
0.03120399335903428
0.02097556657959815
0.010097498391480641
-0.0033269247311757777
-0.01721678202797807
-0.011186635277969233
-0.02361502187682178
-0.01733499773727942
-0.013109061821707879
-0.010884703659038927
-0.00958116727395075
-0.008168034265549781
-0.008210913016060018
-0.008090251827603671
-0.007829454655074968
-0.007524236489108401
-0.007111819800930675
-0.006293559005334176
-0.003832600240111582
0.0054756154052815215
0.03749862961836166
0.05542980430228625
0.01561046401489069
-0.0009243148081258585
-0.004137817348439834
-0.004519173301450503
-0.00429413886462191
-0.0038799271131223848
-0.0033667008582001605
-0.002148060352476984
0.00024655950840539903
0.0032647964736782172
0.006008787868319319
0.013109856385866144
0.01946787281007813
0.03498359433938115
0.06713151490129476
0.09553861156581869
0.08434662302382034
0.03851486924273192
0.011073465049661151
-0.0003084685790226336
0.009616878494895337
0.00048027645066185155
-0.00251018563174283
-0.00524639935497283
-0.013947323610359618
-0.03612563929332529
-0.021828897620772735
-0.011990079814087368
-0.00352870219117397
0.0002438451363288269
0.0006860725505583742
0.0002890291463260132
0.0005849140894531315
-0.0007340030947133815
-0.0013678188115639324
-0.0015969484881861431
-0.003693598423074379
-0.00329787984612202
-0.0039421374541491775
-0.0057285215243781775
-0.009564402835891514
-0.014597859227979107
0.01626369179500866
-0.006234838740015578
-0.002368600394783364
-0.005641448146630309
-0.006159584045076276
-0.005900423712889072
-0.005430594097329697
-0.0034948665004533247
0.0064291619019337795
0.021384762637000135
0.0010976585759071838
-0.006448850402759028
-0.00690161618336332
-0.005159036782542333
-0.004489097385029821
-0.002706835034798174
-0.0018913057499071841
0.0016095000716115325
0.008929647651149866
0.015641356970914438
0.003331191014391117
-0.0033060510980981394
-0.005726632171332822
-0.007847703550746906
-0.011268037396858265
-0.017082854242623163
-0.023988127794914244
-0.027864356468525683
-0.04059376311120343
-0.0374946232452076
-0.025848529538954317
-0.013993895220673815
-0.006399393823918664
-0.0019015536759754233
-9.875227370931325e-05
-0.0037964744287112924
-0.0033444033927491324
0.0013382943258460596
0.0015234166180904502
0.000540959904501396
0.0016411887544352092
0.00410032946375406
0.0067421906731391
0.009774847865374909
0.013091610268941295
0.016233757040730733
0.017990717120156693
0.016149514774689573
0.0022672775123619418
-0.024555621860283875
0.0015056558129498436
0.00990167454118152
0.01322780218986405
0.01276535286056638
0.010677236497218759
0.00826214112031928
0.005983397770839625
0.00405958381998034
0.002406376476792606
0.0011051080084526937
-0.00014968506005525508
-0.0011703096909950646
-0.0020380421122948343
-0.0027915787788626556
-0.00333299435507578
-0.0025061256074328303
-0.0025884261467201152
-0.004825270640421628
-0.0053661975317050295
-0.005047708624878501
-0.005869486836232881
-0.006591615829172167
-0.006328624381633036
-0.0036370857439033837
-0.006907663445798959
-0.006120268246825695
0.00016252098023280946
-0.007187126252145785
-0.00797525194129701
-0.008290457988036104
-0.008396082483760258
-0.008619427133260691
-0.0089355159840233
-0.008947292776223149
-0.007802171947470871
-0.0009437309791126428
-0.004745304341682255
0.002806116162536868
-0.0048013202296015665
-0.008225252348427475
-0.002615125185264348
-0.007420549504506633
-0.0117869515750717
-0.013553829985590671
-0.016477641810414324
-0.02165908233832567
-0.02834925692425
-0.024583193546635615
0.015625333790112213
-0.02033953049345022
-0.04044387031334428
-0.030672594463140947
0.011187349334444102
-0.012047756912503866
-0.010130669326870408
-0.007781384257807134
-0.007577641145957664
-0.002741193849120866
-0.004201737811922614
-0.004435960140365336
0.00044013797604103706
0.015282384509775633
0.016606445343657843
-0.008649703743438973
-0.028414224580425928
-0.033995447715244875
-4.027976859079886e-05
-0.007315895935802262
-0.01956034081941
-0.01843555276261384
-0.013486470917081704
-0.008245763978423274
-0.006567390757107932
-0.005394592733930156
-0.004775273923685942
-0.00338272611331057
0.012053059227256163
-0.007919130379946761
0.0017709899673186884
-0.015802234709952435
-0.007274893815153628
-0.003554499503163189
-0.0025266973358391885
-0.001987081948461869
-0.001366979979842728
-0.0006673342500066999
-0.0003718986368436959
0.0014230055191423925
-0.0009046088878323853
-0.005261772942848821
-0.019404884987796245
-0.035006733263815384
-0.03345821934281501
-0.0465712144039593
-0.024470743878081576
-0.00639689822766095
0.0006720007878178003
0.0026768449692067347
0.002782887567541091
0.0022309841550593548
0.0026021850714242145
0.011394432460767647
0.007269722958076667
0.00031651321299361367
-0.00242549905241006
-0.005137011982764016
-0.005302552719581552
-0.003963989749329932
-0.003633938795086055
-0.002989397879499708
0.0024616418793909425
0.006993675680528431
-0.0017610460227040574
-0.004155114404242135
-0.0013118685368600556
0.025596244067348447
-0.0071180410753311375
-0.006238436054805847
-0.004328588139266328
-0.004146402637873477
-0.0039161638265341305
-0.003201389737792457
-0.0006015880505013648
0.007974415420524652
0.014505628411028225
0.004059615805440612
0.0062651196949659385
0.006757655158063823
-0.0025981636155380434
-0.0037542857208716003
-0.0038400538336292333
-0.0034250344355690006
-0.0037042780553486368
0.0004964651029662876
-0.0032516256556768975
-0.0030944438831930206
-0.003629213123500933
-0.0031531853313107334
-0.001744879986731306
0.006936689001313302
-0.0002130769306230778
-0.0025453546969283597
-0.0026651574160590345
-0.002397569156016276
-0.0023795525131975245
-0.0020953944018072537
-0.0017560071370461485
0.0006325090665136095
0.00021442283826351202
-1.858815691578992e-05
0.0004137254533760522
0.002684995014606618
0.010400043602510732
0.0007022966282750187
0.0019663271583925794
0.007732375509918637
0.004515259060178308
0.0018230795610423007
0.002078227337498176
0.002874756468682665
0.00525694646590676
0.00933873844922799
0.006617741556315512
0.007223962343370311
0.007153535474101088
0.009203092043885953
0.00836202659430426
0.011507202633104532
0.018644506182788918
0.012390377767477726
0.008185306208052379
0.00946051312378581
0.01469702153155513
0.021505214882986182
0.011072903313315695
0.005824780351151918
0.004440092693063182
0.00046780777065525005
-0.008259781903582682
-0.028231810531226698
-0.05958077401718526
-0.07671733120156328
-0.050618375098899715
-0.016531041198671194
0.003081549626061802
0.011187990820522593
0.014347323779731663
0.01449063843519199
0.017912197530624056
0.013295944900143521
0.012196464256137315
0.010845885874964161
0.009778783201487559
0.008875606328287813
0.008717354288488308
0.008414566634957358
0.00795521982895724
0.007401430739263006
0.006844366041893664
0.0063351183432770256
0.006309382146065767
0.006527703350419231
0.013404977046114853
0.007401687375048967
0.00444123335489824
0.00335507607069201
0.0017660742829080076
0.0004204741433955639
-0.002291808752793399
-0.0002752703385020657
0.03282763945581363
0.07095120854647904
0.008728647166260635
-0.0054485398715696165
0.0005720769230921482
0.007097902579982384
0.0015720363702511969
-0.0009413620253888756
-0.0016392557797738677
-0.0016705025902421546
-0.0022033524702494713
-0.003398883389278591
-0.0041441805987300455
-0.0047036513489428595
-0.005256331125436479
-0.005633813028725115
-0.004725132595949092
-0.010134812219608151
-0.007086111935015826
-0.00993688536330297
-0.011755499239725768
-0.013441005577266
-0.0153750223748158
-0.015817453034985045
-0.01083419396217214
0.0073309385215413435
-0.0001439900100004953
0.037741016998059256
0.0194488088788967
-0.0023340730634153523
-0.014280992102991663
-0.017252127436990353
-0.017794572003218836
-0.017807259962773953
-0.016941157352814807
-0.014371660386109512
-0.012176457966411976
-0.010843885078450589
-0.009846908433250161
-0.009077808375884646
-0.008544158692727103
-0.006373400510241586
0.21838073758658927
-0.005840503641239324
-0.007595816105901442
-0.007853174592180745
-0.007821275705752452
-0.007443403727236639
-0.005112088895941299
-0.00514366121853542
0.0027225627280407674
0.03797351380166138
0.06767978433307248
0.02171641437771405
-0.009902818439621148
-0.017623287669650236
-0.014204654765423872
-0.009142539075134987
-0.009290947669618856
-0.008801994038332641
-0.008517178135468942
-0.008439232220199993
-0.00835802005533826
-0.008179590400474559
-0.007561859681517351
-0.0025642097818785285
0.00029086778204178424
0.05128738136954866
0.004504851735900261
-0.005169688846897487
-0.007846986347099748
-0.008170678772628405
-0.007691176231276541
0.0015760892051291063
-0.008518809667169955
-0.00870821451590817
-0.0030144930737125647
0.0024433754187693935
-0.009786290138395094
-0.011171268385509362
-0.011954939014735497
-0.010298752604991456
3.382929168218073e-05
0.014856591307658599
0.008369505915171667
0.052272435691942586
0.0058832508918870525
-0.01781696011788286
-0.018767844150481786
-0.016723326712712348
-0.014168403908036864
-0.010984365634794744
0.003942372824318643
-0.00947350294314636
-0.010413537256548987
-0.010487612692809086
-0.010775962933890808
-0.012315474696596574
-0.015328683511639457
-0.021258071044468092
-0.02810598505171835
-0.015229114553951402
0.040587314261947095
-0.017441213022979546
-0.028040483685994357
-0.020790165762196482
-0.014976357939710836
-0.012141199508089173
-0.01088806172089472
-0.009225590254982947
-0.010294956457532718
-0.010168673459650465
-0.010146547511488684
-0.010186409093675852
-0.01012683095806937
-0.010018831382332873
-0.008851961522580828
-0.0025488851827575863
-0.006255496248411946
-0.008968405863176283
-0.01021974855553643
-0.010288704311499435
-0.010626473283374854
-0.010582379977925771
-0.00993505092593679
-0.01033844343827723
-0.009117093006448291
-0.0189368284622729
-0.009741463980635126
-0.011060067850393629
-0.011930972145303023
-0.013613587233810278
-0.016384172623935402
-0.014710071498730725
0.01733757261841828
-0.004634402741669359
-0.018065927486077014
-0.01230442639777895
-0.008500949011346907
-0.007479640575760717
-0.0038244616312386693
0.0057941197967779695
0.015601899939085232
-0.00673951906046446
-0.008349082759176008
-0.008547366358617458
-0.008482562963591128
-0.008458211844124907
-0.008443345023049382
-0.008675371603000321
-0.009515611129869117
-0.0109326595326566
-0.006151030930781635
-0.008981371526609928
-0.005595084563300327
-0.003265653783380456
-0.0013488247440841623
0.0003915998857095568
0.0020719055249716284
0.0020293220002616024
-0.002399091247297205
-0.014364690870081243
-0.04207056432587634
-0.03260318433384503
-0.013773949185175
-0.0009466686276747491
0.006041723689648059
0.004991746867837076
0.0018811728010793335
-0.00019434214652632622
-0.0018047521123377012
-0.0031068968619633827
-0.004132754855787264
-0.004994337696273605
-0.005626341273549113
-0.006070061311979879
-0.0062837341099752355
-0.0043119056321994
-0.006183300188120857
-0.007117211263677155
-0.007100482417755555
-0.006882043820728297
-0.006870936840902756
-0.005995908649658698
-0.0022620185990916562
0.008695053486024808
0.005391729042075271
-0.003293745947060109
-0.0057178489997886635
-0.00592183452463587
-0.004998816772201752
-0.00125056301651191
0.010312528351467929
0.042319348956207425
0.04342836847842813
0.009086538611485112
-0.0026910636612889247
-0.005056484262261058
-0.0055549189840390515
-0.0057277693398655235
-0.005970351994883649
-0.006523324826403596
-0.008089117436271142
-0.009749353615201203
-0.01001975028490146
-0.006899659106404124
-0.0009885889318378012
0.00015188714231385218
-0.0010414199444627515
-0.0005324102993160724
-0.0007943121219234617
-0.00035733785910625716
0.0005903506015553848
0.0025111435773901916
0.006374987664501705
0.014817781739363413
0.021232403464292324
0.01714130979119066
0.020692508513733852
0.029842024486067608
0.04121785613302448
0.056575673118229156
0.044835528655446294
0.029414930777755127
0.01838593099936745
0.01704337463297363
0.022599881732605378
0.030208415976069443
0.034454775470225435
0.023082268333396785
-0.013814854984144725
0.01203647182549751
0.0220461215885853
0.024042066019928653
0.021613189090304564
0.017767026851784214
0.014091438894461406
0.010881752754131313
0.00843689509957673
0.0064457406630483655
0.00466790150694928
0.0033525901372708383
0.0020456986032875778
0.0010990133690503504
0.0006115384904862209
6.0509097071064375e-05
-0.0011126896521598813
-0.0018256190398583292
-0.002339397446312358
-0.002869560699250064
-0.0033405448924036167
-0.0037534637957101127
-0.003993301185518312
-0.004383234808083961
-0.005261158920000523
-0.005136645268980668
-0.005201965129428135
-0.005313615973452467
-0.005378578425478987
-0.005380268386605572
-0.005211798196421652
-0.004764328896545073
-0.004887977595039561
-0.004588192610084509
-0.00409529082695732
-0.003273707657648555
-0.0025663036546486827
-0.0014956882393710813
-6.854836014620349e-05
0.0017770253258795735
0.0041417944590133975
0.007118416517007449
0.010732124299114413
0.014780613799880032
0.016402776051241016
0.010288999863087131
-0.010230311880642993
-0.03357826568352338
0.0049509357703204065
0.01616622428861799
0.017377793971281204
0.01335818038483325
0.00922576964736997
0.005809396142951567
0.003092414162434743
0.0009860130119642239
-0.0010575923240934146
-0.001982199503700329
-0.0030829223457268127
-0.003938276546078505
-0.005289329583861177
-0.005175258970346757
-0.005760783211802174
-0.0062204535567719835
-0.006599523607336366
-0.006971613656793754
-0.007386039597990839
-0.008003054873824663
-0.008927150935577662
-0.009649291893626344
-0.009811686980529526
-0.009518439331626508
-0.008556926137955381
-0.007514694013471994
-0.008458811564526571
-0.008221310446631883
-0.008919436618648831
-0.009056997543651881
-0.009817760454256875
-0.011575797923859762
-0.015591643481517115
-0.003955420181731182
-0.018440381790248924
-0.017600213774318158
-0.013221684339037787
-0.00996403300123987
-0.00423663807614381
-0.0011601168980561606
-0.0014215150998782037
-0.0066514597531363885
-0.021197165620522436
-0.04439556727636349
-0.0339433468974746
-0.049663321710655094
-0.021887843583594992
-0.006966821921176328
0.03926825116832648
0.014808772611505367
0.00575149400284797
0.0068506662349133085
0.007679342821798558
0.010139678329773269
0.012492363080365934
0.0069896679303527096
0.006357729111576601
0.006965220309587996
0.00987438731103041
0.00935039322596143
0.00885322426828475
0.011624757661190132
0.010603602075216448
0.011769671597324402
0.013374875742818936
0.01597140231183949
0.017566491159265795
0.018836842681731844
0.020585229929402756
0.022285961243481235
0.023738549220187498
0.02466844332723672
0.024603335546643013
0.022664160748027108
0.01761150357373996
0.008829979518318638
0.007939911498431429
0.001139254441246939
-0.06238816327809483
-0.029185862893985916
-0.037196353679712475
-0.019659286184653773
0.009143634259813557
0.027016221695860754
0.033969583740440235
0.03507921842472017
0.03457767669564882
0.03282136407739527
0.030140077152511373
0.02714279561359994
0.024605254890084586
0.01855719236419931
0.009768764735618019
0.012350168484932252
0.07764864674344538
0.0567869882729515
0.008239871998148915
0.03108512188493831
0.0696417159875609
0.02923537185078432
0.023457793081971573
0.02059696641212366
0.009454337902458516
0.00627220055484098
0.004816310846201721
0.004384992871016122
0.004112752718785836
0.003989672473538902
0.0053327760163863125
0.010966485400316146
0.004405582617265392
0.0028456358907589267
0.0025101029844449663
0.0024171898479148093
0.0026557361506634137
0.0049004546432190425
0.009274219473700362
0.0028883106208206586
0.002478552886245381
0.0025109069314507527
0.0032055874506266365
0.0075811838180989055
0.019866640606501635
0.011405869475662429
0.006147551629328937
0.005562174855913777
0.004542363718617126
0.004412399817075205
0.004939465464562242
0.006051348337931294
0.008137489000645272
0.007380147021336171
0.007233248698711295
0.007693289293332777
0.012736309869722153
0.009934178050623351
0.011764672412274324
0.010662598218073848
0.011015643009166541
0.012022384185465815
0.012920700188052345
0.015337384851900341
0.013968932319302133
0.01428025969313489
0.014222131567883309
0.013037221505980743
0.009015012880939971
-0.0019674864115629145
-0.027124853037079018
-0.06382225203658014
-0.07548903954547422
-0.04709354087210478
-0.008113909390835445
0.003455604822876565
0.011026953198029344
0.013727011046151547
0.014265044189246704
0.014334449124786024
0.01404785861575079
0.014416507329703017
0.012145111746127871
0.011451010384021855
0.02413903313773984
0.04683799654139355
0.010648651724028027
-0.0013995996668029482
-0.016941940997593333
0.018888552546779208
-0.021254420623140383
-0.0035947130197435044
0.00280515112993044
0.004264551941221934
0.005016120375083795
0.007380309559656951
0.01881460902916022
0.049393008635804196
0.08532000662108674
0.05083963761712147
0.015050663748987033
0.003901097560540722
-0.004167125606352549
-0.005929201468180567
-0.004504544543682733
-0.0014826230334923465
0.001334463237880838
-0.0014362681530603813
-0.0009273007775759788
0.0019338130500347803
0.005922272653571813
0.0032161594654650703
0.0015715492490299423
0.0031956766347396638
0.002519319437143166
0.0030528207057832174
0.003948859310430904
0.00483291959634715
0.0053306940546157255
0.004476655264967723
0.0001310160356096179
-0.009496510380725673
-0.021024418339562142
-0.04168948175303208
-0.016287061877260516
-0.0011732927921460638
0.006066574584639501
0.008557473414737738
0.008080441206903802
0.006602987274971443
0.005048526995932166
0.004403538192477865
0.0023755636844970075
0.0006196765140686376
-0.0024731670508286985
-0.002534872256756203
-0.0016677029476554772
-0.00197294533165646
-0.000842794862347701
-0.0016481617825970752
-0.0031204059073696353
-0.0035813547982208546
-0.0039043715031164983
-0.00407517063858524
-0.003794374731559737
-0.001460347020346937
0.0025891395111787767
0.0017780092695152086
0.011505620544260782
-0.004063491009042036
-0.009401147052035947
-0.007671274223270159
0.0002326736327624966
0.015155350036229545
0.04691751912116368
0.028834537480499772
0.008394156837202328
-0.005791473722679107
-0.01415741725395599
-0.022858513812157047
-0.024637828579643233
-0.024926104487505724
-0.016291074960336063
-0.007265886022521365
-0.0015010028684036597
-0.006075789276349946
-0.005075475074061826
-0.0032486729258078
0.006266631573044677
0.04068860230230533
0.0460077886039844
0.0031799696847777076
-0.02757553259550993
-0.04563256675631156
-0.04709676957411711
-0.018163634480718782
-0.00488979957356601
-0.0004737677762733932
0.016342086718417522
0.02394036414966413
0.006527685796526059
0.0038979661695666586
-0.0018924136811574166
-0.003821443105691798
-0.0035089426602698294
0.0009384534597950077
0.013597790038145208
0.004320337104877515
0.007635569579625512
0.04306839044563413
0.07416397247271873
0.02776168355400093
0.0034430153143330134
-0.0013420567540464673
-0.0019190308573704884
0.013339199203651963
-0.0008877440033802268
0.0026319502695431626
0.012587842746023807
0.00819367202160313
0.0008909027297494666
-0.0007646029386769251
-0.0007498044342845808
-0.0005598552511880048
-0.00010928112590842984
