-0.00018720464235637228
0.03901368724920106
-0.04118926761745591
-0.04156457336243196
-0.025025851382316146
0.014484997064407637
0.045527335118478285
0.00879359689387077
0.007466376645018413
-0.01114124006700126
0.02048702799244058
-0.06026106931330039
-0.005925509600710811
0.02228167372537532
0.03104453580527543
-0.013855715848432728
-0.029724089650078757
-0.01663241180493436
0.012867548849502447
0.036623785626570794
0.020773838780825865
0.07571749258721677
-0.023882707579104417
0.00589994656990985
-0.0916473615085153
-0.03738207640570356
0.014852568358107674
0.036230986262064425
0.009330135009590197
-0.05818669906298158
-0.08225299852891498
0.01873564193003157
0.05136645572065667
0.061778911904677374
0.06128370997333793
0.048632873511633076
-0.08102306805519613
0.010574652423795227
-0.025808234941031565
-0.0071385677252335696
-0.008345804564858913
-0.01167724301677524
-0.017817169172710763
-0.03175855635113694
-0.02540144960395374
-0.0002845214624917148
0.018027590038362018
0.017621627555359586
0.0038573758947356637
-0.005315371173665504
0.004612502789303222
0.022006287911992474
0.016636838984662235
0.062575142259934
-0.03211720682941696
0.02012438331192804
0.07743070710390583
0.04917241043066777
0.007182336328285761
-0.023780334032570453
-0.05377564345185067
-0.01048327852624104
0.09413042027168338
0.013996821955890516
-0.07429204080778266
-0.07193604343580483
0.024647252628396947
0.02972678501849769
-0.051536471062780885
-0.08925010165032789
-0.03252217057653888
0.02806296984761126
0.0615119785192814
0.07079234911959599
0.062380664315753356
0.04505068527876153
-0.03998174490206446
-0.07806273233241504
-0.06238384112933306
-0.09008718338067531
0.029737443072767197
0.05618164419589358
-0.04532088951889542
-0.023352428643843237
0.008340924550959061
0.02569047644280423
0.03066289032691364
0.03335951362326714
0.05508354946891863
0.028255417705305926
0.02443729490557482
0.021286327367268616
0.013092775049765523
-0.016531736018094385
0.11484438188496467
-0.044058586955821606
0.004398466784219374
-0.046734843887076806
-0.026975732913332037
-0.02865413233367684
-0.030933337024382317
-0.0914594181885278
-0.04800233491368961
-0.06880391173449149
0.025325642143038386
-0.020026404191536153
-0.0016253965313452387
0.01023710705338566
0.01891290417473591
-0.0021921985276484456
-0.059640150895159866
0.10713554168837879
0.040319137580070684
0.07553303050331064
0.05442810478962979
-0.18969069902032284
0.061603475119619645
-0.029141118560584656
-0.05121869517751102
0.016027710738145223
0.000762197772458452
0.08626104221011979
0.014927661321739017
-0.03690210337718639
-0.03265931662894276
-0.07039633804977785
0.022694321515588464
0.044835005096935034
0.004997069715298551
-0.01621772152005867
-0.018076661940977828
-0.029251180754656176
-0.008335489912309781
0.003183371043597115
0.02368924625259031
0.03202110178962024
0.028242342838483727
-7.837593914980249e-05
0.026698017800126178
0.030990066864277903
0.02632151259258285
0.0001049773676009788
0.042973680195404616
-0.05403981537956795
-0.021781918773112925
0.00868219327753602
0.005200118970359825
0.022089579670970545
0.023159186647852496
0.011568078995290566
-0.003819168061404718
-0.0005232588269629315
0.00540144555680993
0.0009999213672807132
0.0027175238836993467
0.0017211688224855065
-0.01992477438954339
-0.0026476523418889914
-0.005658957438602461
-0.007489585078428078
-0.006953918322698904
-0.0076544296343524195
-0.007434457642551611
-0.009458300362700072
-0.011703011558848342
0.04443003479868325
-0.0189618195143277
-0.01766857068614455
-0.009922566893474153
-0.019205348405776448
-0.012881600328838765
-0.014589607242405859
-0.016471312135972152
-0.015893165299362775
-0.015817609457452784
-0.01703776229720788
-0.004764119393573289
-0.0008192045297324215
0.009143603590505927
0.016851088833157023
0.011089387204956894
0.007053677898841479
-0.005768083379705161
-0.004774823311233512
0.0024508649076818417
-0.009497764583162382
0.010437586709754023
0.021253660448623743
0.01974480796884945
0.013281206489191101
0.007100919436048888
0.0021575151401903156
-0.0015133296188610842
0.003026455889365835
0.011674596883918024
0.03087846641727759
0.027367349570654027
0.0026500339943908084
0.016377625316043563
0.021142702872430457
0.017216265189778143
0.0651650097686746
-0.025650988476401078
0.03402472689392581
-0.006361151147726198
-0.051265679865750445
-0.05022471844362579
-0.010667373101116182
0.02192063394250483
0.044704472280019975
0.010395820310133069
0.02607474286103471
0.004787375027124275
0.0021325206295302367
0.004857417275063109
0.02211283977995887
0.0032227525801895858
-0.0032199564600490513
-0.011226622574951817
-0.006841894899762647
-0.010902154913805603
-0.01235570645571797
-0.01778416291331479
-0.02883360588481437
-0.04993333493511695
-0.066602030486134
-0.040845604118354764
-0.06283222782721795
-0.03343111351361484
-0.0027481729840798815
0.010929332185128685
0.02824213793761711
0.053704359062606496
0.025515725225988554
-0.00691801873491978
0.030136635154114817
0.006612311491184428
0.03860011287043569
0.02839669037564508
0.010016880112636795
-0.004353567643125041
-0.02382759623245679
0.007532714380615872
0.024222196411450427
0.029302994498463027
0.004110334713324843
0.013934959710877487
0.017954873777465085
-0.07464189393559646
0.016368133215465017
0.07644900713840976
-0.011406342609259252
-0.009908304334883085
-0.00886327113331379
-0.01599750825518834
0.01129154936179839
-0.021935050992684998
-0.02634936808906449
-0.005807902250355054
0.021114422086954347
-0.010058167249636431
-0.0031823172177578725
-0.0005949223001175603
-0.024364199668682994
-0.02483284555816248
-0.005498076096604182
-0.0015144822537789487
-0.011410486793800927
-0.011886581937529835
-0.016457895407797907
-0.0059860218785290345
-0.015175746517984942
-0.009376771774768287
-0.07922094089024186
0.016720794491390214
0.016384233740661232
-0.017097388552126155
-0.025266617782332888
0.005254258537227552
0.017415075375182373
-0.01123777208466008
0.013833013737048292
0.011368577695630336
-0.002827948096665276
0.012001460433968998
0.004835022107876618
-0.08460216385713142
0.015617583090934006
0.0017285334865572639
-0.06215418160368098
0.0033790915761511358
-0.013065801824720277
0.007480099385114967
0.03487107823692198
0.021209321097971807
0.01429970668818434
0.02412528418893412
0.028575719391288848
0.015772470850991423
0.01992104964960294
0.029699752271873922
-0.00491488046174254
-0.060725529214265245
0.014202691543279463
0.022947075915576647
0.0377185584745992
0.02932610858766307
0.027255666842675358
0.02673661421349159
0.027132755134863757
0.0036254394194183996
0.03380772425847971
0.026735179156280306
0.03153609815548039
0.03335229517945102
0.011965909521926122
-0.010767607200828975
0.01457142912497839
-0.019097054795203176
-0.044423174789634534
0.017393158560863153
0.0345657097276997
-0.0491460894247495
-0.016490109211156914
-0.01660787561406529
0.020640614641108605
-0.017482833011848435
0.012603340492564155
-0.023391777819703134
-0.04219707498515389
-0.05176985636193223
-0.05547979695131336
-0.037651524616640515
0.005036048621248451
-0.031960859646714614
-0.008832372349993721
0.005761823948388431
0.002039611030312744
0.002254851621012605
0.004289801355499417
0.005852738060212394
0.006510805187511505
0.0051545049347170935
-0.0014782738961596775
0.013511547344759971
0.029764069924773946
0.010171586922359178
0.009298690630006884
0.008609448479081341
0.007522077465255444
0.0060172378786902785
-0.00808125305470735
0.001431943850066338
-0.013874960052713957
-0.008688339526149953
0.012984668102467596
-0.0032529787209928515
-0.001354079840480854
-0.0060568897695754435
0.017381186608291067
0.006108711353261621
0.0001162817770882976
0.006480484395188304
0.012387176351849952
0.03512031522048777
0.030599583823659807
0.03249601190432971
-0.05948016975894691
-0.0133041944032357
-0.022322201466625276
0.07453472077838916
0.055923115183816464
0.04150097106821025
0.039540794995871674
0.04159298547020691
0.04537206168780769
0.03412019016445583
-0.0010752546841864498
-0.020187269920351244
0.04349355474434849
-0.09900108548910456
0.04001298422636476
-0.006945235531949483
-0.004958118590953967
0.025483136128406983
0.03910834768736933
0.037771342757914994
0.033676270348711825
0.021545048331985995
0.01687265455045147
0.021271501135222668
0.017171254806647128
0.006688844539539768
-0.0023037429486814564
-0.02526083690294317
-0.029622476861527556
-0.01717287317703648
-0.012686763149972823
-0.02761981148666213
-0.029847680145952116
-0.005512022707736722
-0.03105616812398597
-0.03510416039353351
-0.01589117144236957
-0.025639425599652786
-0.015110921206502181
-0.011170529934739574
-0.012959122964353144
-0.005173174498252642
-0.0011355598473317137
0.0006785287591890252
0.007659793707535036
0.006551894008042362
-0.013615151140460045
-0.038587296503893996
-0.00735446270498771
0.006650692799647718
0.005510564258948438
-0.006449217390228743
-0.027840591804622457
-0.043465970181176296
-0.011004674868634106
0.06434429333922792
-0.08494817496197841
0.07028884963816942
-0.005747237209452958
-0.09402712993850217
0.12456364850881038
0.01962645027949594
-0.037163936184031264
-0.009820617392099443
0.029374891659756354
0.04020270949441857
0.03441829846473787
0.02275546314996229
0.010018710401584604
0.0035640002954313746
0.017986577757270694
0.03265429238296494
0.0760135506835699
0.008764798247108
0.012893797132064089
-0.006002612934352992
-0.029906652239192772
-0.021265976370075296
-0.007980432507864978
0.0034317276723317244
0.012484848435100476
0.021067202215151525
0.006954026298034789
-0.002851630250927861
0.0029379291903576573
0.007463233381801266
-0.002488942571442516
-0.010161585344742069
-0.01847182509096096
-0.028182690492389598
-0.021875974273542195
-0.027848902347257915
-0.036450423163619405
-0.03398156217393522
-0.03390713055232989
-0.0326799976955172
-0.02795813761844972
-0.03397977291763626
-0.029471928242917864
-0.038890065516633605
-0.047529851631393324
-0.014744485767622526
-0.015064640611180437
-0.04025091698303409
0.003630331429322472
0.00303660348472949
0.055082706307681445
0.023268100088352065
0.0860401156951857
0.022835535218491736
0.01955410851565703
-0.008745601918179306
-0.018964214305662416
-0.04465876412779393
-0.02191881155241777
-0.014528638781953401
-0.003765581137192459
0.024081128345330105
0.005969051586435058
-0.05585562101067637
0.01879730726177983
0.009728002478170362
-0.058792780938363626
0.05480973949096434
0.02166134382502323
0.014847097875896805
-0.003621228580545462
-0.010987554410061573
-0.015794857569462674
-0.028621794455872818
-0.016360622857874006
-0.03416165251660641
-0.010216115538713494
-0.0008248788690261319
0.00203229334232046
-0.008327093994593832
-0.007862547269597567
0.004407691611094211
0.0016984104888883409
0.009613377120706508
0.016999773433666886
0.013380840416923343
0.04347144080431603
0.02728047077915805
0.024045405751158266
0.016259040521654753
0.011227335738615129
0.008700415988743933
-0.05141463323752063
0.004896752162649756
0.006771127726384643
0.005001299282912689
-5.595415650442949e-05
-0.000273250535790942
-0.0008793454412374634
-0.012627069989244233
0.0039462721558905485
0.0031045841829628142
0.0031098825203164406
0.004867584985840371
0.004562821868524178
0.004316937450778681
0.004993798596820863
0.005086986776637596
0.004292239374998187
0.0031209911237310016
0.0022350334198196105
0.002375506857185988
0.0012283690389707446
0.0027833505079434004
-0.00022265926809936874
-0.0009635694201011792
-0.0006101084739360282
-0.001651070625792864
-0.0027948985845975167
-0.00315718384941264
-0.003260179645802356
-0.002575592238514391
0.0015554081518212664
-3.8625001917766534e-05
-0.0035586138729067616
0.0071387886061539865
-0.0055435134146013644
-0.004538405887356791
-0.008750757202086644
0.0009379198861231503
0.0030187620738770875
0.0037923539684562783
-0.0035941631829316577
0.02833400995042066
0.05253705877383278
0.017418758678293258
0.019373381098173666
0.02186005310615399
0.012995979189020877
0.00477240402048289
0.00016235781959040655
-0.0019353835734780848
-0.0026624601378638663
-0.0015360865481528012
-0.00012726525781864807
-0.0016322300423728747
-0.0013732085622861618
0.003583038633540642
-0.003916397772444839
-0.00028910963728237955
0.0015409596640761206
0.0019177760411659942
0.0019070056340289088
0.003069446851069567
0.0034539621467362044
0.003115150174321517
0.00361112300058241
0.003660286796118234
0.003878897371495948
0.010380669200047633
0.006359728852533267
0.00668200741678168
0.006460281163954798
0.007399174118862897
0.008046906306690842
0.00816288337857375
0.008224534127378861
0.008917394573767124
-0.025143593008602826
0.0090329410469393
0.009680292277209766
0.006232207526111257
0.022731467733257002
0.009067907315193741
0.013923242167961392
0.02236397618356275
0.021756154200710046
0.028763295418030667
0.022404087800310477
0.02074432009205969
0.011249547045680387
0.009629824899193753
0.008727225879523768
0.007608818566524521
0.006824193302475289
0.0025319257022088084
-0.0017387633465359628
0.006243100566722766
-0.0025415663871121174
-0.003917093068040091
-0.001646806632799312
0.000846695732087328
0.001786519067505746
0.0053733071783268575
0.014353243522621227
0.026745977628410973
0.01918034945959255
-0.02949581575379826
-0.005568757475771735
-0.010744056726445232
0.02774704280483242
0.017702681452719696
0.00039599286366829293
-0.004690784349423424
-0.008280448912771516
-0.015365093320902771
-0.007871736329163052
-0.0074726590773537705
-0.007346371580798909
-0.01586602090003486
-0.006681875809960717
0.0030903417576309475
0.001907274089184785
-0.004965034435985123
-0.004208978658610422
-0.005861355595168308
0.007554894770655993
-0.011136268141162501
-0.0068701848917097075
0.0021582792985959617
-0.003464068127659684
-0.006922568023377919
-0.011829957257049722
-0.004734244072359597
-0.00908435150921827
-0.010100725727663419
-0.0071175501224305235
-0.011138003692114505
0.003873980561216537
-0.008505892405513943
-0.04410607627802679
-0.05087549440550584
0.03599032494677221
-0.08571619463851304
-0.05349087952673375
0.03018598447047569
-0.0066065739770641025
-0.029520571595561824
0.018097087792978053
0.0347724542617677
0.028355029975657847
0.023729493202662294
0.021774181400471614
0.026629628063953924
0.020902271514216926
0.007565230751582476
0.003578526447705202
-0.01147386859939551
-0.0012516193554709544
-0.0006047612650177651
-0.004272944718177196
-0.005008268080110739
0.0009040835478270989
-0.005598395266578257
-0.00685247048937299
-0.014419300423726017
-0.004308505656824827
8.955981817938705e-05
0.0021248654772516003
0.002463432220736821
0.006402225420452416
0.0066425968873903216
0.0030913759425264154
0.003457396817926523
0.00355774674671468
0.0032229107429688924
0.0027947136454570705
0.002471456106483572
0.0011085988598806531
-0.001114129278602889
0.004399207380628797
-0.0009987386455126764
-0.006837269511385497
-0.005024033257405474
0.002935442944215105
0.002635577030846547
-0.019173449832006622
-0.002798990023366136
-0.014342435829507198
-0.006044686427879455
-0.02272868008296398
-0.004547022028984187
-0.0005301462744684936
0.0007372476170518144
0.0003757024009831945
-0.002069544502718662
-0.0002074162219100222
-0.002237578586664554
-0.002558749039048021
-0.003151442767325839
0.004001748557685556
0.02866403687374047
-0.02539058064447218
-0.0020898291322947625
0.025090415585357073
0.005715960148161496
-0.004484520895369865
-0.00973503345180681
-0.002483248980777691
-0.0008943318081297636
-0.0023770138735433525
0.004342153032935377
0.003360828518651512
0.005298892921893767
0.005219747451832761
0.004310007601798825
0.00511773421874606
0.0005196265383096268
0.008493709133930834
0.007540947019789461
0.004433890277378856
0.004386013322723513
-0.02126794755380809
0.0016262808528497861
0.0007666885075620541
-0.0006870103277359359
-0.002256163605073072
-0.001757576817099315
-0.0032727654848508127
-0.003934119395084892
-0.0031911848155946796
-0.0060326812059645525
-0.0023691282097828693
-0.008192121811974847
-0.002413181728560184
0.000544191148277525
0.0001869614809563642
-0.015936116425546633
-0.0033636422026828328
0.030588760356506078
-0.0011187017772622426
0.014353741626914522
0.025256657251487978
0.014803590401127472
0.00493075505717111
-0.0007657857695234301
-0.0027045429217793524
-0.0024133168658342233
-0.0015471882067263935
-0.000403673545259268
0.0006720244260240205
0.0014767825116391187
0.0018241000738148908
0.0033785163325902247
0.0015716959889882736
-0.0012742154852102864
-0.005523949079339148
-0.010541251493815648
-0.0023490809755970935
0.03321699609060459
0.043783086670743106
-0.02883323837272886
-0.005665570380517782
0.018706630647563754
-0.00404226560042409
-0.022664798100890206
-0.022692750732059723
-0.018059816219829102
-0.01872720625815652
-0.013630287030764472
-0.010749829275076275
-0.009824127957882418
-0.009082920382324866
-0.005274913556428203
-0.0021566934343176377
0.0007603845086989467
0.0026156847779110286
0.003773199944338563
0.002380907007402345
0.004362162170818304
0.0019520987855884291
0.005723460345507649
0.005686918564283344
0.00543890955169218
0.005940393856944956
0.006750890692862759
0.00687863611582061
0.0046564503766262574
0.002652880180347173
0.0008958726265139043
-0.007306173414463719
-0.006167322180960362
-0.0024781644993866975
-0.007253399707081018
-0.004825365887946191
-0.0034016659292793287
-0.006778173550882041
0.0029344696705262876
0.005221915189789273
0.004260553794130344
-0.00957659555945626
0.04205837896413495
-0.0007325565380832004
0.0001613026711748961
1.3888503895416425e-05
0.0011313429489538795
0.0034681395436410435
0.00023195937096121043
-0.0036919944479720207
-0.003564655613506011
-0.006666261486724798
-0.01033641547871748
-0.009037390078642371
-0.002463207342328179
-0.007977910782187334
-0.003476590714689264
0.00022938622813440448
0.01384096684208665
0.036245596961235735
-0.04213837556491588
-0.06404927507168043
-0.00517066465258094
0.10064628480676242
-0.06837993963724483
0.02740114022190459
0.0343191149034607
0.02626191472056386
0.0354027606571974
0.05266945536240494
0.03763563199508627
0.009818171873876666
-0.04636277764069589
-0.02853496786893693
-0.008233589392502794
0.0014904891666226155
0.005789928572983433
0.013740309886014256
0.011624804165236006
0.008526829067739428
0.002675536476609636
-0.007255141105353431
-0.0027254534889600795
0.0035579123544277388
0.0025432075164890607
-0.0010678955276061074
-0.04118917976973501
0.006203415609063728
0.0832243401643071
0.04292142398861223
0.00526447857436452
0.03689631272875161
0.010564538342508303
0.013372582422420225
0.005161735822185456
0.009934356954374383
0.005779086830634778
0.00020820925536809646
0.003239231482861628
-0.0012252715586950607
-0.0035176817841250344
-0.0048388229857984875
-0.004240023367767777
-0.006296406682720494
-0.008032187674389636
-0.013452545249097381
-0.02353364870625837
-0.022644972953246096
-0.016287252938702344
-0.017230517725165765
-0.021102730280911013
0.0035525355328131277
-0.01886867037466318
-0.014083182928798763
0.00293272034436836
0.0059679789273916475
-0.010393848487983135
-0.01064557516166809
-0.004044094855109951
0.013872712746811545
0.034959356834415846
0.028361087088930724
0.045365203648831946
0.0014523954788200418
0.018823159864203708
-0.0005043833161634292
-0.0010647778100831048
0.02814359936696401
0.011332503766393548
-0.009453759577474201
0.005101984068310153
0.0044127661791077
-0.01472577024632869
-0.0061118172579939815
0.02125341105090653
-0.012513760040053879
-0.018176832581191474
-0.0031938913008939976
-0.00953821287667796
-0.004031445944063366
0.003468918912483084
0.011344934115411983
0.0025819578546068408
-0.05331721465124909
-0.04823217042993475
-0.06506188939229916
-0.016588381261633495
0.018578417086496053
0.012645972016135248
0.005954111559374895
-0.002784040538390479
-0.003907982532396564
-0.010343000972437124
-0.013936301609166752
-0.0055499429439381815
-0.003404788279595866
-0.0035337643070793697
-0.00998613230045662
-0.005482292252601057
-0.0062245069035748585
-0.008513498153524252
0.010579923907615762
-0.004452489991552607
-0.004647159759278183
-0.00023393608847232668
0.0004012898572308748
0.002823298296331783
0.0038899405389745466
0.004839859640504326
0.004812215149888054
0.0052457908472691
0.006098008508035425
0.0062975984326275256
0.0043730724117273375
0.005358466625710826
0.0032207297906573003
0.0012725695934430506
-0.006306323107825025
0.00013275745123486022
0.0031649589993959578
0.0024898155579670864
0.001040431751960234
0.0025326514512096178
0.004870100925678971
0.004339283729470878
0.00177463853177065
0.007773423177989567
0.008106283251555395
0.00283970507233506
0.005273952951592024
0.0068559779222850965
0.007811705324042721
0.00894169951322569
0.011078188690572057
0.013684883928337414
0.0185365216092628
0.028019928031065407
0.02053406449199009
0.04084978491316715
-0.012547912403904187
0.02065860331964039
-0.01829342205395839
0.007052407332794127
0.0003270073638715307
-0.00289172709554398
-0.00492695731234721
-0.006478328547474712
-0.00670663190385824
-0.0044027781342847495
-0.006153876230018154
-0.004564563522857717
0.001398604603260808
0.0021882788504578306
0.00258004917316977
-0.0007158595251502773
0.014456426289879584
0.021471232524509727
0.010605754797205828
-0.0011179850390792584
0.0030402692806712943
0.0013565118721370962
-0.0011594449987712757
-0.004773801128454543
0.0014875180754842972
-0.002807066599479909
0.0007723800973578042
-0.0004634163526171729
0.0005375388540947069
-0.0005968856468484967
0.00029462947073359585
0.001623921135245037
0.0029269713591751007
0.001812691562703639
0.003815043005995503
0.004730168294061117
0.0040743945800194165
0.006478550045442539
0.00797809593159544
0.010367756000417904
0.007782467138528763
0.010372694126415862
0.009977670790054606
-0.031183133103900914
0.00798080254388578
0.007011503129833447
0.007271656584379926
0.007590610893995557
0.008103131873956684
0.014727597434661432
0.005981356313036452
0.005963196316613904
0.0043016454453700115
-0.010270512605828327
0.002032705110095129
-0.008597157644410786
-0.010122007260896593
0.012152223463778282
0.1198259816670083
-0.0327163291855809
-0.01911668437795498
-0.03974440979927927
-0.0017133939900974844
0.0016229606287119533
0.003813379852408301
0.005568325604972644
0.006678871112905896
0.006021399757236375
0.006149996336591113
0.006379087986178889
0.005647061423235671
0.004712290998313928
0.034044529279434084
0.0050462678113970824
0.0030455908546835374
0.00214106524031784
0.003969366581773843
0.0035617662523254536
0.0035844924057595513
0.007537056437246852
0.002721231922020933
0.0021760324848378487
0.0006823204825983639
-0.0008621097537932811
-0.001389062938633366
-0.00271293499139821
-0.004239955030052592
-0.005516404961412837
0.0025557722903224184
0.019924856432405793
-0.006586391726827662
0.026374512622570668
0.0012826552269797242
-0.004227277387146565
-0.004654735540463758
-0.004659288946380051
-0.005068945071915937
-0.005785196640852984
-0.0036726487778944742
0.0009517732981991015
-0.006697965542247379
-0.007026983948186114
-0.00677871838883719
-0.006617362318482124
-0.007824813820819404
-0.0085115806853596
-0.008982614007347128
-0.009309610318232579
-0.01069768549497101
-0.009120730290028285
-0.010552768522536218
-0.01118232365515043
-0.011052015743733183
-0.011116298303072748
-0.009671354626747907
-0.010601696266879958
-0.010059620018948834
-0.009115808878833693
-0.00820819707741987
-0.006952892852820964
-0.005588380238154072
-0.004674403904027242
-0.005331290682332804
-0.009807762881314049
-0.016409445133146676
-0.0020448971695747374
-0.0015805498172988713
-0.0028155986861905864
0.005123485912314765
-0.008013391812907972
-0.0053686831148318055
-0.0004386435223823887
9.39878398418862e-05
-0.00042377738035018024
-0.0015812088524352111
-0.0017890267083539766
0.0004179679201910431
0.004009812579331595
0.011961556112231144
0.016948340658606353
0.0041119634202607495
-0.022764095403739255
0.005285712328474647
-0.01438481696011081
-0.007562525487274153
0.005911819696545127
0.011408819028034426
0.01008321236547252
0.012056951664413337
0.005657230284111658
-0.06933439264635599
0.005323422762665217
-0.007375418115606505
-0.010926767714057335
-0.011537112179869462
-0.011444527327270446
-0.00654942972008945
-0.010218520879281075
-0.009544723638809835
-0.008600638511334077
-0.007550459469223045
-0.00601961967898533
-0.00261774862093774
0.005806835804376827
0.017340729690497637
-0.002910076398854609
0.02546522599607424
0.016262632106443815
0.012719151916777022
-0.00011940086700167285
-0.004381910166915909
-0.005470758324631983
-0.005513949344242163
-0.0050429701686147965
-0.002249424127957299
-0.00414417155397677
-0.000593288686898005
0.006383231577636234
0.019290891878842312
0.027801607323177942
0.019689997754839424
-0.04436518345389522
0.059524955338832994
-0.03566312180351483
0.025277445121884408
0.01610135796392791
-0.007195059607492927
-0.020907304644616834
-0.020073460379361436
-0.01615990900819921
-0.016718778223623183
0.0029904845958992495
-0.04214226743332226
0.013061340172152788
-0.0055131312666717135
-0.014186275202701376
-0.012579094759368433
-0.008886922617829734
-0.008118558995480753
-0.005836777805168376
-0.00575474518644001
-0.006498361685030045
-0.011266449502085388
-0.005730494799357415
-0.004164811931857423
-0.0026408094455886246
0.0001384746505995681
0.009876035134819794
0.041317937511740045
0.02527971371276541
0.023189055533996056
0.0029245960390335674
0.005710859100047084
0.0015324055973653932
-0.000479304450232811
0.0003483430814286562
0.0053980088574175225
-0.0006673675121001372
0.001045378101483603
0.004474531151255686
0.0054755688174931635
-0.001416702794172464
-0.0002007988741640442
-0.0005534586425334987
0.004444458529063203
0.006789347561753278
0.007074319367780881
0.00612001683040887
0.035975747977848783
0.0071243320660050345
0.007831223237081207
0.0038099473636001857
-0.001603486493352049
-0.009929083062448872
-0.018982189954809166
-0.0037022392826377678
0.019187662657041315
-0.028163224828835935
0.039399695933706805
-0.025808839604617283
-0.02523377419813685
-0.008299280126675754
0.0042546123828865745
0.022665704468024763
0.005136107793028937
-0.002375275143482623
-0.000853946420348941
-0.0010139475973281926
-0.0033333847931263857
-0.003140125335144442
-0.00658097838507115
-0.005681777440134983
-0.004601158754018847
-0.0021652927518441517
-0.00010952942136756682
-0.005884451270805539
-0.027062957033771408
-0.010498480088750772
-0.01543722636160089
-0.016149640754377238
-0.003912740723303435
0.00249809985145
-0.0005087914030091724
-0.004231392314719085
-0.006158134036383814
-0.007576203135125009
-0.007553037832931078
-0.007212667641155121
-0.006297779275956361
-0.005524804732106227
-0.00455044064059225
-0.0036381211779081897
-0.002979903260925554
-0.00272262844403389
0.0012038398725516197
0.0027417157756478992
-0.0003472458232382462
0.0009245193173685161
0.0034180201931554455
0.003100945326887523
0.002287692530785126
0.0031133950294109803
0.0031092116027909337
0.000775293316374501
0.002088970619421906
0.012369903109803574
0.001232713929282356
0.0029289444971356605
0.004080785827218603
0.0066455057746974775
0.005004615171766071
0.003787411829595287
0.0028589481929061256
0.003515694783892498
0.0016841802266424266
0.0018607550956272285
0.002227387872392235
0.0003448616528206924
0.0006937502101813893
0.005950811512171497
0.005629313410141258
0.004906445694425961
0.012269269225373323
0.015851057847756856
0.003675796395200121
-0.033764942796431385
-0.0036221482151341405
0.12131075785490988
0.059946683182721144
-0.06217627671089064
-0.04605576456054763
-0.02901241587502603
0.01516891881821779
0.017398501437647717
0.009838809817246615
0.004426169958915972
0.008615786623779903
0.006734084863302512
0.010209567062585825
0.0198448175717208
0.003398031072656368
0.006309945883801557
0.020422946111348445
0.009544396933352977
-0.04029721402732694
-0.061607116838122866
-0.08908955827187122
-0.03333027651323062
0.006558693756275626
0.011695343763920698
0.0027145297951236954
0.000984909473495509
-0.0024285477500011993
-0.006156173072558316
-0.010689317677395595
-0.017993143070988704
-0.011942165629283253
-0.035035650370914544
-0.0018558302865733672
-0.0073349243050981686
-0.004094643054047951
-0.0050768700573287735
-0.005902940203077537
-0.0055458168157488915
-0.004347852816425216
-0.003369714053284048
0.0034742844933807835
0.0025522582022641915
0.00201463041766636
0.015473295681239499
-0.013582861196995206
-0.046544599870973855
0.012835183552609469
-0.0059899268099745965
-0.005078765644051924
-0.0026603296300829267
-0.0009807508839973862
-0.0016787174880149138
-0.004369347954229993
-0.0065774395015880125
0.004095462939982111
-0.0037738721346937273
-0.010444004958171951
-0.008643511238509953
-0.010017447771897347
-0.010509994581580409
-0.007616786538071366
-0.00577783353352204
-0.0036213941046577317
-0.012372058608748966
-0.02431807322434395
-0.0014115909340323084
-0.001448059235751972
-0.016377395556416346
-0.040504074390716766
5.5488689407016034e-05
-0.008928363313388683
-0.00688480335872195
-0.006556783902125067
-0.0061869144341292325
-0.00388015577697378
0.001007812209293419
-0.005867457629786393
-0.004119159968780178
-0.004326053969918541
0.004997913282818868
0.002785818569180022
-0.011656277982976576
-0.009489819748402361
-0.0077616766219320114
-0.006810869293254102
-0.00713519758656017
-0.006588183141430577
-0.005756701121893338
-0.005705108161720639
-0.006311351643514982
-0.005814290356566902
-0.008088108716826465
-0.0001420572460578557
-0.003056853370334791
-0.006218683606916609
-0.004560051127794573
-0.0031079152846139532
-0.0028080077351928237
-0.0027525708744174588
-0.003328818389785874
0.0020074291207447053
0.0007958621562470613
-0.001712744121328318
-0.0027192452927487032
0.0018701146597592535
0.008722690718200884
-0.001591790427318005
0.0013896887160501535
-0.006337686229889194
0.001056538331572806
0.0031561380980654557
0.000577120668355106
-0.0006589738396875479
0.003560127643740942
0.00939994545573071
0.001774774163784921
0.0016932394012825305
0.005615820112513273
0.007090522907557757
0.004362003227762191
0.008186323937861884
0.034765649189465765
0.011103614836854828
-0.002367444012429031
0.001481330796326449
-0.005305957074527856
-0.007197851044542723
-0.005320336229522451
0.003683802821574356
0.017025262594342012
0.008553788387160251
-0.009137924304020092
-0.02508752465169705
0.0330682802107628
0.03678368572170745
0.01022650798219068
-0.0046507028167702465
-0.007738579237856366
-0.008403573515630675
-0.00287873811291651
-0.005790210849831467
-0.015641566473250015
-0.0033257620673570456
-0.002778894002781999
-0.002463685642704284
8.263217042134977e-05
-3.465981076323595e-05
0.0017060648209380838
0.0035087068284272286
0.004538192272107124
0.004927175726502976
0.005035226216065464
0.005018720593892947
0.005079586814840489
0.006616173921512569
0.024111045353707734
0.005969049247796951
0.0055935753345008644
0.005425435426289198
0.008632672032291427
0.013290991118937674
0.02816945040957454
0.05830445421400153
0.012135179375497851
0.020620148828163334
0.03233412371834957
0.04111421565881581
0.008428294864591164
0.0043480834506585886
0.005462181375340196
0.0037585612016082454
-2.5461797355077366e-05
-0.002125082865045633
-0.004315999249779065
-0.006787420603712427
-0.008366730021136085
-0.009696426344100922
-0.011479523056062294
-0.014555690112280884
-0.0153486601990451
-0.018070232460308273
-0.02284595819380669
-0.02534574868848854
-0.028343090979796457
-0.029899577121996403
-0.03243864636996064
-0.02415868773720964
0.004909931319880861
0.012094911446428784
0.0313786576778835
-0.011299561776538963
-0.032261255511848864
0.02336265530745363
-0.004636088445080141
-0.024830758116706778
-0.032048620462719814
-0.02780267441078916
-0.023782513650625746
-0.023485717996247418
-0.017487145643255174
-0.013919475850956814
-0.011855499437578106
-0.011598248620476743
-0.011145170320188955
-0.011041361118270898
-0.005159267319581336
-0.008773871044878083
-0.006200678950546498
-0.003181451100408959
0.0006514424843035427
0.0005514097561286473
0.0033916744157574015
0.010916933896660545
0.024380081169152874
-0.000160607229244393
-0.012398379774248444
-0.0023161755573640613
0.03860326326839084
0.005843445376875938
-0.0019304822425162025
0.002577419063663201
0.008153030307331083
0.008645045554943422
0.007941624564348874
0.007213872747248926
0.006718588457510015
0.00633458851777894
0.006604648679513673
0.01060119840684587
0.007267725885213639
-0.012170816549969281
-0.0020340763671274466
0.009021550918146186
0.006619830765932483
0.0051281540281557765
0.003927422737761655
-0.0005124846526904623
0.0005684853572513586
-0.002520196336685638
0.0038445800113203824
0.0049432057221637455
-0.005910106301251855
-0.0044057703673160255
-0.003341818201606454
-0.0010649838310249334
-0.025288341609411295
-0.05697444572896703
-0.03261749978503848
0.03835234352063487
-0.004218673317380515
-0.007063124056647457
-0.01652999513545088
-0.013270960027927424
-0.00898322333644852
-0.00502390649536406
-0.03052055136843058
0.0002095240434415872
0.0032118652250402546
0.006242029272347501
0.008845087630374796
0.011490660363195843
0.015997298299363086
0.02386978016721361
0.022058547510862617
-0.04550271536766925
-0.10171927254606615
-0.03787950208791571
0.026464717765926994
0.026346532734818247
0.020117714223051416
0.016507930801519098
0.015115586683393658
0.011113342205925298
0.0131624877943973
0.012834311548261125
0.012793242059534088
0.012849919190775513
0.012780870192018415
0.011580598819284997
0.010834693210530995
0.01578632295347543
0.01373838963977525
0.012953689304899426
0.011644772182879667
0.012746276501509692
0.012527527321087686
0.012451434115854913
0.012344933598385562
0.010076322408244503
0.009430204632902926
-0.007140780542938786
0.009411200742346503
0.01119560022440094
0.012815234379540682
0.014212123243149015
0.016958933912022318
0.010481437323575923
-0.014532457162458596
-0.00355477839407754
0.02668767214901479
0.01739824515999917
0.01554658556545858
0.008066812898633459
0.012286827904340521
0.025906959169574983
0.023219926798081346
-0.0002788346517223667
0.003343320806501673
0.00551171532963927
0.006146058152357379
0.00611720495365859
0.005736532363765571
0.004006548265582986
-0.0012995367600181767
-0.007090082661487378
-0.0087754881912946
-0.0047782258200653
-0.0003126544717129053
0.004002937911977257
0.005889691507428205
0.005716753122134665
0.003381495349191892
-0.0043933097855941745
-0.017393784261425578
-0.009968952371346903
-0.02812084242755705
0.01076703467763499
-0.010769884583386253
-0.01163282070756529
0.0019991291611086807
0.00594274028036051
0.009707897113820804
0.008157039327698413
0.006269752686461079
0.0046406625541511315
0.003307840889751798
0.0019096739477608715
0.000815447770409584
-0.00029194274118065147
-0.0013949852668087407
0.0002511149948987258
-0.001470507365682332
-0.0025782982283652648
-0.0025967697899046674
-0.002646864549703512
-0.0013654060800125031
0.0010337727283235693
0.0010806990314202519
-0.0016035771007625898
-0.0038628045652674323
0.0007905109372329473
-0.0009004442716956791
-0.002073231395189755
-0.0001423610025341286
0.008617914231345853
0.01459799998937411
0.010642776918379364
0.007277771665967538
0.015795312554039296
0.005222735654921898
-0.0037728543345389243
-0.006607129471557579
-0.007629862481534178
-0.008685871541682438
-0.011191672259294185
-0.015857664753482815
-0.014887161531423339
-0.005482264585024803
-0.016252256795956918
-0.015035791657965017
-0.013017645035384454
-0.011027300915373017
-0.011055029270201425
-0.010752322507156747
-0.009576527209263478
-0.00807890183297514
-0.004049545529505633
0.0008614647411905925
-6.818177143599705e-05
0.020606869153691962
0.010274051067938557
0.011332588173187904
-0.007236657672379059
-0.021143567046323367
-0.010785223317603924
-0.022156413754347452
-0.00014666096646865547
0.0033981453820804437
-0.0005238985497868265
0.006982887758983188
0.009214917311893245
-0.011802367944845888
0.0060674808197967
0.01509696952866268
0.0014570908135019688
0.007487826634407391
0.015833177876358816
0.010245430416324443
0.0029848427783022743
-0.0022970894559471594
-0.005978855851128316
-0.00835544643935563
-0.009885734684814022
-0.010774055269744473
-0.01121483519843828
-0.012233350978517448
-0.012575023297380942
-0.013915414161031597
-0.013847975171914467
-0.013358184168303092
-0.013606998163936963
-0.013843401056771811
-0.014080915525560808
-0.014262121381759293
-0.014567677305738743
-0.01428550543102038
-0.013684158660252979
-0.014299496506438
-0.01471351663562257
-0.014416747204513632
-0.014417240316591723
-0.01439345788968877
-0.014379985484795868
-0.01400738231055065
-0.01050340531887123
-0.013086816621979608
-0.012204864407650035
-0.011075514935165473
-0.009327642681441107
-0.007703158268155336
-0.005608326401962141
-0.0028390962796561565
0.0003718723182568536
0.003804326596982159
0.006710532285783425
0.007377512301806676
0.0013705352542470095
-0.006509407034744498
-0.005944045605341771
0.021134478070763924
-0.04594840586562311
0.015267338052870031
-0.010698179504797673
-0.00379327571138739
0.0049922097190959955
0.006353526279106782
0.00396171526440009
0.0005862995131071071
-0.0027091336657681818
-0.0030054525946922915
-0.007758192270316689
-0.009474071596428444
-0.010626356480411162
-0.011273277200226424
-0.011926248315695137
-0.01202041945196657
-0.011887133812344002
-0.011505394090257966
-0.01099561281124671
-0.010461404397036154
-0.010488835567052756
-0.011046638927666996
-0.009048597723743735
-0.009239112004004438
-0.008489483977174557
-0.004726805370521338
-0.001180173854607905
-0.0027085013697812233
-0.0011511999148137839
1.8138100884591313e-06
0.0006899086392288863
0.0015442245690406673
0.0021866865645176884
0.0050639780338684656
-0.0321115021877339
0.005357880862955588
0.0010388235733930424
0.013880008847539475
0.005116680874360938
0.010474410263415605
0.014638195141596371
0.012579857642797935
0.007561641718854611
-0.0029802948311672905
-0.003985144514773749
-0.04270806357279984
0.02025694866026231
0.0018852818748853538
-0.004798627012520086
-0.0412715774522528
-0.010403459782532218
0.009550127181653068
0.007925496966660823
0.010090322790762583
-0.0015219323351234595
-0.010622797464315914
0.008655744765350542
0.009412217540057624
0.007478004537746894
0.012745453141068853
0.010307109649382713
0.006282811689401362
0.012057904839539772
0.006526149829788468
0.006378690623672151
0.005926064908346544
0.0018877657810303559
0.002484660634739055
0.005609077796634662
0.0044407249864197315
0.0029552713325325893
0.0015317185943246989
-0.00013102734813413096
-0.0021740806541549695
-0.002764286832460668
1.6766985999739658e-05
-0.003936740300977705
-0.04066554816074462
0.013897415246843625
0.002064212052840776
0.09729784284764177
0.008772143789988968
-0.009800008907031596
-0.01371049159923576
-0.018360656951993865
-0.009784279129606542
-0.009926741635418504
-0.006636423850952937
-0.0032933390435959963
-0.0016730809249394258
-0.002386161635755596
0.0017766662528684587
-0.0038268624704181106
-0.011136152854565371
0.03791729046544576
-0.01060482519120546
0.05309229908372548
0.020851592192723353
-0.06961934151605728
-0.11200605784573232
-0.0018839029870333095
0.006568687073695195
-0.012704580800875895
0.001088335751493589
-0.0030154827826464146
-0.005962313858222617
-0.006224485577611221
-0.0068236195626110736
-0.00765780338277156
-0.004055730460154395
0.0008609111797687241
-0.004290668663522375
-0.0062223983743195654
-0.005621371169506625
-0.005744995828592617
-0.006465491941591603
-0.0011701770780370754
0.001262327882167035
-0.005581966785884001
-0.004123650149044505
-0.002320561848929636
0.0015935482037969496
-0.0010020294646300705
-0.02495871834717096
-0.009968446715714823
0.007484195728988376
0.004493997921987569
-0.00013104105336489386
-0.0007087609743031287
0.00018144133129881484
9.759681149475844e-05
-0.0021353703816713054
-0.0009377146970747231
0.00417399324691985
-0.0002676275759078324
0.007165923878475946
-0.001717799375176432
-0.004195519701733465
-0.0013341943969629314
-0.002085777254629829
-0.002231500252534197
-0.0028518675529134803
0.0034778221717659172
-0.0051669756199805095
-0.00580981853689251
-0.005881525578101664
-0.005078469953638818
-0.003047610928443797
-0.0018441926672168563
-0.009334237554570326
0.032758216309000894
0.04532482890502028
8.653506739005753e-05
0.023983106809823542
0.005086375429728698
-0.0021535151072397496
-0.004699628719033365
-0.005120719332819871
-0.0022903557065817866
-0.0028016458431702872
-0.006267059659644753
-0.0011263410599544282
0.005169972476197751
-0.0008107987028696654
-0.024458020515609306
0.022442235567837122
-0.008445438181246934
0.0029170629034583613
-0.008439977373362953
-0.023669015498729972
-0.008111735887131882
0.006529593026292904
0.008869961635453949
0.011225564937041807
0.020766046061254772
0.040826848588915665
0.017818111216108608
0.017755877090935714
0.02169510984985504
0.04455023412917592
0.021855329999423755
0.0010040209560786355
0.0071511711772892575
-0.0038640746674728915
0.0020644361264836983
0.011080212737369418
0.0010290793603955155
0.0014381970244139095
-0.0015384249306057273
-0.0011035628661071144
-0.0036592583793351547
-0.002734366884592446
-0.0026352984753101874
-0.00529575541712089
-0.006810481356250342
-0.007098229090199527
-0.007287865899388003
-0.007625888817704918
-0.00940424552204087
-0.01649018828919599
-0.031779324342368534
0.023791761759068174
0.010014728100916961
-0.00264188682846037
-0.021395226003584594
-0.00407500043356197
-0.005980449380944343
-0.008236174505541687
-0.009740682324965843
-0.0093131950917913
-0.006803271123556626
-0.006530074226105338
-0.006753194521451102
-0.003332254982380248
-0.006215035182902272
-0.0008528805159892517
-0.00020273740760932442
0.004259671359283074
0.0042263204881393705
0.0020295693285873506
0.003408906610416257
0.004687673563643074
0.0059875323237796
0.00798263049102115
0.008548719022083987
0.011864425918450059
0.010121186155388165
0.04307166450357205
0.0215318420381366
0.0035328832175419165
0.011570129602114738
0.016495610094237636
0.025879550853370514
0.021511752224078588
0.011995402029921484
0.03670768261506372
0.018700753098957183
-0.003243121711217515
-0.01173575168748783
0.005215406682157902
-0.013151942712956529
-0.008073960242505335
0.012936764319967905
0.020215314389051366
0.011583325482737317
0.013450388192868567
0.021197041679541565
0.033229911212661944
-0.014060464748053175
-0.016816318199289304
0.02349912616930937
-0.030403319562783304
-0.018487980504675147
-0.04650580589479253
-0.00287341505389097
0.026896150722485055
0.02526340896916806
-0.01921848307035641
-0.03099148923543967
0.0048114324074505855
0.01660289489212516
0.00646600766202474
0.00027125540704509097
0.0026757012706314833
-0.0004062119755929007
-0.021006946496544558
0.004748105478067877
0.02911796503905899
-0.023294867959515256
-0.030719133229689603
0.002316105804030108
0.025121399205420832
0.006956228551550184
-0.0003290486685029234
-0.03468372041402468
0.00023478256684155642
0.0005559010035090259
-0.012482165722485363
-0.00875202871437817
0.002229849145078243
-0.0009282531328691139
-0.0027205321080036276
-0.0023475074777433488
-0.002431217286966876
