-0.0007047549805873282
0.009985831515533805
0.10814554566670917
0.10608705177915441
0.06717104861600295
0.009585692773044168
-0.03816553851840004
-0.0587330080073866
-0.06254381867661357
-0.05319521618974727
-0.027688578457219643
-0.012860323499834639
0.015189164921244589
0.03789635221032384
0.047590193195415596
0.03752342387589066
0.02652298482467922
0.02430675859495196
0.04031023375754357
0.06167715210728264
0.04530760398706468
0.004626239469386289
-0.008098226013541895
-0.005434540414159972
-0.005226372291567432
0.0040307521935421305
-0.02769487186479089
-0.06962339917206868
-0.08969191327392999
-0.09100433566640821
-0.07819568756293004
-0.024353462643509325
0.0060759978862053475
0.030234995941366753
0.046397305117732414
0.05415918203833231
0.03969331969835579
0.048055978747572496
0.03256739323126979
0.023389083402057118
0.00832071193897294
-0.00645941132056312
-0.019580004792493246
-0.0319754400393637
-0.0354152610942668
-0.0337047765537256
-0.024346490010052752
-0.009175569855689222
0.012512680177864789
0.04003500024899071
0.06766567620180208
0.062467807102969765
-0.004469880623409446
-0.08041800624293796
-0.08093797421119694
0.018228766637157882
0.10389266916284941
0.18383075555968695
-0.02311201946454852
-0.17565529146004574
-0.04630966205329508
-0.19172788556832132
-0.027295648420036487
0.027828229533275066
0.012368426941068393
-0.02380180791868697
-0.09549772209722796
-0.0813371508788374
0.017030621761358684
0.06558736931182875
0.05420592335243233
0.03092565251744077
0.009125545445039978
-0.007253154942827045
-0.01837931016955102
-0.025490820982264222
-0.030524486294285107
-0.03094482992024887
-0.027189854553187093
-0.020087633623543186
0.025534833054503738
0.03510808035589945
0.001044414449827449
-0.009810634547421582
-0.007771346916366593
-0.0036211826226238016
-8.208101187575208e-05
0.003922191317570249
0.009369511878478438
0.009609786563863378
0.011241730521594995
0.015564228383626096
0.017578689629987498
0.02177256921180123
-0.010988626668492572
0.019254990990435296
0.01721222642907982
0.008124562890698309
0.0008846845768491565
-0.003060803460803764
-0.010333085999199673
-0.0025903137180909213
0.00455872374712646
-0.02091559601415032
-0.03429071928051103
-0.04598120080324288
-0.05461906395466621
-0.058406071146000695
-0.05741322003621186
-0.0471848344602492
-0.031212437955220662
-0.04573419473197268
-0.007243209574687106
0.014110236758396328
0.02935878828136779
0.006985689151547189
-0.03043059920345773
-0.09374463744531872
0.18101196687066226
0.13748068504295868
-0.08564225877147413
-0.07445974667584294
0.029802985897612835
0.07566930572712914
-0.025802740646046287
0.07084462479243216
0.05037760917335818
0.027578202938594067
0.02643739005219816
0.013604542967566526
0.009926868882762549
0.018018625160044394
0.014550476741243747
0.0164694741265385
0.01620784752367776
0.01713645535326714
0.021516279950142856
0.029484538908396737
0.01708654906587712
0.016165229965775716
0.02765214240459511
0.02862002773021729
0.009618393249034284
0.01680505754997254
0.006577358271608577
-0.02488054076940293
0.00860619868633849
0.005996709465078193
0.0016017186014597685
-0.00972024419852432
-0.018994323105408408
-0.042899679414814984
-0.019447337398815965
-0.013001518700343497
-0.016270747031701838
-0.016747909277270115
-0.014864740318657052
-0.023332382022205667
-0.026765699957238077
-0.02915379895880676
-0.03143287637577624
-0.032719840600417605
-0.033421891450042054
-0.03313165962870738
-0.03579054719304699
-0.06113207147815312
-0.06620902613979174
-0.034370373034982755
-0.030570040931645358
-0.021875257133987584
-0.021324777635261777
-0.017633044331311187
-0.012911223171470844
-0.007534886828021501
-0.0030863140553926394
0.00687062134380153
0.007806263054938955
0.0029998963125891713
0.001374869832851353
-0.00027822165834362456
-0.013472661276809326
-0.0031254459587185916
-0.012244279401464282
-0.011704926066086089
-0.016454502996351306
-0.004517896152135029
-0.0014021735562881697
0.0009096990465209909
0.004741767058104421
0.009564647707685125
0.014581896131277835
0.019328632490982958
0.022950604406811147
0.027615191807531244
0.0233373483454848
0.02340629969007275
0.02525441210527822
0.03180185848280676
0.03299709745118268
0.03460136984996919
0.02738100361333476
-0.006295963664608213
0.009535495895864818
-0.016329082008984284
-0.010588308762861057
0.017734329963992972
0.03708420640149444
0.03290917398928508
0.02431113111597423
0.01645833681719018
0.03386460725778151
0.026300283803716164
0.03481346251838186
0.03551318661320823
0.03228570187283029
0.018876888108408776
0.03145204066935694
0.03218293834761376
0.03366497927588133
0.03042361837133727
0.030208888337312466
0.028584119031829155
0.027319269718578676
0.025193345228434277
0.01800920678966438
-0.0041958334772706435
-0.050407100966749475
-0.00437733587363046
0.01948539013652998
0.02711068030972104
0.028507979225783187
0.017148185809820655
0.022915311324399373
0.002291767861835451
-0.007016962670687135
0.013338888963284197
0.04371263481577724
0.02121251893776233
0.03303780298800134
0.03904859965020121
0.0027068430983844833
0.007796455035936728
-0.007759943580425964
-0.003953800400688197
-0.0009593181603487572
0.019456300985507623
0.021851739343063024
0.020917878609421958
0.04669520654004729
0.006323533934608474
0.09831632513694123
-0.0236230796194048
-0.0032196309348693822
0.00419083208785181
-0.0011265964353096916
-0.01234673166493515
-0.005074218380145365
0.0008373577442495677
-0.005984659396911223
-0.0312257441178127
-0.0029494155827967422
-0.0004827618844013047
1.7688722681133588e-05
0.006714641438359925
0.012026324621653331
-0.02860101245235458
-0.03070018622099989
-0.044305710479704066
-0.023009039213693624
-0.01094302686121843
-0.010868592278853671
-0.006013427410309987
-0.010140980438390935
-0.03557853955982553
-0.024232233282678997
-0.026239561613932958
-0.03867089453917379
-0.040052254692578206
-0.01843008655037623
-0.018634105998329282
-0.010332311301300358
-0.013512759462574046
-0.01322187324443432
-0.009817473943715644
-0.013991431847712616
-0.015231452171691846
-0.003590154437713209
-0.02005326943770132
-0.0209440677333184
-0.05101448341969538
-0.020483451554399592
0.017693316955250504
-0.018029615315063616
-0.05190361881979742
-0.024726953076137575
-0.016417090718927895
-0.015239988628856841
-0.014622141522753766
-0.03062934822303469
-0.026532828616356485
-0.01603028076686161
-0.027619839784839787
-0.04440343193287762
-0.04622021542978675
-0.012451239074059345
-0.009467893157508199
-0.0015966351671646512
0.0014732367270979447
0.004125330267030898
0.006603566384785872
0.012949674137173527
0.012643245976160206
0.02018299208990551
0.025318859039286584
0.03044056639813837
0.03633324864547255
0.03475160453405236
0.053660635670021536
0.06554971038056062
0.06440925295680892
-0.07702535252710736
0.028028699166708995
-0.007637594288360747
-0.0083105581160636
-0.019900545542803946
-0.00720429661322246
-0.021451904481019794
0.011574162709296164
0.009708805743056942
0.011145146602641381
0.02078993876896615
0.024382201157584975
0.0190864033388975
0.010213613868999294
0.015597549830067592
0.015787211100733254
0.007447048285165229
0.006449116199304811
0.004673293796375128
0.0022168319747128177
-0.0010169999653642434
-0.003354800378051114
-0.005426691504244454
0.002667389374973911
-0.010153738971951343
-0.010015990895152226
-0.010129426303728838
-0.009163329820882953
-0.008631488916426917
-0.011036780503517186
-0.007227470359779233
-0.009840428579010428
-0.01797260448501361
-0.0005625929484219242
-0.007727378543033393
0.12124406602017972
-0.0034719718708053986
-0.006285479362820219
0.0015188020808724345
-0.03265979011604745
0.0025004865637727257
0.005936841638552052
0.011395508577518516
0.011615454558553241
0.005625760890583533
0.006443744392179314
-0.0006210608715424928
-0.04594454620830818
0.023666211077243628
-0.001510960040410026
-0.05670328456391118
0.0009506868223748008
-0.018386044770686925
-0.02600379394149042
-0.027607412747826368
-0.01204757699168249
-0.024373231210312023
-0.01625241818539701
-0.005543668006475664
-0.015610173625948706
-0.05383123385881635
-0.028702773465729924
-0.002397541453489671
-0.009482208059284219
-0.01860254963739085
-0.02411156514867783
-0.026940592643139097
-0.013266576102683917
-0.027880107158253675
-0.027253251896013436
-0.02789289816101391
-0.02775027690620319
-0.026764999732982173
-0.014061191222845881
-0.018563163672267735
-0.008371641595539306
-0.01575015837081367
-0.0037808885958298616
-0.011021024997167634
-0.009566125870863959
-0.0078095631087775775
-0.0068651183325250794
-0.019965644489652313
-0.013336079396161176
0.005470355736863708
0.002855588928989857
0.005290246834009512
0.0066260352925469725
0.012837083780168637
0.010127061964405264
0.01757617485724123
0.021626916281203973
0.025746507520809914
0.07755423303271479
0.021883244524344155
0.029397660239828958
0.03405529575285738
0.028901051361463776
0.017022890310079655
-0.002831842535163458
-0.028650121739446133
-0.048585843341706576
-0.023791537740561974
0.06191860808569815
0.0009692170322846618
-0.013891017474259507
0.03139683280131405
-0.011015687553476275
-0.0892255739655444
-0.06885886753403334
-0.033857824352538216
-0.002101567069393787
0.01926362732373107
0.026350809511487223
0.030111849927744162
0.02547997151505772
0.013279328585541214
0.005826621133226581
-0.010632007414468809
0.012573497754256703
-0.006785204383281561
0.005386177083725293
0.01588189493065611
-0.0016664044512287408
-0.012226772821755095
-0.01315855024376409
0.0021789630941380913
0.007290884885548883
-0.16326975143132996
0.011605600741594875
0.0010258172915045786
-0.011159549574644713
-0.014325835594714491
-0.017377587106006447
-0.015482468459977703
-0.012411073998359074
-0.013231967300388186
-0.006944475086813782
-0.011108271265442022
-0.009602693593421753
-0.00823407388654334
-0.004073883778193901
-0.00742465819897573
0.013471848936835238
-0.0005835650699685035
-0.011825096268741559
-0.011882286481660814
-0.005855970002072518
-0.04471916945120448
-0.0005375294603189555
0.015943869169454596
0.07302485794836601
-0.01212591718374477
0.01131923625504588
-0.006661448425429808
0.014584760148310958
0.015073545503884388
-0.014133408873521899
-0.008005352630683827
-0.0031930326839584404
0.021603293280646214
0.010768076055083002
0.01316370315180766
0.024953234741045258
0.01904693096379898
-0.02665102116374824
-0.09356029378785334
-0.08767595911667737
0.06554548236821851
-0.015501584977143634
-0.009308434286801575
0.01149097882793738
0.012180839083720118
0.010679880680729741
0.006103803622584188
0.0009150557200012533
-0.00610623693933498
0.010319269730435024
0.003328418556992342
0.0012037333162289875
-0.007501922909734668
-0.005146438078724116
-0.0030620904067672323
-0.013526229932892276
-0.01761987103545673
-0.00850309458605355
-0.005136775878637719
-0.010099768597975383
0.0029291975353913555
-0.0018870739878045688
-0.009749863360358777
-0.008168375069569214
-0.005420660894047521
-0.003686099490320273
-0.003206235634272467
-0.008374555156885696
-0.002982709439565578
-0.002074169542701709
-0.0032886390572270884
-0.003312385298455158
0.015080230640840941
-0.004111946718031278
0.006281072098946612
-0.00042390447211880365
-0.0018193990721563553
0.002415268377102096
0.0034786465553192543
0.0038006851945249073
0.004494927519972452
0.005123606555530322
0.006104249301599616
0.007047886844400741
0.007922979402425583
0.008307365370880606
0.008792920705383516
0.008714682686069307
0.009719843028263925
0.010098765613441451
0.01032834377981975
0.009970747126908068
0.010347005216302546
0.010837700945217346
0.010981178622099725
0.010773926984103342
0.01017075014578475
0.010246043456131127
0.00745813353137955
0.00921660869177785
0.011882134163246738
0.006837967209177876
0.006744321841882215
0.005215943797882915
0.007153939321065634
0.007910228482961761
0.010102991611068715
0.011303386506923696
0.011560012685585805
0.030427303700071795
0.0018182908456835238
0.005457870818945184
0.006761101562886536
0.006757789055157695
0.007336706361789659
0.00849815101630875
0.00981734650959881
0.010884972444560655
0.011371553264496279
0.011616125260587529
0.012945167239983351
0.013505869311834938
0.015012461361225351
-0.048815982241476145
0.013302036010632325
0.0134803653411784
0.013183310577503536
0.013150148907399314
0.01246149398321109
0.011718659687452294
0.011521784145633035
0.011766394067467505
0.011407842121275073
0.010505510355559558
0.01506723600250896
0.007868363159187753
0.008372770313760923
0.009126120533666479
0.008806154688378394
0.008159008036007255
0.00781554283051508
0.007040299535673028
0.00568693216300762
-0.012220857450240721
0.003189721586484612
0.003139869837881715
0.002693959041542359
0.019115597785925326
0.0016118260235146993
0.0017155318087388343
-0.0004775232876264818
-0.002341417515791169
0.009280199097849643
-0.004500880257461212
-0.003532271848961438
-0.0018135754210472947
-0.0017608913743712383
-0.0013577896476950093
-0.001614387718772353
-0.0027279024736809555
-0.0023346061772134357
-0.008036101566418628
-0.006219758285783459
-0.004762177180018051
-0.008542933001174209
-0.00583950608603128
-0.006108884929540752
-0.003458510105601729
-0.006523752565035936
-0.00948803226069449
-0.011355186282922728
-0.009422450430988041
0.015274602741216468
0.040059381705080735
-0.004100125839465803
-0.012853767320658233
-0.008021801750810307
-0.009470760793414424
-0.008592600284891753
-0.007539299920124891
-0.003741663048058155
-0.007101216307852128
-0.006908238351933016
-0.008538021926306712
0.005574749293779019
-0.011628516836512942
-0.01237142315673787
-0.012981969323341976
-0.010667215822597236
-0.010737972860872927
-0.01317007911372283
0.020908904620860827
-0.004339649072254246
-0.012746501941871586
-0.005794603669937264
-0.012291419359470996
-0.010808831447332726
0.018179219869160955
-0.016473842697318716
-0.008888111789671813
0.02922468685545205
-0.004461819304968145
-0.0028086282610057236
0.0005572893048832236
0.001993032117309687
0.005433565428150173
0.0059962220749306405
0.04884122000344163
-0.02753926522667129
-0.041463670081233674
-0.022960504415282523
-0.0108210067170681
0.006722281566657377
0.02361082327168989
0.023206660308098974
0.01940927596878306
0.011593171212415964
0.003150789461089732
0.008947118015768588
-0.0016623083869748614
-0.005851362535040561
-0.011486224714261603
0.02506761904124316
-0.015432428060681543
0.0029109437122875736
-0.009373980025371735
0.0022890532420929382
-0.013924946063032014
0.0017636471470384694
-0.009352632684289784
-0.003949718401647627
-0.012385731511960502
-0.013566467061081826
-0.014199066875461302
-0.01467619599509164
-0.017032001851552393
-0.011457568406616053
-0.015541551724384723
-0.014624374888640676
-0.014369037317204895
-0.01418133383599998
-0.014059206528076096
-0.014214682827848013
-0.013168540420286137
-0.002585787289048014
-0.01465883081459504
-0.01619483369596376
-0.006169090118124678
-0.006889414784047169
-0.012673519799395735
-0.011858659757682593
-0.005097788857870195
-0.014189182993997258
0.017998748803495692
-0.010780630977039086
0.0021178784145875745
-0.006502789764199409
-0.006177216200001512
-0.005932690806701268
-0.004721459099565275
-0.0008323205293177591
-0.0026741417923567654
0.00048632010790822103
0.002177926957603005
0.00929617822443303
0.018660769644130843
0.021198317818181715
0.09426456113641453
0.04706086164890961
0.017225067352133246
0.009099913227828566
-0.0036892262014864307
0.006230070924141594
-0.004440053252086418
-0.004317888110026073
-0.008442149047842018
-0.00405433112623255
-0.002407030070416281
-0.001641154090204041
-0.0008571264956570399
-0.000808587760630704
-0.0001892259560131746
-0.011438470768387015
0.0017244816925753065
0.001020911117247157
0.002406770417863118
0.0032331485308272315
-0.02118219079602806
0.004280815809345106
0.004913465548560986
0.005279571058034498
0.005241094170154673
0.005320506662562544
0.0049321642345788504
0.0051006268907152
0.004392344367318106
0.0036279597193898767
0.006459688813895944
0.004969535668217592
0.00446615164539055
0.006323952773072885
0.00912034100815299
0.012252672430222267
0.01720467104418504
0.039478624378848116
0.008557486906988356
0.005963850027674615
0.006551849674991789
0.006605826598896649
0.007182323629305824
0.007388593158859295
0.008161927651149505
0.008561922168715902
0.008552149152414116
0.008189336194683546
0.007375674423545751
0.006006800929618277
0.0037892553118527247
0.0011913257127989505
-0.0018402269278817052
-0.003696606353392178
-0.005228804074902416
-0.003541535949871162
0.0038560863028273104
-0.006990600388647166
-0.047689572708485437
-0.22857936950570593
-0.05273520603119594
0.0005188334559475496
0.018875812818529455
0.017753613028350216
0.011600239518819975
0.009946881342380559
0.005367308302227735
0.0062726584570743414
0.0021716630165421434
0.0005035186840554532
0.008220227904287834
0.0016337696418745563
0.0016685082370317583
0.0016811656806120323
0.0014436296961408451
0.0009812579866035453
0.002438636213580137
-0.0005313762424304179
0.009155689297220776
-0.0034484844236910605
-0.0014083841754679379
-0.0026520874218202164
-0.0016511352532294862
-0.0027265291954165875
-5.820927700871538e-05
-0.0029033779388335946
-0.0027448406922647084
-0.0018226799598124958
-0.0014238544005671138
-0.0024996066440915628
-0.003773749878593895
-0.0041961120107732
-0.004240948805320006
0.003514896725714449
-0.007512801410847869
-0.009218316318653186
0.0037100590995787237
-0.009817790553600849
0.010534610811101075
-0.002621828494075803
-0.008146223054515688
-0.00653978211118022
-0.006316679753076502
-0.006051222359771969
-0.0071186407483538675
0.0014500484464462786
-0.004388616639621747
-0.0032902672659120675
-0.0010190205014802983
5.3676188234148584e-05
-0.0001885610554674254
0.02050882625885857
0.010108277304820364
-0.010796529644740588
0.031217892906121994
0.040618377536023126
0.001798957264454645
0.04838906003186112
0.07151260069490119
0.009751745076757091
0.12721193705486206
0.04890325972586067
0.049302145091080385
0.05062017085517095
0.026441609410591788
0.021632267337546685
-0.023880948038702075
-0.03198899319740191
-0.10635455876586866
-0.012112300435264265
-0.0015070151971151326
-0.0019028837648627929
-0.0053545741212308465
-0.012081276486128863
0.0023919080865325193
-0.010076817436853227
-0.005359750663949644
-0.0012054741384344883
0.005695377905458895
0.006050061293778132
0.007477216979624581
0.009394748676261477
0.006662300571144587
0.032520499682402886
-0.009288015536478102
-0.009038462930509668
-0.006503008986276232
0.005813056153100155
0.028966833813076697
0.012612862522279228
0.00907881835882476
0.02002919311197022
-0.00072975428220784
-0.0038081295178435683
0.001581376124848557
-0.008684748104936293
-0.009802178261875936
-0.010769439908105713
-0.011661848962241046
-0.01232401997504982
-0.012668343106183139
-0.0125589433149996
-0.011774172941655078
-0.009835907222948427
-0.010353973810161694
-0.012150213966199853
-0.01252043791367891
-0.015814642342195755
-0.022647107988379028
-0.015995757611556326
-0.01315700452741531
-0.014483285675968242
-0.009148644027188936
0.018270665093053636
-0.012883713152956925
-0.010635972266197308
-0.01419392281651379
-0.028262159848794405
-0.0456167009825179
-0.041371743587004794
-0.0068906151181965985
0.012952230012439022
0.00022323991563539603
0.0022284166352480317
0.0037374686252807476
0.005803328602358118
0.011300460724117929
0.009398209608412237
0.01105594511644328
0.011440746771804247
0.010180447693778126
0.02328259113271111
0.007953900336490457
0.02552704052055219
0.002146170882842252
-0.005290810890167661
-0.002377079749675434
0.0003115046686903444
-0.002461344972640921
0.0011745715350962613
0.010954981286418013
0.03916483955650973
0.016985902597328562
0.0019228102103240714
-0.004078021984862793
-0.008836677976289379
-0.008400643708697409
-0.00542756820565231
-0.006381739735459992
-0.005769428102451801
0.011925337056769998
-0.0031293129460098538
-0.005382964453117739
-0.004587294616240487
-0.0029765180652983865
-0.003527989927188696
-0.004601882020578895
-0.007167470454164844
0.031867819347339434
-0.00935189581129334
-0.0059388449938439485
-0.0041127165237866145
-0.0019648695335224616
-0.004747840916113012
-0.004546344679880412
-0.004357488974018705
-0.004419131150562385
-0.004331352759699299
-0.003961501387879317
-0.00467530531493331
0.0010508753752668121
-0.004457510513991948
-0.004541031145297967
-0.006152010443522176
0.02281291357234979
-0.007252843103275063
0.002363267937049012
-0.004416157297667439
-0.003058868317295465
-0.0027650970027797693
-0.0027432203954625236
0.0006521073276238432
-0.004316903746137662
-0.002984497013250042
-0.003336820491988443
-0.003039505404768251
-0.0021020591393903173
-0.001777300304441091
-0.0021140553977293695
-0.0025135855827006035
-0.003398153299980308
-0.004531216297780674
-0.005391769461564922
-0.004369636959772518
0.015030217958283063
0.041558286977457094
0.028548421329980856
-0.0002353438747090234
-0.02764031670320954
-0.00431074792541246
-0.0010555219766410723
0.0012986743717314248
0.0029887023513130487
0.003784423146782154
0.004014479764259088
0.0007365401007264486
0.003782779902947174
0.0030848332787209672
0.004291706676637495
0.004510582503584617
0.005741688221116434
0.005648314101407252
0.0006045659153986549
0.018570945792308707
0.0014620521138789463
0.006374526656650688
0.005563932791772637
0.0038012774821346886
0.002452237372956476
0.0037576657558867537
0.005218223625946979
0.0027691117279758115
0.0035478064018978203
0.0044170934087558456
0.004797909569632805
0.0045837232726040926
0.004311906799584842
0.0036582878903903483
-0.002552868130145734
0.002922322236466834
0.0025184791720863913
0.0017610002948755623
0.0005886495384876614
-0.0020748051799007092
0.0018158610752022405
-0.0024257892735227698
-0.0032038091827155633
-0.003027779450551298
-0.003806957760244863
-0.045251161571503315
-0.0034291061966980757
-0.003446748680550605
-0.0044243857021044886
-0.005170966749729159
-0.005166928472300406
-0.014165612205867147
-0.008327476654806102
-0.006424794284221279
-0.006326704940989414
-0.002252749394189155
-0.012732755739259518
-0.008989359397259294
-0.00532037128912344
-0.01462219590272112
-0.030614734009410317
-0.022375978473848743
-0.011290005115851626
0.031214678449461995
-0.006723670990748249
-0.0048322300005682155
-0.0043819343787916375
0.001010670224339016
-0.0028966039873728477
-0.0037984860964583194
-0.0033497999219053876
-0.0033572904542065094
-0.004119149330902314
-0.004060410399439443
-0.06279232787374692
-0.0062433939550108905
-0.0013706540223971347
-0.003910445682071513
-0.003988247985460238
-0.003309390100924935
-0.0032225861381091087
-0.006767431197342187
-0.0031971555092524633
-0.0032466928169277974
-0.003389420160612732
-0.003694183248574294
-0.003947130334091887
-0.005082216121810636
-0.006253152659087777
-0.009646106003871684
0.004923875958149664
-0.015688813007114878
0.014326247059411905
-0.014575463534679851
-0.014753778486861484
-0.009112107679096277
-0.005613326160676231
-0.0036214899336498687
-0.0025224662893876797
-0.001991498726953819
-0.004098887680261068
0.009625605312147734
-0.00036691162757791047
0.00012803293354118902
0.00047713787162689114
0.0007373082835451064
0.0011669813859539015
0.0013721138989709505
0.0012879388563422235
0.001387346733905921
0.0012753441023394497
0.0024772362014459995
0.0012337708561031982
0.0016096409247219267
0.0015175626693480454
0.0012571096438129372
0.0018266289781686705
0.0005903652484056157
0.0001822290614413908
-0.00040676716550130905
-0.0010542856515454806
-0.0017260280322346807
-0.0022836982467037536
-0.0021218818613574033
-0.0007246384055265624
0.002898315604077933
0.0063369102046044665
0.008361747225389234
0.004136135384530946
-0.0067585728738486376
0.00527752746664044
0.005036466554513613
0.0014644004052787984
-0.00022768882724965745
-0.0006937421626059077
0.00039496011757663346
0.0011351922831415507
0.0011429649211062154
0.0005368321831043977
-0.0016598707922352342
-0.004998184598990173
-0.009496142146033712
-0.015044203510936528
-0.022920707064824696
-0.009972081585054719
-0.031229220068274343
-0.021574719323464737
-0.011804538812448173
-0.009228993938340452
-0.011780685385064424
-0.02415947746084244
-0.033863041349366116
-0.0007428335943619803
-0.03149488605381753
-0.01765345027789202
-0.008909920582478538
-0.004187015629004948
-0.0016561025107048922
0.003105171312669708
0.0009202952530794529
0.0018308957956376189
0.002490681434361532
0.0027827311235884
0.0028747525202961325
0.0026471676115640374
0.0016285225264797945
-0.0017134962481306342
-0.0015349208116932566
0.0056577935028216605
-0.003687488408773092
0.0007444892220699361
0.0026574169042787154
0.002982600521427475
0.0028238293821087456
0.00240174743697727
0.0016053943573964878
0.0020731441243810617
0.0028730836944893096
0.0023617181897297728
-0.0025274351654736653
-0.004156629871053009
-0.009717036087594295
-0.019572875259294804
-0.025928443890964964
0.02227068700073135
-0.02498312777573696
-0.02611971586275177
-0.010244711491261885
-0.0018979449141007633
0.015191280526012953
0.008269517825187468
0.007318445267584043
0.016436750644134062
0.013925886191287075
0.011641739194005025
0.013185687687809889
0.01574005654869296
0.0072412763556809106
0.0018769434110874218
0.0003389770636999672
-4.753722349646235e-05
0.001102023760539923
0.0011394309361055217
0.00470073655068275
0.004390000770847585
0.0016618202634555825
0.0023699785677065216
0.0016197783036222052
-0.0013079157477496454
-0.009080660872161792
-0.023935201723267994
-0.026553492864688187
-0.023598434565925572
-0.01138006592114185
-0.005311623734232973
-0.0013253295278590686
0.00034452452530656964
0.0010923729369002619
0.0008598929464284127
4.5774534911801105e-05
0.0032228514597076956
-0.001748585607770377
0.00031633093625299573
0.00042401219533813063
0.0009587821769407104
3.715351427550937e-05
-0.0011248599950823784
-0.0028551095807671906
-0.005661204987440595
-0.009995935894439633
-0.007351141427743975
-0.01106498500827076
-0.008983273075605536
-0.008939033651355111
-0.008098490836445241
-0.0038097757242291216
0.008807539289567751
0.029445840743001807
0.01693172928310564
0.0021607099520572
0.03273331368081252
0.015550820024111772
-1.4713371256902768e-05
-0.004078508348582755
-0.005748386653171439
0.0032214025936385445
-0.006925709221766779
-0.0025817886574471
0.0020889739706712466
0.003503918718514175
0.0034120306904417445
0.002389736738416305
0.0023363700134588976
0.002047257318343382
0.0012002667264748466
0.0005897360953370962
0.0007881834650732512
0.002297812134923525
0.0038258842884638196
0.0060209485554631416
0.021769549756944017
0.0010543575085628222
0.0032824117043670237
0.002787538214474723
0.0020948014958354607
0.00230990425754385
0.0026918432500372394
0.00369076409393436
0.0042216866402080494
0.004596214660679221
0.004724240851228117
0.00475148187885316
0.0046224761944785205
0.00443762122835137
0.00407535392359
0.0034144281561608574
0.002113944048933823
0.0019600029148563285
0.0021472321774364304
0.00220473644164134
0.0018678639246532752
0.0013743627702992442
0.0014517061697978569
0.0004932412712947098
0.004049653349673419
0.00020823186471816425
-0.001213680327755327
0.02657606005455281
-0.0007052835903227416
0.0006848533644728853
0.0007800147278559453
-0.002622470522220805
0.0009433523822209725
0.0011473346848766344
0.000930215889270789
-0.00036102126257971556
0.011081949813505921
-0.0023683192288298815
0.0020051984468345565
-0.0019179891323857243
-0.0003901668486892259
0.00419232708421768
-0.0006320830214702395
8.519169976480668e-05
-0.0007605907232876008
-0.003591271205394707
-0.009136484400238213
-0.016629231908072407
-0.009552999074358616
0.009541494994119418
0.01895135565030526
0.001251794720164218
0.02981274612804266
-0.05271852065442392
0.004794512568835328
0.0016691289900766296
0.010619311934078456
0.010325758246606578
0.01320553334259263
0.01288704687354761
0.013038862041857677
0.008606399733986605
0.0006832436219363346
-0.0010500791171682696
0.001662570613891047
-0.0012292098509167635
-0.0017012365258949223
0.015186293487280355
0.0019314578796347439
-0.018973753803345636
-0.0063118914563239014
0.008781790203484019
0.014115553149989257
0.016427363756819427
0.01604661722601945
0.014627804584017537
0.012758646851289612
0.038552599280016864
-0.00314287987297001
0.016930657334895485
0.0037836999144180857
0.00934060664784427
0.00888126355687078
0.006540754605130084
0.0036024320559772125
0.0007996328637698614
-0.0021269180159587072
-0.0054543064762394445
-0.007146516879109065
-0.00989968996207321
-0.008918526403259438
0.004184873303797447
0.003172479652357245
-0.008549127410635352
0.0027028589352606825
-5.10483561875522e-05
-0.0016314941915081007
-0.00350027924757305
-0.0029723152843161233
-0.0015929900675897782
-0.00034520419882210033
0.0025199772821548365
0.009929187788765375
0.0030348444233025216
0.004293682660737313
0.006092836362006693
0.0037745492888358765
0.004507489827634735
0.007335506267971775
0.006587154681377328
0.005316313911375333
0.005647921256583519
0.006084280257911961
0.0015136654068641838
0.0001664255422709986
0.0027138630049705643
0.04440964701798652
-0.000669604569635125
0.003590127144699079
0.005141999526200779
0.0047264868140427
0.0040197005608512675
0.00261884548338623
-0.0008979015545466966
-0.007344613069095519
-0.010225226607974812
-0.006299166817567579
-0.0010666402833874086
0.002715584032194833
8.210410836497121e-05
0.0009056170587196903
0.0007923987263858488
0.0015388720935978746
0.00018639621553155188
0.005019421265915249
-0.0005628830657689172
0.000288243998757099
-0.0007695819555957547
-0.000819153426283141
-0.0014227945984058383
0.007450109147064788
-0.0037878767431572496
-0.0026442663595964222
-0.002639804470744511
-0.003011124372185097
-0.003452238826661771
-0.0037094073999260333
-0.004149476829188808
-0.004465313312062373
-0.005719035576951677
-0.005548860453593354
-0.005612664718401775
-0.0071201429908544795
0.003982399935938145
-0.007205442463554947
-0.007267662465861557
-0.012305978108467208
-0.006706860693034414
-0.007445651434686893
-0.0072448937763664786
-0.007684955168827813
-0.008354413315544646
-0.0012981757263807736
-0.008529792385901444
-0.008993794423082246
-0.010154731746133705
-0.006834916770182741
-0.009409805401094378
-0.008023181231532327
0.002341290802278453
-0.009150648325240965
-0.009098781947851504
-0.00947067514138685
-0.010749049507299147
-0.00780487131047551
-0.010403767112958331
-0.011999477808172383
-0.011913099980158407
-0.00699436230290637
0.002697002708974367
0.009211644938640837
0.0072067316261371335
-0.0035063017439544613
0.007890879430107996
0.009106781822082233
0.007401173942557422
0.0045157768305027985
0.005450836853919343
0.0014927200696157389
-0.008039967067873112
0.00046375470346422316
1.6613738770920183e-05
-0.0007678405936592635
-0.0017548117588013267
-0.001730565515497406
-0.00038280746368349973
-3.214976939771692e-05
-0.00016847638500356143
-0.0005320820240380245
-0.0009324251636054176
-0.0013054800920033285
-0.004216356038254964
-0.002820528003192348
0.022273821599417147
-0.0035438946364261172
-0.003268911579320264
-0.002501312184840002
-0.002146173230303521
-0.0032377953576648894
-0.007681852740369247
-0.011941813137967246
-0.01729006836776965
0.013316573590299073
-0.02307648629721731
-0.016691460042363018
0.010818832076425876
-0.0080929490862367
-0.00517629787342734
-0.0026325163721771213
-0.0013680747083875296
-0.0005058958737422625
-2.3288764812126243e-05
-9.725746275889574e-05
0.0007430697156782052
0.001017653564049148
0.0013809739468477061
0.0016499087197830472
0.0002607420257285841
0.03066346102340269
0.0034578502664217394
0.006537687341130536
0.009824770953839473
0.012853486743744542
0.017643159738001877
0.021161765457132123
0.012241822066238132
-0.03920043760313765
-0.02976347924831435
0.12225338439497492
-0.05861416056380631
-0.008617338709865245
0.02489272149801302
0.028068204150562694
0.023320988178089513
0.01685108138184718
0.013510432188629238
0.014122634055299415
0.01383227128389984
0.012457138344641546
0.011123879317443781
0.010079151522139503
0.00879491333424747
0.0065133694995657505
0.048090240583815676
0.005999690687368344
0.007804811418659347
0.007926524837238614
0.006009571295138594
0.008383654158625683
0.011785254021407267
0.006436100431219896
-0.001717740859191086
-0.014106763003325211
-0.01586674281878235
-0.019538099089508792
-0.012102588955371174
-0.001398191958861689
0.007985834683674543
0.013950676726833084
0.012555501612175316
0.011263410932358964
0.009987444914353593
0.008912077357452723
0.008005297583918856
0.007108319091813066
0.005809034819976053
0.006148132258838666
-0.001887372338818563
0.0031425785128850465
-0.002902935033610306
0.0018603616236665067
0.004339311191548857
0.00485214240192659
0.0038970527433416433
0.02055372894270297
0.004311345165086123
0.00439836208076644
0.0035638009034904515
0.010626049501207338
0.005448439184498824
0.007623345588914901
0.008301768531861072
0.0076958908404391405
0.006438849344788393
0.01821824366950529
0.02115742914912251
0.18206108319925748
0.02580352642992584
0.025985053937411698
0.018440178498981028
0.011597790196108036
0.008621848655470632
0.005539787437573702
0.03648769960551286
0.0029236565395476966
0.0033104658643928627
0.0025246817922993468
0.0010867197472771797
-0.0014047601884711056
-0.005122928140270232
-0.011005366405123538
-0.01722559643483805
-0.0058733513406705
0.029349705713855402
-0.007062834882760814
-0.016348582508422395
-0.009906875224712498
-0.004745730673124021
-0.001603342159948133
-0.00014354107850956976
0.0031344846464230135
0.0008572128293729936
0.000923242081827108
0.0006833266645379494
0.00025277734908852884
-0.0002830318501846331
-0.0008278769632224998
-0.002736891857661613
0.01898098874640818
-0.0028290669179864454
-0.0032549039396529336
-0.0023418577974391687
-0.0020356669962928683
-0.0025070272613616947
-0.0025879511607619166
-0.0010558902302660006
-0.0033515756189768453
-0.004984593216765982
0.02309780143169003
-0.005155571044463274
-0.004039791306097403
-0.004449305702099324
-0.0057920710955942905
-0.008240688674010142
-0.005285700313726436
0.007513624422239442
0.008820008302088752
-0.008888697569599771
-0.006204088929935428
-0.005473440703537972
-0.0186836110714338
-0.011726679033425162
-0.016110706949878182
-1.8742465933517417e-05
-0.009374333323012428
-0.005038728631876924
-0.0036665195018179752
-0.002870124571591825
-0.0021279473486160412
-0.0015293404400665408
-0.0014397896592793986
-0.002879986769797903
-0.00735397178983536
-0.022267353589437797
-0.008441039158026907
-0.005009152983342039
-0.005267115616054009
-0.006064807565889472
-0.006737207283805101
-0.005785408464392876
-0.00250603933021168
0.0030779571094203696
0.0035886227178006046
-0.0037086892328884085
-0.007416694420516782
0.0023555330185037284
4.157633028876352e-05
-0.0026506350616639996
-0.005439265742871452
-0.005553327248702194
-0.00473812984221797
-0.004064400682180173
-0.0035412187965557706
-0.0031536707185465724
-0.002508244021975147
-0.0020592802042256894
-0.0017079782438246182
-0.0017047915564489876
0.001194951234250606
-0.0020723891417893663
-0.0003076980591224258
0.0004365294760135902
0.0010087194141193676
0.0008692564748093304
0.00020755521159265166
-0.001235998765341644
0.0018808254512451825
-0.00041698841958952716
0.0007028755756761953
0.0026394468109678043
0.0033309204495715295
0.0031881806615883233
0.0014612778906254599
-0.0016372661133680824
0.00415743815975908
0.006039523660501625
0.0018801787280038112
0.005326582405708928
0.007000982156783484
0.007869278682290646
0.00851031993872981
0.008911551049457294
0.008498389165789868
0.004445853189105248
0.0032322267635774755
0.002641413511899739
0.003838944501554899
0.0074927126346372155
0.007767708950249506
0.007031815100776861
0.0068392433434456635
0.00540551874437092
0.004626967692192946
0.0038878548842665524
0.0024895705678382313
0.0002442040449654966
-0.0014246235316508515
0.0006186593955952733
-0.00343900580186489
-0.004162670862040344
-0.006153778883505229
-0.0034392646324723822
0.03649600570013341
-0.0024082023279847964
-0.005997056535491452
-0.0011769574044568497
-8.44845302950177e-05
-0.0016317493294387535
-0.0038258930371932822
-0.0061548709754049675
-0.0025307675822553418
0.017576416795666083
-0.011448254899635352
-0.007216602391869097
-0.0018236241858149926
0.0010375011648424137
0.003140847331087779
0.00508709634940498
0.00673122769805754
0.0081018441268001
0.009110768127433602
0.009678468597504342
0.010232774143508344
0.010534293816968463
0.010751317471014795
0.010856958694401753
0.01110391465187505
0.010653887346116725
0.010440013153580584
0.010216182758132
0.009944728458247398
0.00961301270409553
0.009237618132079524
0.00838948720151461
0.00783804445100738
0.007890150819648157
0.007966704579427296
0.007634059014388061
0.007172458748293311
0.0067422206000821334
0.006277073831257704
0.005603234511484509
0.006488837780345946
0.004882647257365531
0.0045674575585435565
0.004023582216228733
0.003370386546897509
0.0026401563616571927
0.001871292558362735
0.000856303383840442
-0.00035777299888447325
-0.0017279384902398084
-0.0031066830190783503
-0.004093903311162836
-0.0035272274875400027
-0.0027235131181924718
-0.007645110024708286
-0.02566484990499551
-0.02248531410502283
-0.013687729212020454
-0.0034620321003155804
-0.003427666083558045
-0.004431328842289644
-0.004018864125428444
-0.0029044211312823217
-0.0016406957471426288
-0.0005110019182011292
0.000735348546243706
0.0013312598254153634
0.0022226180785056633
0.0028203127679750323
0.0024125556851489925
0.0039390423630587465
0.00440618500273651
0.00470220322859142
0.005212331419300854
0.005655917341662532
0.006067345974509026
0.006302543599426191
0.0059588517469593635
0.005613366033572261
0.0060758404310360566
0.0072326379359993285
0.007850236604331966
0.00837843405146675
0.009143798374093964
0.00975083355317511
0.009065774044669996
0.010400398076827626
0.010168615653805273
0.008074432322589588
-0.00022175790848237448
0.007100024816720391
-0.008980145048482711
-0.0003749031668179734
0.004967106611515885
0.005741465320923296
0.0071754936205651485
0.006361155873554068
0.0035774126778983137
0.0020512484206728927
0.0019463119497397225
0.0029587902008229006
-0.018639024784675523
0.00027477229984171087
0.00456756499642141
0.004671176796153568
0.009438914207050278
0.002612472893613208
0.003773617524316052
0.006538870794427869
0.009496870768583932
0.012846381013308135
0.015916595241114998
0.013493882602703849
0.014381475840587259
0.01506425402365042
0.016479274967104104
0.015300968783377094
0.01583963230961983
0.02016320283988755
0.016546933659989237
0.016690605944498744
0.01651599623955763
0.016556826152447343
0.015882361379119102
0.014824298193648206
0.013809335838510593
0.012598758297206076
0.011175175117727771
0.009838024438327148
0.008729465953784621
0.007994917251824963
0.006546791049066423
-0.0025759648120777085
-0.026167654800192765
-0.03219649180259459
0.007068833294409171
0.013194507165486707
0.0056548845708915725
0.008743391179085567
0.01588900703018887
0.017912207337261857
0.019690708777960322
0.019235199974572067
0.019844973744636084
0.020034751215291333
0.019726228658705623
0.016819925311315983
0.01847762875205058
0.015332795409656963
0.012107960060585508
-0.006510169820532618
-0.07369234602221009
-0.08040638087474225
-0.007415755819435021
-0.006497108439939252
-2.505300169817096e-05
-0.008682640222878756
-0.0037703095316900317
-0.0009944576162154778
0.004640469189581824
0.008625588415352258
0.008434286147942279
0.007939600444674653
0.007149661744779459
0.00604651556269484
0.004031430925818185
0.0106096112753419
0.0027229408284521
0.0029825025260992837
0.0024649813682072175
0.001704849894692212
0.0006819282683974027
-0.001015488236499429
0.005290391271015934
-0.0017985446966508924
-0.0017949404383879282
-0.0022033287300480928
-0.0036242231252713118
-0.005433785496469979
-0.0030949794942030464
-0.006511527151108177
-0.006524651998421897
-0.005529193442949084
-0.0048587024135043275
-0.004924594769237775
-0.005194638071102663
-0.006376951807895338
-0.007860267779500368
-0.008727548888214847
-0.00655125046298903
-0.007453657752212756
0.004780734889486812
-0.006788789429580393
-0.006175671301476555
-0.006467713024436314
-0.006208194590622522
-0.006037612383952562
-0.00606669497414829
0.0009859745508282256
-0.005391659442562956
-0.004707812509023766
-0.0037298080479554983
-0.0020221613887306577
0.0010024573530440506
0.005278441396493079
0.008139180958171302
0.00550962275194163
-0.004300339218323431
0.006333334260680828
0.0036910568706115046
-0.0010797793043190202
-0.0021651883037880145
-0.0034344095226112093
-0.004203736495751695
-0.004306809985843531
-0.004465256478578226
-0.0010600966066428878
-0.00502413593714976
-0.005095379530606548
-0.005320883494678708
-0.001738800365243059
-0.0042227554481584955
-0.006947507558338073
0.0008489282032937689
0.003271063835095717
-0.017218153077611723
-0.002718373133765072
0.003342242658880316
0.0029802230351408197
0.0005767442971686787
-0.0038327741106439534
-0.011484935009810921
-0.029878209026614165
-0.028034589872043353
-0.029450264117572664
-0.015687819288370142
-0.0055228036262097175
-0.006585924042830968
-0.00253610329710037
-0.0035354706551397014
-0.0013624953305995467
0.00588821702778818
-0.0038126643572431052
-0.004205359012395995
-0.004377525966890487
-0.002774754795240362
-0.003910675243150424
-0.0034778878455601686
-0.0012101936579358122
-0.0031791183446644475
-0.002820415147098231
-0.0029872617051923114
-0.0032923300277638177
-0.0034084501491331103
-0.002645135833945096
0.00038739457881870493
0.007554523384120168
0.020365068590080627
-0.003082240287142181
-0.01222083074712107
-0.007633256994654452
-0.0022471837730871453
-0.0015189076514335546
-0.0017041599072737744
-0.0013125818857093604
-0.0010807991372390564
9.636989819499665e-05
-0.0006957811375680334
-0.0004807522909203777
-0.002437058978685995
-0.0017166361823381681
-0.0009002033352455177
-0.002506239302112715
-0.0037556781959218397
-0.005018363631014912
-0.004778015044865919
-0.005108439252569702
-0.0057483327103294264
-0.006082308994052456
-0.006844697540062278
-0.008467405312064958
-0.008007113721608942
-0.02507108023731227
-0.008599630242943471
-0.01652154571860132
-0.011285102028891832
-0.009975802343126578
-0.007677095034024639
-0.015645162138066576
-0.015205730381733115
-0.02010128985162805
-0.004787701078905096
-0.004574174873607921
-0.006101473191123943
-0.014136103308445358
-0.01900044327865426
-0.014003730164617522
-0.003182031339046434
0.0017341107970758648
0.005438122014686295
0.002516231162080957
0.002318109404445113
-0.00018369482495941733
-0.006787960048656932
-0.014346524629094522
-0.012889379615037984
-0.006792923504535179
-0.013784547619180791
-0.005001399105737883
-0.02988013592245216
0.01137059542696414
0.01589009963816029
0.005212853124532042
0.002989414985817123
0.0030456917439175626
-0.006606817731514664
-0.0031085073726874793
-0.00687919311654551
-0.005754444496284263
-0.006533267617671524
-0.007814203071540717
-0.004526711850394291
-0.011152169760695996
-0.018221242216842806
-0.008508420312498174
-0.004553478078120396
-0.020596129780744345
-0.013449240472392833
-0.007122223790548712
-0.005335446109992444
-0.0439554142883774
-0.004261290209306724
-0.00593805463416914
-0.006309875891238048
-0.005818698296228331
-0.0010514168651639434
0.0023590902367201
0.004308628701522977
0.006083569564098926
0.007866721910889855
