-0.0007816476477627214
0.03194812123968765
0.01942449731467201
-0.01324387645366688
-0.0244370875565247
-0.01360388495796258
0.006135895149066159
0.015326205922124175
0.01409473611007409
0.01306550642896954
0.021229313225648517
0.007541095605989934
-0.028647349587028425
-0.040229608818266586
-0.03324093133935045
-0.00930201834626438
0.01963203895032699
0.037350478321170305
0.027931306623842134
-0.0027779313116660337
0.008356730864434041
0.07086513948781031
-0.0006321166612318725
-0.017663957269434122
-0.024326937699966605
-0.07247387977316352
-0.04279364002732798
-0.002859305302095716
0.015863961998972775
0.047671719904505215
0.0395725624938686
-0.015350041614185633
-0.021859054578803355
-0.026828798151367787
-0.02766132475902209
-0.024599090805039515
0.04776666693566985
-0.012508706855133672
-0.004279325926817686
0.008869834421760718
0.01768290192209267
0.023070604793505
0.023490559440412045
0.015876284136074628
0.010819742328114973
0.006380666646370093
-0.0006612431205647661
-0.011468966910908387
-0.02062398780898616
-0.025668175912612327
-0.027635409126962513
-0.008008647932425552
0.0036450140148757814
-0.027862923455626243
0.03571875931861146
-0.05721937428797824
0.0028584499555702352
0.013783185726143819
-0.09411118424270101
0.0953290515509222
-0.04709385496358605
0.07078616517560801
-0.05953330263730561
-0.008476486689719497
0.009206047619781393
0.009304598977164511
0.005374586129773031
-0.0048200891479363355
0.0367077300023505
0.04553062721723111
0.014801909390702228
-0.00938522761581636
-0.021608463324386366
-0.025267637759543524
-0.023918662549592396
-0.0216111797145179
-0.03235489298375629
-0.02930658108697182
-0.006399901777917486
0.05817037209568007
0.050521182414577544
0.058814376492868435
0.025435991534073804
0.0031287269962389595
-0.00877086440221463
-0.015861568846548015
-0.020598238904425175
-0.022883871110303433
-0.02323163580648064
-0.027777086062111506
-0.027973035543174426
-0.02886190279900418
-0.03426879668444708
-0.03885962714584314
0.14256761797898246
-0.041487293021066435
0.016456134518227528
-0.03387468481156714
-0.019232419698143276
-0.017197016576620174
-0.015145292286864462
-0.017938529955963463
0.03833126177619332
-0.019007703265777564
0.045850188133651264
-0.0006291284211679656
0.007540286198185806
0.013016579341121591
0.018932629097873743
0.013167061558463113
0.0006939606275209404
0.023926520213367764
0.03341334123104305
0.047212438113281165
0.03632052942766404
0.040567904038090255
-0.003865120949230503
0.006202192556577113
0.024124678474035426
-0.009030100930600993
-0.0006130595501855494
-0.015932573510775132
-0.009310334621364687
-0.016220058224978216
-0.09607438009524782
-0.06295351262037494
-0.032429285667463205
-0.017601835359949018
0.007915265267473312
-0.0123299315697265
-0.0058079671223943575
0.037937722123268104
0.005503022568545878
0.015485823122418092
0.013914166453751257
0.009109870030068901
0.009195195350794695
0.04961236001777101
0.009261910484767988
0.008404594711089971
0.006634926024942371
-0.011079248819135603
0.07777589525731125
-0.0213174309463642
0.00090892565925221
0.04096699660629958
-0.007000460534069475
-0.0039040093768133856
-0.0024484340720771058
0.006891763998019847
-0.003830632821638822
-0.010153706004039509
-0.009467506459828797
-0.003219878543121894
-0.017590362058523375
-0.002737239670709255
0.004381530388938365
-0.0024573541639953665
-0.0016488416153797253
-0.0012494390438177096
-0.002199401137583777
-0.0029191529568919415
-0.003316659803098147
-0.003204563415810253
-0.0002813184097187414
-0.0766633263252392
0.012376718236043352
0.006384648672899277
0.0004891323245031685
0.00126787797918613
-0.002579507202834684
-7.675642790391451e-05
0.0004059087581683111
0.00042377269740902424
0.0017538608105714746
-0.0014907028062999359
0.007174575335693459
0.0038877028218547217
0.00692420707870279
0.006134500889022337
-0.0029590718573533014
-0.002280463889826612
-0.02097191661239219
0.09223495629935666
0.052256163702034474
-0.00578683160717435
0.012207321311068473
0.013743022760745446
0.012481166519101944
0.010441712736303779
0.007708625165798047
0.0052386882190309896
0.003626698854032954
-0.000652366515055646
0.016066760836790123
0.007195699502506384
0.01065398710101491
0.005171737927183221
-0.004196888057612543
4.205285110118986e-05
-0.006892290747485059
0.021068976030157664
-0.027583057587745843
-0.004090317473582826
-0.023544740763304414
-0.01906504482990188
0.0004402060068154412
-0.0009803983953445023
0.0010112215519169651
-0.004402253899667286
0.0034902110865721353
0.0016788492610243907
-0.0031379061808418703
-0.003425987834214223
0.000398009328185704
-0.06686468512373205
-0.008312249317430308
-0.0020706530000249
0.0011346624657229678
-0.00045535153784559624
0.00047567684648487825
0.0006870978220092768
0.0009724180463040783
0.0008044274010861364
-0.002721877472974062
-0.017225248595936465
0.006392223941735366
-0.02158357218283265
-0.0039447543454739315
0.0016862857239763607
0.003940642795900521
-0.0036167233148598136
0.0035068330848226064
-0.014239818609317494
-0.02589515234465326
-0.018272853474842435
-0.04065372352497786
-0.03914902268600768
-0.016956352838296034
-0.015424817847491822
-0.03500933207567364
-0.020729043669350078
-0.045822846967155315
-0.05464387254035116
-0.024101347645557263
-0.010394481666162213
-0.011358361904243906
-0.005295543217320384
-0.017038353336223243
-0.008480075397843873
0.028604238289545492
-0.017367957799271597
-0.00988191362064092
0.002019278152388617
-0.0029331309881896295
0.011392064819294697
-0.0043276915946707266
0.009266320508029646
0.01576948872463329
-0.0010812337072738903
0.00855240276567876
0.003908074460961811
0.0063912547090714195
0.02444857593104097
0.010398504968213235
-0.01474120823517132
0.019501866881151762
-0.0024607748062793677
0.010276607498952695
0.009047782185642624
0.006202022059152386
0.014584128869505286
0.018011686883759877
0.006136786780402565
0.01728167666866892
0.010228169644145876
0.00016870924663804873
0.015331058166664925
0.010548319004377894
0.013509095209504322
0.02376377975738828
-0.06440830296898775
0.009700369905250677
0.013329925306687458
0.0050424405632223945
0.016288471241930367
0.029319165448865963
0.02107265474162127
0.017233994289415862
-0.06892548270123108
0.01889626747621256
0.008249159099660949
0.016009287283353865
0.028877647889265372
0.01770941434721953
0.012752790517799484
0.01164451163643846
0.01451804577882869
-0.0006619318267197269
0.002272136754522553
0.019195165221587072
0.023607378757597743
0.025262060696206342
0.04149397821038026
0.026009621441517188
0.02497031771607097
0.01504383558009444
0.017522463843477228
0.01843270054449248
0.02106583079040926
0.033802946887529314
0.024572422774584456
0.023120893060164124
0.023499854894020317
0.03171996269665021
0.056245111004582966
0.09964188316894038
0.06568999517874805
0.04352959825696797
0.021221660896951027
0.060050874273814996
-0.04421387915216561
-0.04004959004978414
-0.022221936118051868
-0.04351698236326658
-0.02663910484186839
-0.03889643523521512
0.021949472464212843
-0.011154145513125336
-0.004243766698536588
-0.0005306154335037708
0.007059270609148738
0.02333525348428909
0.024958364394915708
0.01766991593712413
0.006810520580374419
0.0015924540937401277
-0.0026748966779105475
-0.0036040815433899466
-0.005494948696772639
-0.008425006559637238
-0.009678889537766324
-0.007557123643381899
-0.0011678128292370064
-0.008654936233291681
-0.003366917970444713
-0.020037600184654062
-0.02001833403807095
-0.019086888150027573
-0.0251137047274805
-0.019485682565134513
-0.0202030192162068
-0.004786693040640361
0.014412201415388631
-0.007283575010596505
0.00490823351718107
-0.01269061451534737
-0.002811372307752251
0.017069524971289874
0.024770735591895923
0.006907245142130718
-0.014965958138355858
-0.01840977516527649
-0.0029057971497024842
0.007421573679391803
0.008217273047260781
0.019262710444456273
0.04935416901726571
0.047596402017088035
0.029117085318892556
-0.00390498599015589
0.05470351710957384
-0.014170573881178039
-0.008708409700080456
0.002225004440607945
-0.014657985182999558
0.007283000801969658
0.0012279097585486095
-0.025203480195648137
-0.07560686670297584
-0.02058318615115857
-0.05176451873848603
-0.030380185463979196
0.007335341773543701
0.016216628628380875
0.012559712564114
0.007437012358007756
-0.024056595724746624
-0.009542075683485866
-0.018223840028796585
-0.02503543530227282
-0.014861210413473332
-0.023412279990589074
-0.03272569517475114
-0.025449859253327826
-0.030761024563161588
-0.024258564437212957
-0.0018841107753540317
-0.029439137954743788
-0.02754221154765259
-0.01041111833703336
-0.022235505992610566
-0.00042995778334386305
-0.01457137263031463
-0.024349730971378387
-0.03025694450474535
-0.03225456900768056
-0.027903365483654956
-0.01990625891418412
-0.017852624282577813
-0.02985990074450211
-0.030916950309452556
-0.022514498440409935
0.026997962646970936
-0.005183525787704073
-0.012404515523080936
-0.024093651879033194
-0.024017159314778873
-0.018959050850733617
-0.018988665133461365
-0.015161004464865633
-0.008369079260681343
0.012552544477945276
0.0329315448099403
-0.024652969429727223
-0.003517442240247954
0.020673508032345436
0.0232898010699596
-0.014493842639701793
-0.025742574834777737
-0.02778374907788937
-0.020799136604786165
-0.027315166244287155
-0.030706366251531603
-0.030696749981919114
-0.035830481588907524
-0.03484997408937888
-0.026042378938567246
0.007208100964350854
-0.08454997541261121
-0.002571794837013128
-0.02747462541984149
-0.025402502292643726
-0.003978821313047891
-0.009461746407623232
-0.015396021261286209
0.013923675797699937
0.00942313269497219
0.020385255923040056
0.008724248207194932
0.024848385452859806
0.004271481538142261
-0.010193106661407356
-0.01123959603807407
-0.012013254664033586
-0.014496420602051112
-0.009609149724563927
-0.021788408159690777
-0.011079866171747435
-0.010532258198238843
-0.012651437899998539
-0.010978909856767567
-0.01149338939826452
-0.03097725465727207
-0.016690020533410458
0.0035950431167149745
-0.007583248769489804
-0.011868645885916383
0.05904320636789557
-0.002945360021221952
0.021225842493094067
0.022127165505121487
-0.0035422039868362475
-0.0005483794621175802
-0.0623642957472784
-0.05015594044378009
0.11307168665283869
-0.009141514078617307
-0.02320876670441765
-0.012574253043019384
-0.005922839439075038
-0.011104429068081826
-0.0012004297122383992
-0.009089804904685047
-0.008760210198594638
0.005555667068103851
-0.0033224831557369665
-0.010633903313418385
-0.08354038648595928
0.006007513673451738
0.01107868260579682
0.006193632160861601
0.005238192008002892
-0.0043563950900723574
-0.00033352594294651437
0.005183266207490545
-0.029128112914836024
-0.0037360890506612
0.0023626771459387234
-0.005669838367641749
0.008539682626338063
0.0073393284550671185
-0.0004747655462945789
-0.002853610231434169
-0.0027530624218741555
-0.00082100615688799
0.00832893649081619
0.012305861056624099
-0.03216829507993267
0.05187890374326161
0.013070524843149172
0.00379999794810242
0.006512252911658426
0.007198460522001749
0.006914893082546072
-0.03594865276661825
0.007074187292390451
-0.0018760464207183804
0.003216510400614385
0.007764102314789818
-0.04048726383402672
0.007845168441219068
-0.025084356663433945
-0.014723314231500426
0.003246692819853902
0.0024755070489472356
0.0008824499858266784
-0.001772533034395419
-0.001351076697148531
0.00019059570199945916
-0.0016311953285789423
-0.0029852634740315685
-0.0016002033322422779
-0.0020240089592842548
-0.005814686979768221
-0.002515876235631461
-0.008289363431458838
-0.0029061244195056814
-0.0032424607933219723
-0.00485532197355046
-0.0038674463109926375
-0.003249163813156506
-0.0028217580281331405
-0.0022037556566386414
-0.0015010537409780316
-0.004782147538762975
-0.004369827235199669
0.004255305382688759
0.027774600186525635
0.00038517924915567513
0.007907078621633654
0.00874609735918496
0.016057860808251882
0.015259901083543062
0.013860801802859337
-0.0024611482804627657
0.023297108297957808
-0.08986536702299251
-0.0046871026719667195
-0.020301577188076597
-0.014164377750001404
-0.008331618372956416
-0.002172158689506934
0.001356698469700799
0.0025799407757576285
0.0025305626688228522
-0.0004052430024261916
-0.0015467363092138001
-0.0001013852594785396
-0.0007400934859621108
-0.006181696406252665
0.14371752407427577
-0.0017004351424357049
-0.005400124165930796
-0.0029815363406153054
-0.002682462180244351
-0.0039690044655246465
-0.004551241968093639
-0.003037161413113797
-0.0018763698284938498
-0.0016129707576578894
-0.0008527985713669906
-0.02006152824960724
-0.000946711899941459
0.00022960963950559602
0.0006768729378847169
0.0008746555876197739
0.0012105423667298745
0.0018286687514309234
0.0016095990359850786
0.0023866559941677673
-0.0222670531566386
0.00543503927536351
0.0026068473911117634
0.005996549479365756
-0.02272411203751803
0.006126782427217686
0.006529501827599349
0.0042813564128387485
0.002310694217227214
0.04466370445858608
-0.0007998243101309273
0.0034038438830813903
0.003978660713879091
0.006487792999648083
0.006423446109661758
0.005716025080125518
0.005935088742866752
0.0019904378401075467
0.010179304593905671
-0.017754268419187164
-0.013862758228529604
0.003508613990727213
-0.0011320133078002908
-0.0047706127845451645
-0.01788284049012046
-0.016350788621736053
-0.01686244306002429
-0.009804415602802534
0.01724089927972587
-0.006000772318967801
0.0017425758873823845
0.020574048440936417
0.0013690797568634773
-0.02388338453186584
-0.017298548052394797
-0.01409279001539173
-0.01674384348499204
-0.020463728663048877
-0.007227378537422868
-0.0030962030024782278
0.00044904187973966774
-0.02236846807824252
0.005450380258873816
0.0018710468675319585
0.0042791737226221035
0.0034342498046049806
0.0032865767789579227
0.0074859801891228915
-0.020306234939685912
0.0010113736492903139
0.009687715735932837
-0.008316652272337948
0.010431861210248918
0.009918328376623799
-0.026537431807283445
0.0004831330244379351
0.014395983091555375
-0.025016123004243895
0.016687067606012698
0.01844812565223047
0.009389862327601039
0.0186016843121573
0.03855410866218241
0.026943473678903436
0.03413210445219825
0.041878646453964524
0.024957469589163096
-0.08594818850912428
-0.025686417203169793
-0.003613483148862561
0.007881047059121607
0.019325688377451633
0.018918381735272764
0.018686201825910694
0.02306617188624411
0.005334435306919362
0.014718255258598873
0.01183356268606559
0.014789178164741125
-0.012361936774286028
0.011063220204089265
-0.01939360386939924
0.0022576898461040386
-0.0033990983488639266
0.0009282284514915294
-0.011782873576991934
-0.0008417013426940488
-0.0027828317129588087
-0.002309886583923659
-0.0035869071165905296
-0.004125565877905623
-0.0035328218819263833
-0.0004900104245477471
-0.006505037510498694
-0.0017067076992700546
-0.0029205453158137385
-0.0035514475317991374
-0.00337866203425912
-0.0026819736703949937
-0.0008155882978246103
0.0026810276676877904
0.005713269477609007
0.0016494895238467883
0.004556870358057032
-0.005030780529854124
0.002334699997964479
0.005435426523755096
0.0039076059977070305
-0.010913481504937178
0.013322657115126639
-0.01750313438406099
0.011216196057718111
0.004423644009691774
0.006332759490501029
0.007204310814761426
0.006919568904150839
0.008981432414177233
0.007016687010175781
0.010407371344847172
0.008966009023769752
0.010798940021559966
0.013015241858095977
0.0148002148157617
0.012065688024306085
-0.001753946974248602
-0.02209353788474224
0.013697890093501957
0.0167758860617478
0.02140671445831386
-0.0030139197348583017
0.014632778519679816
0.01390783945202324
-0.011589304152344358
0.010110414388587124
0.011981411007095865
0.010758753930001797
0.007950290095601947
0.0065719098926316334
0.008837933574801135
-0.007760629599991694
-0.0026045429435633317
0.003511097340588495
0.005917684413850347
0.0020970122842864937
-0.018298646441050892
0.004168353652068799
0.0034120713028602664
0.002992631899779678
0.002962723737109149
-0.0016763305759789915
0.0023555136543733715
0.0031176457760988484
0.002954394198928314
0.0006324965580754565
0.01678756386478101
0.00781812860197829
0.0076355662340109485
0.013440570850151642
0.01570978177487743
0.010346923298649066
0.01447070854185789
-0.06212088527383696
0.014783685936388302
-0.013866367001870234
-0.02031994948322175
-0.016853517730708888
-0.010038596423604398
-0.0023691763540614618
0.0012540791737205197
0.002821108078462883
0.003988259041339369
0.004593080853936394
0.005160872298192051
0.005923806692421939
0.006450421834311114
0.005525711179689837
0.009403938143527694
0.009249805958109331
0.009482547508346994
0.007767538247726468
0.005275254495866381
0.0027860820593795816
-0.06095667765377256
0.015717866217766295
-0.030430928520147636
0.008266942581545188
0.008011392805565948
0.00903561429504839
0.011955260317204846
0.010322263823074773
0.015747827667915056
0.008510745058376097
0.014959898533847023
0.019354080643568063
0.0020961815193377676
0.017410348666782573
0.01725196220717545
0.016440583418212473
0.016522601448097914
0.015503285045349794
0.01107400878250256
0.015541717790022619
0.003312303928576117
0.021331382168809466
0.016149934086027013
0.013208080324003408
0.0148427977920534
0.015918417649281317
0.011053865163334606
0.013303035758389295
0.012118954124161137
0.010301978666092702
0.01320870334484197
0.011169270691141589
0.010326565357974963
0.008355673532984338
0.005192761025145669
-0.011583573364315645
0.010275130172085636
0.012131316306320585
0.004642288977402881
0.01197131444729367
-0.001831317081358679
-0.06206892872292257
0.003435123502279291
-0.002696869394617152
-0.004023599587074305
-0.0035677822066384466
0.0008618916280810106
-0.006615710503041059
-0.00604708992330858
-0.009106401267457981
-0.009403071561712727
-0.006107923259619974
0.003101012884511202
-0.010576469815288397
0.029677886112042046
-0.06702954866452301
-0.00792701848176044
0.003198400509191946
0.20828721987989104
0.058862773988042176
0.020233411992945236
0.0031435066182434247
0.02157385679129542
0.02014672398482427
0.055777265075946436
0.012417423250431282
0.010489048681504453
0.007849830383637273
-0.004035268136767449
-0.06131111561339503
-0.12442324194044634
0.030790519299683287
-0.002286720655754967
-0.014566247499137512
-0.020631491333602415
-0.018582840758597487
0.05823133549158123
-0.009122171422039159
-0.01585618729783794
-0.014036475214583654
-0.007651852810968678
-0.01049625439149681
-0.009190467364477468
-0.005710164880032325
0.003682396022425387
0.04529420249264762
-0.02055765357969407
-0.05399513686608334
-0.016741522303448438
0.003356396691311762
0.015208900574665818
-0.00233124284037866
-0.006901550889503044
-0.0009016245809670329
-0.010615793302803033
-0.016031738319707913
-0.017432612490545788
-0.018164571146763127
-0.022554267586897575
-0.024543220492527138
-0.025080718366615542
-0.02166466679879007
-0.02479372816338176
-0.024656663404141268
-0.02530606587650082
-0.02211082650742459
-0.02255103663339301
-0.023055779452704272
-0.019580020561836303
-0.013342912026446042
0.00153129518909891
-0.01130481411638802
-0.014311397618202291
-0.0027591978174661834
0.0020426048204911086
-0.018630930507834802
-0.006118537551957379
-0.011175916540499358
-0.013406468046027194
-0.02678032880682168
-0.012475353432339725
0.03716544510447204
-0.007262689229482445
0.02576390572949002
0.0018845019639242976
-0.00405723244439755
-0.012483955973491532
-0.007764822867747171
2.9845493731620593e-05
-0.002934180979789159
-0.004136133186106481
0.001573522205355209
0.012066171803181331
0.018632958163061146
0.020325513172635208
-0.018196554857740674
0.011009447042098518
0.008026324373781498
0.010270977935463976
0.007308881883835315
0.015875181671797793
0.0341995689825595
0.029018356574228216
0.026518147520215547
0.029468819189251
0.04191108853480767
0.02384514217822836
0.008907420345938452
0.006711960750919946
0.0037354470888038955
0.004793713622734672
0.007248932411768619
-0.01625759943197061
0.005657183557703473
0.009781498772800415
0.009519210532865882
0.003454549201929584
0.0010360209500919861
0.0020455876784674152
0.00833619397309044
-0.011832473086944044
0.011276773676379704
0.0030209535188393637
-0.0013135026593036783
-0.003063272796895287
0.001074325794408118
0.0012212525682371122
0.002327662844007542
0.0018184179305121822
0.0023767377447315393
0.0030414999928633146
0.005053708285891812
0.003098832859767072
0.005959660894871427
0.007323683357041881
0.010845291178893096
-0.02217993237675453
0.014712200300055035
-0.00385548677198984
0.011518401783742017
0.010095733789180095
0.00763389777814806
0.006943299901607862
0.005327929512556858
0.012141739365309328
0.0034190060115419233
0.004167866217563861
0.009784026229041745
0.006904236704319263
0.004630054523081874
0.0034737412996803884
0.0019364521801658238
0.00041025806248493404
-0.0005241982218151662
0.002549003328111117
0.018556737993457504
0.01909375167222849
0.033510918711379616
-0.015091073777878083
0.03303141891714175
-0.017484190624106322
0.0048739262173501776
0.001953278466548727
0.0032720335238394307
0.005083487583003277
0.00801997267272884
0.010087356733139107
0.010430567259124493
0.014004002203961545
0.015332488016391314
0.010332981934820674
0.015307809269529366
0.007340057926932144
-0.010336116880298722
0.0025955849202147054
-0.0688438571477467
-0.016523042444379323
-0.005585641577319346
0.00943074931570828
0.014587644966147869
0.014037685222227298
0.010362233924327564
0.028265675263472873
0.00890546753524013
0.01049063299726231
0.01109702737358023
0.009306712133114832
0.010107515765349212
0.010338681966957886
0.009208888058149936
0.010773653763553525
0.01258502576848873
0.011064554704523125
0.010697964292980193
0.011968083788049212
0.010971060109916893
-0.006655659552939272
0.018122751092143168
0.010828237058337168
0.012277682044771188
0.01295719919409571
-0.1000411943796105
0.010122600075095007
0.01126655803205455
0.011858781047147242
0.004023626126139618
0.0035921225933144727
-0.0034663767605055402
0.01366798848248923
0.007877608728086136
0.006291309149362305
-0.006178473778290077
0.013561176452435724
0.006243897075009185
0.002048693393885752
0.009094941080909974
0.031292794793479295
0.030829079814377387
0.01674068042400179
-0.025236229917218828
0.007568469576812971
0.005289256802414796
0.004383872198194896
-0.006552769257672928
-3.656002887171868e-05
0.0022282412338594246
0.0021405885008906004
0.002211390840731317
0.0015559796965252622
0.0030312695666227735
0.2577839746851656
0.0024000440321847016
-0.024087706519621714
0.00048046711744280564
0.001384406081899647
0.00058725805845203
0.00027062539094286253
-0.0012799151798859529
-0.00043437925728759003
-0.0009009542929006099
-0.001070497430647164
-0.0009094753272376066
-0.0014490162637590541
-0.0012049685162024276
-0.0016470173716799637
-0.002205666314859246
-0.017280974701130734
-0.030216508646491332
0.03810447123202072
-0.04792340772099845
-0.008235157912080633
-0.003775132927557546
-0.004298386897144916
-0.005055540843587543
-0.00559895660207372
-0.005529924105553659
-0.006489424562043371
-0.031151475395525197
-0.008191749854429092
-0.007363466444894362
-0.007641693764820243
-0.008103441911539451
-0.00829604326425518
-0.00847749373983501
-0.008305783824183321
-0.009153873172443714
-0.007937879003573938
-0.013620268673287207
-0.007931221778053374
-0.007533292965163365
-0.007062275367118124
-0.00622372305562412
-0.008440856108520816
-0.00400861306266565
-0.0025145848216349344
-0.0006107338133819931
0.0019260626608928711
0.00482513998500807
0.00809170368726683
0.010967368019011612
0.013009435466156726
0.01258716876603942
0.006300539947585046
-0.02439557306052415
0.04509013190383186
0.04014066021077051
-0.026951885653758386
-0.011419872683657713
-0.005949964524621104
0.0015739563480078886
0.0021231391306966796
0.0032127879481779675
0.0017980042472572348
0.00024927742432322543
0.002748508561667363
0.005767761839046208
0.01421863302117601
0.022714481304780723
0.013340333910783863
-0.04122486021943448
0.11030801226328846
0.029348748917334393
-0.04371406623468754
0.004391412607718893
0.021320485229048947
0.023359413413405757
0.01834857866209742
-0.027391317593403793
0.03017269707854136
-0.01226315738881542
0.0005870630775532437
-0.002553015786574849
-0.0056566622208899416
-0.007587359208856229
-0.018466217539170552
-0.009986537196599938
-0.01031978060988189
-0.010678584086316887
-0.010581383373604222
-0.010021424335301714
-0.008648028613627116
-0.006966564297349067
-0.011784422349264818
-0.020993590735936332
0.033204861981763166
-0.023263471098422212
-0.005967275482288952
-0.006500700372223029
-0.007253859623547317
-0.007011790507968471
-0.006217127731221225
-0.004662131009414686
-0.0059487284915477265
0.0038440350008252517
0.007892280492656256
0.004510706862930936
0.011864260745322599
0.00865456971030343
-0.003722572034351935
-0.05685267160264435
0.057736723005839485
-0.07079048414678092
-0.035101443078027476
-0.008684183869740897
0.0048295075786720446
0.01691325211502103
0.0070384735541565106
0.013366675743163324
0.018735797855417312
0.003968226541660677
-0.055738089345674424
-0.0032567627967238196
0.010354803234150561
-0.0034284618320951565
-0.005679749098346044
-0.0033291038758446125
-0.0015347680452177904
-0.0020010336632127986
5.6446277446474006e-05
0.0010087240674944691
0.006420355636934077
0.00012922321095908856
-0.002553340630667665
-0.002522197590431278
-0.0026265140342103003
-0.006523054651974114
-0.049109473810014195
0.05723643785340415
-0.02655420646494292
-0.0073831041599563855
-0.005888878804860931
-0.003252960392711083
-0.0025435748711574308
-0.0017170016261356578
-0.0010015302011478254
-0.009593654446711942
0.017331352536939293
-0.005651955277705852
0.005436624871936608
-0.000714520581529418
-0.003542433404350298
-0.0031154206363504617
-0.006436401317231311
-0.006510063902808807
-0.010767202998796632
-0.02231466021369847
-0.007665705395133121
-0.019910288974669375
-0.008395487056378177
-0.0048935320437693665
-0.001990485641454446
0.005183718711373614
0.025205207138266322
0.049076720339131276
0.03387800575412823
0.069130431753822
0.046788160534564166
0.014032427201796007
-0.011919535713774451
-0.016157224858382824
-0.0116495998664868
-0.039934246873891736
-0.0005123507997939265
-0.0014387362275908476
0.0004488225870879424
-0.0021287873432052533
0.0007372277320861838
0.0015412916009172866
0.004087716106722674
0.007004205320720078
0.011205631835605152
0.014687405676851343
0.017319615964327004
0.017992930551160496
0.0039855114769033195
0.03179627526465809
0.01612108558144707
-0.015860153002447263
-0.0013372607797408997
0.0012465670183027923
0.0047517121815354325
0.007654731962034671
0.00839624081918734
0.00812278082879786
0.007327291727899808
0.006445825483287281
0.005554667335788541
0.005186706494889227
0.004783534757447207
0.004580910070310462
0.004684816342917634
0.005215606069368238
0.00319487529245029
0.002213952259552018
0.00628540180594134
0.0059407930034223585
0.004632131547488349
0.006468518207431517
0.0069547026062069675
0.008202370500419838
-0.0024930762222461302
0.008929914735367476
0.009595372410851703
-0.03203203572931858
0.01060770863175485
0.009092184322005186
0.009485263820247437
0.005490518612957856
0.010191666455711944
0.010110557036446203
0.010903315244925459
0.013113652914730588
-0.008762481169181444
0.00859231317683457
0.017359468342210044
0.0082433104951319
0.015588401786841118
0.007495125500211924
0.01794201852590166
0.01658293579348655
0.013123808117544582
0.008645064742907977
0.001001537776760757
-0.010316427058537416
-0.03793714964473987
-0.09353299643619539
-0.04798650785573163
0.018712940572182826
0.006501653601546069
-0.000454619830921881
0.015498711674664389
0.014635601416549689
0.01748665811125742
0.019501503412237782
0.015573472504342352
0.0177472273497995
0.013103642343432939
0.000807717444320206
-0.017203812203281366
-0.013997452345556148
-0.019869295945209482
0.017905539069921577
0.06648847694336692
0.005342512942159486
0.0006982335548629045
0.032017480253045655
-0.0010891830365422485
-0.0020597070391718264
-0.0015479950076358023
0.0036151503456274847
0.006398848342963024
0.00875959011437142
0.011667079042083398
-0.022278560002636703
0.025851825464616705
0.0406742256200709
0.023835765168022688
0.0004819594460441449
0.0014246085833392317
0.0017033297382966599
0.00033555354831985647
-0.0016926934009560504
-0.003351372219284467
-0.003944265970772791
-0.007686614594048069
-0.007529253801351741
-0.00555051727536734
0.023410064597569603
0.04038686247175937
-0.03913043808338939
0.04325273144211017
0.005070063617075553
-0.026082918671160183
-0.01916091728185474
-0.010270385859094353
-0.004815525649766262
-0.0010722577976350876
0.001556008978953892
-0.00865584623455584
0.009058397586222278
0.0064738716246569685
0.0048089862427861275
0.004676350062235888
0.004484523858018568
0.003157847171490049
0.002736894295043275
0.0034278605504512146
0.002936399832663865
0.014983833627801126
0.00673562034214244
0.011535243806870186
0.025983584376398007
0.013139154308529001
0.01895582849473506
0.00027309620947049386
-0.0011178394079963694
-0.0010744061677051436
-0.0012892293979219495
-0.002053593947971858
-0.005944118486301106
-0.01286026494932415
0.005202287889702694
-0.007201717422916819
0.0004794061139516845
-0.0018844856486811788
0.00303932170022176
-0.0006704853686626252
-0.0014770604378059997
-0.0028219972655904244
-0.0014523820279553068
-0.007163858854778345
-0.0013839937419144641
-0.00326817111430658
-0.002512125970348822
-0.0013016103481731025
0.0020328980595471337
-0.014650398234579807
0.0025586943100386473
-0.0015117077489495067
-0.0029992102805024073
-0.0029406693097005997
-0.002714833508523754
-0.002510432403769714
-0.0020268188605177674
-0.0016800303611891893
0.0006114037110153825
-0.00013014257713638157
-3.835560083221824e-05
0.001311620177372839
-0.021294744238832684
0.0009552439622382633
-0.0010030543148484947
-0.0062254040860088376
-0.00814093497078526
-0.0005030514414188286
-8.176708055336849e-05
0.0012610515517748318
0.0018417467083748315
-0.01399069199998343
-0.0009543725267527952
0.001776078875233284
0.0010481898714653226
-0.0026767220062391575
0.0026899929808329257
0.0009772286045862057
-0.021818316369350065
0.0011584347574418057
0.004088817054337564
5.7701031959929625e-05
-0.008317569183896735
-0.004393094241624674
-0.008867126771473378
-0.009153605487590566
-0.033421294575816274
-0.01801619096630829
0.00287139430744464
0.02898914114545505
0.04730155830193527
0.0445635403113075
0.030516903550435747
-0.0252997411193923
-0.037137166913755085
-0.02202716849228054
-0.012592524019727352
0.0016254094078448544
-0.010556507240919284
0.010097095520662378
0.011467914908191917
0.012734727375515096
0.013265959301418322
0.012662739924737572
0.011112530699039941
0.01088878792083301
0.010242409921742024
0.009499698504303364
0.008752034493793926
0.008125659181027237
0.005792841051789285
0.007903286564117618
-0.03011782909947292
0.006029684745523423
0.0037842662366148585
0.005658530449994418
0.0031454091820360833
0.0028370452725072224
0.011305280467113292
0.03331450390240444
0.006211811555202494
0.0042800145707761654
0.041212877371328796
0.02619645275151624
-0.016410409172087408
0.00010663170658291371
-0.005437019878945161
-0.0011398240264318684
-0.0004105269258817995
-0.000596706642337046
-0.00040979389660504383
0.0006592409209393785
-0.0016291736009956565
-0.0019115682096087349
-0.001681805863729583
-0.0007171047588664457
0.00453776248923315
0.013403599841736164
0.0025580365200104918
-0.002284574970813124
-0.003912655704499773
-0.003647786031478739
-0.005889659219272309
-0.005026788406970205
0.002666647321818799
0.013507780943947027
0.02762144454844463
-0.0053839752434961825
-0.025753257067487982
0.013840504594876863
4.181435253648649e-05
-0.0028792354388315934
-0.002618232980986302
-0.0014368409215285
-0.0018409039080391587
0.0001133455489754118
0.0002010891311440201
0.0003537213257685848
0.0007610965096452589
0.0012041397911849423
0.002138630533205159
0.007212297899933231
-0.10515414686317967
0.007587508118983125
0.002985081624029995
0.002379015525445845
0.0018047267306740766
0.0035327370628110387
0.0031033467146730008
0.006971046190157775
0.006831168168009779
-0.02068920043846835
0.06474871235174338
-0.02284292187223908
0.003082710431615803
0.007179067262092484
0.006540841581843265
0.005560274650815393
0.00635423170901317
0.005564725816750664
0.004610446444578728
0.0036326918841637795
0.0031550003182102384
0.0029609591703610837
0.003708446942150343
0.002639606001865498
0.005062451824701092
-0.06964922487354419
0.0035734608765640346
0.0016173728470669558
0.001630157290654875
0.002742610618075159
0.004786197406066143
-0.0073238630119488125
0.004467596086572712
0.004956003218272358
0.007165903399069423
-0.00470760403640396
0.005747164615270395
0.0021557363240755343
0.0013923802601261612
2.5865039903957167e-05
-0.004353563281315699
0.05286419267641678
-0.0006371569765135537
-0.029218747359170714
-0.020384336771731997
0.005272487428101486
0.0026240164061187006
0.001209351006666697
0.0015322803282476608
0.004374801776509017
-0.05956162928928297
0.0025662684128346445
-0.0022622353593296667
-0.004916877468009971
-0.007399247824415715
-0.010557083388060032
-0.012692163741802017
-0.005903089959677511
0.025338515718827892
0.016730762617001276
-0.041942472581377704
0.022836200446139182
0.02271554587409898
-0.00690044260903604
-0.012231445494815814
-0.010325915968919287
-0.009269147765238772
-0.012122164391275315
-0.004458900449211831
-0.0028764256233305995
-0.002167733669069524
-0.0015386794666534694
-0.0008516991713446132
-0.0003401827898952673
0.00277287247729428
-0.02265335556803137
0.0004374835902437315
0.0014880782635066335
-0.0010300199954978208
-0.00154592237971655
-0.001853680708118254
-0.0014065781371826638
-0.0053327315014590265
-0.0009926914191395817
0.0008799997342936528
-0.02918802545589883
-0.0005061582832168697
-0.003537140742084021
-0.005234695366092205
-0.004650292793298854
0.0034699833086844914
0.023794353246692778
0.0726684629493901
0.027487125347300995
0.01218910047947789
-0.003037999246895126
-0.005989520829507319
-0.014022189353347387
0.0025477259638795593
-0.004898694264980165
-0.035011622818053104
0.004857048589658423
-0.0013647736542534263
-0.0029555545291798176
-0.0026638395292995294
-0.001986427251271943
-0.0011711798950595931
-0.00018798194019203275
0.0008868022093042808
0.0022483114339607274
-0.042953707329661424
0.0031531978358089133
0.003843862071102453
0.005656999329550336
0.007816539723036569
0.009178118651603158
0.009958690735922501
0.00922274615214295
0.004009518512543236
-0.022317898128276028
-0.005805592751059447
-0.004875151226721716
-0.0160297749080159
-0.012629912385641966
-0.0020626098426599947
-0.0005990084792558085
0.004413413184119611
0.003649207978491224
0.0014258886287660411
-0.000978725362646401
-0.0032358871895100875
-0.0049382479519783935
-0.006390501037187237
-0.00737653978175408
-0.007716497207145191
-0.019455741339603462
-0.007687512301945216
-0.009240396122045188
-0.009690641082964626
-0.008889509051615325
-0.009751534308088549
-0.010416764574138532
-0.01388230100396604
-0.009264855346960709
-0.008562660131819019
-0.01223433285042531
-0.009507425667117844
-0.008701874058057198
-0.007606187844970896
-0.00818012448005924
-0.018059971228506562
0.010529669799300216
0.01029094056645087
-0.015496551348755456
-0.0065090552359091895
-0.007765202272788939
-0.008645718162008114
-0.008928653916979208
-0.00913788650556721
-0.009543721270635233
-0.01622793847099355
-0.012561648735598905
-0.013575557008937896
-0.012986832168065118
-0.006046404668579435
-0.007563657371024686
-0.008094578386261634
-0.0036556564927677023
-0.005838657904000499
-0.0037675139077583226
-0.0007349713952340279
0.0021001978577348587
0.0033222049768360405
0.0038206155759052157
0.030533479542739207
0.01351724080547178
0.013450871694417617
-0.013003519571572322
-0.043576582682144996
0.13979987533644936
-0.05229571438118543
-0.020143195765790312
0.007502609994178396
0.013621817341546803
0.01426818595570924
0.008519337140824194
-0.016902078064575943
-0.00015810674851332232
-0.050329912124658226
-0.03668789211543595
-0.03168667358061101
-0.010579907283481672
0.0028702945727002833
0.009053004898112043
0.00959096343788548
0.008270870045491487
0.0057016452891134935
0.0031273646613324663
0.0003625361813154842
-0.002946023845836666
-0.003689191720591597
-0.005253691292825558
-0.00666499382739172
-0.0067896528070634145
-0.008767203814971362
-0.009739707858180301
-0.010791255585176497
-0.01123128501660375
-0.011803698384256725
-0.012175421254198137
-0.012845382131452433
-0.014640929769101921
-0.013659139033225498
-0.013818858587175022
-0.013763906050141803
-0.013862174660332408
-0.013819927027827429
-0.013534930193032185
-0.013072335942360444
-0.018641155350360875
-0.011665807062286022
-0.010627948657776408
-0.009095443124479399
-0.007757081427081939
-0.004715544745917756
-0.0015425345418765537
0.002239279524571532
0.006678784323223492
0.011505644443127102
0.015836785246843756
0.017339336062455597
0.010917997775440573
-0.006935002340176288
-0.052447353007758636
-0.02514661565971421
-0.007654119463247335
-0.07177382130030183
-0.02202618006802297
0.005914520258211696
0.01738788796983454
0.018694736903156494
0.015029662473414425
0.010126790788716858
0.005415644483421712
-0.0020117315733962624
-0.002181398105620708
-0.005069092215999865
-0.007308669496685727
-0.011855203582256184
-0.010141377219613747
-0.011454808308944154
-0.01230362140143158
-0.012952325146749526
-0.013256100182618056
-0.013427103750549549
-0.013524599622121838
-0.013181981484138357
-0.012916407600274137
-0.012213996938302397
-0.011956667811081944
-0.011448701578908935
-0.014390199287187063
-0.010197891057305947
-0.010786662819562108
-0.009936858661533824
-0.007862376688877562
-0.006155946633349774
-0.004056068717858022
-0.008905143524298676
-0.02091002147316345
-0.029808167380331034
0.004384788745247793
0.0006797718309332913
0.007464958183884339
0.0032784724771561815
-0.00026254773432723803
-0.005354131252057095
-0.010327609741416168
0.008042723880376246
0.04534495072534839
-0.030492518259057525
0.049789964437969625
-0.005875768762555217
-0.017435202656747195
-0.024590778192683863
0.011304339536425534
0.011778757539500107
0.00765194111043434
0.009501200267471307
0.014713990375779841
0.021939897661861846
0.01614057596596213
0.012689885064665545
0.012191313096136355
0.008351085189001808
0.013275681170829801
0.014793895935574909
0.006203527778072991
0.01530921065542919
0.01562463183065254
0.016603112975943725
0.017967800723926855
0.01741038464680426
0.01631062710928888
0.014886520973233135
0.012582923899402874
0.008962933165796749
0.0031189607332286337
-0.005440845839876638
-0.01678716868663417
-0.025614453407513095
-0.020076487044418643
-0.07038733003285808
-0.11747610413462543
0.07859504632818694
-0.042617701102436054
0.026258393326102032
-0.0020445841208393254
-0.05794732461831878
-0.05151014662623568
-0.028011238703494704
-0.006108284030172681
0.006073322170437865
0.013832573343077857
0.01861825479534375
0.020181256780584737
0.021678617470036046
0.022588247716388923
0.018398459129344902
0.01171088555887667
-0.018306026145998622
-0.008416447697234748
0.028897013147306597
0.014604455491006644
0.03906629777132252
0.011796651479688133
0.009400808906314362
0.004190619041743882
0.006204813025355313
0.009816718056235357
0.010332888537103586
0.009441573708905396
0.008544427139982538
0.008578364712863567
0.01045067301493263
-0.00380127463595999
0.008429031105343725
0.004929347303132772
0.00345988938213429
0.002861108566351618
0.0033200992435913775
0.004328126427495002
-0.009759883640045148
0.002854597519867556
0.0006823901560608606
-0.00016326655830313665
0.0007734489454359608
-0.0009709653272248336
0.012402852899687997
-0.0015536994575322675
0.002194820194485054
0.0007490011714281466
-0.0005618497063310611
-0.0004937930424920633
-0.0007670860101571814
-0.0018165944084882495
-0.0008903970632474829
-0.0011036102976303217
-0.0039089570530114566
0.003939057737916569
-0.01682505626658004
0.002967282734367723
0.0038515385631105845
0.0029281042355701497
0.003415820163885711
0.0031439196290950016
0.0037593709143139307
-0.00927978732701371
0.0018276340212433379
-0.001175657213190654
-0.006013664964943297
-0.013662996927548349
-0.023359391386620902
-0.024323385988595434
0.014363109532710899
0.05318004777418464
0.017748005427189517
0.03981135425481323
-0.009868404701108413
-0.031189946374237346
-0.01961865669515765
-0.009397113001246387
-0.002570183419238086
-0.00033374782467518433
0.0029299089762012003
-0.013575599735690712
0.0072549338202989155
0.013040346778180409
0.008500184894954178
0.01619312228004205
0.01617718060207808
0.009183101451642174
0.040205918430746196
0.04911430506118107
0.04592325905835106
0.0035629093071833685
0.006012035137893199
0.007339239708637598
0.006068571248210138
0.0029506180654090964
-0.016627409185767904
-0.04859750785580592
-0.01758606059071558
-0.04671102083753753
-0.014797105340460233
-0.0047005876054468584
0.002634304111465549
0.0076682653478213165
0.0003293293320804387
0.001759694735692572
-0.017016940915268414
0.0006343742197093126
-0.0017502897454774154
-0.004726789049455095
0.0015740615399135421
-0.00467158679205325
-0.0017092892207458586
-0.007675008410788542
-0.00042724087126919054
-0.0003976313459154605
-0.0004050478959777154
-0.0008268340162393829
-0.002268901703973895
-0.004817513412472623
-0.004411535228012394
0.0026651254712237514
0.00879883802538151
0.011921851065551563
-0.018784133045646075
-0.025062031376992804
-0.01343128787434372
-0.008132356469483893
-0.002279188652649399
0.0013285400474849984
0.002651407409965684
-0.0012268264943108645
0.0030022908938473463
0.0022541388625576223
0.000778805012677164
0.0008071379640726167
0.0012206742230894939
0.0009561817999872444
-0.0026029551141698677
-0.0009202009524916316
-0.0012348964614695812
-0.0023148483446482687
-0.0029107472304230066
-0.0028852295033742655
-0.002676525648322527
-0.0018701532674598518
0.00304889780303715
-0.007060907074310024
-0.0013722539671730983
0.015043789284609883
0.005376135450666244
0.0028854494750802846
0.004153319764936775
-0.02106365291597752
0.02064104485485311
-0.0283704446089159
-0.015237616067268239
0.003445668028031565
0.0029147930982384275
0.00448815054529055
-0.0023900957217915238
0.004346732668482544
0.0029740421575891024
0.004779765568667199
-0.000875219024740581
0.004558748334874399
0.002759454605093475
0.0025673865520873
-0.0047773640459837785
-0.012696956900559529
-0.0012417336758350727
-0.008356075174858526
-0.0008686846616229309
0.0006497132513920534
0.0018011980172736976
-0.005637648876333975
0.007403413519278435
0.007468565922590781
0.010641231615768881
0.026151137382914625
0.004540260237823271
-0.006885873879181091
-0.0048535507607028955
-0.010239229895221882
-0.010483852204515151
-0.010931838729558725
0.009002306944212805
-0.008018836243250423
-0.0008935832097961819
-0.02595451442174695
0.045158145487626
-0.019298428414732085
-0.00785795942986687
-0.010769398386685745
-0.010423902245827342
-0.09532100584603102
-0.010527551839518276
-0.016235577186643462
-0.00546522173316787
-0.016676838534039853
-0.01050853011762698
-0.006675953083865049
-0.0054041489205751275
-0.0027401284533681365
-0.00042815471069907097
