-0.09941529412205975
-0.06371395797301437
-0.059482129570475925
-0.045064259738584245
-0.02707252247186161
-0.008891124782346915
0.007774727448332339
0.02286160078095822
0.03428150084948706
0.041873344734629364
0.04496996736888623
0.04731718696328426
0.045991882845581616
0.04181167123140598
0.03442664576795504
0.024359563158003306
0.011087801615685839
-0.003447662140966488
-0.015790799416970404
-0.02106944042967237
-0.016997066246576816
-0.027274748306786382
-0.10419347965743783
-0.05390531134464134
-0.008052504103809904
-0.00960782638966886
-0.01025490641091671
-0.004014051002005571
0.006561777478428088
0.018992732819317733
0.03057651047768932
0.03727515756419493
0.04456462956250246
0.05059592387135384
0.05539514819827861
0.059145460530622446
0.06334336715119034
0.06383229379055323
0.06555562956338666
0.06526150916930219
0.06491014570636056
0.06396056121423632
0.062405172988261995
0.060371781104384854
0.0572733723119411
0.05332376032899414
0.048427262575306745
0.042595959451181706
0.035471765774722636
0.026535612299316023
0.014934817592449953
0.00011810962329449035
-0.02006084879773379
-0.043769111455406365
-0.058556792360794335
-0.057904361294737756
-0.048748306072537786
-0.023537757614590815
-0.031521070360601845
-0.0326734730168325
-0.03120512455838253
-0.030333539567356
-0.03422885194043259
-0.008740071230231307
-0.04918694277123704
-0.06718487388218128
-0.06382758338995065
-0.04179618852027778
-0.017116879777058957
-0.0004576276275157274
0.008786388560116298
0.014098895613043528
0.017071505010822947
0.018451740205062156
0.01873107856524398
0.01823032036158792
0.017743442320902157
0.016308947110999908
0.01398730180104545
0.011885827003226797
0.006793495747857395
0.00437597025167583
0.005460449791643793
0.004427521909107241
0.0027905047342519514
0.0011477339046891712
-0.00039962147451431517
-0.0019308109401671022
-0.0036646693898065136
-0.0044730149237345255
-0.005438719362309656
-0.006502416236695898
-0.007463012873641104
-0.007802763468594467
0.0011768918966245576
-0.009020520548388984
-0.005174541607291755
-0.010300951545293145
-0.011648721054055892
-0.012249134535389209
-0.012372087199398396
-0.011062635332028043
-0.006318179079542513
-0.013968758018253676
-0.011773185325476592
-0.016662090709118872
-0.01789787778032731
-0.0190531247317129
-0.02017059767748997
-0.021014236335161193
-0.02142486900726504
-0.016802961543635416
-0.026281478339684944
-0.027491594981970194
-0.02670346647962642
-0.021677518916875187
-0.015353901002864068
-0.004692512292580158
-0.008976900828763922
-0.04401025559584115
-0.003782544920439763
-0.01640428470624886
-0.028841996765106744
-0.03521062363347691
-0.026392172113182007
-0.03329344554634144
-0.03244316375484696
-0.03114923091572208
-0.026588838013291274
-0.025444766076925435
-0.023479188306528783
-0.020128921191382675
-0.01981542296209494
-0.018406759709512888
-0.017499237941412633
-0.0169158902268624
-0.015582936708862103
-0.00963142623997067
-0.015604536750016596
-0.015291848142037635
-0.01281781441899832
-0.01093686504997637
0.02135372446797138
-0.008850905157026185
-0.01294361906432375
0.013965753857072268
-0.012357114765954557
-0.013674513974540005
-0.012606319273903767
-0.007315597361073793
-0.011053887071904455
-0.008722563024385375
-0.012153120372189508
-0.011453969383008595
0.020415222732554954
-0.011031479621178694
-0.009616122407423634
-0.011212105916832521
-0.010853242551947643
-0.010081929714209363
-0.009228734659436688
-0.008251821230856281
-0.007042871703385269
-0.005148344881864026
-0.0011900304004129425
0.04015341362776859
0.03657464742493584
0.003911869068810941
0.00290260863014545
0.003921513986613473
0.0037171263326426043
0.004931736833121471
0.006477898173766282
0.009122272546801941
0.01170968876597063
0.019026217880073283
0.0234943958512643
0.020447124798830433
0.025097119748461932
0.03311832233086162
0.04423482961850366
0.04711048159014014
0.012022696555001273
-0.09258225750656027
-0.04821474603300594
0.03269433057755172
0.04461307956961335
0.03716609413963224
0.028071973247973784
0.02087034411053191
0.015672850281168528
0.012056818004022724
0.009581966972096826
0.010358668873222595
0.007747784180316631
0.019291228161491012
0.017275148092229527
0.00192200479388071
-0.0003713101502644277
-0.0007234244299489434
-0.0010067214206731672
0.013579851536708286
-0.005102897584487751
-0.013574908738406605
-0.01377013403565465
-0.010453511879476315
-0.0036152164538582844
-0.011127797503820062
-0.006816540681909316
0.0010119447324979456
-0.011024373024302599
-0.003946728271046063
-0.016152538454594658
-0.017169580379269345
-0.015897738242078796
0.0372816475174055
-0.016312860671137165
-0.019728514242007212
-0.019760040075954315
-0.02091446768806908
-0.021036424634208333
-0.0215008088363175
-0.021537704370518596
-0.02107728649228598
-0.020120537698144498
-0.018294726476730545
0.011420914527650192
-0.01709844615608583
-0.019570924304137517
-0.018600279840930132
-0.014995880486116091
0.008904629172729377
-0.009547788727166268
-0.008353051739540238
0.021449218812279982
-0.0005865276267820858
0.020791801680005727
0.04272408134092328
-0.004204293063973041
0.05470548180160526
-0.0007267454402178555
-0.013031862380468408
0.010639996660472247
0.010042410422923087
0.007171964212082064
-0.016342150830221985
-0.018813671383708794
-0.01460175520701944
0.0331652425062639
-0.0005687179058872577
0.06858736046358989
-0.0022533711297362323
-0.015222212704093524
-0.02021815945231776
-0.02233827348958917
-0.024972907243801995
-0.023222355210330965
-0.020925630870374575
-0.008559193887208612
0.005634896579017662
-0.019930208775111178
-0.02178114993245923
-0.020038600883003594
0.00077757778971153
0.008950336140176596
-0.0025701408048091393
-0.02200403389743174
-0.00031757644443588856
-0.0168128859622421
-0.022021984531177707
-0.023010533508030794
-0.02080603079209731
-0.018403824900258433
0.04959450035728104
-0.009955123784278253
-0.012508787982246082
-0.010250226262745582
0.004826400259391729
-0.019606127064226115
-0.018525243424649732
-0.013783411123409074
-0.01610971552259112
-0.02066258704623269
-0.013459770920345828
-0.020381508288762663
-0.015576331744345922
0.05071347502731911
-0.009065485097961817
-0.013367998126281566
0.06070133378619426
-0.015273426109961276
-0.006632056842600913
-0.018175109453545918
0.007590831392398218
-0.0148397186117756
-0.019663118627242356
-0.019576077698126897
-0.01721028651436613
-0.009271174262816755
-0.00882252533570457
-0.011064704626323535
0.004030573964612664
0.035848119376916655
0.019862854319865297
-0.010264417634919058
-0.009832555180511491
-0.016177132104562966
-0.01647716582560818
-0.016002120350638464
-0.014748262147297951
0.0022321305907773443
-0.013733021422791944
-0.01242916598626369
-0.01126416522078857
-0.008850404166803374
-0.0026720751095569498
0.04128709186897616
0.009995124982343999
0.0036706721859548954
0.010175563610766492
0.10238383363577404
0.017868426745502382
0.03308379617079176
0.04012305628917073
0.012761044858297687
-0.07156833962371034
-0.009722612995520843
0.06494002534653183
0.04111842667765596
0.023301370967262265
0.013197720994391397
0.0069954700804767764
0.008072954355464745
0.03245052339034307
-0.0018448022578328265
-0.0030093085042509683
-0.008185691144033091
-0.01024638625142136
-0.011408591494244091
-0.012175737296127033
-0.012924740373989491
-0.01316947435424298
-0.012554809515065296
-0.0025983039703463607
-0.010332428918430182
-0.0032015227211286447
-0.010563056886540868
-0.012787805538079452
-0.012700247023506899
-0.011692842903744855
-0.009345610314574688
-0.0034583165931525756
0.017252407268035324
0.016532949247942418
-0.005318516302758277
0.03740670909761222
-0.004427717181552377
-0.0011456994001037746
0.018856886143727485
0.04559001121649901
0.006628752402803819
-0.0010367478155903027
0.0018806936661811507
0.005660262377187877
0.018158728644260057
0.01822024572638812
0.021884852703799747
0.03472508928914271
0.018666429716056164
0.02850778210671403
0.03929921110260448
0.04557846074101815
0.013789957878279076
0.010636670893853747
0.012210356188795022
0.025084300326667353
0.031350760102281584
0.04458770467967377
0.05379637419709198
0.019271816508958296
-0.08426856506782546
-0.01907268600155024
0.04402996476908329
0.04390790808583211
0.030284916197765296
0.018051823790689425
0.009498524472838454
0.011254731687017091
0.001544048238885033
-0.0020040787420404025
-0.006312247793373221
-0.00782669674849813
-0.0022580859400705014
0.003708960581102967
-0.005046460661001485
0.0003651800805343443
-0.003671130880432712
0.012906075154738251
-0.005010391191090577
-0.0033791886429037675
0.024809612135719417
0.023240279068378954
0.036192215496857257
0.0104210335680929
0.004062903457936898
-0.0030278333531647363
-0.0033195970688734947
-0.002032784943485723
0.012059467589705953
0.0026145387709963996
-0.00031659582499027827
0.0006608429612741432
0.004721984457452906
0.02478474994778762
0.02441952062034017
0.009623773781355968
0.006479593608131502
0.006026175867155338
0.004626903635185492
0.0005247102989879748
-0.008338473337075698
-0.02531573449964656
-0.054922986559114914
-0.09209340477914443
-0.11169341305104334
-0.11430576251129974
-0.10504653011417478
-0.06643697990391867
-0.025547761277825053
0.0019756738177252237
0.014336307771535243
0.017897359858753722
0.01770327655440363
0.017314273149263294
0.016559909817504437
0.01696145091387649
0.019981168910544477
0.025253216148143395
0.026190116278824293
-0.017056001584145556
0.013807220872334911
0.02909721821189776
0.02868457723290893
0.0130542378737474
0.02538035734353653
0.03957436919658481
0.04952708214710742
0.00929274880797415
-0.06033761188919858
0.010960806411143947
0.04427037395811943
0.03553638301404436
0.026762498536859265
0.014230898532742647
0.00758597142242374
0.003659166328287854
0.0006498153017730923
0.005114630174551857
0.00145320299079022
-0.0031893078266423272
-0.0036682480765335376
-0.0004242305745280594
0.0027973022969477296
0.019996081596635417
0.010712894602191108
-0.002058557121670334
0.0017046326993089428
0.010655903023854822
0.07848446101375012
0.03004112028841323
0.04184369293692211
0.04336445383385632
0.024248871889049017
0.049962661003908254
-0.005265505629902377
-0.03369980261318995
0.062286261136454156
0.02774224083213728
0.015811553537760814
0.011516255333631951
0.024099578140481883
0.03281050049687005
0.023607290151787162
0.019574553890755794
0.025272723843856586
0.02973503773599184
0.018606641009860748
-0.05611912882436257
-0.010527231143209045
0.014566658279494828
0.029294038154173814
0.021009590962273162
0.018459732337437706
0.009054689076378583
0.004676996447693963
0.002339366861831104
0.010843550638118725
0.013281640727017829
0.006777588307510725
0.002508508427517541
-0.0032255285526473164
-0.0038211321452536586
-0.0009761611239491598
-0.0035617517843089695
-0.00579823296628123
-0.004615593722754026
-0.0054555355971914144
-0.004071639016240129
0.008966327430776067
-0.005036961552050447
-0.00930326300155454
-0.0071097729976232265
-0.006478358597381563
-0.007202597814681259
-0.007293499690694039
0.0027519160993844786
-0.0070453711752434785
-0.004536436134955699
-0.005483415242148517
-0.006274654908193467
0.008627339822060811
-0.005349033762023805
0.00875909900843708
-0.0005390253739401089
-0.0050029506722722925
-0.006632295554148119
-0.00664157153626722
-0.005538055981341778
-0.005925257205568721
-0.00630854386684203
-0.006050953781993823
-0.005735406193277154
-0.006254125247221887
-0.0060100080450234345
-0.004960899855964755
-0.005289346421702253
-0.0034580489905574577
-0.004794167718246353
-0.004311575446487511
-0.0033226364448061944
-0.0029329148149768985
-0.0024667343192199594
-0.0016450224058550946
-0.000551863442049067
0.0008473598128896076
0.003219441543096746
0.0036910278836738883
0.00335227612596121
0.005218469300855709
0.011689764344959474
0.016632119844802295
0.02341299438980406
0.029284874962227054
0.03733717102950028
0.04225000472040621
0.028822392417324386
-0.040827782001870316
-0.12047346398470327
-0.030279000889477378
0.039533111172207334
0.049075097506207366
0.04058121879436356
0.030189901642584168
0.02155343178509717
0.014970869025302373
0.010089754629320763
0.006974958934074887
0.004629907701070059
0.0014961297183971464
-0.000257507305719199
-9.952623877447427e-05
0.014661124579833288
-0.0034750060166418646
-0.003428992447975521
-0.004708769634665194
-0.0053540699642011785
-0.005346751536854577
-0.0054422497656499026
-0.005980204818150228
-0.006782036747621686
-0.007066371952421449
-0.007098889437723764
-0.0024025198478010968
-0.00660007384428617
-0.0073519705074774205
-0.008038055980823898
-0.008228420127036815
-0.008348253760859693
-0.008486055227905468
-0.008202177995064291
-0.008038458614378755
-0.0021285150189066615
-0.007898075891379351
-0.007339855603481686
-0.008217200878675432
0.00341094422842214
-0.008090527748730942
-0.008478507542794512
-0.008575071127120725
-0.010592465990971665
-0.006987828304593828
-0.009715872863032259
-0.007349158385653804
-0.006125105385607294
-0.008529493871208885
-0.009238600965071194
-0.009341384656008088
-0.00921699364010865
-0.00783501168901806
-0.0074058984104901915
0.004401684461982577
0.0017095218705637243
-0.006261297638920332
-0.007482268628812966
-0.006183981534555309
-0.0014532758238741468
0.001411679001061881
0.009131834717200311
0.02096942057662135
0.02903696387004818
-0.01091968037772628
-0.03859285894120326
0.02307299679609631
0.028003179575839518
0.018495472312976054
0.006208527422892815
-9.51570050571267e-05
-0.002015271938139062
0.0008662601158268102
-0.006656754126987695
-0.008392733690598342
-0.008811999925885747
0.0003582409934672398
-0.007547973168303072
-0.004856389750008633
-0.00648387548326774
-0.009986345193162873
-0.010232943856850744
-0.008726872053633176
0.019894091655349843
-0.0007915792963354189
-0.008651054765640926
-0.001182138863888748
-0.005972849061753507
-0.007146174539516702
0.007283159245054779
-0.006021964936275934
-0.006788147278492191
0.013646196105927277
-0.00856782787319938
-0.007675811414346974
0.003192276882439352
0.004439262631921923
0.005866011521008931
0.02407359421100606
0.10589877181147778
0.11016521834062523
0.020809843988505276
0.03371166780970053
0.000533679374847558
-0.0033292820518526474
-0.0038900003861434013
-0.00720689991423313
-0.010537108757315066
-0.010798308027597707
-0.007056917891089949
0.002684950627907253
-0.004354788117190536
-0.00921099829997812
-0.008519675097454282
0.018457558952998727
-0.00537832986350507
0.00442503523532828
-0.004914773795601567
0.003393509494783639
-0.010638217790853548
-0.0026136098213728064
-0.0075781060787064435
-0.0033243712248174446
-0.009781475442449093
-0.011481431581402616
-0.011792254063173527
-0.011549977139330474
-0.010503080988120734
-0.007371590933334767
-0.011063650699892255
-0.01132911859431314
-0.011356415902207767
-0.011179854711241638
-0.010770190136370369
-0.009858941730007852
-0.007166785552811601
0.00040858685875671435
0.00012968696314235488
-0.0023635038791676804
-0.001195750780393302
-0.0022298620418160723
-0.008656388246617108
-0.009093026731436502
0.001280271164483
-0.0065612883648812365
0.015014449279326216
-0.005217817629862376
0.002078345941083874
-0.007028943956716653
-0.00747580152380981
-0.007080099058605653
-0.0064362422052907375
-0.003387641706455296
-0.003897603729996263
-0.0016902991604840153
0.001117036877568447
0.006064356114332527
0.015564217554437721
0.034867845482018045
0.049404767425625586
0.053427957424295375
0.029849266021611247
0.01668110286922762
0.0059640966038753815
0.006666053857226173
-0.002237635887527034
-0.0035816672608318225
0.00045054927235286055
-0.003460333087013986
-0.005313106341634597
-0.0053970206691113
-0.004543115245688992
-0.0028220274832168016
-0.0049633874695005535
-0.0014416765470603833
-0.0009693072041265349
-0.0039064489697034415
-0.004289455354128336
-0.0031127688916139993
0.0008436799931645143
-0.0029561729268956964
-0.0023029932735294167
-0.0014305138407322432
-0.0002546600351240441
0.002075268872728486
0.0030526625762946464
0.004889107888496854
0.0074889345550583405
0.01007167648016642
0.012575493971175227
0.01885397738770833
0.027480081002938143
0.034905778719940175
0.04118134576550787
0.03339597323711523
-0.023700113299573073
-0.10890885780086414
-0.03496351582537515
0.04004784239852032
0.05000576821888695
0.04062102626366233
0.02986724371145624
0.02067838098492944
0.013965243273200619
0.009186020622467777
0.005674963907751205
0.003195286380019937
0.001473218992614543
0.00045117910780945734
0.0004940966898075071
0.0013602985302917426
0.0016205245812548523
0.0036201571641967566
0.007492966468375974
0.014609453278692754
0.026521216007909788
0.04307387609684274
0.04272393424242876
-0.02915707368207378
0.042250533452290684
0.0401482500668389
0.028862873109204445
0.019916073657332473
0.013518338164200202
0.010909887338303803
0.005641995536118588
0.006118537708135488
0.003930411824513199
0.002189354081401612
0.0044543337199392
-0.0012054213905313374
-0.003381120972791288
-0.0042732009236895645
-0.004756073668004899
-0.0051049162032146345
-0.0034832734348394256
-0.004147762797835566
0.004480158838690982
-0.00541294946807923
-0.006849966236578582
-0.007339227730227879
-0.007958899444325441
-0.007839500092656727
-0.005657437598346368
-0.0082085909603123
-0.008407693474165239
-0.0073277598970183854
-0.005979613883869662
-0.0077162070597467415
-0.00805075308881057
-0.007258635902837427
-0.0026869840456965966
0.0007290438713253051
-0.007821277833729542
-0.007113607094796064
0.002800851834396043
-0.006195966236662663
0.005388521117950025
0.05024569642522052
-0.008516299251896411
-0.009511028468713673
-0.00969478206049993
-0.008817267217217779
-0.007790502467829009
-0.003778847759502002
-0.008578419377145026
-0.008332901856569343
-0.007630859180380487
-0.005834301202619564
-0.000636485271285837
0.016526087397299338
-0.0010972706911055884
0.012727655474309568
0.004462847894651437
0.010652468434155545
0.049312805180791834
0.020411287619887437
-0.0017032028464981541
-0.09613038243689505
-0.018894014945212888
0.012463883120159513
0.0243444215562924
0.025119136949704697
0.015959598278403295
0.030875957643439866
0.05659369290628081
0.06086891484980687
0.09605009565276673
0.011435878228211046
-0.002704078635499833
-0.00657345205633805
-0.008736330776688393
-0.010197487620625481
0.012675400777280523
-0.008662971201687852
-0.010999189004450509
-0.011117656032453446
-0.008902210990128761
-0.010908098304489343
-0.01130726802575149
-0.010624351732741118
-0.006047090144105853
0.056986598989521305
-0.006946352068019087
-0.0108286495814911
-0.003698054475805829
-0.0031094263585745856
0.028709633175754274
-0.010860733015096274
-0.012552445074557158
-0.0030128845877382014
-0.013339095831013685
-0.013886122857571874
-0.008234078204663865
-0.013759451815616549
-0.014312292636269921
-0.01444643074662128
-0.014467807876382216
-0.01381604196848421
-0.014171326475266862
-0.014005615937511404
-0.013917259794281553
-0.01255053335336724
-0.012855111595616767
-0.013478007173790309
-0.012287065222469536
-0.010716257461926452
0.044206172742305205
-0.009846735185526643
-0.011425508414067854
-0.008375571402612535
-0.002652261485864642
0.013345772378610512
-0.0094407165247369
-0.01164748704604933
-0.011509323866895465
-0.012709409333648029
-0.020675269327652946
-0.021014643172613257
0.0058517202271034015
0.028494157976366365
-0.007833496634577114
-0.00938967392980912
-0.010882737904005454
-0.009878256825987043
-0.006035967202902741
-0.008181340979543584
-0.006860259075936019
-0.004151421658331999
-0.0037877781911553614
-0.010094059907443102
-0.0034469716831441403
0.013087998277315955
0.005892656397461184
0.0042318247739045415
0.008546506089385066
0.020043254022518196
0.02998264326156396
0.03893778303006707
0.010859723436167599
-0.07554265917835906
-0.017203704922496354
0.03421324752225306
0.03339137691323811
0.020779974626697263
0.010890218301614062
0.005540586001964086
-0.0006352039177771524
-0.0033259116064032336
0.0037208492169269612
-0.0029528532227408207
-0.005983725923505563
-0.006810929843001764
-0.008986394527755619
-0.010069449022258094
-0.010184809241513887
-0.00858585189956947
0.021203968400930313
-0.007608975557917985
-0.010634345125817268
-0.010268437781595401
-0.010295254929615465
-0.01174935730334174
-0.01187840327987808
-0.011548042789743885
-0.011825712548196289
-0.011802901006434767
-0.011468563532775377
-0.011701076986956323
-0.009016786719394128
-0.011585908566792851
-0.011300465299530249
-0.00988923124738688
0.00453791902301004
-0.0089959633588475
-0.004689332128898495
-0.01040094830956373
-0.010452833536370838
-0.009645474361259659
-0.009220637733263244
-0.004292513780764789
-0.00936294496329687
-0.006204706767508418
-0.006480369411925758
-0.009556450740161019
-0.009798187973928275
-0.009089436262733175
-0.008128911829657878
-0.006353108534140576
-0.003091234117622257
0.0025701572718180112
0.012236740006821314
0.025200264928660874
0.026589504429935937
-0.04502004418236158
-0.014891231790680455
0.021044249868203253
0.024219790295831146
0.003924635254712898
-0.0009679504713973292
-0.0023889915191869253
-0.0018689888338799998
-0.0003612752550537655
0.002302188099033115
0.007245094544628361
0.010543325865878648
0.01707917309764895
0.02684105047838403
0.03541537223285714
0.044487666055403614
0.03613804604968178
-0.034704045350613826
-0.11529412422486471
-0.01849603490929777
0.03958833875500934
0.043479927267460146
0.03404378422738252
0.0243589699692609
0.015879446271291658
0.007876510549276954
0.004943762063352178
0.0025137905863686742
-0.0001009433459814668
-0.0016639792042514425
-0.004002069606157502
-0.005366683019067046
-0.005630142771539414
-0.003540424679897619
-0.007856859527302843
-0.008465192859109967
-0.008641622163202712
-0.009043804201036015
-0.007988054743427068
-0.004374284016388149
-0.008659663534308241
-0.0096692290342672
-0.009581457261636941
-0.00905067807143018
0.010737537969530149
-0.008839043408614874
-0.010478259916296542
-0.010223988034968195
-0.0034738111973425757
-0.006144884581172654
0.0010891278117198862
-0.00811855078918834
-0.007423853179427537
-0.00632614091638605
0.007835890364047655
-0.003968599499048644
0.00321110060615521
0.016972670792820138
0.03256095328495681
0.08329277917649289
-0.0021111015369214047
-0.007943202837607943
0.021958602480594388
-0.009824931727178994
-0.011430196095876123
-0.01165697371585894
-0.008900905333116615
-0.009612140705731041
-0.01189248668745444
-0.012375301500939302
-0.0123827366958817
-0.01238011211866836
-0.01201730144706275
0.011493786278675967
-0.009902902484178392
-0.00563525196137457
-0.010655763697842326
-0.01179118441629124
-0.012542044917847335
-0.01250587522117747
-0.009432899709870131
-0.012463491137588191
-0.012257368961830122
-0.01195525509385618
-0.011712464887104736
-0.011366122558029974
-0.010455948687815776
-0.008044730511378887
-0.0047315463273068775
0.01287781976392372
0.020237323356027462
0.0757566974216496
0.027741622178467564
0.0008048715868689064
-0.007164189533195066
-0.010187277270736319
-0.011581598717591986
-0.012267244204885286
-0.012554262237742872
-0.011261378886059915
-0.006979680522255322
-0.012248958474364932
-0.013080409238900534
-0.013075627669416875
-0.012911723026647025
-0.012918822211929623
-0.012738159858965717
-0.012452071857999139
-0.011904078243054438
-0.01172588630280134
-0.010270102873783568
-0.010673439322301142
-0.010244857015503735
-0.009456621845068614
-0.008466499997022625
-0.006587162017912592
-0.005709752120075449
-0.003785954342856956
-0.001251797753198732
0.001970239165081064
0.006264333383507539
0.011992634577085111
0.019586064791716665
0.02929741028996243
0.039867396480988804
0.0441968769215956
0.013867676188525413
-0.0834459284283376
-0.05961767063001521
0.03268692276274926
0.05012717701024751
0.039952276600639464
0.02660549365413037
0.01630818077870212
0.008643034213043252
0.00354369893919201
0.0008263998743225105
0.0005664151145783031
0.003630984106457306
0.010770787456463258
0.021849282688197625
0.0325602122508378
0.014867045493442903
-0.09180694826256323
-0.05541313238418685
0.034712036595535255
0.039717186477661336
0.026575813486339653
0.016059847512887384
0.013490045759769087
0.03577889416726911
0.06665695454359785
0.016365754647028302
0.0011616032504311777
-0.004870157884306794
-0.00799055618557678
-0.009805077574959556
-0.008542981679627937
-0.011738442481450347
-0.012508688455048881
-0.012943322570589761
-0.013120659405197705
-0.013036912189009188
-0.012595740494672924
-0.011685705132682958
-0.01156650697549986
-0.017333779872629296
-0.021222262866852117
-0.012389898925831677
-0.010875692008443287
-0.011666451128302622
-0.011992273202430357
-0.011758625178037765
-0.010999926160111835
-0.00962287698553956
-0.006933291419347884
-0.006043498860277642
-0.0030534588537747052
0.002509111110498199
0.009684756622417065
0.01947171576114032
0.025412099182228136
-0.0011265450666194453
-0.06923036998677239
-0.016863600024032806
0.022660569995481713
0.02143862208518883
0.01919438468938583
0.017091892592369262
0.029590526366625555
0.04229574195118628
0.04097835313861681
-0.01622443194832402
-0.09507198981117644
0.0005128483813906186
0.04911907411712273
0.045152561753099126
0.03152720714397611
0.01946858541719304
0.010792025042223893
0.004643519742313445
0.00019933414206370562
-0.002523739234220751
-0.006287111624028101
-0.007177873492307749
-0.008706970641663163
-0.009452152628805686
-0.009060633471464942
-0.0058973946863202864
0.009585382448598707
0.06508086281163346
0.0037436361020442397
-0.0078498848908364
-0.01033085018118769
-0.011823511973865171
-0.012723255926210644
-0.013116119256268623
-0.013136877843975873
-0.014515150256587244
-0.016659917545024067
-0.013648187418264837
-0.013577707755446347
-0.013360666154164093
-0.013573277447985399
-0.01349868263292456
-0.011859166896583935
-0.011397424459235458
-0.011255112802475598
-0.01057489266231253
-0.007018052004425057
-0.005336482196867747
-0.00037474847460901593
0.005826489479905751
0.014601133317560577
0.027097263537151313
0.04107886167147035
0.040638198445248325
-0.029330137497267247
-0.06865029846707969
0.036383087298918454
0.05111418811947179
0.035389903855918226
0.020259234526897426
0.010140677622455043
0.012120726768692901
-0.0029623418599577503
-0.006393769637750296
-0.00812441504179985
-0.007933844212909507
-0.006385267773889131
-0.0037962074968776057
-0.00015750713615026699
0.004818845309612486
0.011339402534617855
0.02032889468620982
0.03124402105975974
0.040234805496878544
0.03027560413606105
-0.04265624680401477
-0.10350373841325722
-0.0007673119568060377
0.044452659811963904
0.042506245557471796
0.030862880453493096
0.020078256887317843
0.011937890831086201
0.005770972507027679
0.001380990756857798
-0.001866832799502909
-0.00418117847614631
-0.006071854809371053
-0.007439109434709923
-0.008473621521958895
-0.009258648113831506
-0.009740834054839508
-0.009078307297560229
-0.00909315704246851
-0.01075149957447351
-0.011065576176684652
-0.010708708625274286
-0.01115708970187968
-0.011459068139175807
-0.011114642713325962
-0.008629898913363777
-0.010976105174479382
-0.010128603168424259
0.0040417236172077585
-0.010702071112373646
-0.011284237351935886
-0.01151752521822349
-0.010255770319756108
-0.011568387207097977
-0.011642028330367484
-0.011511878865451766
-0.010737976329856397
-0.004847287525225284
-0.011264327184347249
-0.009049193526792202
-0.011623224171108134
-0.010976134108137837
-0.006651361238625792
-0.008908333139439256
-0.010494562242302165
-0.0094023214278828
-0.0063587495424140454
1.329467808314014e-05
0.010419981687509964
0.01348096267957631
-0.014982933881433427
0.0042616608243719245
0.0211706922288666
0.04659900689076579
0.010469461674964943
-0.00631575366109795
-0.008246667115589764
-0.009137367124045878
-0.010276024806472184
-0.007714357599227947
-0.00840820468462072
-0.00872788023658434
-0.008111510590925249
-0.008742344875221828
-0.006190044853304121
0.002929347434755255
0.012071617357808833
0.01546004910740824
-0.016590144836615188
-0.012017699348023323
0.00987078947605421
0.008845774987946366
0.0022651763944715802
-0.002270883644602952
-0.005546005332367713
-0.00693468671146542
-0.007314231999950914
-0.005699002983265444
0.008873394906156665
-0.0023921615310735
-0.010174997260773129
-0.004380828706838741
-0.005614767348407868
-0.007262272500611543
-0.007462641526797005
-0.006829072566320033
-0.005409053442766653
-0.0032417991273851875
-2.1465509193806218e-05
0.006590146273794953
0.014868156269777723
0.02824185442529012
0.05224196576536111
0.023121849759810718
-0.045116690443014064
0.015342501378754913
0.046716527956326095
0.03333161875573477
0.01719060237702598
0.006687830239039658
0.0005109819576225864
-0.002987142950755199
-0.003762014522322083
0.00042303480773137357
-0.0038169331062994044
-0.007070105920687195
-0.007589504499208111
-0.007708382881522526
-0.0077241888943717415
-0.007839054688032523
-0.007764600678892766
-0.007406615356191023
-0.007597317195148865
-0.009145924301206185
-0.005588353786731636
-0.003278449006484469
-0.005160878621044359
0.007391017615580368
-0.0018962138485704347
-0.005365522443915031
-0.006506720376033817
-0.007317362748890423
-0.007505179188643562
-0.007494662101414141
-0.00754528063568905
-0.008806269399680308
-0.009136656229918886
-0.00725112827360936
-0.0024725313888619115
-0.0014415526138696266
-0.006870301036732679
-0.007660926441717736
-0.007841715448529893
-0.007033576712375603
-0.007985757218676668
-0.005201008690856931
-0.00799056491442691
-0.007688450883345502
-0.00845353187404378
-0.008433726433319024
-0.008203480845873214
-0.0022682223966664656
-0.0072473264216862355
-0.008942149487272582
-0.009349217502505683
-0.009299718060405238
-0.009713867806224805
-0.009870722851219647
-0.010015589512484047
-0.008930799020059603
-0.00942936732926568
-0.009874122113302755
-0.009884389097623429
-0.00851396652553661
-0.0023741606776967786
-0.010541765583923043
-0.011197661008703523
-0.010772182976793266
-0.01074010166986729
-0.01191387029064143
-0.012276339050954304
-0.012297083833494319
-0.011139911400707957
-0.008452633320369746
-0.011279192763684732
-0.01208301740812489
-0.010299564059654822
-0.009024481548966647
-0.008404156026298676
-0.005940692508303858
0.003480980575041728
-0.005299475905201293
-0.007220696557217785
-0.0055397146427850225
-0.003477951853712388
-0.00024092857123266654
0.00523356865888342
0.01364685726279641
0.02945864330367556
0.035773378942811816
0.04419787554882791
0.039158972422491556
-0.024845457745148368
-0.05214214523254606
0.03600747417367551
0.053626593596336154
0.039949765771528686
0.024350059281668158
0.013522151495267708
0.004121687691508356
0.0023340818664631213
-0.005949145172776828
-0.008865590738373374
-0.010923373269291943
-0.012331700835715357
-0.013193695421645685
-0.013975611785714322
-0.014649797372985553
-0.014980529287470446
-0.015129506876652524
-0.015132165083677715
-0.015014160368035732
-0.014236082219587283
-0.01389847259780461
-0.00379933682933894
-0.013518713800591796
-0.013139893325311182
-0.012401247403232852
-0.010393759923072586
-0.007709382026743877
-0.002029642057171119
0.007533522044539084
-0.007843450613935123
-0.012718751545390863
0.004138027756130678
0.005694208823112174
0.018927097258416882
-0.005285836286759487
-0.006914122803884253
-0.0075005400967041395
-0.00753044638199686
-0.007553708548937126
-0.007284431831858158
-0.00711014719397533
-0.007002718965363688
-0.006462746918673777
-0.005784390825237815
-0.004829764046064428
-0.0026802173452368685
0.03145701098247498
-0.0008691204425960312
-6.455096203226767e-05
0.002254209757653788
0.005430800145824116
0.009555338938256398
0.016038635464296225
0.024868421021630758
0.03184761945165389
0.012470151441540272
-0.05935488307027512
0.02360480278370432
0.029180458145641106
0.021275058354855138
0.014036009740756108
0.00888742517914945
0.005459950392326938
0.0027222933586030337
0.0010843566154943268
-0.00028657797958511316
-0.0012554223168534098
-0.0018813689926134415
-0.002483116513012882
-0.0026000797305391287
-0.0017577876839675593
0.0798335243833477
-0.002174310657559441
-0.003386041859775999
-0.0038563470593047174
-0.0030557870338474014
-0.00381394794376852
-0.001343306806682619
-0.0029149641428402886
-0.0022528200924364205
-0.0006858615470715424
-0.009868576410217426
-0.0006319525284756663
-0.0013324653064546068
-0.002457997958632815
-0.002854920981016139
-0.0019324684132532716
-0.004246839857480314
-0.004800839662478267
-0.004956761344212536
-0.004981499567673933
-0.004933146696297558
-0.004814883638637214
-0.004507832129986769
-0.0019278106556799655
-0.0034528607548493092
0.055346940708279634
-0.0047769149086642395
-0.004278653393005847
-0.004286523295561837
-0.003944115849460592
-0.0036414957784634524
0.006040125161275639
-0.003567685871395378
-0.0032638141067340637
0.0005250191403574541
0.004398938767347496
-0.001838973809066802
-0.001474187833026385
-0.00028582830950923727
0.001979020164190745
0.0035672074323087033
0.00858602026810635
0.03384211548824165
0.03341167473173698
0.04413655606635105
0.019374736215089804
0.00739794248416327
0.00194515756154955
-0.0006517690204398979
-0.001301900579739306
0.046700083412058814
-0.0027476426301187113
-0.003557308858793839
-0.003177409271841075
-0.0018031920838105502
0.0007412356412788057
0.005951310956534892
0.01467341715754577
0.02388291137670779
0.007818875520587918
-0.025328439401338894
0.010640732536310664
0.022963026147122624
0.012810970007133934
0.004052550263331457
-0.001201452057574234
-0.003441470073428209
-0.0024292284924418645
-0.006323307461890915
-0.007167564555142064
-0.007561381293512018
-0.007782286309184234
-0.007811437906876691
-0.007800403524638606
-0.007171217573198049
0.008935411008078736
-0.005724774881298668
-0.007510413634203458
-0.008331262250658894
-0.008542771723455704
-0.008835038755738196
-0.008875744293752555
-0.0069733914597357545
-0.008869028451603091
-0.008091274353188531
0.019376428663324067
-0.008372671306771029
-0.008973110069170707
-0.008705637169219746
-0.00790106402004608
-0.006369043514770732
-0.006539250443057417
-0.015546670102301227
-0.010788039538931633
-0.004590558610194283
-0.007069264736552358
-0.007757369008841807
-0.005337666140255997
-0.004440171084431035
0.008096957684962602
0.008651994749282067
-0.009441644499158724
-0.011010369766673137
-0.011334221914972183
-0.01143295246800795
-0.011404581067644538
-0.011148150540780789
-0.010660480332524766
-0.009837438405753856
-0.008492116338364292
0.002525303581166064
-0.0053554186047350995
-0.0029348073098871314
0.0007668001467692475
0.006000912280229285
0.01372950854655188
0.024230987834004857
0.0369846564191587
0.04532794388729457
0.01644470206142148
-0.0784806503953833
-0.02479828211373925
0.04506107601302204
0.04616437916983384
0.031317821790258014
0.018339290651672144
0.008707761518060969
0.0017670542997079387
-0.0030326132578631752
-0.006285831916832861
-0.008430177844011738
-0.010107510358352676
-0.011174550464290866
-0.011868262501095402
-0.01219455372140641
-0.01019982498478362
-0.012226634650238447
-0.012825464455645471
-0.012887434133125632
-0.012951379542730084
-0.012688959430651264
-0.012386157034958089
-0.012525988927863
-0.012214220030640195
-0.013227622294406344
-0.012202403597054072
-0.011999090728451987
-0.011806704184535579
-0.01127774179896231
-0.010125602707912554
-0.010764559250242443
-0.017750723947846544
-0.018215872184814453
-0.010813293269824619
-0.010252022196502925
-0.011123670767927099
-0.011637108033494232
-0.01181361410141256
-0.011768368614690702
-0.011487303633311626
-0.009106640905640744
-0.010513396319468798
-0.010958626507750386
-0.010270463866657703
-0.01060644196317708
-0.010077859428294566
-0.009051136154179337
-0.008304498242803533
-0.006865357305021174
-0.005411251985721879
-0.0037125347844458737
-0.0011378520665923134
0.002142342228717061
0.005539101108772404
0.01146763377094872
0.022008321571913632
0.03276267736297835
0.033903660726726
-0.011153319490434016
-0.07842312444772453
-0.011613260199591528
0.034956152561195816
0.03314576767740357
0.028700687329592675
0.03178511377119596
0.03814756067819853
0.030802055111699433
-0.03375648032162364
-0.11222070212480906
-0.015988140372157664
0.04206418600190951
0.04431088577399582
0.03341141841542372
0.02261653230072182
0.014285020435526936
0.008002133174296357
0.0034133227475708922
9.823806221566947e-06
-0.0024928037589930373
-0.004205242687777278
-0.006054633622943357
-0.007315059189518007
-0.008325882758019274
-0.009326297048682581
-0.009907935142134571
-0.010517240966635246
-0.010999673914289434
-0.011514026918205184
-0.011895233886413123
-0.012234173619287027
-0.012323384794404636
-0.012271088916596258
-0.012926452529326803
-0.01313818913228155
-0.013270526076510997
-0.013300046380647903
-0.01326978991243857
-0.013161190424701083
-0.012866029338939218
-0.011118755228120586
-0.012135775679381778
-0.011543460653534739
-0.010671707389212142
-0.0093549779375822
-0.007910623982364284
-0.005905079937388637
-0.0031378699719615015
0.0006166965485620508
0.0057574853633440845
0.012847474662333122
0.022542236287529223
0.03454850534202514
0.04609563334237407
0.03957731246315722
-0.03897599212660304
-0.09847429740826266
0.009343675528072701
0.045669762651500044
0.04041092648638452
0.028531529759105046
0.017876056826133257
0.009731121009902423
0.0037569966759370215
-0.0006053255326831541
-0.0027726594457261923
-0.006281415446957944
-0.0082161097603911
-0.009670225284858787
-0.009670103919598372
-0.011756938628007538
-0.012500734790542456
-0.013089180295413632
-0.013589960308486937
-0.014000575734071439
-0.01431929461183022
-0.014543862620141294
-0.01475484371002285
-0.015113869055486298
-0.015237446831519046
-0.015196884653076689
-0.01512794521752916
-0.014354400270465795
-0.015595947718998079
-0.015388099880450085
-0.015075825926082363
-0.015507114541459449
-0.015010055567565756
-0.0134611912187391
-0.007621392419069585
0.03027835534992925
0.003501983638722289
-0.00959981869029888
-0.009253756454613115
-0.009934679723318041
-0.006740408175591417
-0.0011441624521180197
0.008594499573583514
0.02333962971537129
0.03824247506526224
0.022598947478165324
-0.030664688020315807
0.01940293547368472
0.044642419854822216
0.030276091186744587
0.005104355805961609
0.0038225137574593314
-0.00026274086120263207
-0.007787593227620788
-0.01160766249166854
-0.014531825833545849
-0.016448310113924086
-0.015682348418851313
-0.01609833242109012
-0.01648592670699781
-0.015247102596211029
-0.016197923113117272
-0.017109868358989932
-0.014296611758612646
-0.017301098395568763
-0.01729567939355852
-0.017146984335915813
-0.01706955023102853
-0.016544260512261877
-0.015558634071717113
-0.014483086629566395
-0.012751228268358979
-0.009936801176745837
-0.005544339681647587
0.0012063676726272669
0.011542394360139614
0.025955530198087613
0.03786654697747404
0.015435861459245585
-0.007308407144519073
0.034741654705999235
0.0017555855555236775
0.018128690353533917
0.04117354557180952
0.030749364284126803
0.015902593864021528
0.005305156007914074
-0.002812775662748797
-0.0076534247885905226
-0.010334796490320434
-0.011455355530121754
-0.010863459066996362
-0.008101257021096752
-0.0042139518567653
0.004045267556578553
0.027272243639520403
0.06882414055038857
0.06274705612560177
0.024333510113235746
0.0010207427216122299
-0.013012443007597648
-0.005306345183594204
-0.005474165957486327
-0.009336927492391948
-0.009436127438404922
-0.009894795684283152
-0.010884428674731703
-0.01120499120102049
-0.011397333425837873
-0.011340112521997977
-0.010285286729957948
-0.006313024746498926
-0.010540999014295147
-0.011331419245547363
-0.011446689360329661
-0.011416504169921909
-0.011164579045093643
-0.009791812828192956
-0.006769896494299321
-0.011000980636159993
-0.011273719021908787
-0.011211053281253767
-0.011120875086006553
-0.011589426040408276
-0.013767916818366453
-0.012183223927742534
-0.010482887453220782
-0.010892324804007553
-0.011762464390138248
-0.012669350838791185
-0.01288887010848201
-0.013118051460914734
-0.013475568054084513
-0.013547596627843151
-0.010178541129465125
-0.01306831872049894
-0.00865370568837785
-0.013556208783749002
-0.013774985581796476
-0.013245537631883015
-0.012662719310778366
-0.011505820559471669
-0.010209916642914789
-0.0058807682794178645
-0.005664366118908562
-0.0015920097193792197
0.004499480260368659
0.013458117600474658
0.026237439610995644
0.0419488207300764
0.04806469002891019
-0.004170071721937327
-0.050181829741893204
0.034430493382372106
0.06288784970464566
0.03616329869438875
0.020143203601310732
0.008901133091777308
0.0013034563397736568
-0.0032758908474185182
-0.006869653395384545
-0.002605412880026089
-0.010541078195332983
-0.010608388133245565
-0.012391231158653242
-0.016625353874439582
-0.00926082569360424
-0.006839933284398871
0.0068709034685077094
-0.016586692353084378
-0.002263648079088978
-0.009139117624738456
-0.012342880071280038
-0.01291491750138242
-0.012412570854111986
-0.011259980416472276
-0.008701993778523624
-0.014183804903962387
-0.02172526539126649
-0.014260203278867463
-0.008842769513343665
-0.007882658495727439
-0.00954808502425561
-0.01117672706780609
-0.010409869924551191
-0.010858976000497289
-0.004726931137147955
-0.010315073538532988
-0.010177337529852955
-0.009940832164471777
-0.009648597376620563
-0.008543512567423573
-0.007029348224592589
-0.004174360932285374
-0.003467653205640275
-0.0009351192851780286
0.002905948638779828
0.008366685610579032
0.016111051747871037
0.026815688174400654
0.03949471149981552
0.04381881744213662
0.0028714365275324606
-0.06901566338020455
-0.03452875565377081
0.039567508718845644
0.045376876948386484
0.03283478001232796
0.02071395117329242
0.011411699056728753
0.005015727182990214
0.0014402547742132649
-0.002585713219317492
-0.004900734483235261
-0.0065153065735152225
-0.00746799257380358
-0.00833862688024635
-0.008790622527377888
-0.007996554721691262
-0.008530599926122023
-0.009390442727909282
-0.009474668422940214
-0.009384437336301626
-0.009205888769339183
-0.008904755189744802
-0.00848113877474177
-0.006801569009460958
-0.003973376517574983
0.009493283274044313
-0.003814231690292473
-0.00642818919920123
-0.00665357392924935
-0.006695401762157635
-0.0078684534491574
-0.013567687631521762
-0.009691785728135519
-0.0013429864952279884
-0.004152179127319801
-0.004580876153273946
-0.004782466212530382
-0.005291465112549969
-0.004383345651250232
-0.00395942738597732
-0.0028010385283942564
-0.0011240931354169535
-0.004532469151273331
-0.0043795565140309954
-0.003912900537781055
-0.004247513229738999
-0.011075371864583537
-0.011063367796221526
-0.0025280682937876
0.0016992873616699258
-0.004037678524948783
0.006685710781886284
-0.0003170437528474869
-0.0011656882882830914
-0.003209819621810998
-0.0069964055469364725
-0.008691937753811522
-0.002801619765965513
0.0016778271521429222
-0.001224382399521045
-0.0024069023006651627
-0.002382580912865636
-0.0028901071077129
-0.0046563009822360455
-0.0015102635374327335
0.0015125315430426984
0.0021356195048401615
-0.014554046948037016
-0.003374877222347677
-0.00028683733720356717
-0.0014633147415981898
-0.0023112709950657215
0.015949637625759242
-0.0031115015960444152
-0.003973773721825903
-0.006034624959981404
-0.005401521436287579
-0.004266205310914668
-0.0043515901104728425
-0.0044564299267448116
-0.004856046374891536
-0.005053539798578461
