-0.0335558052715036
-0.00625992276782737
-0.0029989366728873945
-0.010673860535688015
-0.020185586456438098
-0.027155837344233182
-0.032126004791042516
-0.0364293827164041
-0.037673628338470294
-0.03512717505563525
-0.0319759767045222
-0.030728829694599592
-0.02805240898335678
-0.027580584903488498
-0.025735517696782277
-0.022688510740310905
-0.014071433960018505
0.0018325939056468017
0.027515206731702796
0.06380606723650445
0.09956301211980252
0.10432809900389087
-0.00780873398936903
0.04823744513937622
0.06679858865966352
0.03649875580431191
0.004825585871792454
-0.016725696040193277
-0.028079283583827355
-0.035962498282752324
-0.03859710106800696
-0.027372857919014806
-0.022245111155931536
-0.01708060496226795
-0.011954627243789807
-0.00708604740931874
-0.008288475491537408
0.0024242924496335615
0.005265467838026267
0.011945708168315023
0.01679487958999421
0.02146167841248164
0.025947924155620226
0.029724870733911966
0.034311693712912886
0.038637261958811016
0.042830548206037676
0.04626795395383091
0.04938011247092536
0.05220054589336055
0.0514124039888212
0.04045616488819247
0.0005902160886581123
-0.05601937800526041
-0.08604474792106791
-0.06309284255100961
0.0008065368017425837
0.02459150796437547
0.09065940824168585
0.11107025091180238
0.1174486491024584
0.09438292122497284
0.06252572083110472
-0.002487985709266706
-0.06092411015851154
-0.08523093058515092
-0.06933907240502554
-0.02180236610965178
0.020366895097459398
0.03802712969477482
0.04275282715166352
0.044284419112896184
0.04487538994906014
0.044862043710227506
0.044184748107596074
0.04290465232204569
0.039782854984830245
0.03783672742433282
0.037060065422578344
0.0328788210182836
0.028554031674149306
0.023072124013122395
0.026686293628755985
0.025889191962571365
0.02455399369256801
0.023254240661878176
0.021964915522524966
0.0203718101149518
0.017858331079157165
0.018329961094745047
0.01763187050950311
0.0169344721523309
0.016168407536717506
0.014089961692008114
-0.014727812567397759
0.01096923080476485
-0.001170306445872619
0.007978993590784448
0.007629367197066695
0.005801388005701655
0.003254346337321784
-0.0031456684373492518
-0.01877048105894085
-0.005558924825244688
-0.01593202016642069
-0.008205426749468546
-0.009519800206834647
-0.010546942994743678
-0.010999780678862195
-0.010874781682086573
-0.010487962565880193
-0.026175015759925174
0.0024753190381544992
0.00511680291432507
-0.0011307898612971522
-0.02912296481448918
-0.05665563353023194
-0.07898321288494971
-0.004125320848198474
0.04604880476039136
-0.06700952565458214
-0.07690528120645994
-0.037056163390093357
-0.0115723444970358
-0.04744783847796808
-0.02013290529671447
-0.02760669078334269
-0.03569013354441342
-0.0483249447130456
-0.04934652595104889
-0.05022113730476045
-0.05237632287304603
-0.04586580042410766
-0.04137435538395107
-0.03540170465117699
-0.0290771001631283
-0.02433551633596438
-0.02842598331867895
-0.019008400777939374
-0.014182291057165213
-0.0061048927795348245
-0.0028381413804337836
-0.05530458305036419
-0.009914899586687011
-0.008337914945956558
-0.02830182447219541
0.018116703506370797
0.023972745482162394
0.02517945125681145
0.02087010772446884
0.027959199148215076
0.03032082246289584
0.026491512792061415
0.027662585049109956
-0.008972533500492265
0.028239276525996965
0.026281665549833966
0.02725988150822064
0.02562133320187888
0.023146322553928813
0.020207845818334336
0.016801017170983604
0.012837136916740759
0.007840466589457668
0.0013274925521569243
-0.029508541865221505
-0.03266235609477393
-0.013732024984115613
-0.0172197614668563
-0.022648847675717735
-0.02749195253562319
-0.03403369356147821
-0.04029492389726297
-0.04627976844615212
-0.052181441846457705
-0.054852042580999114
-0.05181724154725848
-0.06711869476936551
-0.07211226305359385
-0.07409527140262753
-0.06741400157047046
-0.04484505541190016
-0.0037237862396168647
-0.07638415402367096
-0.02959974426165213
-0.02183794723440399
-0.058810577155733956
-0.07295518189529308
-0.07419671271033335
-0.07092958386716514
-0.06611575694416007
-0.06075643508534423
-0.05535335726602488
-0.0501210518095343
-0.047540344669776614
-0.03997788777135524
-0.033865441594476256
-0.02849698401289576
-0.022334546830001755
-0.019850375684885943
-0.015262627972381898
0.00826610952232144
-0.023065809925128668
-0.0487444683904157
-0.03949131306059891
-0.01261299747193526
-0.0025216143777713625
0.004860906592059987
0.007736655572261807
0.007751697488760681
0.013424685955043918
0.014403599617965196
0.020326977322114467
0.02206690459405223
0.02228661244467767
-0.024308476834473312
0.025320859744960716
0.02682788719802775
0.027271478137025438
0.028413223232703597
0.02850586192687278
0.028362304686451012
0.027271801160637134
0.02442431315034432
0.017936013296359292
0.003823505086253573
-0.017704884556835547
0.007606902038375228
0.016761231578927383
0.019247424616230496
0.01770619087528427
-0.0030575201372321638
0.0072964230218636175
0.005974953630513801
0.01909772785598116
-0.004276180496458735
-0.02659771364031623
-0.058200164220255424
0.0024715028367816917
-0.08923510967105251
0.009584278457768592
-0.009769929184267803
-0.033250092214531145
-0.01338927770645544
-0.0006779039592114249
0.01798334190045588
0.020297005926398933
0.01677810078616704
-0.036082067680822914
0.004529799219141055
-0.15346730990138882
0.02535176567545751
0.02192770235522838
0.01948569504199431
0.01562537983807495
0.006253857277635397
0.01642296463598279
0.021216512152888452
0.01594334090777521
0.009492336171313743
0.02370225047888624
0.024360064000358096
0.022019476632988262
0.007804471947601784
-0.003282864949388283
0.009754815100764288
0.002614119655935245
0.0033239287974642187
0.017628330261890115
0.022191554003684045
0.023795854234878667
0.022349826645618763
0.020327139348944367
-0.0549566329366677
0.016047254149241158
0.0180775691089311
0.03036845055325967
0.01696652764251843
0.02048140423585061
0.02076330792347974
0.019577158591779307
0.023845838030942597
0.021795554366379748
0.01912664315993418
0.020035217711921776
0.01718368015500942
-0.051239711566035545
0.01378039928882111
0.016596062477196322
-0.07551030975421148
0.018084224506536566
0.018094311732354835
0.019013200982276966
0.015786659209286718
0.01860291823674604
0.01846540941742359
0.017311884449251008
0.014611790945052657
0.021909397372864584
0.01839765742827102
0.009908810588777432
0.014054077066727243
-0.01158802565043605
0.004795787486301697
0.012198687468365202
0.022632525557323143
0.014171343212405523
0.01435092104399012
0.013875623862678495
0.012083444508372815
0.011804943292226073
0.006453250339830912
0.007459149774596443
0.0035440528957806578
-0.00013893930112763957
0.000961898406941199
-0.0012250448300482326
-0.0021474592033595918
-0.010171031146003246
-0.017330366590530163
0.03594322812975159
-0.050377055773167145
-0.05078575350392193
-0.05038539489893757
-0.02765334158967796
-0.09730866484715443
-0.03564086320336795
-0.025007281721271955
-0.04922916162460318
-0.04491935180218067
-0.031727272698408956
-0.01984738653677272
-0.0082482594029335
0.00981333199737054
-0.000850246011465711
0.00035347107423873154
0.0018140790237688876
0.00556552613381827
0.00757709718638208
0.008704874610875624
0.009407670730762395
0.009469192550882896
0.009346184157952813
0.01051215228654214
0.00910821250238272
0.026483378402400278
0.01203601929899189
0.007674223717112316
0.006712770837656436
0.0057668869048514
0.00470502805880112
0.009266189460336352
0.015520847661899845
0.003109965278731025
0.0007549958908598646
0.02681768054993427
0.0006635054929894341
-0.002283732859680689
-0.002471679733134139
0.0005221997860036764
-0.007922378102490633
-0.012020010106064112
-0.015260471287863241
-0.021415154950394935
-0.025153891335419787
-0.03725114147361835
-0.05031533761707115
-0.041615053306583896
0.057957304453459785
0.05577826257530977
-0.038428803924246226
-0.017742809123811255
-0.02742646700670184
-0.021287672800532637
-0.019630107143260436
-0.012971161537143974
-0.018470561677508893
-0.013550863810105984
0.008977968238108832
0.05027857435958414
-0.031281308388789446
0.036823010705868804
0.02227304918076638
-0.010291279183621941
-0.02001963879531887
-0.020083487978841397
-0.017537568747499586
-0.006020429196471184
-0.01017874708732754
-0.010241007493328428
-0.01690423616680993
-0.01940702730255458
-0.0074600220240986235
-1.9787228279933868e-05
-0.00405266064529003
0.0014160684089283627
-0.0028864373294257167
0.00556880323240763
-0.004608793325623911
-0.005319821962046004
0.013447058251274215
0.00447291542746625
0.026862928311924238
-0.005563222877851539
-0.00708917297610719
-0.012012388749604225
-0.01326235102817102
-0.014941572037517076
-0.012306685519029522
-0.018906040303713102
-0.023297524478469934
-0.026878280935362365
-0.026273909108242927
-0.013767277794031064
-0.0345949899736459
-0.04589024610918298
-0.05182653706327693
-0.0561237629906538
-0.05811511511201652
-0.054108390587464875
-0.03872360831337218
-0.00407688154022543
0.0489511125990033
0.05978157896699618
-0.13027846372453827
-0.27349692169344925
0.001969559829225157
0.06824718076130824
0.007966853318919744
-0.03790182919531448
-0.05618675196783679
-0.05851448100798759
-0.052870244876666646
-0.04402978234540904
-0.035404795664945296
-0.027939059084048017
-0.022940568923415304
-0.02371823538644381
-0.019800281481715
-0.06681392385491447
-0.020625771777972375
-0.0028882531345539968
0.003979973749580006
-0.022366637549053475
-0.01917623643818992
-0.020550615095583195
-0.0014731758266002615
0.03916339020590672
-0.006714685592292097
0.034875130021504525
-0.0029897445420527485
-0.020913876971938337
-0.012857367181784112
-0.013724512901462038
-0.009171343430123659
-0.004514017964323323
-0.0018813434754808636
0.005955804030296072
0.005026115490248051
0.002612016254186436
0.003139619889467221
0.009765784180043001
0.007390825523719416
0.02008143316610736
0.016826762838668498
-0.000783294687720246
0.0036616599935777325
0.009147992745900788
0.033406652086496166
0.01470206408490225
0.014015500189752077
-0.004557312264006105
-0.012891415109803699
0.002960591836689558
-0.03428058018112918
-0.06956758909715768
0.016930237481022625
-0.010850944886775354
-0.014553564203211633
-0.016458176468479486
-0.008198056293807156
-0.01259045856135414
-0.030110661476716427
-0.044796261475543254
-0.054507938194408356
-0.04966698412273117
0.017983476594912413
0.08333865826253029
0.08152150227527455
-0.07182337709775319
-0.06762056402860804
-0.05814864878186138
-0.03720283226667048
-0.027854631151222012
-0.020472557768939033
-0.015066435355816673
-0.002883833596676878
0.0031996284007879197
0.0017988149902045559
-0.0010703491461857037
-0.003949413556831415
-0.003068211219081279
0.0036136914892540466
0.0007924324646292844
-0.000967583073356814
-0.00032165032173467177
-0.0014538836096159406
-0.0010636062102595922
0.00707124066440821
-0.006282243219992693
-0.008975238325349503
-0.0016699717685396771
0.00046168239708646553
0.0007713634060703277
0.0012229827325817874
0.01595597763009197
0.0017621948237422312
0.003998276105937492
0.003123656476887101
0.0022137631023788824
0.015642248731408907
0.002697628714534669
0.0170840551127264
0.006836487230574646
0.0030842153518788416
0.0018390421441601234
0.0017409653229167662
0.003401388735360225
0.0025040700954976594
0.001591138614413478
0.0016730348597092904
0.0019273226197841498
0.0011653442511727783
0.0010349780559635495
0.0015237649635804487
0.0007148058405374931
0.0020271953915719718
-9.739083488906076e-05
-0.0004373975900963686
-0.0004902773230725421
-0.0012238480788939472
-0.0020719214032281943
-0.0029145048166986497
-0.0038541358643813133
-0.004910385206032285
-0.005255423953024855
-0.008165393599441592
-0.014307435271138308
-0.018624562671483835
-0.014257073863608631
-0.016346457520950552
-0.017391465753110038
-0.02050367753590279
-0.017264469396170438
-0.0029468044632824917
0.030074705413153692
0.03813587016831392
-0.04045420757780028
0.05387926189500119
0.032640487786590386
-0.005426637381086221
-0.019081696976659755
-0.02033952576272587
-0.017568394579803293
-0.014018603480618215
-0.010712653366135954
-0.00744719531395652
-0.004199137130856979
-0.0038078720888928613
-0.0023339602804548433
0.0007250767378691071
0.028069115133127737
0.0007089217140895743
0.0020925279853937244
0.0019980688470593215
0.002326451315378152
0.003234837391202041
0.0038082120474477216
0.003958763565880715
0.0034404213935613436
0.0036454996183399907
0.003932242892810089
0.00961667894264955
0.004972995331815999
0.00446730343828025
0.004244644265968067
0.004325822691499671
0.004417756259564261
0.004449804190679089
0.004771134464732674
0.004899722920766397
0.013878653521699837
0.005026810812170272
0.00551151271444507
0.004963378795288665
0.01865679411963793
0.004884825168428659
0.004045195502373989
0.0031008130070978687
-0.001695266656411942
-0.0027295004430172836
-0.0006466755497033345
0.004196184355775683
0.0073671046288571835
0.004730361752422022
0.0047810278084344454
0.005229844143995546
0.005450795132619503
0.006721474603568429
0.0065839823478610945
0.014674108148352164
0.014114138415420627
0.007698005243290121
0.00634293395800635
0.005973450423971674
0.006819775199750956
0.0029004286242033783
-0.0020802406928870647
-0.006753216463381663
0.0015656120863784967
0.004602724700013634
-0.02927252453231142
0.009750786637799541
-0.007034882763673328
-0.0032503288617807533
-0.00010426911730974588
0.003396509737509619
0.007592218973145468
0.017694337351119773
0.007772284313900343
0.007630137816482173
0.007950794692921986
0.015407737398433688
0.009104010829664423
0.011130254616332307
0.010180289667063922
0.008060234796239135
0.0079862237652855
0.008786707708251943
0.03206893878989942
0.013944845427120432
0.008289588726497581
0.013472623342573039
0.01056829338271154
0.009379992532068155
0.02219138563164371
0.009739120376650073
0.008699481165656693
0.02365570606935805
0.006862893260177408
0.00671646897342458
0.012409937641475553
0.011489776585036698
0.01457234755853731
0.015058452553237818
0.0016918434663243847
-0.0013494483129335804
0.0161492460685267
0.02195081527380245
0.009703681449651625
0.007857225773574929
0.007252651703756997
0.006106707853089295
0.0053302127389120175
0.005915272614879679
0.008294805680834785
0.013845700075726611
0.009804167759259625
0.007550642207545429
0.007950507662525074
0.02285771156711344
0.010254938175601212
0.01771915428964256
0.01092238222895085
0.016826031952057834
0.0076745393257654625
0.015933758994670116
0.009337853306090658
0.02034802719892649
0.008549049757811992
0.007481583228939899
0.007542686682989145
0.007707699166024529
0.008010263194948667
0.009859294132282924
0.007665369663626557
0.007432572867490851
0.007302210644870751
0.007082132943485588
0.006765812580596809
0.006391183967427271
0.007230422946610127
0.00900103903282473
0.01061996345913941
0.009796392994366972
0.010053000149674229
0.009780405799211673
0.005340093869718585
0.00490785922870179
0.013890783580192337
0.004816961694085137
0.01778928369653602
0.004542689432255437
0.019808720793006687
0.002627506978492518
0.001462544162541335
0.0007575033232820718
-0.00033189485498659357
-0.00042567179270580066
-0.0035461511407798635
-0.006117925447095354
-0.010667536325422338
-0.01736892590450694
-0.026290274956236096
-0.024633551620644095
0.07021118147676308
0.03665527138577685
-0.02658309654172596
-0.018992373780704112
-0.011874013199861954
-0.0019025524855529456
-0.004053452768365074
-0.0020299444488786895
0.004214684175541532
0.0012392100741265082
0.00021092693657814976
0.00043447279339648955
0.001199669387915027
0.004753015253095077
0.0004770933497777233
0.003815976840249634
0.006511286159929245
0.0004549679402483018
-0.00044776656150558806
0.000119444457201079
0.005478139768395353
-0.0017825328690150744
-0.002513712899255859
-0.0033569532049666415
-0.00431222135865716
-0.0045494280826063075
-0.0067624399172178
-0.008800741837308883
-0.010889994622532238
-0.013916029804941665
-0.020052752781426302
-0.020790438827920348
-0.0203339297423277
-0.019687247331791183
-0.008775239993521965
0.020763949375513235
0.04136954601412761
-0.03140206145239544
0.05014978243445146
0.03302120173973903
-0.0071923722614357696
-0.02069018664192106
-0.020788815387741414
-0.017585263739257145
-0.013713266382821132
-0.010262467527247179
-0.00761906692027665
-0.005666608214363064
-0.0043803493644040915
-0.0037048330370542232
-0.0033657767586608594
-0.0036529947826043044
-0.006022838788159284
-0.00939808461553713
-0.015065595868056607
-0.024047750392572613
-0.03696142469584162
-0.041645145565214536
0.03327166806018014
0.06424677027427578
0.0005446622311701168
-0.046459424198711706
-0.04407890701651905
-0.03370466003539355
-0.026381890486275178
-0.01889268564099274
-0.01564518306077566
-0.009331355401381644
-0.007317563921901948
-0.005800067676918244
-0.00046152982661164764
-0.003564884393204775
-0.003294539963116174
-0.0024336953157286616
-0.0016530969741006655
-0.0009420469627930451
0.0027432020486254124
0.0011804080006441783
0.00769356736337177
0.001454695116975581
0.0014580235765947148
0.0019288665503826813
0.0015661276086955664
0.001956496180436778
0.0039147016505287745
0.00289959100743391
0.0030702044232442933
0.003988523181486314
0.006719069850116676
0.004240031328480364
0.0038947193864321762
0.005283921246200658
0.010123410328518235
0.01210136643860209
0.0048032113274409215
0.004893912939410061
0.013224142270032262
0.005278660451005308
0.012744611970537905
0.043313554834830195
0.004478422846665398
0.004260949440886083
0.004035449177111279
0.004079051415139876
0.003812488442446539
0.0055041053597818515
0.002176650431416438
0.0012164130690165045
-8.966963182631461e-05
-0.0017546224586436462
-0.0027399934180139425
0.002602170822795955
-0.022599876830051758
-0.009628362882371204
-0.024157182215943894
-0.03192267659889969
-0.02455393021450686
-0.0375674413074332
0.024466156517892742
-0.03956395772026759
0.054986331555688404
-0.02443233115383887
-0.03968314301787972
-0.03168666851316057
-0.027483668221741593
-0.015683456931570288
-0.0025272340915381154
-0.003729484679862347
-0.041217342385990306
0.0005457556805074726
-0.0009168818633778078
0.00024007047991720607
0.00037091385756872784
-0.002831614873365975
0.004881256734664593
-5.3225285583467145e-05
0.0034165894537353625
0.005014830519431799
0.00801882018146377
0.006395144006324525
0.006490533769211653
0.006741605668684084
0.008999273559790247
0.045233279270715396
0.006978430943230914
-0.0008970984013158426
0.008447941303903535
0.010191017077174023
0.03560018060410642
0.008696861832651582
0.008721367689747449
0.014475401007297764
0.00961929669197635
0.009963753254125622
0.015138210619257192
0.010536845088042703
0.010653003946815065
0.010813748366879839
0.010879655826528535
0.011007366790066817
0.010920566602706225
0.01086415063162885
0.010781627561892179
0.012374996023902369
0.01158703275244648
0.010615623381029962
0.011239129756579836
0.012137493289368499
0.04706603085766245
0.012225675309832108
0.010493774098265206
0.010927371550350373
0.013171621155985979
0.02765249986273263
0.009600350204701125
0.006204717339446521
0.0028191327610321984
-0.005269959112321286
-0.03012009541185198
-0.038841945649125055
0.02014398918467625
0.02543979233666736
0.004711083840915895
0.0068803662540239605
0.005387874775276054
0.007323549016199299
0.01015500810462501
0.007662373182269063
0.0076335822435709974
0.00790741127478018
0.004195795309798076
-0.012987617803094596
-0.00036626546769397014
0.01587228679047272
0.0033704981034376
-0.004460919386313294
-0.011834789612498295
-0.015725334958599582
-0.022450818869697863
-0.009736465713754047
0.02214015109741237
-0.04569963057549644
0.013655726427390625
-0.0006477774212116908
-0.02046922793378277
-0.02042985157659108
-0.014279930267327625
-0.004978266591868166
-0.0031082872742567704
0.0006487873232165002
0.011232836537918376
0.007498822557088583
0.006529767332576812
0.007252401866771812
0.007038046244083761
0.006705347592457851
0.007025333104043852
0.00817550606930614
0.032629891512024195
0.009123785608196676
0.007326130660303038
0.008035146120067546
0.008236436094550962
0.006641809068451274
0.00652216981372978
0.0066701585965749715
0.006499780749430169
0.006327069143847875
0.006340486915201535
0.005499889214074905
0.007600479503496537
0.005440321431955764
0.005613247638049794
0.0064678766438119005
0.020181783659578956
0.006537601044037947
0.010110432787873113
0.005151352052222872
0.005141269316147879
0.0059100166083057674
0.006437511543533685
0.008956925854476275
0.005407062355171891
0.008361149820777064
0.007907092472417786
0.004692714445297543
0.004118662513885441
0.0038741946135250824
0.0031526359389373276
0.002034956062730748
0.00028268212285200957
-0.0024936246059449746
-0.0056906496560617525
-0.0038670490104217308
0.018290117904280565
-0.036274842688335154
-0.0018991484689553336
0.0032116089073507925
0.01109028816319813
-0.0034345930413865315
-0.0029515095687257615
-0.0033491236472776875
-0.0044029087511108485
-0.006118178633499204
-0.008054357811674883
-0.009467863368457903
-0.013813445428559026
-0.01697370622852921
-0.018147660464006614
-0.019196983829716952
-0.0064208295147466544
0.028987235377446335
0.043492846285881424
-0.04112684162687248
0.0495188521661233
0.022227561092622933
-0.009476124922001972
-0.019406708169579533
-0.019213367481750728
-0.01790456389683864
-0.019038446523111832
-0.012594100778077377
-0.008596196828989265
-0.006459103373662996
-0.0034859513821395675
-0.0033849753448690653
-0.0023162486736250858
-0.0007280635742051483
0.0016161933020952498
-0.00042913358193517485
0.0003892269395189129
0.0010079600648401192
0.0014058695695091327
0.002710965981113502
0.00604766606371746
0.0016331911028676027
0.0020991804535035008
0.002725761806860467
0.0034810996947139197
0.026425009885167945
0.004495311007386147
0.0034180243065570935
0.003697858942668768
0.009398502605698123
0.007527580212955797
0.012974882521307343
0.0052018148273112255
0.0057592914705231705
0.006466237147603876
0.01960023407850715
0.007259417650182558
0.012041900328465723
0.01943706136957647
0.029596001740641666
0.04242606469361716
0.008735479192648603
0.00561961051654786
0.037780109749748214
0.005645711492601385
0.004751069966418694
0.004761860217853318
0.007901052709196709
0.008886088962504942
0.005016024609532791
0.004791955308699275
0.004857434113690421
0.004920299798345901
0.005088479091009446
0.042603883131805596
0.006992912464427565
0.011652599039693028
0.006334126536879967
0.005183762754359696
0.004651354225635973
0.0045786994209220475
0.006914768348960304
0.004219303559582131
0.0040468121914833165
0.003812657942177534
0.003330317158374734
0.002507088242046163
0.0015410039870649415
0.0005096037221082656
-0.001471207658671352
0.00805938006591067
-0.002410823639891872
0.10174373138778735
0.007509400558137674
-0.005657574390481776
-0.0017156908884831987
0.0010438702255681001
0.0025831891979159025
0.0034982655730220504
0.004073305400008438
0.005724181673475
0.011688919130516253
0.00551566374657833
0.004610641258551314
0.004538761904501476
0.0045062572696554165
0.004300632498562281
0.0041352089445892476
0.003947008080062047
0.003899098796484373
0.0034278522441853546
0.004174799248006666
0.0026803227360666666
0.001915938692344026
0.0012300009450739533
0.0004151289018326513
0.00018493833327323762
-0.0018005331443040529
-0.0033025537240852507
-0.005058325017585929
-0.0073305972440610295
-0.009944885438017378
-0.012835607930893392
-0.01551112647717319
-0.016254317458669346
-0.010454001941866417
0.012018148861701205
0.04825573858814572
-0.009445142606012478
0.023787835026153333
0.047671741542895066
0.004585491353700436
-0.013549414118029185
-0.016351381921158085
-0.013027953129763122
-0.009681406891646338
-0.007101800578965078
-0.005903148672766686
-0.006676877980360997
-0.008707260806995788
-0.01197059003475844
-0.013640039829233617
-0.0032393013831275488
0.029439150243571712
-0.03274172105673267
0.017592887646295036
0.02836900849570233
-0.007404151134595151
-0.016510034576445634
-0.016463390319483562
-0.01620747783128549
0.0035984913040086075
0.05698021219115689
-0.011060093421415161
-0.010061186499253142
-0.00556321752452947
-0.0024005615369068357
-0.00020521091943418953
0.004239770808150976
0.0025252136704389445
0.0031697527455000064
0.003701792000308475
0.004076167877819366
0.004245496303024572
0.004156218678459796
0.0037840502099483492
0.002057530184080314
-0.01057295410069234
-0.022086755948715505
-0.00032725642546397015
0.003429518093915365
0.00395909485992908
0.004049074101492709
0.0037606583391571855
0.003193642810948237
0.002432071852322952
0.0023194146299513837
-0.0015189627138149212
-0.00462594477326801
-0.006360459124931527
-0.009883846604411021
-0.009514948190522399
9.829496525212723e-05
0.009204967161114446
-0.07237779617609333
-0.007589799336289854
-0.0017880899022346924
-0.010743034638843766
-0.01167585970307441
-0.021814990998276235
-0.015666200348430494
-0.007048342114701205
0.022135044834403563
0.04588777900668506
-0.028619835038499367
0.057657467500279745
0.019045970863589848
-0.010273215760440029
-0.01633014173785369
-0.01410399237103535
-0.010028119719450572
-0.006419594438822068
-0.0033111481978518906
-0.00013943957897569518
-0.00029215292401127033
0.0021523205562594748
0.002664124335181929
0.0029499702385343946
0.0026580264495237307
0.0018498273217491536
0.011083015561790678
0.09632354694126599
0.0014523980435676971
-0.0013280354462281206
0.0030333242572472274
0.004670073291646944
0.005480378037669225
0.005863536630757328
0.005782082510443368
0.002673648823032817
-0.00435888894229909
0.004664826455093948
0.00574845603173068
0.006943927045463749
0.006690925993893619
0.006276536978433571
0.0068775370247405225
0.005623034394793489
0.0029276676284307975
1.18040795255516e-05
0.0011408271492414422
-0.0022342651681872294
-0.0035543933441422406
-0.006788092544618014
-0.01055452676887864
-0.012136030452670006
-0.004468606856824581
0.02745438305437818
0.034957325255367586
-0.0005188405878271059
0.049368479833187026
0.002443502063004804
-0.011098752630495675
-0.008719369236837336
-0.0032028300514621412
0.012035191588825605
0.0017788460416335498
0.0018902438144850061
0.00033770141749692184
-1.4281088026523178e-05
-0.0009022572453236818
-0.002846116642275086
-0.006029799585106791
-0.009658995840882447
-0.0143102993191916
-0.01778061663152051
-0.017491263059015032
-0.005685272863057788
0.027605829606106285
0.028881247493216335
-0.03641658713513345
0.05130156511529195
0.014932943826010174
-0.012534362804092723
-0.01887520845974163
-0.01709349179382614
-0.013255375012909153
-0.009654126270813527
-0.006542318588239443
-0.004059060044628226
-0.0020414851853781126
-0.0005695450670155257
0.0006334816716647276
0.0015848909096304502
0.0023258808896370227
0.002996133074375804
0.004555177076801459
0.005256525618947819
0.004159531629268202
0.004321523445915247
0.004992820235858663
0.004798985908793964
0.004680039569421219
0.00502694779541901
0.0075253017922792724
0.005183211654821923
0.006025702221877487
0.02262602416013094
0.005440221576131933
0.004966109919096066
0.004743274731186754
0.005951742272809818
0.004561836149218604
0.004451662507048787
0.004383830276198846
0.004674336142608046
0.0102572236748361
0.0028377766283938237
0.0063827646762482215
0.002258597955810441
0.0037031134946857763
0.008114917785022546
0.006210987704763669
0.004735335968262918
0.00523440539460899
0.006406178520653046
0.008443071174606532
0.011377004504346923
0.009143343140202959
-0.03470977852093537
-0.0038371341775659353
0.015375489511657622
0.05467164508335764
0.028099347194077754
0.007191486797521406
0.006574927393707114
0.006085807705019594
0.00479350178350692
0.006587940971850888
0.005199483956176458
0.0034634896794122315
0.0013844661986513206
-0.005462639796460794
-0.008440716116947721
-0.001558094043547432
-0.0009903739975724638
0.002056372421240981
-0.03042854928055567
-0.021775832039047
-0.006416432837809075
-0.0029081335177984736
0.00040935234276443606
0.0036847774602064742
0.004393277584499226
0.005229736130476832
0.0058268448225882955
0.007625998714959723
0.02272418216634406
0.00879661793213692
-0.007682528145184184
0.006786824899271211
0.007217003764123792
0.0065210432786374905
0.006033329093029486
0.005381892599106077
0.004449511647586194
0.0025443713580632914
-0.0008769814493204601
-0.004496913167098793
-0.01119332200379598
-0.015068619982442527
0.007576150664699642
0.028764022439272046
-0.013154240047920962
0.036666874807978735
4.430658496075872e-06
-0.014819780247343413
-0.011823519418859089
-0.005089487352171585
0.0002633765879416597
0.003755131806549465
0.007239689933768938
0.013818954117078015
0.009585212801145354
0.007235559848275724
0.0073044836051600545
0.0075011712740231055
0.007347345924584036
0.0069046698888812425
0.006482326799897851
0.005854877835317948
0.002980581552452689
-0.0018817089495199034
0.004863459380100858
0.006641419112959644
0.0012203033256123214
0.007125932114258623
0.00723656313949481
0.006185695082031344
0.0063288190083808605
0.006065215091464309
0.005880265340831856
0.005521846594978811
0.004671098479714978
0.0011400570066564346
-0.0015947842020434867
0.003972771972694813
0.009942557865025722
0.011781505230539844
0.00696080279455767
0.006751046282583272
0.006904232366095569
0.008034198187678922
0.0071848630563023565
0.010170468874496056
0.007596131672386991
0.008211727338373675
0.007638312976371678
0.007574473121046636
0.007523533804858065
0.014502726406927952
0.009576456426929529
0.008404458132436461
0.008392689191211588
0.008711488825099202
0.008580979101102811
0.008672746891845702
0.00877863065554902
0.010011709700887043
0.009679921621613498
0.009472029970226213
0.009677582096428177
0.011213297640361426
0.020986484033560168
0.009136471465306826
0.008160160911857485
0.0076356120109888305
0.009252509963868767
0.008437915248454235
0.00852174491539118
0.008583656490631579
0.00980547527281113
0.012994224991677102
0.008794669623867029
0.007256225205238558
0.008760154118453701
0.009270172773917687
0.008654273337552669
0.009662599325454263
0.018749668046099423
0.005696202504967163
1.357741927681214e-05
-0.002493721606190927
-0.006058348272011654
-0.010161848157868953
-0.012300594187587121
-0.015019583624931634
-0.008400464237394474
-0.01655597424590243
-0.008500742172682678
0.0256229694236136
0.0314700796199223
0.010305758419518885
0.046311034774134015
-0.0012143164014931861
-0.01875484909929998
-0.018302738473251243
-0.011681325015564384
-0.0079118522606981
0.003270561945945465
-0.0003021257429640907
0.0023273077009414787
0.004440252157841853
0.006057559866196525
0.007524871442533837
0.008336948264001828
0.00874377306747079
0.009310970810957412
0.009774113440572076
0.010145233098011684
0.010422526428638028
0.011261308759872048
0.011356457830380291
0.024523071930715196
0.01050516784485028
0.01042374872237199
0.00966559426765737
0.009702022991805892
0.007796833731276317
0.005224533212002374
0.005919933699485509
-0.012014433396270867
-0.033297666986136336
-0.0014968556969983543
0.0017074583392692507
0.027565821635886393
0.0027661021978874177
0.005574227496522382
0.006676112966439694
0.007136097876156171
0.006955909525966741
0.00659852082940405
0.005817983515893917
0.004974595718552003
0.004219224490488068
0.0032985296863096746
0.0023260305353979744
0.0019783600340967772
0.03546967807050354
-0.0022646366818139447
-0.005695144989676657
-0.009229205741402655
-0.014611613923134769
-0.022386332667066144
-0.03302492910995107
-0.04541294062955794
-0.042701914457649134
0.03452360110422455
0.03107880682356093
-0.002756910420546765
-0.04916221500687638
-0.04373079295847361
-0.0326350409746179
-0.02379804167717729
-0.01748642382116357
-0.013398579781645941
-0.01041283179501588
-0.008420805724058181
-0.006842173943266469
-0.005627801140929314
-0.004937682823896332
-0.004019535994307461
-0.0026999450573757734
0.09606522880186613
-0.0019960661006032917
-0.002473648883010775
-0.002646367951855028
-0.0019404494408657735
-0.0030512232923529145
0.000986068775902909
-0.0050670504273535606
-0.008055258788862507
-0.015446558952136629
-0.03702413963954583
-0.012571602583626969
-0.006815635840994414
-0.0037840901627615134
-0.003069903311452713
0.0004200980829526201
-0.0029815752159861614
-0.0029158918261877327
-0.002773478347917714
-0.0026774262767822383
-0.002683338171730034
-0.002792072794089452
-0.003016631377370359
-0.0019249131104579435
-0.0046294601614112856
0.05002100608621321
-0.0075722153611515125
-0.004511000461138434
-0.00371809436216642
-0.0033393915746273073
-0.0032869142754043197
0.005370395710971114
-0.003944682999749721
-0.004289515323686821
-0.001958238106173667
0.00043803025563499755
-0.006671169578165685
-0.008738531362883903
-0.011742607117005819
-0.016791004226367024
-0.029090170015823546
-0.04827611988919342
-0.029498055937961974
0.09154732984107346
-0.005019019481182072
-0.029963451288955462
-0.021446368250098255
-0.014384551695748678
-0.009974653483830209
-0.00657709999450086
0.047621409507353725
-0.003625991607659315
-0.0032547503587981594
-0.002786987551797665
-0.002743448216336119
-0.0036211456152479725
-0.005566115509748584
-0.008429382152123547
-0.006639250482985334
-0.00014592383278701858
-0.03637457819066431
0.001103686551248926
-0.006199615026864492
-0.007010624787100041
-0.003937785434378108
-0.001993273692192106
-0.0005691276906284924
0.004778673321704425
-0.00034730748978659083
-0.000336663107701795
-0.00028286862614353435
-0.00026956395210045886
-0.00021428644150089154
-0.00012136348451869465
0.0003325065565234667
0.01694585499327229
0.0016253235170676054
0.0004749940989796511
0.000183001447425607
0.00021001495900054397
0.00020728331863008754
0.00033364546053751034
0.002496645598451366
0.000645358431297786
0.001415529713284595
0.030487569289374166
0.0014802671012211718
0.0010773333722960583
0.0011676214608186022
0.0012283175612746217
0.0014240582978092126
-0.0002780778581766
-0.01986461882009183
-0.007276871428395406
0.0027603587203533456
0.0018199563738283933
0.0027078338950127867
0.006404874432851321
0.006106669906417718
0.016434637578578683
0.017655962922990428
0.003214074479947799
0.002473129652411756
0.002454324136319737
0.002276376165091056
0.0019856066873660335
0.0016343167397214135
0.0011915309379504297
0.0007968458192308073
0.0008402802307006901
0.01272526591477278
-0.0017815348906144385
-0.004372787108576773
-0.006909401074884466
-0.010073266491364067
-0.013195284025275795
-0.015443492333412167
-0.011940264361025934
0.009042901143738834
0.04686969568400336
-0.01642639846937354
0.044581481368686476
0.030707552511786466
-0.005592984373163121
-0.015551110399346028
-0.013338245238967176
-0.009233791656613506
-0.005517159797766223
-0.0025176132545269643
-0.0002489275837449089
0.0015427667706405439
0.0024527721071643475
0.0031978948213468553
0.003671918760861166
0.00404876684427655
0.006630925462080381
0.004747643344666705
0.004145725867656975
0.00400037995033261
0.0036304174037745675
0.003648265075656142
0.003432808109691151
0.002587211228067691
3.90938384111076e-05
-0.0004020258042826589
0.002440290358483463
0.0027031419918445215
0.002578161061509486
0.002279281683356564
0.001996562502643563
-0.0006073436231246281
-0.016879526792928007
-0.01791449509266531
-0.0007640892067589732
0.0017272824235915443
0.002116999655885233
0.002271272353705001
0.002281481558410209
0.0022245122841304528
0.002246649783214962
0.00456074361180538
0.003223850638800829
0.0022520218377266557
0.0020436125740034535
-0.0005648501594256528
-0.0008002269339455467
-0.0002632222223195341
-0.0010512535926862567
-0.001067697711926747
-0.0019578556514600397
-0.0034708647117156566
-0.005136397426679048
-0.007314815309638485
-0.011715276829089977
-0.016341722589650023
-0.013265552362303267
-0.007461078926951494
0.013336175252862717
0.028139909139960638
-0.04223296461799878
0.024645146835941174
0.008538316036275617
-0.011960895565669505
-0.017667088335677518
-0.017745265952698066
-0.008324059942849541
0.02114032407670068
0.032562479367911706
-0.04508152652938261
0.05116729050998708
0.02234918067622868
-0.009543252695589793
-0.018368607117338325
-0.017540392177846552
-0.01409809716466602
-0.010637032835428967
-0.007651438720459379
-0.005224334749538178
-0.0031737071841090973
-0.0013601086179898649
-0.0004132282891111092
0.0005493878679089217
0.0012889407495828339
0.0016432533410630187
0.002442820511941065
0.0028676091218511504
0.0032490275799536526
0.003467937134646941
0.0036908563301798363
0.003845974297372127
0.00413939182317145
0.004558108850138014
0.004241547060492476
0.004122286972387765
0.004064396662115924
0.004007265710819743
0.0038981925585444897
0.003699935201358497
0.0035189356389187768
0.004828681778098823
0.002694898634898613
0.002088640490419339
0.0013626741429499938
0.000571460332708295
-0.0006870497692562648
-0.002225700124414509
-0.004103985301075314
-0.006447227728675867
-0.009284552596064742
-0.01242142715236036
-0.014859108956000988
-0.014224905832703595
-0.001814398118924611
0.0371821172189903
0.04213515904895123
-0.025406825585760087
0.055268966353606966
0.014837466359249546
-0.009967367943383843
-0.015475657559055361
-0.014499611061727154
-0.01173189779736451
-0.008846939954276312
-0.006325797153168589
-0.00299461042891748
-0.002591522011015349
-0.0013235054856710253
-0.0002681837234099527
0.0018699301257873726
0.0011814629104207977
0.0017457192237404682
0.0021910405667832527
0.0025114812281336564
0.002763777026762568
0.002973384615135938
0.0032024307660673884
0.003441388596710281
0.0034058119622341933
0.0034813798495393613
0.003663969093249322
0.0037509334942188344
0.004601275806004178
0.003553528021786833
0.0037454630516747956
0.0039967371963061694
0.0031159530128409105
0.002532422523038005
0.0014042340836434698
0.0010030917792786633
0.04946227791762147
0.010228884386564323
0.0030729461380009245
0.00637443456173639
0.004359475851783309
0.0022722426958097903
-0.0013899815005300523
-0.006250515110755285
-0.009544681657281185
0.0004863493991115587
0.03218295975139635
-0.0007906475089805409
0.036146706644293675
0.003818120207401034
-0.009243600523704891
-0.02584911470988179
-0.005952722630186159
0.0026939318199045922
0.0047413146913989745
0.006617752982172952
0.005696569829863834
0.004072085225605997
0.00810746880068059
0.008825019504652691
0.009236615038386324
0.011175886106105813
0.0104331997273449
0.009694770079621749
0.013397055997276593
0.009879815715966592
0.00989691671510253
0.009816004442284693
0.009084402202607604
0.00886873132837318
0.008674988758274165
0.0074147181550037215
0.005419959984263147
0.0025366749375589385
-0.0015161417663377991
-0.006931567228159998
-0.012919328928219216
-0.01588549389387536
-0.005642767178855538
0.00568826968453924
-0.017595829340446494
0.03574578356861819
-0.005215164012010853
0.014672422989701546
-0.0008290770603365359
-0.01581737350117602
-0.01416413693296065
-0.006966194837124103
-0.001990166037480152
0.0022292574043380363
0.00508284232922291
0.006580608389358667
0.007219082983737144
0.0070269224224708
0.002788450476361758
-0.006245779038999215
-0.014641500540111242
0.0527228322190282
0.022002968420582268
-0.025353144731798408
-0.029503607586605224
-0.04114434484759086
-0.012292038351192327
-0.005893447355872707
-0.004534098798250439
0.001453420795669926
0.003841736191797354
0.004468553810052434
0.005043211784258992
0.0053148193057136655
0.0055818463369755955
0.0067248470958141664
0.011077906742921645
0.006582594020518533
0.006042405114605407
0.006052536677112402
0.006155520438005816
0.006437592092340922
0.007869728421199302
0.011334350674044457
0.006815828762001757
0.006611854655261785
0.006599381963434137
0.006219714331684053
0.004699776848238582
-0.0013216721821964394
0.0037102400602829558
0.0076519817396658715
0.008423442274798376
0.008409575411713268
0.008023338970627954
0.00812601597758889
0.008052327056436
0.007592785637511956
0.00798610682247031
0.012514531166531052
0.008846041398700055
0.014552957146243856
0.007632779977694605
0.006482964335849584
0.006559530072562103
0.005830783922774492
0.00501186657669622
0.0034309581385651906
0.004761304313934111
-0.0017118401465712361
-0.005409821892029075
-0.009987201600045119
-0.015252547181631224
-0.01940755427813164
-0.015441425021734134
0.01424365841239526
0.043584078650060094
0.0035425435335340993
0.03898130105754693
0.016565123442138355
-0.019420660456267454
-0.01818901700760094
-0.012794657117260775
-0.007597326769527803
-0.0023330662297297343
0.0002245830828849066
0.012425437657432
0.0037820273238009417
0.0044035741268818275
-0.0001969904140118464
-0.012196758479819034
0.0050702315578978994
0.00859838745800494
0.024709556784704954
-0.015057553179071172
0.012692851127575129
0.009134111574782812
0.007537225539600329
0.006674652791525305
0.005756387258777277
0.004345662368168486
0.0032437034488592025
-0.00952011949510774
-0.029331895234229802
-0.011579021058936406
0.00031899504911286507
0.004230593394416523
0.004943554726966432
0.0032222041008569628
0.004845386626583006
0.003944148480514876
0.010840660550344421
0.0035035312913172796
0.0027477101243107756
0.001589142315392568
-0.00017910785707478933
-8.340489629638424e-07
-0.0002647249345101049
1.71242861758947e-05
-0.003089867625429724
-0.005497163173551711
-0.008334976680820607
-0.01179248110216571
-0.015554490243807742
-0.017976831127982124
-0.013373105987838033
0.01096784968174242
0.03338468428449922
0.0020961654390443504
0.024191062537135755
0.025650267171575914
-0.009622919466849185
-0.01897996050346933
-0.017024252607655492
-0.012921019320293589
-0.008852421545327529
-0.004607885390298328
-0.003096931417727989
-0.0012996386087060984
0.0004204672022930543
0.0013462438741648787
0.0017775635157562912
0.0023543489902669804
0.0038242387236394567
0.0036532560452067603
0.003045452749090669
0.0030079983109765826
0.002945714321149794
0.002771902396526287
0.002488512379612235
0.0017552693837853766
0.0015948092769217464
0.004421953212555051
0.013494678348966496
0.003167025279061801
0.0009403937061956904
-0.0004536461162745882
-0.003677444028736505
-0.007673712365508514
-0.023786392305152056
-0.013814024215130208
-0.0009529299329350595
-0.001856750675121531
-0.0007702187046544467
0.0007109514934322748
0.00013353761337927205
0.0009652207981077555
-0.0005386872179047568
-0.0004966321230343229
0.0007311224577095128
-0.0028084570994278547
-0.0036007654783104686
-0.004795273977342732
-0.00825798155433454
-0.025025881217568765
-0.027952443709420013
-0.008799321977336906
-0.0005575951280072675
-0.007315510873833146
0.00959972685408691
-0.002349642271312467
-0.003978714044766099
-0.007259710084799407
-0.01684032175088163
-0.022106615233032707
-0.009300662018477204
-0.0023158533052874027
-0.0035513264594833494
-0.004028805405804501
-0.004414294342520281
-0.006691363761666465
-0.013693281994680869
-0.008866484072416116
-0.008002129316360426
-0.015434091054685621
-0.044798231324024496
-0.017378759183104133
-0.007821188949727212
-0.005268301542165008
-0.004009330648714134
0.019925451690948715
-0.0034983666447214188
-0.0046764918792412185
-0.009488811353460316
-0.006789170344248457
-0.0033058171390659384
-0.002401973039470215
-0.0017013996054618507
-0.0016160410342870907
-0.0013220274030262972
