8.138255254430113e-05
0.01398234929777752
0.009336002535851423
-0.012811799868694497
-0.014685798421504434
-0.01452466606171482
-0.004185134046332107
0.02724461137612881
0.020035461074597992
-0.002619419298705541
-0.020398147109800147
0.0059966754077396146
0.012619908892274625
-0.00045113135547605415
-0.009162296055884731
-0.010013588894394425
-0.011319707476967141
-0.018921974160241307
-0.016629935883857732
0.04181765847848642
0.08759116252764251
-0.01585663901795765
0.02208542746620519
-0.01869184282288397
-0.03867779156274961
-0.017022446243653518
-0.05136379828800445
-0.031071154486273723
0.011612242335781278
1.8342981390738953e-05
0.03069691550910567
0.05521424192338998
0.04429092882933324
0.025163535117009014
0.0050219545263006735
-0.013616396813275143
-0.09311283163834383
-0.028357718171585847
-0.009662522575830015
-0.016126999859121433
-0.004163165723479472
0.005063724278356093
0.011179723727556401
0.02527762559858883
0.021644802812797386
0.020247629606560173
0.013158854970166573
0.008259253134848911
0.0005791068395129919
-0.016378649229090745
-0.04207738964817723
0.027850371604606843
-0.018423615053969573
0.007929787003234086
0.014288193273126389
0.02953565658137445
-0.029372857692960237
-0.005725741017378
0.009254976259309681
-0.014936181594494986
0.005477743561135311
-0.022612323954246682
0.004133715992298192
-0.002187066115040634
0.07966608530351069
-0.04307319115171591
-0.0928816497155897
0.034160494927263335
0.09163127640955436
0.021800319331389643
-0.03295328342643683
-0.0530696587613069
-0.047113631315059454
-0.027095536630166485
-0.00586697608187657
0.005640626330487363
0.017277377859958146
0.02218727897058805
0.023429499193969083
-0.03518747103344993
0.0006700790524553936
0.008526895826831643
0.04789112382597918
0.0295702062495288
0.0062055460150510985
-0.007639914765016869
-0.00996400183145718
0.0001305495370236882
0.011034013067967629
0.006965642809745522
-0.014748131591349238
-0.007652383577082352
-0.003359350377323318
-0.017207975000358942
-0.10301728825691615
-0.01309209694833577
-0.011974786738054298
0.021166594376342857
0.028694863679935897
0.03273208516871864
0.02188699957482578
-0.03135431446838747
-0.03991740674974578
-0.0071793942902469215
-0.024043887293604748
0.03492181496716791
0.04396461472750236
0.04052450718106535
0.024786276376105205
-0.011383500271501942
-0.05373660045376537
0.07379323406002736
-0.03288514150506857
-0.006705625562904388
0.02455539817312469
-0.007709010121776158
0.09320537865304936
-0.00808509462650976
0.04502500517824678
0.010124048810607671
-0.07069484922490579
-0.025450968827777753
0.022078229492200573
-0.047129565420083966
0.05471203585112286
-0.09089761014673521
-0.0558406198835548
0.019374442649669706
0.008996903814734288
0.052301800659738586
0.047358435303374
-0.027178856590201646
0.009469758377516523
-0.011074453782055836
-0.022884437894433656
-0.00580704610574775
-0.013596555635842375
-0.07753904769133092
0.02006867485135559
0.02810300388709519
-0.02172792088433697
-0.009995198971284222
-0.01465024774303163
0.019931942748213815
0.03881687248361342
-0.014625838277721754
0.03846456161948086
0.041286010563528715
0.032633247636794906
0.008971560396724433
0.022061855257866046
0.007200119895917408
0.013148641937456422
0.016092394976662133
-0.03591828561356766
0.00929872543768842
-0.022478726448996133
0.008186099374872396
0.008857842274692685
0.002817751182964354
-0.0018334907282085533
-0.01091396316322674
-0.015065106918222016
-0.026023620370657856
-0.045181080358939474
0.10540726779352073
-0.034725926097441406
-0.05308706227125159
-0.03779416937241122
-0.04549598490052377
-0.027677550647275093
-0.022153599666812334
-0.016342971606258975
-0.0104790134484478
-0.004398335922099004
-0.006564146626581681
-0.021061100418596514
0.011868774649809241
0.01279892701115586
0.011369543068126356
-0.018860581276813067
-0.016151499015095182
0.0019847439013679054
-0.023390547953087478
-0.023969095915133295
-0.014700329942558552
-0.0054711186920997305
0.006440885012115458
0.013118525514188883
0.019303853258673242
0.02627056244346968
0.03237853951745421
0.034824922369617484
0.02787839372662296
0.012229629179387295
0.01980243972428362
0.021020828210511565
0.027619139721132384
0.024905173181437656
0.02562738687960862
0.020715892089447675
-0.04109153011657475
0.007284376030450639
-0.04915568924497922
-0.026452826864464422
0.026404074905177783
-0.0072529001041849684
0.017528633126419956
0.009011284665865133
0.004880058528372481
-0.00708584818660541
-0.012070017209459815
0.006733431295336632
0.004663887656635517
-0.005240572622772888
0.06871681152340105
-0.019649220886995954
0.003190082131866062
-0.006848656610873399
0.0036439050137503943
0.0020507844360483497
0.005928099842670414
0.008729436589778355
0.010935768704663127
0.012059220780747861
-0.009542604776180566
-0.010905761819531266
-0.006471856116795749
0.00891395316723974
-0.00462285168040317
-0.032349475125628246
-0.03135457165508829
-0.06140717508709014
-0.05465273468509593
0.0464318614161234
-0.03780563852224618
0.02575848311733684
0.04455764907902697
-0.028988720110420894
-0.0522960022265402
-0.03620472807602783
-0.015537333776624123
0.0685515578631508
0.09129902197729972
0.04726841829568615
0.0065152438769704064
0.00809213962656212
-0.012628895591255556
-0.0370513130894762
-0.011844118911824502
0.06491991405302235
-0.06624034163766747
-0.02272888405647366
0.0076106183126480485
0.013356113111646683
0.0037221836666375347
0.01826774413585848
0.005817476772503197
-0.027714743757464518
0.015677500380138647
0.0005682029555307077
0.008398462638740811
0.001929417828909593
-0.055325300940651974
-0.02745155379734734
0.061363129805967226
-0.0013677314999004844
0.011002458922410599
0.012292221225853077
0.015527445383007446
0.018377288270160556
-0.0027198388049509835
-0.009555259435883376
0.054080021924007994
-0.007573973039254221
-0.005578038139515619
-0.06401767142080159
-0.001203365458177301
0.0012057389385119331
0.0029723179077229805
-0.028127076709907002
-0.1604293119871012
0.012491792236677962
-0.02312624190323053
0.015022890469068361
-0.0026084429274574896
-0.004024661852153126
-0.003721714611685365
0.0008800178633264678
-0.12525589435800688
0.005038751111164191
-0.00858428491154919
0.012550817671679065
0.024007991299659467
0.01114901460543899
0.018709189702825733
0.020629960501998168
0.008119291722967706
-0.033730598290773406
-0.025678438015407184
0.003093816765889513
-0.03083448298790286
0.03574622221923593
0.03070415246898981
0.00988553444294957
-0.007211159991888934
0.03057534932115182
0.03436655497480294
0.0352953575896764
0.03229863699704943
0.030166637890543673
0.024842321795010575
0.03536493283086267
0.0273081012026713
0.010819077427072233
0.019839323875912435
0.014973774780476031
0.009013984738710209
0.018727809411202022
0.021136802274782245
0.01092745004623573
-0.06181842324928757
-0.012116192314145081
-0.02020328592690367
-0.00867699138462444
0.052261646812945116
0.004640217567572362
0.019876907276744824
0.022745666054109586
0.026845370171968436
0.036851611969598116
0.03841747659477485
0.028582119108235035
0.03705846938585978
0.022365252831185182
0.010771740443901723
0.020444528839184354
0.028034071615253092
0.027992113111210283
0.025313929921584252
0.024054575922272746
0.022379801130361397
0.01843153896906516
-0.012635379224708098
0.011812438530114818
-0.03479850736073971
0.001271543562618135
0.017226192468237724
0.017955530478950647
0.0020520412074948886
0.013481388845635408
-0.012589392327897376
-0.036542335258283425
-0.030897149716664844
0.0015832968405239008
0.05782227874183497
-0.0004588558878584627
-0.0023159774999144287
-0.027266957655994302
-0.003809678998580731
-0.011525828155112813
-0.008805708991084838
-0.015003430096595487
-0.02030329409137704
-0.028796117520933546
-0.037377975974198396
-0.04480206723887644
-0.05600756355903725
-0.01544890484633689
-0.003026431940694012
-0.007094901053659906
0.024623734061867224
-0.02932232917391256
-0.029724777242805218
-0.021803543161619376
0.009256488647487753
0.015918934636991774
0.0354298369908228
0.03915126493883131
0.021987179295458507
0.06986259865100147
0.01708081759207609
0.01827718290188487
0.02449447009815321
0.003340276534152257
-0.01392374661684355
-0.023418209757207417
-0.005354878428181012
-0.028555117123263456
-0.03472589566058187
-0.05353215676077828
-0.06227169422145293
-0.03675935106869127
-0.02872913775765234
-0.01856687034044618
-0.0022796568532492613
-0.00939986984122891
0.007368545723671269
-0.0072701094441349435
-0.008835682775869947
0.018357988730735686
-0.038869650378569195
-0.028133348151482652
-0.016228997821087544
-0.00889023792284371
3.5161991021488916e-05
0.0012550477115676815
-0.00389230897881023
-0.022453984798443672
-0.0076506858145470895
-0.0011329987789507226
0.001411814884837274
-0.006952383416016515
0.05645209603495394
-0.02155590914938253
-0.01189416684626508
-0.0007585272251380943
0.0030997830577665143
0.0026066538038819306
-0.0054703826378279365
-0.01670446620753428
-0.019601803927118813
-0.022270387422335794
-0.0302111548007492
-0.02420152325803549
0.01176508210896786
0.005650604114271707
0.05354714102213909
0.01120170152484215
0.014849626592806118
0.03446675846488422
0.03800743204796839
0.03054953170916006
0.010845089789092523
0.001167269040829253
-0.011563734005129172
-0.01849148705841933
-0.050608050616777325
-0.03889981890901685
-0.021664950243877018
-0.05746596474707606
-0.02189561689836973
0.021365221737890433
-0.03256513756943522
0.005710183539299699
0.006200070622521261
0.003712070589478543
0.015557458685712908
0.009730563044437548
0.0021949743270369706
-0.00032778881402229
0.007894035589540303
0.0010811709950618524
-0.0033917662925560376
-0.007796814468424462
-0.010919273587204445
-0.013338772244703144
-0.013720576717394769
-0.012860212471574168
-0.010689660232517103
-0.007327940681853201
-0.018041112475441847
-0.01046585575018046
-0.02838317066231086
-0.024970300630297607
-0.014225030459994091
-0.007229442945577929
-0.018322994602198262
0.012827223532860333
-0.007842734143402036
-0.1034867926847606
-0.009319799960969872
-0.018994212222717872
0.019275583359380736
-0.010345424647873106
-0.03008927987383812
-0.03930876245686955
-0.012334755872200762
0.010950697124808046
0.010267852141567103
-0.011856927374260919
-0.019511000423619227
-0.004126380185697332
0.016576680062947498
0.024322101169028984
-0.013969593823310592
-0.002962707887680423
-0.04029645633682692
-0.013936399408466051
0.061150388127786386
0.07808425255723088
0.02710191833154232
0.02029952002884701
0.0015430027001263615
-0.0018089496339292988
-0.004584994841441135
-0.060415686177443584
0.0056716385574440255
-0.030645458162943406
-0.004308551285842431
-0.004992659534607516
0.0035069534146526513
0.004690694158865646
0.019235922775190175
0.019101236628082323
0.005331292868345423
-0.006121990748609624
-0.009564920751910146
-0.01734381685544418
-0.01471554151785488
-0.0019889224260200493
-0.0037911524259469803
-0.003002696779379278
-0.0002821264853075305
0.0010141682765533679
-0.043464665906782954
0.00170983915584099
0.005309873358486081
0.004510353648134814
0.002544480640977011
0.023787331864499318
0.003610057246230356
-0.005614974550566933
0.009860544727795186
0.005145935063251465
0.0030775599933788936
0.003923728849454488
0.005646688505061772
0.004977227795536491
0.003442270687230527
0.0034926977219187907
0.00416377740040102
0.0022249715893262797
0.0021878301467145186
0.004441425904256288
0.0029104784576742173
0.009300206596990424
0.0027450854695487254
0.0030068546601746964
0.004287945733293418
0.00392489001468506
0.0030572667681639213
0.0028457589776740744
0.0024603487863352424
0.0018168572219381116
0.006252053741935145
0.006464863513130477
0.015939191078769486
0.009440287855767384
0.01097355881117794
0.00546406027795515
0.002139662254392597
0.00766241789183824
0.004927129099298887
-0.008237969330733915
-0.022454873756795005
-0.02319837799057283
-0.0061037812243936096
0.015012344071999055
-0.042912235386310726
-0.011787326593004308
0.004144409913290713
0.005030633941950706
0.003014123460730778
0.0014038963128988166
0.0006168969221268829
0.002265803593525047
0.002939247377213951
0.0005562332792913101
0.0005598991527016763
0.010376368888665603
0.0028116460450236078
0.0012988251269167152
0.00451327170278191
0.002066952551499204
0.00169796338426095
0.0029161689670801467
0.003991438501750678
0.003431443687434976
0.002093975329290533
0.0011857492708263527
0.0015884920334275645
0.021237996114006164
0.0034384153273016986
0.0024564298975575023
0.0014028211367849129
0.0012290348005757604
0.0007974477085384327
0.0014119654782086303
0.0023357055350748477
0.002690237847144776
-0.02151179426142379
0.003067600127977119
0.004366763003908729
0.0019142913137836898
0.04043141965113574
0.0008935636146645888
-0.0018958019751007067
-0.0029985133412656255
0.006510165305782037
-0.029145334476088344
0.005968338839579912
0.00041534515510017003
0.00421106620124094
0.0044680485471971666
0.003952502879040526
0.004200774405816023
0.0052055299931338785
0.008224057405907514
0.006632180465609361
0.007744413932071008
0.009241572511974824
0.0075216941287392985
0.006462430191229431
0.006716613461104619
0.011119991421348233
0.007896751227537507
0.006115932252017026
-0.00600796642046877
-0.029713586448719118
-0.037708276734214924
-0.10508728948785742
-0.027221006163281807
-0.007907839747896701
0.01540018483403271
0.009036685408998994
0.008225598628077929
0.00957369007723434
-0.002289274383079144
0.009472107707302557
0.0063482241092737875
0.005961277008654589
0.0062578040820716625
0.0067186240398567
0.008746849424522547
0.009070302063593766
0.007959525121101527
0.008582952248846856
0.006889718664404051
0.0216048641997537
0.01311364361323262
0.0077351072192529185
0.0036767224176502094
0.00460052536030407
0.004939266460708329
0.0076993872384188205
0.006239535428117718
0.008097399183512809
-0.012750100545596155
0.009593520790219431
0.01111678817371331
0.005029636178746754
0.009639399596539045
0.005956941023948092
-0.022133479389254758
-0.06515596074018884
0.03962349557770217
0.006594378485483637
-0.01427870754771887
0.006949608838951941
0.011286414156288133
-0.006391475763987953
-0.012141291905631632
-0.009608359931391102
-0.004993818041731632
-0.004246408235625762
-0.011313182269667921
0.003931919378321583
0.0067137756392323675
0.004684031150399779
-0.03657084588672302
-0.0003793582276788583
-0.014441440234663096
-6.879321448854423e-05
0.012996583061096634
0.009358883557794856
0.018364304535888432
0.012230851970505904
0.008881663763013102
0.01394521586323656
0.01077732418145227
0.008926555909594784
0.007694575157647836
0.0046972838874390025
0.005613410166185959
0.006408543652014687
0.006983582577271614
0.007120078396465959
0.007201387367547476
0.007299439928596099
0.0068796733297960535
0.0017472495852621488
-0.018254861197773885
-0.007706215803829455
-0.0017031278138797759
-0.0014716660700979615
0.010587211255584428
0.007997299785273587
0.007593157853429746
-0.03215872383096579
0.004098683853218648
-0.019100399832392503
0.008578031253114881
0.0030931930555966524
0.00844272370941506
0.004043234794191643
-0.0003644484374674403
-0.00040585788352435836
-0.0022152153913935772
-0.003436241447677591
-0.0050663156092768365
-0.00922217178784483
-0.004740695833161099
0.0020082689823236726
0.021423598790060585
-0.07730214779104823
0.019694667195382272
0.016119885427121918
-0.008667603072620213
-0.012171665741712924
-0.011546590217970625
-0.008725812530578317
-0.0076806485149630965
-0.025415486534869934
-0.0043993604594562705
-0.005173830495479958
-0.003794883037024692
-0.0008262083054525462
0.00215130894845253
-0.0021110018385635558
-0.03240913184363388
-0.0032266776785124162
-0.001989238024809179
-0.004030540658603651
-0.0017514821896808931
-0.035458968298562876
-0.0034597230937381787
-0.0034251437678484847
-0.0034821493424688978
-0.0033308803643388764
-0.0009220986249827363
-0.0025609468066086927
-0.0038066770836291818
-0.0034975883351571102
0.0013728290486535052
-0.00015189675406192244
0.002055308716996574
0.002750096964158889
-0.0005974394168982377
-0.006205703353005479
-0.013712523650362001
-0.0034008111507293683
-0.05458105572323718
0.021552472857537287
-0.04024760208690356
-0.0165357489526043
-0.0051217943004069665
-0.004661958645499958
-0.007955104043332516
-0.009565497006550057
-0.009968764794223244
-0.010458944744108925
-0.010917173934040821
-0.011696624871114681
-0.012746752935183164
-0.0130970603534479
-0.013951992410718806
-0.019470145643975513
-0.02393041204389583
-0.026766633889798188
-0.02300596333951508
-0.0026952056195633863
0.012007117706352863
0.0038899479369558488
0.029776512103089948
-0.038705893399246655
-0.0038567467605165806
0.0069236292870988045
-0.0032323507572161853
-0.012286504839094537
-0.016792193808603962
-0.018453933372442128
-0.018667692424586203
-0.01775018615382617
-0.015476182170450577
-0.014974734797550501
-0.011251873359309088
-0.009535091294201655
-0.007989079720310693
-0.006744422490049908
-0.005225348337037001
-0.006542457148136356
-0.002719098391736302
-0.004297313502750057
-0.0017363617790652518
-0.0005739161837196439
-0.00360359615248282
0.000147487403161962
0.0009274961997107249
0.001439788155542463
0.002718002274341831
0.004297992774270704
0.007505474100854729
0.010051078005854072
0.009760750554591567
0.008563246435149349
0.005506440014495203
-0.00280104844550534
-0.007306229295558517
0.004727347166377322
0.007218369763068065
0.007639294475896662
0.008441294124662579
-0.008943615665648476
0.00801370157759223
0.008525584722062253
0.010243289494646795
0.009875231145051525
0.0094144224563101
0.008938466035583893
0.0031861642575617185
0.00937831553702674
0.00921127219529336
0.011214614288681308
0.00897694740506939
0.0008395862815958485
-0.020047944700801963
0.010649218312025472
-0.0724609334893437
0.024165939774001353
0.01275151296126707
0.08203636241590263
-0.08558446169256911
-0.02607357907831376
0.01051460631694034
0.13646668710975093
-0.10559312940888989
-0.030965496927014606
-0.0016548811945026568
0.018559372309627307
0.03444473829387375
0.0997665817604291
0.08028814744487098
-0.03679180786544871
-0.016692885437734045
0.013711380128496136
0.021226273492525503
0.0196816994843748
0.02154334269027883
0.03168402473203717
0.017796295445473957
0.011411887662584231
0.011027094930190521
0.009339143795491037
0.0062189785659151385
0.0034827278712179746
-0.0012070630382395218
-0.003623551329740065
-0.05180390664792355
0.005411517247295612
-0.014991792602409725
0.009148141554421105
-0.004306549924287524
-0.003444506777349956
-0.019111305890483363
-0.017962661243230028
-0.022304962965293686
-0.006834843216241848
-0.003957202547072582
0.004921060015777111
-0.0009532410880663201
-0.0006988439859962537
-0.0002032674069372726
0.0002874134581691856
0.0027025889900442078
0.001609019790699801
0.002851087594290949
0.004689922152492155
0.005786889402394133
0.006463296154743729
0.005179918533982458
0.0024189894775690445
-0.005314755266858531
-0.056630667210636074
-0.005285099999779791
0.002874968409004128
0.0062417443816238875
-0.0021000211409984717
-0.029780947094232076
-0.0024025541926297874
0.0010187542608735738
-0.0011017787671663214
0.00298226780845341
0.01813399937485908
0.0005834315339504496
-0.04528641841000337
-0.007826977481857783
-0.012749326285411968
-0.005636801295683019
-0.01566072041385572
-0.010840748063994623
0.0016404279027785352
-0.006560812656356486
-0.010328872986492115
-0.007217648148233252
-0.021526034336529613
-0.046071875296674704
-0.02546149504805003
-0.015708048983089997
0.007308242325229838
-0.00425335434818635
-0.0028317036117171393
0.0006215907199811441
-0.012747501835696957
-0.02226558324278146
0.01932055139605376
0.06463477238595212
0.033085628495495796
-0.014578950456407544
-0.009036334927324275
-0.006395679621005535
-0.0029845249364251997
-0.0025895843940508846
0.0025337002826861807
0.0019444478103451087
-0.0018620132652991763
0.000668968738040063
0.004319458720266436
0.007938408897596108
0.004952565902822199
0.004108587221187586
0.002667924295702717
-8.524773979415567e-05
-0.011887741318551982
-0.001545669448278777
0.0016365681020730205
0.001665476575430765
0.0031502166748806396
0.0016899114568740656
0.0019824198521176542
0.0025682327586905303
0.0023365949977347186
0.002399706442499489
0.0025425348405693866
0.0026493575339285778
0.009669448226750208
0.0030716573588927838
0.003195838525595198
0.0025501685496242942
0.009324259279781142
0.003150603302636618
0.00473868135326921
0.005848931214468996
0.00689547296763922
0.007829819698677756
0.005280153574901431
0.017520141916756368
0.005136320352395038
0.005663566616424037
0.005828954732198244
0.003692246098862231
0.00306946360610887
0.0031045545708287396
0.00247195650724025
0.002060069809367211
0.0015130260340644737
-0.0008897843629997724
-0.007519210650568992
-0.0276455186195727
-0.03273959318479939
-0.06394605830858197
-0.003244208370710306
-0.030066159433488986
-0.02490657648948199
0.004954836612883479
0.0074156582842341305
0.007021995940376376
0.006084977750359274
0.0045839462712772
0.003992543633326755
0.0017100609931684982
0.003182362196463884
0.004851120388351711
0.01569396971425352
0.007841600900134514
0.0007862449406948697
-0.019116063960509987
0.010392882747498711
0.0240079329619738
0.015042281443761686
-0.017565942749662986
0.0028185328418507266
0.008709219665797662
0.008268039803568135
0.010490494351777653
0.006516814426959842
0.007505278005761841
-0.00011790811742154021
-0.00028495465629653575
0.002597232694308329
0.001902115076358913
0.0021652714278945838
0.00435266512890711
-0.0031529743446746658
0.004452206308227273
0.0033775928056119678
0.004146923982402224
0.003986670850438674
0.00570805327195508
0.011818017156699452
0.008628207767903939
0.006555259937375209
0.0066361399617793
0.0076470030296728565
-0.10848513219597548
0.008379871836404778
0.0066692779045236395
0.007546717189863649
0.01794308552975879
0.009890683133997049
-0.008746780095558276
0.012268727985915374
0.014241775390360008
0.015912160805084234
0.0012311366429832334
0.020511550214816508
0.01895051811441566
0.003353273721381569
-0.01264192323036281
-0.0726944874358377
0.005268512483154605
0.010824679162977429
-0.05009216559423003
0.0069607505738391575
0.004309899516695902
0.0028982472563560606
0.009909093489872282
0.0014962942434817439
0.0005460253654314721
-0.0009807642371632026
-0.001147857823365401
-0.0032373668466418853
-0.0009331501159326507
0.01939026972721656
0.0004204080515012334
-0.007167113788167334
0.0005957591294513733
-0.0008740527481216288
-0.0032895450681882754
-0.0035539200001539714
0.003617906973193109
-0.0043745922488812395
-0.004336569461968918
-0.004356627600516851
-0.005077838338182324
-0.006311139349173054
-0.007717036771710719
-0.006419099845270102
-0.008712366952899652
0.01120758829361395
0.01601371704391641
0.16615567545266743
0.02514753557916262
-0.0069317737590874964
-0.01048759394025192
-0.008162248944664432
-0.006132252181116204
-0.004652011844872341
-0.003357027352042056
0.001355443440447351
0.025166651341175506
0.000979977337004633
-0.0013253979706774916
-0.0009607625455686973
-0.00021821299581397156
-0.0007544476822580895
-0.0005083813470686614
1.858779539671303e-05
0.0013282255700753024
0.0004063476374462149
0.0045916290608949886
0.0008144958210107723
-6.52335246142499e-05
-0.00010945108811950203
-0.0003087364105099982
0.0036307928280798203
-0.0007723660000711857
-0.0011462906957896105
-0.0012447507734103264
-0.0012836299172831558
-0.0007142114071004985
0.0008872507061640028
0.004599434110921168
0.010595213909525404
0.015765734514544237
0.0013759023149316236
0.0009465503384831866
-0.05853505510379537
-0.029909681977170928
-0.015439024972746107
0.005592882378305087
0.012660963966944707
0.004174775928072752
-0.0013011872347174444
-0.00456235631052954
-0.005190602685599392
-0.005656405880887685
-0.007415359107179361
-0.011801601614959821
-0.01651403558424891
-0.016764800780723278
-0.004775401338162833
0.04254488890538201
-0.04637439894209472
0.038486507663311735
0.0038259119620982166
0.0010585152355020032
-0.0016625801784123234
-0.002968575700349658
0.009695446683661185
0.08289932440099265
0.09621611362390205
0.03346574941988885
-0.005470929890633727
-0.010427985976398525
-0.009800940270148667
-0.00841729334384309
0.007065744709719278
-0.005788837683566812
-0.005711023093218965
-0.0054130014012667435
-0.005426764670924596
-0.006154174467652755
-0.00860749329408546
-0.014160218258356172
-0.01599683685794342
0.021573124893916825
0.023670627094055048
-0.00537162624645729
-0.018354902967747284
-0.009883755207383993
-0.005697873765559567
-0.004701887103266245
-0.0049485327001293836
-0.005897606008429366
-0.004745505602358346
-0.012110179836964751
-0.018038129449144402
-0.022349154607248775
-0.032790822058664716
-0.04863236507523725
-0.04461804959396644
0.057074505419834415
0.005276750116716959
0.07531713395593764
-0.02740685216074718
-0.027602095190062445
-0.0045741958639574365
-0.0010695881930988342
0.009364681058823947
0.009861116559469748
-0.00999944897389462
0.007038396356834641
0.056338908344503315
0.008493133069241172
-0.015383200078733837
0.013343405396747577
0.009134458051108206
0.0003511638395161087
-0.0040011163101573155
-0.005661222228442794
-0.005609142339394688
0.0028478728607738237
-0.005014180656225234
-0.004956038318886887
-0.006280540329599194
-0.007217231291577762
-0.008382510508311894
-0.008557078956660344
0.0011907519417040046
-0.08364486662836797
-0.005562265349173815
-0.00951109009376601
-0.01103887270416858
-0.008788075166328742
-0.006320941231016838
-0.006332568218405768
-0.008999262103563653
-0.0029626563605103886
0.01019423157172275
-0.005168291055319497
-0.007275869988424981
-0.0011169239594287894
0.0012367877488356806
0.0014820006342850778
0.006751608373571499
0.0019174751916889701
-0.0015872512113862694
0.005440324181914694
0.019174808217383064
0.0031457552453537482
-2.956209460073362e-05
0.0034257760649210214
0.0057766702215393696
0.012837852909502944
0.012052046427166159
-0.024871882215725737
-0.02027225921474043
-0.023693435328756885
-0.04642810007610978
0.01369356531855284
0.02812385541498622
0.02138022902452231
0.022933900748357862
0.058933290156500416
0.008016429830041109
0.0014171232287360093
-0.0026099171191645604
-0.006487937395089483
-0.008553255302711645
-0.007348942040740146
-0.010558141800073181
-0.014020995683558817
-0.015426005291747284
-0.014604808747425391
-0.011167615827778657
-0.009333960835403504
-0.0023003826180816537
0.006341799828005017
0.04090910130704781
0.024886864397642663
-0.01816757560819898
-0.005169795393452484
-0.00549808844398139
-0.008081831368952259
-0.008811181371634192
-0.00875169344518566
-0.007621138690887543
-0.006533826120907227
-0.005014062881909548
-0.0044385171056387845
-0.003638131961076404
-0.0028250335156295866
-0.0022315098442031145
-0.0014862617799209033
0.0025961530117475603
0.003977173541713298
-0.00011475214846535552
1.3212137571192785e-05
0.0020133602564780923
0.001082997604530333
0.0005614204288093195
0.0019312960282288937
0.008042657274680448
0.0024077619918976604
0.003546581788480212
0.04192602469582026
0.0031711209062158705
0.003629506371388368
0.0039610618002585436
0.0012036408992055433
0.005952243296009669
0.006530478831128235
0.007783447716084508
0.010114716281883714
0.021022118104859676
0.014574165551349178
0.013895615649297371
0.020028161101015445
0.02031261986198348
0.027614110845094186
0.029771568566744126
0.027668122640558363
0.022723284737990297
0.009563312569681001
-0.01316046615752142
-0.035479196914570015
-0.07086234707083476
-0.004788915731978242
-0.045314269382413584
-0.04404604396860687
-0.010992336681762914
-0.004568105928832779
0.008830809848832784
0.015557306450577672
0.02931460075919845
0.02359335717090358
0.02439507559402474
0.018071360727299413
0.0077558532230022105
-0.0007441463874105922
-0.00597669269207698
-0.015597833129536377
-0.002230893136180817
0.00975477780188815
0.03797210874891355
0.10405947688270084
0.08845778064668602
0.020964792756706555
0.010488328893305478
0.003206628617268729
0.002490593495376468
0.0010440700215652028
0.001553834296646237
0.0027065212264049477
0.006700062265170323
-0.004041919625032035
-0.0027236714681526434
-0.018783692647472153
-0.006240292079272966
-0.0005991306720879057
0.00022225352310926185
0.003874668647632545
0.006809981488602869
0.009714592426355547
0.012835206063521681
0.01509246469086032
0.022922090092875456
0.02146690933739111
0.023810525063698525
0.06621150082778302
0.004805533972451149
0.05621693255241944
-0.00923440239754133
0.009349324881404436
0.012551662421675148
0.005828314171517137
0.0041569252747199435
0.004345471504742021
0.004221581281609363
0.007829724437621062
0.003983413813923117
0.001620546295334132
-0.0009748006923778599
-0.0009256786369526798
0.003163586552062355
0.002718286284129635
-0.0018052625456173564
-0.0026120270649609505
-0.0036221755660948702
-0.0043812733941959725
-0.01047599348009071
-0.0005488292632853558
0.006393194505023733
-0.008799666837174265
-0.037006968949468096
-0.0057981695202069874
-0.0034700986945404087
-0.0020518273506310533
-0.003659400045532451
-0.004375124250908909
-0.005974208991391639
-0.007907842520434735
-0.00697219029385364
-0.01211354011112868
-0.007285350360938424
-0.007925125312999597
-0.006535421999007762
-0.0035948141324659766
-0.003003077714966831
-0.0027531146951846105
0.0008378809687554281
-0.0029465356505901665
0.001979330198786143
-0.0026587783732770036
0.00035698040534033786
-0.003477647781190083
-0.003633680197786914
-0.0041531370129939205
-0.0005754185721670835
6.842986704376557e-05
-0.0019208260236670926
-0.002156385795428732
0.00041160846051375906
-0.0006179601227590145
-0.00010563262957944979
-0.0004224737290468556
0.004569695812180926
0.005076121356147051
0.004385712870627926
0.004715777831161081
0.008320934751246664
0.0029287371844656973
0.002260824572993043
0.00021868840276701235
-0.005004869031796404
0.00029730268068185224
0.0027382951429482465
0.0050978946551869615
0.007255622653335313
0.0128056601288295
0.021097946308043874
0.018839332297729945
0.013823652408319554
0.026806316205379568
0.031027494146004198
0.03601214207414775
0.04612360732226429
0.08209783570367533
0.025023151267267462
-0.0008119873412187576
-0.008731902384871532
-0.006567382551521951
-0.004024817346444983
-0.012093312025566417
-0.00695804872972182
0.004548461359110369
0.018084150923054487
0.023124056548252718
0.028442195869914262
-0.03160193975600073
-0.010612165715167416
0.00510967475290507
0.015186450497083814
-0.00543385202675752
-0.023513211392850997
-0.01747826486339186
-0.026398489945551905
-0.0015020078986095883
-0.019201913331767236
-0.015182818664714335
-0.010958586158273456
-0.00713830436992485
-0.0050356966595932655
-0.006433596682341056
-0.006576809884986658
-0.005839333304297609
-0.005010334924704635
-0.004235536464596597
-0.0036307015559005713
-0.0022303468528607753
-0.0012984272015803453
0.05042307913581664
-0.002194628914787849
-0.0043457073177778265
-0.008143988256542972
-0.004903212087298229
-0.009461172105985889
-0.018455254106272634
-0.019267192323359383
0.0168186175105196
0.03075092264435457
-0.016878196269476297
-0.021632326848761464
0.023405001548288985
-0.007884999049228854
-0.007387949840623891
-0.006316566179361915
-0.0029073222828297058
-0.005415189102438275
-0.0056201244449906864
-0.0050293652162718425
-0.007704123819311085
-0.007751072071467547
-0.007495668076829913
-0.007401275543086354
-0.00598180260631232
-0.0021128121750059207
-0.006926577353126063
-0.004412683655959899
-0.0012357048641810431
0.006089978950978578
0.012711368454324991
0.02676155215289009
0.03438891920630192
-0.032776172411804506
0.10870411456737882
-0.0025324695386738563
-0.0925541781974461
0.0057797192371685305
0.03765542242990129
0.027406776800491344
0.017034386905636436
0.013352350722545772
0.007258871590254871
0.001073893953833142
-0.00337766301444469
-0.004645612657500912
-0.004806361493934121
-0.0055515185325267615
-0.005760638035045529
-0.007495236530735128
0.0017321601169897488
-0.00798068224884429
-0.006427409237264793
-0.0066636249780206505
-0.008420885794528094
-0.007849047614365355
-0.01642881170154423
-0.01353747375986807
-0.020232450162481083
-0.007988275952296127
-0.024377885932478846
0.00496500269610311
-0.0052639459940016535
-0.0012849917150441707
-0.00577170460913644
-0.013243952342770506
-0.011794523876891725
-0.012109714380465457
-0.011665808145991958
-0.01115373931469142
-0.010685524036389277
-0.010406399860802822
-0.010730555576440702
-0.010135767880957
-0.011056387552570343
0.04096956537729107
-0.009913991361451198
-0.011107498038863335
-0.010639632084325472
-0.008471691926766816
-0.00962141877226469
-0.000985804736585099
-0.009491062733336138
-0.0101842771697901
-0.011725565237073177
-0.01747941616112462
-0.010193671094365768
-0.00837081656853196
-0.007709514282621254
-0.0037973400212472823
0.015028466481114925
0.019832920027908187
0.03216340927505025
-0.08704083699884253
-0.006958432547702835
0.012545122499355986
0.003163503260008827
-0.0012636285515411026
-0.0055216652244009425
-0.008343899831297808
0.03591753275816635
-0.00697311092754447
-0.005129206017441437
-0.002962680098619785
0.0005746234465972784
0.005085421284794048
0.012557618414535092
0.020504019958398786
0.02405925488334865
0.056154097968735134
0.034770790195188604
0.05213409047118056
0.01936636830690206
0.01462579100957561
0.007550837499322871
-3.907930940278178e-05
-0.003397843344174921
-0.01270975205572352
-0.00909718702781609
-0.010873000193889511
-0.01164913897210637
-0.011922153372863151
-0.01167653389145879
-0.01192420408707845
-0.011803438454490169
0.022450389467890148
-0.009150131462942634
-0.01060816350630266
-0.01210358639166487
-0.011658032374687032
-0.012578926809655154
-0.011479669617626864
-0.0036265088129651952
-0.010948322156649457
-0.01013878157081729
-0.01797809822780894
-0.009245735891834158
-0.008307409216395467
-0.007295146190780029
-0.006062289012620336
-0.0052362648491400725
-0.0012652332581276889
0.008066658756812995
0.009915249486836327
-0.008357285047483549
-0.0051851913307667955
0.0011198512192382196
-0.012679472927794838
0.019090398264656416
0.02072016559431332
0.018117235739933443
0.004862040238326702
0.0016740632168085845
0.00016013529806862536
-0.0009216186406612297
-0.001909281713703497
-0.0024369215905238988
-0.0023291712173022
0.00013871523270506093
0.007409639282563575
0.024101158116287328
0.00576886099860105
-0.002747295812343786
-0.004760644074228976
-0.005027797284525942
-0.002778997968546704
0.0025582077810293335
0.012285246610174943
0.0158973315617194
0.010541358141969853
0.0065135716258805385
-0.0028273783966761114
-0.001892877584217363
0.014088338866931904
0.004030251612482151
-0.0031570666634937686
-0.008787651378681795
-0.008294225530936722
-0.006178868198685486
-0.003951838404976542
-0.0020207914880735678
-0.0014532141404377593
-0.0009077304012196665
-0.00041169661264782345
0.00011807895840205751
0.00815552786787041
0.0016406441434809024
-0.0006539955941461523
-0.000966808518167904
-0.0017643623422011515
-0.0026563871965009484
-0.004049693407382535
-0.0014186017980568966
0.008203932811368112
0.0061411355379003
-0.0031405229109732766
-0.004854387402919998
-0.004790076210823467
-0.006806182546602956
-0.009638736723146588
-0.0024840495069438765
0.02639244339294571
0.02921964358437887
-0.004982548228661007
-0.011073169793910362
-0.0050276509886963945
-0.0022625098893331065
-0.0013671413454285134
-0.0012348919106917322
-0.0009014958886746052
7.137877997400042e-05
0.007068464915292155
0.005995697333689877
0.004815877365396383
0.004988392564800802
0.004450550731923319
0.002963289984065166
0.003493330684370294
0.0038131291852583323
0.0030485668549094067
0.001362848911794679
-0.00017866374670395523
0.000195818080943789
0.007653745859548401
0.0017651565847475459
-0.0018073804238761834
-0.009114698424577725
-0.00927297491269761
0.019077518060361814
-0.11496390439664085
0.02924354959856208
-0.011097192316704247
0.0010866003214767574
0.012226838825041907
0.010490187276435583
0.005043617724714786
0.007076064234676998
0.004389360020725018
0.038565752935772114
0.02616778469318919
-0.01658903814086252
-0.0016030731914838615
0.0008764160280381609
-0.001272391084325902
-0.002280271354373611
-0.0026037797190233136
-0.001919139520136604
-0.0010895151149223922
-0.0002744302035371542
0.0016132935205183836
0.0009369335852421763
0.0014803041233027938
0.0018717330053862095
0.002735409107652954
0.0026033612903015573
0.002759022332768015
0.0032611515173449155
0.003272873420269701
0.0034282751807684945
0.0035553683186152216
0.004348847909313025
0.005416772514347458
0.0033862467904772135
0.003143732697771676
0.003301180547446641
0.0034188972529922714
0.003340085898533336
0.003160953950503335
0.0032011423751694278
0.011710831817962212
0.0023730358214118417
0.0017855214146827523
0.001240593633192555
0.0012037026599789665
0.00013465173690490508
-0.0009218895691680042
-0.0015703479804331818
-0.0018387891177541649
-0.001090283503092794
0.0018412784544240097
0.009141043143162934
0.02127523998108798
0.02549972703429095
0.011776421220287828
-0.006043489165065941
0.0010953377106209738
0.0169575289449105
0.019143834530021032
0.02722649342483022
0.01620914647265615
0.006221176768035555
0.0013312368192962428
-0.0006244235438276545
-0.0011057614804813902
0.0045331442088870815
-0.0006361176722992126
-0.0005236483972582718
-0.0002937581100025728
0.00027383524855018255
-0.00014193857295020752
-0.00026239542141954126
-0.0006147336784520112
-0.0006847005442889448
-0.0010580802988370103
-0.001447713056733551
-0.0016518243193710599
-0.0007947422890377516
0.0001857677391765844
1.9126800460568315e-05
-0.0019484201733208264
-0.0022699653326702066
0.0016961128883880442
-0.0026564558310674252
-0.0011208126481284453
-0.0016162013977096786
-0.0017059203402640948
-0.0009976023241643533
0.0016896027510050029
0.016402755857981663
-0.04258986070155912
0.03546710656782852
0.013440652619005298
0.022476828669890734
0.007500226390853857
0.005968992237779658
0.0070966599654102985
0.009479332909450201
0.01390514155456351
0.016416525705500364
-0.013577122207345171
0.009841943697762938
-0.019069691357501
0.027430542083512203
0.011748439085981412
-0.0049931364331400755
-0.010620971002106978
0.007578976025123648
0.004379288244189758
0.0015986056975124602
-0.004052290064226743
-0.008139315918230331
-0.0032234835092807253
8.763223753511976e-05
0.0019696254691541145
0.009295712207357875
0.006598700227700127
0.0029515678378222616
0.02674024657625613
0.0019245611795305727
0.0007995467114515382
-3.38609588591951e-05
-0.0016301743060879717
-0.0017132179638395327
7.388799495915754e-05
-0.0005069243323553802
-0.0024730155515188595
-0.005171865818404987
-0.009803036646570961
-0.01696291506583814
-0.024731886218437367
-0.02636609644229383
-0.012076772055375832
-0.0009868416901328077
-0.07495299437859448
0.02093101056435712
-0.026260134489843562
-0.020046497635409773
0.010707832705994272
-0.006695054495310573
-0.018006593435890356
-0.015907493693643204
-0.01909136993952012
-0.01743309910890856
-0.015354918889963928
-0.013686239422597503
-0.010822761389101274
-0.0069835555684654525
-0.009795586945492568
-0.01418518199831159
-0.017574765912739158
0.00022833837722468218
0.003910746843359524
0.022753442932760246
0.0066073054157752675
-0.007934743898716259
-0.01628763295699995
-0.014299448608386403
-0.009644930375522517
-0.004245641763141824
0.002512349698291277
0.0036973229289689533
0.00546394225185003
0.0059840891729249415
0.006555806204006938
0.009690118766264622
0.01682000763121846
0.010128328102930963
0.007261965023828537
0.006894706143375315
0.006814088612969531
0.00731020771349148
0.010755072304761106
0.015083195930572325
0.007500942514604747
0.006893004731309464
0.005485905575528636
0.0026361175389725175
4.5241061686955344e-05
-0.0001600452518600074
0.0005605599213668399
0.006709804018342273
0.010493273421427028
0.011787023504778048
0.006941740076302173
0.006281686782426675
0.00624959787134746
0.008356941043279203
0.008623843169944113
0.033746941612991174
0.011291425464029546
0.037975136955689756
0.00788198345091338
0.007320636595553531
0.005684326590612874
0.00499624966731886
0.006847505763338901
0.002904097415448015
0.02120100068904478
-0.007127816049017429
-0.013050003898057324
-0.018354390108919035
-0.020923038426907185
-0.015300590878954863
0.0043176184308711466
0.0208213227265511
-0.01388541036904783
0.023952569650240823
0.019944443942217425
0.012311249997529467
0.0035905859478637873
-0.01683630394120424
-0.019449207203491477
-0.015820876049193022
-0.009435627823110705
-0.001950930829010462
0.0325144656326453
0.0010328354691718454
-0.0053503893238288375
-0.01576170894655578
-0.008060157171103826
-0.01907846245610899
0.006681470424923069
0.06394023958967572
0.07457621922337491
0.01334757194953364
0.009207907646548944
0.002903880168337895
0.0013421322416485085
-0.0024414789802456264
-0.012034126317340493
-0.01979138200856251
-0.012618598696068043
-0.009853067156294757
-0.012732719332247783
-0.02836780474564721
-0.006368259856780326
-0.0030985003636131874
-0.012655990988359246
-0.0015562173243613717
-0.0028433536666887197
0.03467177130046321
-0.0013686483082191129
-0.0033912493753795775
-0.0026513803124043537
-0.000546757538557435
-0.0034595345270791353
-0.005670484424912415
0.0008166293562343062
-0.0058049692899917816
-0.008079810181317
-0.009047830566798113
-0.008963988444134915
-0.006512377071131252
0.0003656546500542798
0.010349247397546045
0.006108535114576588
-0.06873008059434875
-0.036961516863281245
-0.03011399781523952
0.019055872071518504
0.0074896425836150264
-0.0002862049610618211
-0.005732802241908707
-0.009398203525993416
-0.009147593518467863
-0.0030208699182742633
-0.006695369945137585
-0.006217583230323081
-0.004648616297564727
-0.004232051114144374
-0.00497849908946742
-0.0030401821885104145
0.0023613259132774594
0.000859161865327649
-0.0025892054902476743
-0.002714535667453535
-0.0029431435442230747
-0.002566755674878436
-0.0023186382850134773
0.001178636744533063
0.006946817616491905
-0.015389335155559495
0.03894551696908879
0.01240829342520363
0.005682508028880853
6.37841644533219e-05
-0.014786883044287333
-0.014822888842775125
-0.019040740965645113
-0.009744801594417193
-0.017283491559163287
-0.012021454537694515
0.0013468345015614945
0.0162610698794423
0.012397515297768459
0.01736135396146767
0.0025345645686781007
-0.005430668089145823
-0.006004908978494105
-0.008928194463278255
-0.008802421215596061
-0.011915940013189756
-0.016193125816015647
-0.005828273256018252
-0.009486236542596588
-0.00502435203498095
0.027500055724394602
0.003581441750701299
0.025558205961754066
-0.003787290782025745
-0.004780451867328638
-0.007938542899905553
-0.0037493028435273213
-0.004851942503047938
-0.0010788932269812236
0.00025573171344038694
0.0009333221389558765
-0.00019138950482180288
-0.0011961193788656828
-0.0014925410982241172
-0.005268220275419777
-0.0039041043442739672
-0.006774680165174307
0.003913012901276159
0.01731554565021677
0.009163029692701864
-0.008253111305782452
-0.0020382715398841885
0.0011990250442872432
-0.02949068634305574
0.000490408194381127
0.00020382837208741706
-0.0033890284202458217
0.0011375678526614446
0.0013279247050754102
0.004180070639316964
0.006551873498372052
0.008233949679460667
0.009624371966410996
