-0.0006670249801782145
0.06044122299892503
-0.024611796372643824
-0.03465891529354519
-0.015027320449252968
-0.00433758242324141
0.010344659063744793
0.049860087876764554
0.04676266426422579
-0.0020963921677262017
-0.054937893409301664
-0.05117758813869402
-0.013807178882584818
-0.008063286722326368
0.005435827355092483
0.024259466110398156
0.04198427648615941
0.036021593150635134
0.0003168161948522795
-0.03130425773124124
0.0008846020745641013
-0.015378276512138543
-0.02599909010841135
-0.004373485039943774
0.10117549326381531
0.005303294456177394
-0.06211985493778323
-0.0557965986226792
-0.03483405797559824
0.035629558437997214
0.03924412546240859
0.004932279183298763
-0.0003597217439980752
-0.006330522444935223
-0.013038093649226834
-0.018125124394184428
0.08766226222835186
-0.024538157416165156
-0.039669103349162606
-0.02164009024914406
-0.016290776584707782
-0.007706459033437674
0.0031274376596420136
0.005558499248598956
0.021943864470617462
0.03090365091041704
0.03920437043943278
0.03458824318045626
0.01473491440915495
-0.03060167147609428
-0.08291088995752913
-0.10831487270077919
0.06370075741189231
0.039763040108449506
0.015638362794614193
-0.010171730677378631
0.01591455754681106
0.012506718369194146
-0.005916685094199597
0.003244644440842022
0.04221187438830501
-0.02459423365881464
-0.02269076551689822
-0.004905000102556973
0.004240790073716681
-0.00850880337940371
-0.03627824392831622
-0.050262796911628105
0.00705775037107728
0.05202627824593558
0.056345706730850834
0.04658101493406577
0.026076334748099724
0.0005722708850035858
-0.023773832358326065
-0.04252152465337982
-0.056806892940123845
-0.05900303955302983
-0.05277311569681646
0.012189078108350527
0.07932694778371782
0.11791765777849578
0.012823648976917979
-0.01640850457374366
-0.02296306272941682
-0.02344712406783527
-0.020865324998367525
-0.011612136906834247
0.011461354674351384
-0.01053105802610812
-0.017214296321604396
-0.014361666419290766
-0.01652330334285797
-0.005244154959052713
0.12093052441722944
-0.0013476041701721941
-0.0021215411370168703
0.003846887332614424
-0.01749068979593876
-0.024528898095149756
-0.0149530879737647
0.02631235980193872
0.01621626726324563
-0.0018191305070003787
-0.02235747837189839
-0.017145412606130336
-0.018456348323923535
-0.015743767013163826
-0.007082383157252642
0.007614254661527067
0.042026033108231366
-0.08731758578456408
0.015776764691091728
-0.006703907389753823
-0.02838487802839158
0.06583230052599517
-0.041352117353537096
0.008003252948258578
0.0026870427931467095
-0.0034397602859502345
0.004770489070981332
-0.00895987939041775
-0.01550192548426861
0.022030780333136026
-0.09748857089591774
0.09299404906846222
0.07154944072921085
0.010617511326400387
-0.001690446852196086
-0.015767827232790056
-0.02493955006171843
0.0029026094813709527
-0.014557271177174973
-0.0030690516078691584
0.0016161834238594389
0.0061545119532898955
0.009340109765927128
-0.003737971923700262
0.010988706469246202
0.004805288431404537
-0.002273076347840393
0.006194406762540006
0.05326310535741162
0.021311255912559376
-0.011593669063218522
-0.03414117159492399
-0.004890310855930484
-0.0022768047481955106
0.010013849230120896
0.004051777226243924
0.014094353918404653
0.01742702727075714
-0.0028667066610799192
-0.0040171401787354715
0.0007131575821205445
-0.004564066688072363
-0.014066563734781039
-0.009024379173978176
-0.007697612133455862
-0.00929865443141803
-0.011320889747255463
-0.01550130819901305
-0.019337357659415532
-0.02378808739118003
-0.013391649330088273
-0.0038014015819985364
0.017110277304873547
0.0022175194669704283
-0.0069364296299498475
0.013283626554787768
0.013566656681164219
0.019821258070564972
0.029338930720089838
0.03477096094113763
0.041823872604226264
0.03487896124531382
0.01980664775794715
0.031006424346133238
0.01523542606906564
-0.005978017252733934
-0.0323484423271164
-0.04565078500671089
-0.033746394786493765
0.03331575003888529
0.009049055395269288
-0.03127670242899596
-0.04281079836969762
-0.031073251432833137
-0.014938119907261944
-0.0005250188007671727
0.009026512181489376
0.013894681607399473
0.01554001816080038
0.005013364835115041
0.015880748014274162
0.006580549553782604
0.01049447761786276
0.0037567876233668665
-0.0024972530519011622
-0.01416864422867692
-0.005807264782614312
-0.029981837503298792
-0.028233699604216924
-0.04863199998897475
-0.04699253354362341
-0.035814729716758885
-0.023462556215172514
-0.007672308207729589
0.014826980650665128
0.003067498478485549
0.00822052640211427
-0.00075715314295798
0.005483555649579376
0.00450148284880889
0.018815020454546937
0.006400367955762807
0.030503891096998845
0.017616682708478618
0.01902552102514683
0.02384070350939466
0.028053361927673107
0.02703461179073092
0.026440270029159364
0.020933937047509083
0.01025834669691121
0.0020695411788147107
0.016617792615690418
0.0019969127453800025
-0.0012810545159587558
-0.0034984492144255796
-0.0009289907467330926
-0.0037601877114610896
0.013469350601994891
0.009962596535523796
-0.033064611508614276
0.013834640897490457
-0.02237554578362891
0.031385577694274254
-0.02939106386707315
-0.07270514110424421
-0.06681194694214813
-0.0963820787115931
-0.04135734515244292
0.039583957182123625
0.0064170679740886685
-0.04841487481912387
-0.0622649535091659
-0.04609748972851225
-0.030285622838858682
0.052906031536702085
0.10622646403780242
0.036209013829082246
-0.00579572004603667
-0.015701083875132107
-0.02083075999158468
-0.02507844808190587
-0.016046883792136084
-0.002210316158680703
0.027607098201893183
0.03007452070526464
0.012118758218531058
-0.01048779985333374
-0.01391471046100158
-0.006044246483616358
-0.05623683068830917
-0.017439703699859335
-0.016077181449424445
0.00635421756462129
0.026144392407337666
0.0064107778093006615
0.007147326178095325
0.006417451739042447
0.02080371651039516
-0.031177129263463065
0.0401815014493813
0.032488639512539094
0.044335346478522684
0.04606168689000989
0.0254196070369049
0.015800374692424513
0.017951783046563714
-0.008596636389379913
0.007788430479643582
-0.011996923902015908
-0.011292880829738085
0.0005963707800527996
-0.0010939215034029555
0.016836311535552456
0.015298770448980262
-0.14405900056101964
0.021346569118448837
0.03484674043892569
0.011177019845128696
0.04566606645289317
0.02830509694339672
0.013966060851177294
0.010306467544811737
0.008765642129251341
0.025342764152268545
0.01687641825548304
0.007946628065458622
0.03778716313211227
0.05851220722350028
0.04599655352297483
0.015623313158452938
-0.0057187318913523855
-0.002892419403344828
-0.0025605477928453786
-0.0051359246246924445
-0.008817124037022808
0.0035394122198684035
-0.016690309375905654
-0.02399630566315286
-0.030002682146653945
-0.030754954517355926
-0.019031983313849306
-0.03136806166068593
-0.02800300186886231
-0.021902262916749987
-0.018293946226118744
0.0413421385970743
0.08674883285744789
-0.01323548706859594
-0.03454139535631201
-0.018271585516541844
0.06967857902530693
0.015351606630844521
0.029923146503250647
-0.02711917341413855
-0.022193748260383117
-0.02010758840316683
-0.012078251235629592
0.0018999235932306846
-0.02621052434679312
0.0005166354302940628
-0.028951830515481197
-0.00852428784960638
-0.010217458901901547
-0.009567534679409035
-0.007410965051373253
-0.004857133150872931
-0.0044701616917930224
-0.0015673253687476336
-0.030840743338398792
-0.0001242357112567922
-0.023283356200636797
-0.0052402470598693004
-0.003935483098074384
-0.005355017736905062
-0.013353420773552865
-0.012684764553375746
-0.004893242892713198
-0.025623255338488807
-0.030992211010863434
-0.0065121310505664555
0.03630222248931312
-0.020254909555886644
-0.01651450455649626
-0.04315918948088012
0.004342208894133561
-0.03350892703017623
-0.020733429133237797
-0.03048009434250872
-0.018924233112699803
-0.03203613429548204
-0.01647216413183979
-0.025941990589220688
-0.056741814045288386
-0.00126194677362801
0.020523209946368002
0.0017344543046975051
0.03380960486817818
0.01964841766450063
0.021165040030085458
0.022381233045665496
0.004994733390535123
0.01646893270502752
0.004463149963435356
0.00387800206945625
0.010422121654014262
0.03067439202932455
0.007418153733443765
-0.0029488987363764404
-0.008671125191990927
-0.006514304722981723
-0.0022541191859910587
0.002306405224883394
-0.007869594941611116
0.0039033972969813396
0.002110017160318164
0.01307779730039185
0.003000128369167217
0.004081021380567486
-0.03185383081736702
-0.0010811714635387468
0.004030265338228708
-0.008964322131305602
0.037575696415339456
-0.008112646427805677
-0.005758600774102
-0.012486713229676288
-0.011542602325033537
0.005820547911317456
0.014022449998315608
-0.011326124715756919
-0.008302490431555041
-0.007459148809654537
-0.0007090561818623716
-0.0425063577550801
0.008326065543633044
0.0004951773479039034
0.0012209012965787383
0.0035363475955408276
0.09862065422517903
-0.026874907480279923
0.034394071994258105
0.02983724885876925
0.040961752880364376
0.05235302184560616
0.05313904188580863
0.0379857297579708
-0.004528305238413751
-0.021399547367081436
0.06387945749609741
-0.06496983987902251
0.014984114528282884
0.06358594810035605
-0.022690712795329054
-0.0540189848675567
-0.0412708341199937
-0.004162089225796996
0.01591059724668804
0.012084292195947281
0.006895717600589522
0.012577411260216517
0.02092510129077833
0.03180309042039111
0.05499301477613219
0.02107226418047441
-0.027125930903340253
0.009126258735823305
0.0003602913469083106
0.023975084760692895
0.0903018349569759
0.028124022863174128
0.013279495225748285
-0.002378581975768102
-0.010201502188664197
0.002388828895495401
0.0072697685961642675
-0.009907589273128178
3.7226722768659436e-05
-0.006747802273295825
0.012992211691654647
0.014064122855604289
0.011562258186559765
0.018810603815072432
-0.0041237551124847106
0.012015870986819662
0.011443734131231434
0.005777428581913652
-0.006228357072906154
-0.002038574122298648
-0.01718002178269995
0.009703071530787742
0.008156697387241445
0.017202663791239598
0.003857147230419577
-0.008538525717671927
-0.004564778779442285
-0.0939703562192475
0.01607755817376865
0.019390398339950203
0.03394166561617462
0.03666785501010089
0.0038812659094849193
-0.044833860861773024
0.0018769326960723055
0.01624530781996021
0.013913507203096859
0.008217234051599423
-0.01701822157375058
-0.01760643853831016
-0.019902847384240405
-0.028813741271475166
-0.023448232327593112
-0.01870812045810869
-0.09788398525205422
0.03433444163014188
0.0390711619034823
-0.039007973657323246
-0.020815601957816017
0.004502162089054353
-0.02169438111460786
-0.019506932718087337
-0.012320141408265567
-0.04105373473922751
0.01877735374724498
0.011799009179850932
-0.021014256751419748
-0.007329317488395418
-0.005300103242846976
-0.013297136290414862
0.0030048936678222405
0.02385318045118365
0.0012021989465619105
0.0013706685530180897
0.011713261030258274
0.0063700332401671065
0.0009601441611169299
0.01982417297206689
0.0032488391834219485
-0.0001442910541190113
-0.003834628429696596
-0.003308014049299761
-0.016262707206510612
0.0002454160604007056
-0.005238475665821691
0.0007715505783382381
0.005761107130150996
0.00526510726561103
0.010044682593470834
0.02873091143596199
-0.007413153354213733
0.00658834436602682
7.479582171761645e-05
-0.0018607717510570928
-0.004164328570528195
-0.0028059564312355764
-0.0007100560099211435
-0.002557034608407223
0.00023622598581436545
-0.002156614834941499
-0.0018708935289390854
-0.0038932091541137243
-0.001002957729343116
0.0019994146885104645
-0.001988606600711193
-0.0021590299098976965
-0.0031201824379162124
-0.0024148584035767725
-0.0029621603717620844
-0.00338842960626537
-0.0035094532671871704
-0.003047841102940176
-0.0027756648740691284
0.006039703695825281
0.019564861654157762
0.01070617526188775
0.003986407813692187
-0.005390715279521685
-0.007281516854474313
-0.005190837711586103
-0.0010840917072242329
0.004932497430154955
0.013268220069020583
0.0018195839536789473
-0.007140180136975812
-0.010458146634726925
0.007812070825264391
0.008235863581912979
0.0031545302435794596
-0.0011154529760794881
-0.003330861586722092
-0.004074741462325464
-0.003772804387060295
-0.004265329504739221
-0.00483353455088726
-0.002275624983653721
-0.0017881016627599297
-0.0014669738643844324
0.021350132764276643
0.0007464105067964163
0.0015301723439854452
-0.0003392069553600888
-2.9264533465380058e-05
-0.000552732748255059
-0.0005776593514216958
0.0001028729676956552
0.00015502481934529666
0.0001230671160102278
0.00171742075080365
-0.003172609982358243
0.003145940203622182
0.002303471675267089
0.0004563536770715401
-3.646476852449977e-05
-7.115690215872761e-05
-0.00012591442576335228
0.0014380931650796406
0.0007394836421631698
-0.01372835717284615
0.004495908403657323
0.0010704190264364964
0.005541695619990987
0.0016087476753615256
0.005154731095591355
0.0027502797667457324
0.005650410083595683
0.021937331940764852
0.0007460495719237146
0.02101833188407692
0.005225871280119772
0.00011468119202424906
0.003239657086499792
0.002655483365523227
0.0030111186485431794
0.004885913317925731
0.007448287233274479
0.018773607089021163
-0.002869666646423118
0.008272425901722646
0.022350776893673093
0.017445765293053184
0.01880131547142018
0.01354772892604319
0.02062580287069018
0.02481266007275904
0.029786489281682232
0.04012565074528107
0.061970405131273144
0.057859352392069414
0.05311945474082838
0.03729798837945247
0.018688508100712094
0.025474565131052913
0.023224472206275003
0.019016080095346017
0.0023986042246065572
0.01414517978044845
0.011320501082174885
0.012343439878997359
-0.0025164899334428037
0.01454125979059893
0.0065573501270858045
0.008773038567616888
0.0066880074734590265
0.00490057835297141
0.012680181244807975
0.04459964323420741
0.03344496252623399
0.01027661291298283
-0.014611448078786773
0.012272018878058094
0.013347464938212157
-0.018234860611431144
0.024066966638820724
0.012775523228522014
-0.0052069094327315685
0.00662913249784951
0.006526052985220285
-0.005413373056107596
0.001561201083208245
0.013320441088749678
0.032389152637333045
0.017619704477802617
-0.04587381637846456
0.06312086580116653
0.12230767743458702
-0.010066787169497585
-0.055135050581202966
-0.03149556575512352
-0.013063122866014671
-0.009094290405200855
-0.00641617331448387
0.005680398367571774
-0.02207409797976707
-0.005404058466492947
0.001939437963199966
0.008871317417089068
0.015097642837053329
0.015336970372428557
-0.022167772316206272
0.005033506400055696
0.044692545547544024
0.0030796060968613036
0.007129546318732426
0.00881491164648163
-0.01386669232673274
0.007175949570593544
0.0014194996775188107
0.000563218893584332
0.0014482729679364636
0.003223301464737964
-0.008689164713964012
0.0022641842812426223
0.00033375028672942293
-0.0008187563867600445
-0.0011428278775901593
-0.0017822984106202542
-0.0027104997056967574
-0.0036268316396152996
-0.011783336247981564
6.165577918777237e-05
0.005305781625901192
-0.010954701382239992
0.025454982638255016
0.0017125755489067567
-0.002076216958048265
0.02382348348284665
0.010418711129201452
0.0053395205748068605
0.006748001803083095
-0.01770337433891492
-0.001360090497983392
-0.0029717222220070456
-0.004270227893994724
-0.0040369304166088995
-0.002795907614086548
-0.0057601396428341445
-0.01085865299231347
-0.014099779766107186
-0.020765493860674687
-0.03406043759285127
-0.03607956815394292
0.07149574658126136
0.022486096703776992
-0.044445444698876034
-0.040253420048502304
-0.0065158222042103
-0.022094941889053747
-0.004208721419680793
-0.0023775549416905316
-0.01925827512758852
-0.001834145643627339
-0.0024211207006340158
-0.003858874944742174
-0.00356909816238948
-0.009760110345601664
-0.004438750445490397
-0.0029793438772129682
-0.014498046314524057
-0.005806522462017642
-0.005298081389989974
-0.007356847068410587
-0.020576543058760485
-0.006233814478150574
-0.007264662966941335
-0.0076596520995353265
-0.007353692301116592
-0.01105300511095626
-0.008646925656397252
-0.009674770681749191
-0.0090412845292788
-0.0037409257674085174
-0.0024840333685610862
-0.0017760946127645567
-0.00941822000071371
-0.009200804155119377
-0.004196288197416883
0.0036012468508247
0.0006340716450569286
0.023060237292622302
-0.017807330147467756
0.0010933353226058242
0.00374930994742325
-0.0009257668188357061
-0.006024951390874194
-0.006950260997231936
-0.007652324772620687
-0.007631393853620188
-0.00683722635612379
-0.006133725711839719
-0.005646107148846261
-0.004960167747766713
-0.0022559740708963535
-0.006039544030079747
-0.0034295351308280195
-0.007984992256948346
-0.013262687830338621
-0.024474902422501582
-0.04392233796454695
-0.0534724858190878
-0.00039502940658779824
-0.02702941880599059
-0.011036442565505018
-0.0533011560810789
-0.04080374837337307
-0.03159621210130677
-0.021084710844583802
-0.02325107002963926
-0.010005153803103618
-0.01721221766850642
-0.006789162663247521
-0.0008601111418259198
-0.02068943294977637
-0.004605872570085056
-0.0051617880143432
-0.0062546429390164995
-0.005883780355388639
-0.006167794842990931
-0.009057509323547555
-0.003702565379043992
-0.008544739377470141
0.0021259764643310757
-0.004399562655096512
-0.00523524076203597
-0.004003424565206543
-0.0020736230237492145
-0.008433483699977528
-0.0021286016008899102
-0.0015916486918344114
-0.0031935132933641353
-0.0016191055842883495
0.0008272251575465945
2.447032347305098e-05
0.0041588548941529175
0.0027331109063535594
-0.0219900696383757
0.006936342352407513
0.0058911563942802975
-0.0009165900089499998
0.002808030119774159
0.005280088887582211
-0.036301244496410916
0.0008910671421400585
-0.003158879654520529
-0.0031138016411333797
-0.003490104022175448
0.0007314549581176899
-0.014707630351954444
-0.00046546453374893385
-0.002797546753214699
-0.0026884555815260606
0.0011589746130382863
0.010465480524311002
-0.02377897825702107
-0.006365201123610257
-0.035678486991911215
-0.009836461745334372
-0.004903394702148485
-0.016504954919702178
-0.020502582781373506
-0.023416585325130645
0.06641015594460907
-0.026623543326711168
-0.03063069865592197
-0.03728810836091376
-0.07751094578134445
-0.03301340793018167
-0.08893629240500305
0.03621569407799927
-0.001212806977077258
0.03878998895774862
0.0464031837341179
-0.0070640899172867725
-0.014713567602003302
-0.013708403715406733
-0.001583865874597888
0.07324094547041
0.010277794979695203
-0.0047215549958483545
-0.0034054678499434703
-0.002056945731531375
0.0009327432611361462
-0.004972660477039926
-0.0061111513152381745
0.0024941065271393047
-0.06423085970764401
-0.012015436343869085
0.06947603716062384
-0.03941334834573453
-0.03732808057636528
0.03246388052023488
0.0031838837305075553
-0.00502979676313365
0.005510201439420901
0.0006015443722335376
0.0004716880000170201
0.014154485458759898
0.003456406222724861
0.003343981705006945
0.0041130389001348714
0.004913228132519513
0.010508739627650896
0.005862149244066026
0.006355879135893649
0.007984002711057828
0.00901903396859765
0.009065949516124489
0.007793838082044057
0.01091647596590419
0.019804202613625192
0.025689448373796706
0.017995690641856694
0.003661130741115705
0.00010244119429225807
-0.009669075130051408
-0.0009684975848393621
0.010074233427577035
-0.00038834037224383123
-0.002023887294296619
0.008688274853128591
0.020381450234886432
-0.003741245843091572
-0.025739266886073246
0.04277584141701702
-0.0033319073252308265
-0.013475662982828386
0.025989630310886892
0.00300751645972096
-0.021782739044212247
0.003560970861968614
0.013969958602437327
-0.029053314219225204
-0.06205436456087261
0.0008953110003441969
-0.02859773047265889
-0.06053012030247788
-0.004841368016949267
0.0034572522461989814
-0.0030108652464387155
-0.011458604619997785
-0.015870807494138012
-0.023188537797432924
-0.018263193440107305
-0.002026794036815372
-0.01484102281443773
-0.022176910280850042
-0.015141094138463736
-0.009418565131105018
-0.0055152911860363975
-0.007991136875689316
0.004426313645236641
0.004678265682879987
-0.025092061085475372
0.0025877121908907275
0.004783052175530084
0.002525197412530983
0.00040655375668971136
-0.00101352926256541
0.0005251456117981164
0.009201187470393685
0.0019270719787660767
0.013159905564555674
0.001736434138727136
-0.002702577579952518
-0.00569370009699968
-0.00312324731727365
-0.003820453382236619
-0.003225501059660287
-0.003953667723870267
-0.004178054869044694
-0.005055744720015887
-0.0035543904901470936
-0.0009396194731969705
-0.0036000357268679323
-0.0022175674121332942
0.004273889535162334
-0.008322392086323665
0.008499364795376725
-0.017611163415676662
0.000995891127948974
-0.0013402851910496586
-0.0017650921050489383
-0.0017410337762920095
0.020089551727195686
0.00814878908989463
-0.0027545286003246737
-0.00011483623785834341
0.0065823540611441985
0.003463766553441616
0.0036135996748958656
0.005621595128513187
0.007712193276266433
0.00993959775475688
0.01139552213512458
0.01089064611560451
0.007633011098471461
0.013903691469575704
-0.010646581429300151
0.01150865332271898
-0.005259822406383762
-0.027717797430856055
0.003681993734272879
0.004461731754563748
0.0027683635311866158
0.00016747972360441567
-0.0017300588736177149
-0.0035816260398822157
0.004272717930937968
-0.005672853929652226
-0.005429822975000052
-0.00346271386326642
-0.0015596942022734815
0.0021658040449503814
0.006596650642533357
-0.00694555884354115
-0.00733114778960473
-0.001397763916861461
0.005738015682573694
0.0013949172438884347
-0.0022277517541736025
-0.0029038920974468196
0.0037251496158778575
0.00916040756124752
0.007744881412844224
-0.0029918207237045946
-0.005806788490853931
-0.0086279198876654
-0.00567469718159063
-0.005789565015815405
-0.0029120411318687674
0.015631108535079964
-0.0038996505076933025
-0.005626791121369036
-0.00474699666851752
-0.0026731686285768005
0.0010318817368342513
-0.013614837748937288
-0.001462192088081972
0.0012016056710503664
-0.0017920672781791638
-0.0014152060544150341
-0.03610025768202307
-0.002831918014781984
-0.003303374324417267
-0.0023180617142053244
0.021259056323287076
-0.006506349567334279
0.010080155805996263
0.0018379474267339762
-0.005949881205048461
-0.006263239565471924
0.03320948069256771
0.001640974654659983
0.008999685987108775
0.02875951104653563
0.07767558587338604
0.09772240392182827
0.04525451429728361
0.014998092336709977
-0.00877076223445627
0.0024179718763072287
-0.0032296054523331614
-0.003827333322056041
-0.008678293719707943
-0.010100757136048383
-0.004182915998192932
-0.005386306159433288
-0.005002037942600839
-0.0052308074672048925
-0.0023334884770826337
0.0796109411384118
0.0018428501185540048
-0.02429947244124996
0.0010096660394226169
-0.0007625073276730244
-0.00387310663700923
-0.003918518083998795
0.014194937490556189
-0.003671973838012469
-0.003693643580328465
-0.0034462203928692418
-0.002709021879471092
-0.0028092138630553113
-0.001974774189161504
0.0012878134610567534
0.002620272097744978
-0.0008368315087486591
-0.003924336567487286
0.04747800233785238
-0.005123750733806224
-0.002222513581932804
-0.0017079345751765342
-0.0019653081996522078
-0.0024644969748579787
-0.0026409718466263894
-0.0018380210677999883
0.005872811165247712
-0.01018342393784953
-0.0011590465982724298
-0.003289412578654621
-0.0038876524764339324
-0.0045555374346400584
-0.004531592076901813
-0.004676587326772738
-0.0043913458862539865
-0.004940948516794891
-0.004003854807411924
-0.008555256673779169
-0.004605984027268984
-0.005570173676781253
-0.00613347465962973
-0.006257162838144326
-0.007267645564784175
-0.0071056217823292234
-0.007818630513921326
-0.008496922458307259
-0.008974206117935314
-0.00949825244520502
-0.009911800649188333
-0.010123211409234606
-0.009585733634018895
-0.007626684849673048
-0.004833585123210095
-0.0019961514051799623
-0.008674220102677325
-0.020639126884213894
-0.004465254787595146
0.00015902125736063196
0.0018289166129826088
0.001316812652604529
-7.701228046476057e-05
-0.0018018160077632307
-0.0012375867952643738
0.000879071472372687
0.0030471714158416775
0.006418557018904919
0.008925083723425037
0.01497836719957707
0.024870688440514377
0.03496107186943123
-0.02567478135826718
-0.0174430917166058
0.027015111171136395
0.020616125729275733
0.01345348076211211
0.009618289250967076
0.00788242553032378
-0.002680102047768261
-0.003300597707617013
-0.00046446794561747574
0.0011736838361596973
0.002475806880280846
0.002786496910507327
0.0031572329810700627
0.003038679828246908
0.0025542873543034643
0.0015498461768973211
0.000674980385577405
4.1674056587559685e-06
-0.0007667914501867454
-0.0018096598826452385
-0.002616745080356248
0.006880969478024283
0.04290481025650195
0.014978194447872505
0.021222972164363935
-0.003720941022858821
-0.00454300518360275
-0.00404110783086182
-0.003959752117845218
-0.004072658739922276
-0.004763395280224981
-0.01177664553803637
-0.003875444646153391
-0.0011069668208326128
-0.003971602889321451
-0.004544874621858199
0.001955145060304661
0.012624707107734204
0.026189194920813213
-0.0989434859000514
0.03318399389127388
0.035429837347953165
0.008643949392946854
-0.01167915518884779
0.015331764443044694
-0.002229817536806277
-0.013961235139505094
-0.019551928413996524
-0.022053406507540726
0.014062792722618548
-0.0286885889540812
-0.0211581577545704
-0.010505585519035913
-0.00586317992379583
-0.0013255037151996116
-0.003281892750490412
-0.004383558439959309
-0.005149130869067855
-0.0006257214466021054
0.0004634887753983569
-0.006712235288257526
-0.0029435118899725065
-0.001434554400400517
0.0008305268540527199
0.006506123776580099
0.019118434632252084
-0.036220115649306925
0.023251323851806113
0.01711603229114996
0.006928687074692571
0.0008469898315201202
-0.0009557471676012935
-0.0026273018047112268
-0.0033661828334621948
0.011719115618619172
-0.0015306079639822465
0.0032947957160230773
0.007693908193740765
-0.006818807666665671
-0.0024450111529710915
-0.001173282748560362
-0.0023578106241572173
-0.000459419657916062
0.008709028649857252
0.02196546094447649
-0.007560713345732093
0.016316750054922557
0.0027664751484515033
-0.00012600198191639988
-0.0029610781401098987
-0.0077770295222459335
-0.02009952893579415
-0.03707879338053024
-0.03272221079665044
-0.032281549702436886
-0.045666455315451895
-0.017458663022970153
0.005886916821426973
0.01252641253205825
0.01557282884650472
0.011598558138819232
0.02763916989688484
0.011633767158922061
0.005165384425154462
0.0043002138703915685
-0.0002970935385241357
0.0033332921350386034
-0.005194056792447685
-0.008529128781330666
-0.010492383394984336
-0.012200678139336082
-0.01220282433942834
-0.010140235899735218
-0.006775993564290953
-0.022101926360693178
-0.004397921513304804
-0.014372286016683238
-0.005624232269209843
-0.005770152390252835
-0.007935841938225456
-0.009080674007426423
-0.008633730650480514
-0.008755209956556886
-0.008022884222634415
-0.007303752824100874
-0.006425176079981182
-0.0060222463098821176
-0.00552958217256509
-0.005086402569253499
-0.004447581646288249
-0.003025446373347539
-0.003566841695187818
-0.004720032008490655
-0.0018791802892506122
-0.003016477418672296
-0.004657728659530842
-0.0028680389899249227
-0.0029475195974103235
-0.0013978372748913038
-0.01065607140720545
-0.000624026025330741
0.002364897650342581
-0.007746050383813809
0.0014855074934514178
-0.003249216229072667
-0.00416657529140199
-0.0038692775215435284
-0.005298522084696827
-0.005195332149989416
-0.004582042932729983
-0.002086758171591091
-0.014139191219319046
0.004336425965268649
-0.014695826571406632
0.0036970114962932054
0.00045658101242554704
-0.01573895484884714
8.301868038849637e-05
0.0012543623833986578
0.0006866876325864003
0.002220660661474488
0.00031826432762466217
-0.002099048498441998
0.013480119097166232
0.008825439552695782
0.043339560287462844
-0.014452195474111938
-0.06304032285996142
-0.03013675587380551
0.0015446711370716657
-0.00575561638148141
-0.006490442103090086
-0.007990273612634071
-0.018873959711425088
-0.009458825528537683
-0.008328736852065699
0.0011318234519517964
0.016715321795398575
0.007996362937525576
0.0043301240047486644
-0.025341670479114467
-0.05967661144888576
-0.06490715015678551
-0.04239927213152125
-0.04542044991041547
-0.015226702583283232
-0.013656842030554634
-0.01317505051353295
-0.010149227971035846
-0.00928039513716563
-0.007681231679232738
-0.003655486651195859
-0.0634226171954333
-0.03470192865195496
0.004268614675961928
-0.04725523341696321
-0.0133795241365147
-0.002274844591198334
0.0008651023695548553
0.0037500063245182722
0.00710079492306675
0.010673625414283442
0.016363482849417986
0.015763917065973816
0.024195529848849078
0.025601356328138362
0.003985750518796149
0.007763725875328332
0.04198169957481181
0.009645597362899208
0.024115624478783744
0.03170998216089168
0.03241236356266814
0.028146152988590765
0.023393575631472534
0.01972708586625655
0.01735503415449906
-0.015151600877557621
0.006233733327893229
0.007903053963442007
0.0016057197740941113
0.005636324859051651
0.0016430868523926213
-0.0025896879292825687
-0.0029591238562689435
-0.005699977282228162
-0.0048075901604419545
-0.006737858628443564
-0.009862126163417972
-0.017908783750171426
-0.01838798572884613
-0.03278737122736959
-0.02765247186018256
-0.005364386423682501
-0.0009355196211227095
-0.001607467402675225
-0.0014203612069567868
-0.00046766684954744876
0.0038333257774790064
0.013726430192909075
0.0036422023144243813
0.015229840348187917
-0.0024171743935837505
-0.012227607089744769
0.005676240662511976
0.0021317666626040647
0.0016866825464954397
0.002025923650424488
0.0028706913702417213
-0.004305647285138799
0.003713503454259599
0.0040302803086310285
0.0031167430284005735
0.004123008542799631
0.00797836603711359
-0.022274831901502087
0.008899380173420936
0.0072204637185629035
0.00605760384594045
0.007660209888872344
0.00735075341056181
0.00777519660499542
0.008430186196184379
0.004892787172678345
0.009356202783893245
0.009477823080818883
0.010646534407672959
0.012927743022241141
-0.021715524607690613
0.012021849587431176
0.009386891486352581
0.005626439410427658
0.00970378418965785
0.007404391932970864
0.007708554497524956
0.008826640200096457
0.008610206832264362
-0.010541805543889822
0.010613634728174032
0.005858157206336949
0.010135736532592742
0.0005549701464582028
0.007639567957808469
0.007301961657613966
-0.009167413646823348
-0.004359266287512754
-0.0013300797484724805
-0.004863063712351943
0.0010808391813815971
-0.01191476215519198
-0.004028621998426453
-0.005993815657605229
-0.00785116059900428
-0.009348247432614575
-0.023214213038966224
-0.0323959588825051
-0.04335698545418928
-0.01825152792462026
-0.025705228898567307
-0.010014276802272898
-0.007332851361773127
-0.008462790837645633
-0.009995013324132565
-0.007423711660070124
-0.023129739938270548
-0.00480456208515764
-0.003789623333642013
-0.0014230022576822317
0.005416117100288809
0.001011550459638317
0.0004769071684661702
0.002191275213677536
0.0034158387327023016
0.0045900405866236785
0.005738529608105191
0.006911637808830957
0.007341211568779342
0.01159665281417453
-0.0006247808718056562
0.012793629686782935
0.012066902916976107
0.0154824757506252
0.008766889510946204
0.009470723684170923
1.8817577779156217e-05
-0.033232857995244516
-0.06224666388738957
-0.16323134101720718
-0.04176814960004125
-0.009574625894863324
-0.020268731928560546
0.016737284580144323
0.01842240025621316
0.013474896662912813
0.014075848159143995
0.011116759775599635
0.011060904139690016
0.013468707558544383
0.011530712024381697
0.011657847081617472
0.012245884780883226
0.013951418702550471
0.0203511191213404
-0.008321366917997695
0.02194463755944879
0.020635713079796905
0.02300416168169965
0.029750067830901485
0.03501585866554732
0.04368511154916022
0.05248113503748874
0.05165971560060165
-0.01794510363168188
0.004014057958896367
0.03432376882556167
0.05962891492761154
0.05123755233205067
0.038623980135298795
0.028322908082132295
0.030665830426072946
0.0270106777757978
0.010706784049730807
0.007478997943189632
0.00539051382770448
0.003272712743755999
0.002247647606832273
0.001848320199536943
0.006246855290673215
-0.02094338318003639
0.004511931832240601
-0.0019342470016487253
-0.00382460914981893
-0.0036753816175447555
-0.0056049439844364475
-0.01435808916297034
-0.00471983643122821
0.0055372941596911794
0.02058758116121426
-0.021669873075766434
0.019299255375433134
0.05366523633006457
0.0003045698292408499
-0.015436585100525617
-0.016123169745894256
-0.009363203253726051
-0.009378348708791614
-0.009188017367093107
-0.008987111988538729
-0.008858219031490207
-0.008562750125644983
-0.007363548210485405
-0.010748876550088146
0.006855510184965046
-0.027772868459549658
0.009051923659956251
-0.0030630600204864045
-0.007138100874971069
-0.005434216238432063
-0.0041731636392230926
-0.0018038014143685053
-0.0036926346913785132
-0.001846892058324919
-0.0011753902523527649
-0.024196878304531783
0.0025087993382519754
-0.0009179892857497378
0.0017135439335953366
0.009291991290481062
0.025668081213585457
0.014131492892545535
0.0460698839361286
0.04884634367822823
0.051822051029170584
0.01640441413067475
0.009333410879279195
0.007428395087349822
0.003541543847616982
0.005744859160331926
-0.03184143330938815
0.005316468613389781
0.0019462823039231043
0.0026475961901045175
0.005384476966296232
0.0094817604730867
0.014604114930603915
0.019938856271806988
0.025741783725473616
0.04498918031551262
-0.011199433061673897
0.041368802440629786
0.021572889631985184
0.016221919118142584
0.012127054330236711
0.006881638451162431
0.003632387151402705
-0.0056818056225684845
-0.001502510138809953
-0.0033716756326314557
-0.0044670050160453695
-0.004961803718693815
-0.004735370392583691
-0.004687702763616753
-0.0007930451231147296
0.017662691510997343
-0.006249981189487358
-0.003607740212265207
-0.0056391197434877095
-0.0065965078165150315
-0.006379127467764383
-0.0053718475375448375
-0.0005771831631555925
-0.0035131517472558773
0.0009530973486981427
0.011355278165677777
0.0010926870322395088
-0.003131200077095387
-0.004758156091123766
-0.008087063248678323
-0.021212118726890033
-0.04391313160462614
-0.038434385855785166
-0.041844288224814154
-0.0357264243992729
-0.00924347439895322
-0.003345997976927959
-0.0008266757358528834
0.01738884555265135
0.026132436059950984
-0.02559596822183964
0.009613520103207072
-0.0009306967745725545
-0.0035767977386513394
-0.004127094883749365
-0.004314267413855893
-0.004433660425337899
-0.004292262436704787
-0.0033778503048231307
0.003960842175482995
0.011962943461099227
0.005386976689181263
-0.004975376694492694
-0.007006206865774091
-0.0051660856884335705
-0.0077032793628808854
-0.008344448388893276
-0.007128517366124833
-0.00356778990786911
-0.0025522613234097605
0.005514033604535797
-0.012487683732530216
0.0009716651216277618
0.004372335703161442
0.0020364195122381445
0.0028373958760317033
-0.0008363067725747917
-0.0017090659154544532
-0.0014462686679598377
-0.0009631366176113401
-0.0006652320593224334
-0.0003075571808141291
-9.752876401005487e-05
0.0003591514851208854
0.0015635495382122502
-0.00575533864434975
0.0021489605547024195
0.00067975685215012
-3.409507690208202e-05
0.00021335992692064597
0.00023379751091229866
0.0026462134055973315
0.009861281871747242
0.007639868208417084
0.016618030632857193
0.006188146250110609
0.0005044097377003309
-0.0005938885680817136
-0.0002666468997733969
0.0018441815908306176
0.02080054984210253
0.04226840323450203
0.04417617991400072
0.01591992935282054
-0.0015460182745066383
-0.001587180677921837
-0.0009021306955374327
-0.0003496980490113963
0.0004967414622322683
0.002095761221484804
0.00509788187023327
0.011172193970263205
0.02976328349409768
0.008526887544305566
0.0059381351210336985
0.0057262159866760575
0.0019508416302907142
-0.00037174174800567707
-0.0010658555202795533
-0.00211693301345792
-0.0020210747846043393
-0.0014439363439745212
0.0030348172293962208
0.016704159250660336
0.0077976590900858634
0.010604391044609045
0.010859502591216777
0.026695184601525812
0.03431997388772373
-0.009626530796986959
0.036389445556243495
0.023864078565073568
0.004406933161619584
0.0008576314788184637
0.005759747738193005
0.016152835185357983
0.029194867816365013
0.01197348669487168
-0.002553333351829929
0.00719232088585726
0.023513258567552698
0.015412687046720953
0.0058741251969562465
0.00018481399327120707
-0.0026752964652748796
-0.003325853390681861
-0.0032827466074227805
-0.0029757896345249915
-0.0026509231848145407
-0.0020045219488319436
-0.001991317270612003
-0.0018258784261877786
-0.0011625341145194985
-0.0007297702957828583
-0.0011532312632568313
-0.0009109281533467231
-0.0005965283304931965
-0.0004994626780382956
-0.00026951863718268645
-2.6105670592552938e-05
0.0004239609540228386
0.0007354543747699378
0.00085408290011565
-0.000152046700017656
-0.0004427587100151217
-0.000534697098024411
-0.0007960859422887438
-0.00073993929454659
-0.00042428742920367274
-0.00010493054698502275
-0.0010255573321802964
-0.0016419759648995194
-0.0018913399754106105
-0.002548476942734504
-0.002310945646734461
-0.0027898076997845177
-0.0030338338766233127
-0.003133490519957619
-0.002963030936149156
-0.0022733639962416426
-0.0006055623464091012
0.005555990380273694
0.014023177616177926
0.018570972054519307
-0.006157069423982663
0.005633952113314758
0.014234918116464153
0.01664507909756904
0.009811474984651862
0.0011343521374061508
-0.002671876262499446
-0.003947425201831796
-0.004269214953361817
-0.0040557394346278685
-0.0025353382825674614
-0.0034366371720457316
-0.0033994434196741837
-0.0031120294850165617
-0.0005369739270127251
-0.0023397818450472292
-0.002474129837679477
-0.002309069914816178
-0.0019521867690127778
-0.0016258674098939985
-0.001290829675632688
-0.0009833082426866106
-0.00015396492865147956
0.007104697820260033
0.005934642694566327
0.0003935432297517091
0.0012201983261799154
0.0005886865091641858
0.0013998532386441682
0.0008696914887887291
0.003253075917001218
0.001563043599682204
0.0025548966643394386
0.005629470057250421
0.016580257484438782
-0.01438653072851354
0.022812764846688552
0.01585438353179447
0.04141714282932686
0.0013503167443469737
-0.0029821637740631243
0.006071954416780765
0.017408294752408945
0.031998011873407915
0.04429388724115598
0.03995714209737413
0.07658674760981116
0.04555320662478804
0.05113912658212616
0.04033737380321559
0.03674136251067069
0.010829108368132728
-0.012974521522412517
-0.007250394891199049
-0.013109519537128132
-0.012967848200598047
-0.01193109610106762
-0.024440116686074896
-0.02258183985272115
-0.020332919142862015
-0.027857089373219023
-0.023002028964435345
-0.0222378637658734
-0.023569276184014994
-0.025367935784863273
-0.026811714203162293
-0.02744644428477919
-0.025644425030244514
-0.024947136787010958
-0.02522817541508752
-0.0222388084110721
-0.019396871600814557
-0.016257757944336995
-0.01335719075535604
-0.010535649834069438
-0.009760164654345217
-0.012815105813323256
-0.020937917487813425
-0.0316662941957326
-0.04879113128445951
-0.0012141475872682976
0.008333000209579272
0.003920337946013845
0.018106448881319744
0.02596054070774313
0.021919799135546713
0.009411906028290158
0.005547781085986427
0.00030372830078028926
-0.002444729700866132
-0.002214458000885461
4.1757601295998934e-05
0.0038306274814977393
0.019697241964490263
0.044498568644638366
0.05103112895798336
-0.10438079935442242
-0.03106028806256509
0.050844881318557245
0.047796989658551364
-0.02017224116442272
0.01790424537640626
0.007117623656286168
0.012893413347146276
0.003835757453755845
-0.0047659253510655905
-0.006643753257586796
-0.007455476554565506
-0.007317587576638921
-0.005990014927454128
-0.004534416644403313
-0.026333218515417957
-0.004374898406466175
-0.004658852605395738
-0.004671808001973601
-0.003814379929544774
-0.001713737961172376
-0.0018210518085311166
-0.020816048780761716
0.001397003240822212
-0.0001586661874168497
-0.000869868794598579
-0.0012734281734769202
0.001701374305338448
-0.0012421471081455859
0.007573376460910889
0.0005076593873987441
0.0013134545906900953
0.0055935195098381196
0.004190115394329351
0.004430798107157569
0.006155067389097145
0.006901364132536127
0.014445053617567207
0.010497964150440558
0.007893040241109072
-0.004148208860039814
0.007512719764849629
0.005730674915577748
0.004771862338683002
0.003641110926534736
0.0035408869369782893
0.0020269615449506023
-0.004605160599530253
-0.00221896262312291
-0.005243517674344516
-0.008141408904689708
-0.010896745646184107
-0.013184592323638313
-0.015677933331119186
-0.02369797955047029
-0.03950749918080135
-0.009763452877999878
-0.024017718624826077
-0.044890998266542526
0.0004277256024163162
-0.0037516805938572935
-0.004218039420465812
-0.003077985939112784
-0.0026626368781619276
-2.5402333513829423e-05
-0.018322261381123098
0.0011828365384798849
-0.004099976841720858
0.0060807033040103506
-0.003300442801951394
-0.010406179026982251
-0.009554553375555878
-0.062242288718426714
-0.0443521861723517
-0.04747666134063263
-0.010091207773952013
-0.0042266954092820995
-0.0034123289840972456
-0.0019219259143342807
0.00280598124310301
0.012020009431427253
0.05583499437282794
0.014570362200832491
0.05040384094313378
0.01916990303795997
0.0065102626514185625
-0.004085208653488163
0.02457168140250278
-0.0045090136736769225
0.00021441649507139131
0.003503459100259248
0.002444320968583065
0.0034563854193974783
0.003258614523251115
-0.0014882379165989878
0.002548844641244506
-0.001168468867674735
-0.007582174964788727
-0.0034458318506091026
-0.0049039643481447
-0.005703172980070543
-0.005885222205650843
-0.005304936461443037
-0.00372482334107216
-0.0023341524619590495
0.0004846875438856583
0.034621341678066915
0.015149939947778569
0.027745412383913086
0.010014272514262165
0.00035051550760419037
-0.004030757460705339
-0.0053582209274994465
-0.006532638422148767
-0.005782772644680061
-0.006509230904879813
-0.0036602411551294985
-0.0029227545988757815
0.006387886019378743
-0.0014931519313021726
-0.0011249548605112172
0.0008196722559825017
-0.001813781048546887
0.0008046728764358473
0.0014169112388685264
0.0007816854448537259
0.0005657430401146818
0.0008178112090443698
0.0014487204172803786
0.005880276336205211
0.0013890008686835715
-0.0026225289497614156
-0.0005110850231400674
0.022502216639132516
0.013471897394209448
0.012618547597478704
0.0048990959774545964
0.02899616010576761
0.010843489988256318
0.04674621426115489
-0.0004160102658484952
0.000928809143033128
-0.008084269550416667
0.005587844081511394
0.06899863881745447
0.00211203821231556
-0.013070093603526001
-0.007400627589910412
-0.017023614694394073
-0.0028618685913285036
-0.004595741338943139
-0.004866288228092364
0.005270589256989975
0.030370815249547795
0.022895926550106468
0.008190534878467545
-0.031083906746030947
0.03973814688286498
-0.07511205327671215
-0.023208891991214634
-0.00906354830846631
-0.012437370513377054
-0.01054700769342297
-0.01534234688857655
-0.007030395899519
-0.01863648946036034
0.00034442370923857396
-0.00041220866327579345
-0.002758552608153278
-0.0015513299684904224
-0.006195260198746485
0.001182556193178261
-0.00013100821974650162
-0.013719448518107557
-0.052876103985934245
0.0014339904382171845
-0.0031055973159115177
-0.0008163921904678108
0.00017158444814767174
-0.054521077080636325
-0.0003078711204705408
0.003763586062972211
0.0009704959174455184
0.006854119182914117
-0.002936654163899686
-0.007065036058556366
-0.009623804780925966
-0.011133137024260364
-0.012779624978878508
