3.807995517419254e-05
-0.011157303948129034
0.06831909542688333
-0.029852417823757364
-0.04816050368988367
0.004115319955099829
0.04894770364251034
0.03772965244911096
-0.034991742354304835
-0.03736636592392821
-0.020003455457182365
0.03492218412323439
0.020887826194415374
-0.028980982783013573
-0.016816845330409853
0.02291147179884475
0.038285600777089375
-0.00022987434237674406
-0.04713435653471915
-0.009262194197595627
0.037618168211945704
-0.02877356161064162
0.01290450951346001
0.003108177435621838
-0.0390465364356755
0.0690423523922981
0.014102283017269974
-0.026441599342250356
-0.038137798889918
-0.0036976207329723456
-0.009642837913112417
0.024449294670952054
0.018468195864179898
0.011013799927232129
0.004237366799357971
0.001568557048476604
0.007162691737664265
-0.0012252723951492214
-0.006438508921948818
-0.013749633656666049
-0.02041361905703348
-0.01981871868357364
-0.012127586625391118
0.0032406690795439026
0.008588005432640045
0.009897958841920684
0.013289839566303635
0.02361378680872915
0.03607064965337622
0.03657555193307608
-0.0602994441790805
-0.048437458783398994
0.021920687376329063
-0.022951387014924343
-0.018556658794499647
-0.08666433608765307
-0.012683383883928758
-0.011975836350180196
0.04938488658236972
-0.03998151797900406
-0.03570168684199603
0.024217320429523608
0.013327891065262745
-0.0018296885689333638
0.06655648843066696
-0.014934763780418222
0.06662447125232406
0.01236605010178921
-0.04006253629026934
0.04052969223988193
0.0443995409448969
0.003563254692366925
-0.03244117678221548
-0.052913780236363894
-0.05324702644916443
-0.03477326577544108
0.016409427242614398
0.05112704490499667
0.055708036328284916
0.08737023246699273
-0.011647281135734277
-0.05393624992759063
-0.011645386801948474
-0.003554616926423335
0.001973857728358177
0.0019578758333895626
-0.0025565104617154763
-0.008462688447957922
-0.016950603594390084
-0.020410094417682365
-0.010031153900892764
-0.008435412886438435
-0.0024121491784166614
0.02284674691830415
-0.07203302624335953
0.04690267228273585
-0.029083558696472066
0.018173986306602843
0.007734397158125208
-0.0015196286360962647
-0.007882874176124837
0.037841714177357155
-0.02819117416405374
0.07155571393513922
-0.01728678263657201
0.01424777672658824
-0.004507283293520685
-0.01113509062925179
-0.004551549347678161
0.02609748360024589
0.061956638745223155
-0.06970859318330039
0.013709640034022317
-0.014052688771812772
-0.003554684894040823
-0.05833494419835309
0.007580272787066377
0.052678706494205446
0.029941808893999725
0.004775655642137158
-0.08044374313208248
0.007282268325018407
0.01794518628210413
0.02168763050184866
0.05738652813536817
-0.004682727791046947
-0.05109741610402611
-0.027378474090246428
-0.016534401842938667
0.006279986692447559
0.011849306102503078
0.058453840289113455
0.01177206747673831
0.012584016813139219
0.008541060365204479
-0.022144259605048486
-0.02439227264023503
-0.04464358409550429
-0.04806275913095634
-0.050829242694947305
-0.00755991494198111
0.0016845502266919815
0.014725309601114863
0.013203055276574878
0.019763554677698792
0.0943024726371301
-0.026263990059347046
-0.022921479724838954
-0.012129804846373942
0.019466814600130843
0.0006152075395515318
0.03931141580053659
0.00959067935768057
0.0038426755860696206
0.03181733924083041
0.006112335070151858
-0.01744691594145624
-0.00041089997951422136
-0.0035000842116977436
-0.004031867778010425
-0.0041415627064568025
-0.004090866884743668
-0.0037280885238181456
0.0027314319118261062
0.012637722046324195
-0.12069953967705038
-0.025397545360366237
0.02667481949658431
0.022683045262993598
0.018986862608433006
0.03552268757981673
0.0433077435698369
0.048560215817367525
0.04387532810893862
0.03842748264324027
0.005811218942687818
-0.007009349328393705
-0.02721171735147793
-0.05990643624456792
-0.080707246169549
-0.034173634687652873
0.030677268992757425
0.0684716043314907
-0.08212389495374256
0.051446858294291346
0.06344645218481887
0.01722314477867897
-0.04227249945865376
-0.05119859937893167
-0.03438684968233096
-0.011589681462623113
0.007215293975868424
0.02014877362805086
0.021892591965007025
0.044455267764825564
-0.032707326745888915
-0.040595846559217164
0.01570218299759257
0.007957660045103971
-0.019051330557774193
-0.04120676971218973
0.0670518234011816
-0.06168354097894245
0.02841521319706227
0.010340873961164569
-0.062256103284831665
-0.09670629412645783
-0.021531726600566646
-0.04084912807641671
0.004107603385253109
-0.0007693747895462143
0.00715819898005907
0.005162147293560591
0.00947029907997309
0.016308655552977776
-0.06591439840871263
0.03244715252182339
0.02117924077394421
0.010780101877205562
0.01950378192572287
0.016762988415495478
0.01676784388949713
0.009212024869308116
-0.0052284483866277594
-0.027440708483278866
-0.016986553027362815
0.07393152927349572
-0.03316945386143997
-0.03298721764162008
-0.014272103371984307
0.011768607301133716
0.05210467720412832
-0.010862231555476
-0.030565097390563255
-0.02575215201064475
-0.02576351357486859
0.058499906261614686
-0.04549903000694599
0.008491915079194433
0.02430016890855065
-0.005648953125845327
-0.016071579945406294
0.01813120328191612
-0.08538467463291541
-0.05465722607797652
-0.011323733526264047
-0.01060349048403427
0.016667192672656195
-0.018433860976815496
0.026154187633327806
0.0505983127887896
0.06500614778955978
0.009281330469961562
-0.013209955292276362
-0.0132472550846889
0.018856207747117174
-0.0050551189250192825
0.008825227200064649
-0.005436845736482222
0.08646254931996354
0.023058883493334768
0.009252590601535509
0.016561149144313676
-0.044167442082805805
0.003935132797049234
0.007320781305569904
0.033297578231520124
0.04855847641726188
-0.023904971612406244
0.005697882842157244
0.003021564174387392
-0.003945915756898748
0.02462511990136329
0.0785211189658217
0.025582784861459887
0.014865096190842806
0.01753959537076718
0.003298584287960216
0.014483153374445844
0.008569306807138806
-0.03766563207481549
0.03226758165696521
-0.0017115315871350984
-0.024844486662742585
0.0039452720118035795
0.029223353875515935
-0.033209067242357136
0.01755678306987095
0.017586861034244325
-0.09153909066507573
0.007097299104119057
-0.03816656433237261
0.007961255607389917
0.020145850202679286
-0.011326131551752099
-0.00047052135190717967
-0.011176681459552043
-0.02241258924934916
-0.053726114197092986
-0.04473341209256135
-0.004021734503275816
-0.009137291621689298
-0.0044308423618298134
0.027193961260460597
-0.012352120540318605
0.01028578277764809
-0.018936525013766883
-0.020634340187515123
-0.020079956784263272
-0.01735420915157147
-0.08213596851528399
-0.012803536545407914
-0.023302701517814658
-0.016204113233743603
-0.004531912802967455
0.011180884154758661
-0.0458175788491043
-0.013404340178678937
-0.013131012490226237
-0.05681574100161818
0.020237012214034192
-0.01092985491865087
0.013977976506956497
0.047318420399683356
0.06749172880782414
-0.0793287796632573
0.015972718696756847
0.011695599474212693
0.006794980350829525
-0.0018374800709061803
0.0010580068904229307
0.014368614160870511
-0.004589598119005713
0.055444025462079695
0.024257861625375948
0.023887433854010817
0.012102686183324125
0.004158107145299529
0.0011862996916514868
0.0023398579750588087
0.002134061351500779
0.004387466924883192
0.009259083233479556
0.00420154036595784
0.0036017674396359774
0.03068413886224746
-0.010274679371750589
-0.0005597143802034585
0.001826728760135469
0.009489899223903071
0.006638774626902303
0.0035426737015979205
-0.007235678459889352
-0.019476821196748987
0.02374966662743724
0.10296015341694531
0.006417675362457043
0.020375801500777085
0.012955147095243863
0.0005765732196269392
0.04503206418923178
0.020108944593346546
0.01625687015035835
0.03162216684771588
0.01449840387712811
0.016277886168070604
0.02947958200773997
4.656349765842423e-05
-0.04574833112760076
0.005990597026975336
-0.018210874685871452
-0.04340915228439778
0.002126807399145746
0.008545083496065134
0.006223624470246152
-0.006229098180559163
-0.002453238374664407
-0.02091699139675023
-0.010289294274318588
0.027724624190671107
-0.041681403045886835
0.043234773116051464
0.008831286188965282
-0.012576221450818258
-0.005643972129621438
0.006785413062366576
0.011406815721734532
0.004841377167819656
0.010572041583386682
0.016439269332087003
0.014742236717592219
0.016106207364105913
0.012823875640706727
0.014085668504173263
0.018882799670282578
-0.0067158956421362265
0.010670929865561797
-0.014495554982174376
0.007426401125458926
0.002894442051201724
0.007921022372102916
-0.00017275618708317673
-0.06689940419755071
-0.02181297973344009
-0.005150692695191266
-0.011767387865375985
-0.017111488901567624
-0.00827017248511652
0.0070914920262519126
-0.015303938956543294
-0.01655274539430374
-0.022477888624316916
-0.01678080017379308
0.0022873830075234966
0.05150141780067895
0.017261545041539747
0.006856593004760786
-0.0005466632961265986
0.004243977629530122
0.0010789543149365853
-0.013210085820175195
-0.010987597552133601
-0.026293698391266718
-0.015965562436086073
-0.010657545282796613
0.0011352857281599995
0.014775140739478328
0.01357701070666693
0.007798210982531324
0.03149421709359132
0.040118249782039095
0.007059572114770804
-0.01410969263351929
-0.02363930028845666
-0.03219412738521421
-0.03189569428046933
-0.017659297603237353
-0.0017170148352415244
-0.001368896049665833
0.0015629130181575703
0.03430231053751131
-0.013289707899839541
-0.006146068277806771
-0.016343541451495056
-0.009758495219213745
-0.0031357263871053666
0.01624052322154596
-0.01457758932777148
-0.0008654476173376323
-0.04552682285869549
0.02251502343614203
0.0028865743137187483
0.027294932419310327
0.015163590385456184
0.01421307912551918
0.013169545601053627
0.01766427995917272
-0.006203151439717415
-0.009500193099790964
0.010022338405636632
0.005162623950538393
0.012126076312603998
-0.0011684395466300354
-0.005254299026943716
-0.03388235121299337
0.009725183427829012
-0.016997277160685918
-0.0026672339355481296
-0.039031711919852274
0.010022308207933168
0.046963471427223936
-0.037648492944318074
0.020296897864143022
0.006868954959072325
-0.009603330181580006
-0.04103599795472736
-0.054238786739422715
0.0063212301438090234
-0.0012667262749067158
0.004363592692555942
-0.0014225279165039485
0.011456771918126121
-0.000331861435607031
0.007964510322985856
0.0072445468314474145
-0.011123416891619366
-0.028237549396279444
-0.025875952196476048
0.014501046708268413
0.014114896400717284
0.06055468958011621
0.036442814604188925
-0.002726953705218824
-0.0027283728232424674
-0.00102838554671598
0.006678469975083417
0.04144033241858965
-0.012103376350290435
-0.0008623543225371662
0.012177663262303939
0.021982937029455495
0.020616519992968093
0.029042233244895466
0.03134935161954226
0.03002854548352688
0.007986491628131654
0.015237111722766582
0.014040032014051311
0.017804352985065604
0.04583693461568729
0.034001674849036545
0.016453189817761442
0.017539282386404
0.018652388821705862
0.018777305851545613
-0.020805976438393395
0.019870181762792875
0.0051046981828036676
0.007996444821301359
0.02101872133753233
-0.006272639022518613
0.01799891895486167
0.012712831433435172
0.00041364732801500703
0.008077907963080012
0.015730372073785564
0.014591177518747783
0.019820704988386218
0.016933001710927344
0.012739972495342406
0.010536087720746861
0.00971448497740434
0.008249206722841842
0.007482803363267259
0.005020710139673356
0.004995118548153297
0.005089196169480992
0.003482381616314702
0.0028166390789292257
0.00016332288062512453
-0.0011670030329460038
-0.001099275251637837
-0.0021510945981503
-0.0035250768135497252
-0.005944471846157108
-0.008916744231721419
-0.0076196871801486096
-0.004634728078879048
-0.02684554167285167
-0.009173222013759526
-0.00969654699410021
-0.005187259559131931
0.002623073143428605
0.021235744601480044
0.044845002918999205
0.016679383895743936
0.008702796747517269
0.024419597743149998
-0.016123683875078388
0.0006689418659650363
0.002268249161009833
-0.021227251299838847
-0.028074328185719494
-0.026222209978191385
-0.021958292835408386
-0.01752470129444616
-0.014820256146717467
-0.008026409855479215
-0.007343299641840487
-0.00572652837189928
-0.003639389773105807
0.003233337213508392
-0.00021034551662645428
-0.00025312876305027144
0.0009751640715177088
0.002660377805927986
0.002380737651877398
0.004698599559557543
0.009726174717467792
0.007223762395403625
0.006783484005141807
0.007551594155417334
0.0009389853065293784
0.00631272787923077
0.008723548754540927
0.009287370033207395
0.009352328961133539
0.010130580847644325
0.00982769913690008
0.010441085987874112
0.010990025778539074
-0.017995853553253248
0.011383890532386023
0.011619309007666546
0.011920132205171883
0.014747920162242585
0.0075911658443703345
0.009761990591149709
0.007167245216544897
0.018537112677146392
0.04067976921422198
0.015862899287439083
0.010727629670131222
0.02072067002128614
0.009139117241831063
0.004347591608168196
0.0025552625543892884
0.00201035507920636
0.00019024319035780126
0.005854873468225153
-0.003923342552351165
-0.015205946836104278
-0.006355025573038139
-0.0017518662982469741
-0.0034035652852920195
0.0016689923914244402
0.004699289053587011
0.005312620893534873
-0.007590676900246066
-0.007170554224703902
0.005855682429559185
0.0028026211153389137
-0.004387094388834312
-0.006473810523235088
0.007261924931258752
0.009199537870302197
0.0029678225514444263
0.0033863086361942732
0.009452680320074467
-0.00826996964662473
-0.014963664729607215
-0.013697944067827816
-0.020542506287359857
-0.010963988763367094
-0.025512858876920442
-0.02734100909152537
-0.015557011630638894
-0.01696090099563687
-0.018485446339664355
-0.023747333531900013
-0.02362067408278719
-0.00978758032906443
-0.029751471659867364
-0.022392514332586082
-0.02274270350545945
-0.031363421649782806
-0.000607439630582581
-0.01827055188669645
-0.0415863008894416
-0.007451656988783584
-0.006690289222196011
-0.04909576393551033
-0.03479746462885346
0.041549759526442236
0.011932552307729879
-0.026835925309676413
0.011752324735579479
-0.022983239752491627
0.1259706170923895
-0.03379550701823894
-0.10176081883214184
-0.0631299385774429
-0.02675362372336742
-0.008725076239260781
-0.004201663635523164
-0.014867435167111032
-0.018518668399048352
-0.004371107630891735
-0.008766241489366578
-0.009810656344915054
-0.055205504250601126
-0.02900188485012237
-0.031536809921065743
-0.011026206731197873
-0.04301720327513784
-0.014838987809252102
-0.03368053608208483
-0.010193747894566183
0.04040353248267001
-0.009744687244221343
-0.015166929455429015
-0.016505780919198566
-0.014873702310759834
-0.009744066504252231
-0.010972268949678197
-0.013091382325577348
-0.01423314859992127
-0.015208052389142118
-0.015378280932200047
-0.014811076442580012
-0.011143877321058423
0.0008268375157928228
-0.017510338180889356
-0.036091964024197364
-0.02929777192965653
-0.0006177917947286131
-0.017492911227438228
-0.008630448378822809
-0.010349906681216006
0.009676995101775701
0.0007547239030585577
-0.029186768981783084
0.005429248755515239
0.04159799413594406
-0.0012053000354347316
-0.005927223413534792
-0.006962497734858798
-0.007732058746991402
-0.00901985934782611
-0.007173900517806166
-0.007814184481325778
-0.002488503955876248
0.0020608970844809547
0.02094332399183605
0.025265374099476795
0.06706301624382723
0.03074206517396251
0.036280951933490506
0.0222892963268629
0.0014971064707242677
-0.00671645274784936
-0.0009787217103973777
8.779146474809709e-05
-0.010522682164514817
-0.009357578195997961
0.004687384405348516
0.0038119367684926304
0.006176531119864198
0.030851429249217507
0.008185616200298994
0.028506495279821045
0.00955176428450222
0.006374486798989142
0.004646902791319165
-0.0005137530658333099
-0.004472809122690745
0.002323519218242739
0.0010528116639608861
-9.65564883098947e-05
-0.0012916206010967672
-0.006769510491464759
-0.007395619573883495
-0.006602725886781749
-0.008328195319733637
-0.007981873367353134
-0.01838467404311604
-0.007802138710281664
-0.0004134768584413838
0.01651498038514138
0.041484931661987294
0.029018774107514328
-0.012584937461266446
0.005030683124805822
-0.0009129116896700042
-0.009637491831240238
-0.004030419633132935
-0.025738165325876878
-0.03039635484961834
-0.02548032296546421
-0.0187658417187457
-0.013756715789712522
-0.009857055464007346
-0.007154524627104741
-0.006153170057726049
-0.00638309514173292
-0.007599798213234659
-0.010794058996598091
-0.014719884660603304
-0.020046063929573296
-0.024635562764608595
-0.021332704209291047
-0.0015017296263668723
0.00025051878095332846
0.0006471032019871825
0.00829247902313308
-0.06832659075900746
-0.010014609012711253
-0.002955854265690507
-0.0051201989299257
-0.013998372189212483
-0.013007872256724614
-0.011877955245225117
-0.02261747603374135
-0.017436550308266085
-0.007521455163320645
-0.010974959649083765
0.0016159850141485336
0.0008598807727071886
0.0004242840303283462
0.0017453699177937564
0.0025522052530570437
0.0018033250133171349
0.01162031927431944
0.014614040738662426
0.012181737343730563
0.008352608007922589
0.008958943233232443
0.006084323012840495
0.008018139729538796
0.012873030843288516
0.00802367717628614
0.0075061579692006835
0.008839307659644748
0.026189866056394263
0.013214123972584596
0.011022750778532073
0.010883457093153377
-0.01744895404962154
-0.014194873409180046
0.009384556957111746
0.013303925567027393
-0.011682445366504592
0.010037104290593549
-0.011387927410421345
0.025735075879075905
0.003619389016574514
-0.005087035561590856
-0.0054974103204933145
-0.002993701287383437
0.0011673257210896553
0.006199133142909917
-0.004188773050529131
-0.0068710480520241405
-0.010061513164168206
-0.0032503670378344622
-0.018489831431619697
-0.013786549008965749
0.007148560039613923
-0.016314074692445564
-0.007454818488481488
0.013064554948184199
-0.0516322312572619
0.0019568213217375885
0.0052538189533479895
0.01035309558750141
0.03871250820439819
-0.0005656182814810455
-0.0327574850225489
0.006584319353725679
0.022917845669931474
0.036475219908484575
-0.029274548697786007
-0.03596249166700729
-0.021529881921064364
0.026889387536782425
0.013182774171849905
-0.017843692940477534
-0.02682308992603081
-0.017436573634785686
-0.0372716568771398
-0.006401764584744875
-0.008091517063252106
-0.0007885834829923858
0.016517338888834037
0.009179628358053363
0.005930457961337767
0.011108043857903902
0.002286975725089745
0.023902890106457374
-0.013157717981225572
-0.03558288671242618
-0.010668703729301846
-0.03979901974680468
0.041879909868888746
0.012796273543719873
0.019250212851664773
0.004358545643483601
0.017238326430807346
0.012287114328487994
-0.001108223492014413
0.013753720332956998
0.008534160455113626
0.00682760758995185
0.007005930854207879
0.00983941145693284
0.007660041486038316
0.008024043892075217
0.00797168660441588
0.01643783201487883
0.01238088222579038
0.007923927185385262
0.010449363927971257
0.010526971817378387
0.03270875716561215
0.004589452949120344
0.016800754273653226
0.023716700780656623
0.03940152395534504
0.004875774211712872
-0.00021123361311732307
-0.004994932054685724
-0.02274745358771162
-0.04721636134738248
-0.012115235220896562
0.007081411359732151
-0.011949614154838355
0.015588584368091867
-0.005902199074616206
-0.004487361838182878
-0.012281059363181109
-7.393429222396405e-05
0.004108000420555721
0.010373753681254507
0.015225785676775261
0.00789142820045015
0.017036382610637547
-0.013377422001719147
0.044060698462625336
0.03186220196044449
0.04045235184406147
0.049183725647110356
0.029577595296976542
0.01837334667844246
0.01928204044902616
0.032376078298747654
-0.018185822480797493
0.01167416594424419
-0.01785234736416691
0.030181206707279126
0.027794442996341973
0.022510047921090008
0.020728591546435995
0.024590448485498604
0.021377927207854905
0.02319702148043299
0.023935083032991206
0.015226034639238285
0.019288471030892256
0.027554452663907623
0.01516853365909529
0.006880813646172696
0.008479408232693917
0.01431489073637814
0.025455378064310814
0.00620354133037033
0.008899621423312609
0.005996629971399715
-0.00015086986845263414
0.001168014834062257
0.0020175240906973695
0.0028560737238873812
0.001018530704642321
0.000850376558449033
0.0009717787800439651
0.002251199610257157
-0.004319146665689685
0.0017166745654283565
0.0032493340718951977
0.0007927202881837652
-0.013289251337497181
0.004046770593658123
0.003002089559427698
0.003580965961485652
0.003009214622757035
0.0030742082893649284
0.00021940672191835106
0.0032323160039593605
0.0056327743288642545
-0.018749975903888026
-0.016947827245231337
0.0040206532291900896
0.0009742021861067265
0.0007548345176809077
0.002977989643579469
0.006865892734255285
0.011429829133873743
0.012999383476434671
0.00599328459150195
-0.008079558868473585
-0.015426822084939756
0.03602073918456301
0.014601243842537312
0.0014417667542255942
-0.02099486942919874
0.0008732135396458859
0.00020937182899187742
-0.0007549889117076014
-0.0008236739320039097
4.719744282103802e-05
0.0008226234092333314
0.008001545275311668
-0.0014097957499135322
-0.0029038792989848215
-0.0031541185482295924
0.0017349944004506584
0.02291768774970663
0.01239567123569794
-0.0006192400991546317
0.015974263945845918
-0.025629155119966468
0.02100273485817702
0.020459426042251518
0.0035398895798129915
-0.0014950212460212154
-0.00525400866228686
-0.01606727947067185
0.0006990623441087862
0.0005070051719219651
0.001924160856427621
0.00751547776240813
0.0033260198629962746
0.003422421670658572
0.005427314681164231
0.024821902853261864
0.006522618474264801
0.0028555044751275775
0.003929160176765431
0.003068730087590301
-0.004679285466491084
-0.004700923778206144
0.002638219419061849
0.0015165129540094717
0.0029193287720582113
0.004923138501326994
0.003249889211936292
0.0005860069634143479
-0.000752484749644536
-0.0006400613937095265
0.008220104894501045
-0.019033048903696642
0.02025482609374103
0.0005578141952513324
3.4649276231316548e-06
-0.00016012677548701262
-0.01512246649200289
0.0004907546517255486
0.0035298828652819054
0.011985505119618331
-0.006334812439686086
0.13711298453085158
0.012523266639617999
0.008759373082195359
-0.05772818571448903
-0.006259297075636936
-0.005266050047673123
-0.005462237634032568
-0.009499545793323513
0.00613676219352732
-0.0036794254786042344
-0.005877412963020411
-0.005095815465738537
-0.0038500877171073443
-0.0020712611394121906
-0.013659908787248445
-0.01321446889096186
-0.011915491406481703
-0.0012697052309413467
-0.0015377420462473594
-0.0062257252749608714
-0.006909554969787069
0.0073041164003328765
-0.007331577488739039
-0.0084237270496354
-0.00881059035597782
-0.008960991516471494
-0.012212962109253914
-0.013120836386330373
-0.01286105082547777
-0.015570330547324929
-0.018193804007745493
-0.0023074179930705607
0.05539394651110492
-0.025478266641173183
-0.008544462573968292
-0.015952820443807726
-0.014122771373180017
-0.01108712535933967
-0.008352015354501788
-0.005166700973778518
-0.0005541463174238522
-0.015990393350966917
-0.0030384406815751786
-0.002058279346848593
-0.0015435634294698943
-0.0005524731088589
-0.0008718305259178556
-0.0004062169479659344
0.00040545901339262414
0.001709661324904255
0.00238819058460202
-0.00029501062356760755
0.001632891871543722
0.0032839121702450155
0.0039235349760297624
0.004565574565057722
0.00410093003438217
0.0060200916772006315
0.006973998418093983
0.007965208448688437
0.008446903304887916
0.00892535108920548
0.009098896278827767
0.008501820087437243
0.008717995715279479
0.013290203808561187
0.010283997005419838
-0.03295356194700829
0.0016095124943429852
0.06178207706738301
-0.016178527171484318
-0.0031875583676741173
-0.013533943965789377
-0.00855387062622701
0.0020352758659217484
0.005321600831448541
0.004114929610028754
-0.0003631765570742692
-0.007568290557440303
-0.011003991521941519
-0.010506730016919258
0.0014730417320438958
0.02152896038354432
-0.012990021184354045
-0.03519020375193168
0.050693630323022335
-0.00047263154953758975
9.179126859357803e-05
-0.009369564049851722
-0.011148724520616535
0.002413519838550462
0.04295194376287707
-0.035244704609544965
0.01887552819470834
-0.020223198463246883
-0.02914231387684159
-0.028213596952996283
-0.025436470510297512
-0.02554577866016456
-0.02032319034591355
-0.017459535480811188
-0.01591081713586703
-0.013980834913681782
-0.012158870739255286
-0.010651506586484774
-0.009593111225643611
-0.005737486585058271
0.017689519804241216
-0.004529510728609049
0.001130718270914076
-0.004825860111313797
-0.002406432402826833
-0.0006146825208503
0.0004110486626066819
0.001037301671692129
0.0011216968523544617
-0.0012619473503149277
-0.00013715510171647178
-0.006091383250243653
0.0011292419135227121
-0.002032441917788349
0.0011074830734507598
0.007467089661106785
-0.015557610327875204
0.10464554517480394
-0.006707662161811425
-0.00857812022028809
-0.01093790820999796
-0.00588173931456476
-0.05273103793999013
-0.012045292152701385
0.004087708004369231
0.01850798356174961
-0.01437565417847405
0.05473834924132068
-0.020774265222844344
0.01549355031394573
-0.014829866407235336
-0.01465486101600657
-0.005200050782585096
0.005164002700960686
0.01124589787542961
0.013109799704542976
0.01734235793410875
0.01647259757444997
0.011355592638486131
0.011537204992557957
0.010669920277854269
0.007942402444997682
0.006812471663145148
0.0011176212204420243
-0.11922525166439799
0.00509098060999338
0.0031335183353430494
-0.0013446711105742223
0.00010668105750655113
0.002418762245641749
0.0035920776873625063
0.006238562766465859
0.013095065049004734
-0.0033440054204892525
0.009058093034569009
-0.0030604508161072032
0.0030340094608339316
0.006367104036121105
0.00714295557300172
0.003871809856150168
0.0021487819362205414
0.004579517393185839
0.008848972363397881
0.03217930239538122
0.008629376654739108
0.004683558074330205
0.0029911331444781824
-0.0069248697356782875
-0.01975671575239727
-0.016810969246151213
0.020862612482505576
0.011631238347548306
0.023949992017355527
0.04165950418157258
-0.02733784119236099
-0.039983704159080945
-0.006697498168460635
0.01818373422585134
0.0261375957807534
0.019052084609255636
0.019412028688479997
0.014323354582652699
0.01476568547608119
0.008026625912982132
6.053785529832072e-05
0.00011707553806869378
0.00265952906462338
0.0011345910741499647
0.0035744611548523455
0.013340502106544083
0.0313840777876128
0.00778116077526154
0.02290712607285098
-0.030139544781092327
-0.0388085238468628
0.015454258287498352
0.004375840960514453
-0.004694202760986868
-0.0034333288320592555
0.00109671123891649
0.003262333170655741
0.005681687012293465
0.0070014190254449864
0.008332314920045464
0.00862061790780905
0.009082810929558824
0.009120627178042814
0.009455303763540422
0.010445064812905521
0.004568771888760595
0.00379984156477311
0.011089731331878813
0.009920926210024647
0.008017860750874866
0.008118782285611073
0.00938769207056959
0.009152123224176932
0.009882485575556248
0.012391267748533637
0.007228287792892759
-0.00531107923533809
0.011110794454205096
0.01082583981628335
0.009496457575939827
0.021487267770899137
0.010756508829685431
0.00974670261621198
0.011084960494125388
0.012434427994416287
0.00829211475865013
0.014737790966622245
0.03193242145807125
0.015722537605052357
0.018322109879090873
0.00992151287892212
0.012470348014932828
0.018923538142787303
0.011789898128261683
-0.0008363823601683556
-0.024404869288997048
-0.03617838986794736
0.08483361176021798
0.014690661982306775
0.09681118066498068
0.03667802021530791
0.018887293334583288
0.0358002042229608
0.018780444327431
0.03806342225598667
0.021033352224325612
0.01992658862030234
0.02261114049248951
0.016600971192048123
0.012112762893991243
0.004853010081751098
0.021742371484162554
0.024149037477016123
0.00266087416216854
-0.011507402232372947
-0.00048412865201082045
-0.007487590432850059
0.005844214124390582
0.002437936789733665
-0.010818781240860472
0.008182768331068062
0.011346897895566999
0.015652710689387117
0.014330333268227082
0.015324391614994737
0.018270359206281946
0.02421452948860983
0.033968225233524094
-0.022900534817273888
-0.0025063676260786926
-0.007127185443292005
0.0038650070117585518
0.0032847966617928223
0.002047882284906167
0.0023288983584747827
0.005059926637846831
0.007324750138425856
0.0103176891872217
0.0032520369281312817
-0.00981651456173499
-0.02550354125101399
-0.03200361427657664
0.03410728383389489
-0.02921038578661004
-0.014972088848814145
-0.018395467396848792
0.004467988755692574
0.015953949201123294
0.01689859158352845
0.015056671490273926
0.014291271352965648
0.008668353660713321
0.0009674293947155693
0.013076486178633814
0.0072456272379595645
0.007013243020361748
0.005146712030931627
0.0032480114756806484
0.000975326557185547
-0.0006693476697141081
0.002136425170100067
-0.013063348217327684
0.00257960241478626
0.008855770171423619
0.023032946010561363
-0.005784640251758756
0.00145011270325454
-0.003556087047013354
-0.001585604794021385
-0.004271155296786174
-0.006783065772916784
-0.01030052997906721
-0.01584152739242891
-0.011537504628497395
-0.003907887895615755
-0.007723318576597775
-0.01691819191158002
-0.01173232822698396
0.0022677637844706567
-0.004272491678929772
-0.006300384158772725
-0.006170761985431171
-0.006021476783614299
-0.0008041063579645163
-0.006665236015600469
-0.007966973134398826
-0.009308696096255967
-0.006544512671085143
-0.005989741774066753
0.002204684919816709
-0.0061914868502263316
-0.007601064827294129
-0.010833895267971913
-0.010045471781191662
-0.01071786527149779
-0.010823451300749843
-0.010614593676233753
-0.00830001335095095
-0.006831068540086597
-0.006208153171764327
-0.005971123153560487
-0.010196981927444492
-0.0018975913446427272
-0.007810647590100608
-0.009294957401551476
-0.0038948264487719915
-0.010347741902232832
-0.012141275020613023
-0.01127619070231288
-0.007974157084875727
-0.011427743813899735
-0.012022346975515494
-0.0004811301878863904
-0.0016455469921260754
0.0011340485992844872
0.0021685657612915874
0.010889588145269044
0.017115127146964077
0.014398021993743942
-0.002592107489032029
-0.0031876256690547776
-0.007036767116040699
0.0021943276775229135
-0.002299062615522997
-0.004700929040373819
-0.006009184314426609
0.008784257880571125
0.00735408951841301
0.013725269091698645
-0.0038068864085676717
0.0011052329569002594
0.024791577833405257
-0.021774083436721877
-0.005197795415687709
-0.012853573825244654
-0.002034556690988024
0.006187979526430714
0.013338058009453927
-0.010383753274796551
0.015669695223711092
0.014976754331142256
0.014133812597645507
0.013746283057347475
0.013041994241460974
0.010209951957434186
0.009915350335099556
0.008691376141411411
0.006986899863032914
0.005420096007613542
0.00423070113294721
0.009646471184766688
0.0032096927035707833
-0.01307328113640916
0.003792908480368814
0.0008200316289144323
-0.0021538804241231484
-0.0004735750891753824
-0.0015392038264188212
-0.009973566740738144
-0.01523325030327419
0.00726011772072795
-0.01631495025770823
-0.0069864734832962485
-0.018712757878836004
-0.02066195557159207
-0.0008719649406709218
-0.00534608627115261
-0.005609758337660923
-0.006376934926574283
-0.01119834973037949
-0.013994274137530297
-0.013921978753346427
-0.01693806809360389
-0.017064949439906486
-0.01656425233567678
-0.014249798823731726
-0.007422955733534546
-0.048423405775698605
-0.012980673937774977
-0.019657073096087014
-0.02382880003837355
-0.021344193486185162
-0.019521437797105783
-0.008428253511569516
0.00764429672321655
-0.01779024548450063
0.06664858276383717
0.0044605902619006725
-0.08331621812943046
0.0012862664620564817
0.01756959530277844
0.010044204006895511
0.004034426266144539
0.006269526904886727
0.0036033942318145803
0.00043499008181719306
0.00024231073818892267
-0.0001780908139425693
-7.640718981910597e-05
-0.001253493141865759
0.002749150896258745
0.008613210462709417
0.00798422346644339
0.009576123228451512
0.004736113574110137
0.0024752747181255763
0.012122122600557545
0.003238431378862464
0.008505790019263201
0.0005284630672895557
-0.009470442898301516
-0.026168200567159072
0.002079217258166288
-0.013618559572006158
-0.023525306564855204
-0.0001189253527509393
0.0024746888215461203
0.025048160134573495
0.015795818591831944
0.012264172402081148
0.008933805154354761
0.006069204651160136
0.003847323140201031
0.0020034055709265393
0.0017033638749034857
0.00864364495893168
0.0006051812696645198
-0.08304297693567296
-0.0018235268522318626
-0.008751569298609919
-0.0069794576601055255
-0.0025594122066545004
0.00045181336643294445
-0.007071350820018951
0.0022007200749437983
0.003710126525250839
-0.007802986709599818
-0.0015044848546772714
0.0023896267599391318
-0.005357408655760795
-0.011073361528881305
-0.01577130908481493
-0.005610619391629618
0.04784323586665115
0.011400952381445704
-0.04147609200975432
-0.027038974196207936
0.03577726538320738
0.010709099567943631
5.795649325731294e-05
-0.002939366152024917
-0.0008066961113240642
0.034719547591859946
-0.001644690527140926
-0.004870728783047965
-0.004471572982474789
-0.0004765692911068413
0.0017007021987082303
0.000347327454580814
-0.01610855543996593
-0.046148076235869834
-0.07751493813316013
-0.041359992391143435
-0.0705844841069021
-0.04401857969707144
-0.0149292049306555
0.00040531763002588
-0.000396014806544942
-0.0027309290973306696
-0.005054823034783929
-0.00975100619547266
-0.012148865321181012
-0.013170164021943782
-0.013388633974977393
-0.0125768394267049
-0.011434095962778565
-0.009400436110786328
-0.01098888667086008
-0.005131679318025776
-0.010821962943590864
-0.01296563799152331
-0.013920365220975778
-0.014338960140654541
-0.013778370130467961
-0.013250947678843874
-0.011884701460534039
-0.011534166298032021
-0.030904786010017227
-0.010571876647806754
-0.013278557366869828
-0.016403645070036634
-0.01948606809163117
-0.02281095584518921
-0.007424266996550189
-0.012932551748551199
-0.004400192083275576
-0.02834850075620172
-0.022687115280913817
-0.008283476284152661
0.020985977245796917
0.01974871860402275
0.027011181276234808
0.01824776847445044
0.007687776147575079
-0.002507180364085975
-0.0030834585664277028
8.690424375451455e-05
0.0038766429674986598
0.008218270811755312
0.012229793794402795
0.014412628865380143
0.017055013822751566
0.010217541437229489
0.014282972834645925
0.013007209834069895
0.012765054377455082
0.008749804838804266
0.00744016075935133
0.0039853964992459115
0.001975723755834928
0.0014054431633793558
-0.04058259700950553
0.0016577184458509905
0.019323873298691684
-0.012047064770010734
-0.01742263382351278
-0.014606760874064555
0.0023325597134510713
0.00869157495562282
0.008976340630767618
0.007382507951302693
0.004987536578954163
0.003336371936548379
-0.0007633432898770985
-0.0031902708199212666
-0.00486114664418675
-0.005674684146397886
-0.009485112440053565
-0.009967893964667655
-0.00880964525720836
-0.0097165854504579
-0.011601996407692659
-0.010853771730347713
-0.011395254733814381
-0.011369317769306693
-0.01324824780711961
-0.008111830189119198
-0.010471305465151735
-0.00973903235325117
-0.008234230694372725
-0.007180284585795693
-0.008350488366946228
-0.004604474123638447
0.002722662201420375
0.0007268257146687878
-0.0027011039266548703
-0.0012823397365184324
0.0006635969617904011
0.002623438274256921
0.004283713326341964
0.00559003690083098
0.004924807363561577
0.004094790497808181
-0.003690787554510094
-0.011639022760032472
-0.0014815411993247681
-0.0008189305137361675
0.004191772557596466
0.005447060561792514
0.0026709904179467283
0.003065575012893526
0.003084900252856655
0.004013379546844124
0.004216445802565714
0.004669121115353859
0.007707888082706736
-0.0072708261793622345
0.005833231393382514
0.00870677341536129
0.003085096509365721
-0.009248962494187371
-0.06018785705772353
-0.005535686764815146
-0.003077507459472534
0.0008241283942166848
0.00308187115052469
0.008959764339356144
0.0218822134063074
-0.0005883714563942725
-0.002207645619598215
0.02961586439614062
-0.0362873253829262
-0.005431532923301499
0.00019153335675398329
-0.008498385614906963
-0.009403953033520525
-0.0076116502140602255
-0.005210294661680899
-0.0034927289996326207
-0.0023463762714209225
-0.001252804122319942
-0.0009528855417187429
-0.0002913455378926809
-3.994678195643407e-05
0.00032719585264426825
-0.0005857766606314272
-8.54121530389235e-05
-0.0005476647695774671
-0.0008246994663469673
-0.0010811137780788556
-0.0012354914204444941
-0.0014299767543521666
-0.0029536706660798617
-0.004467865494574367
-0.004510649608666372
-0.0041347151086558636
-0.0037707225787879397
-0.004233860111856965
-0.004547491661715962
-0.004756390068748512
-0.005150778736396279
-0.006475561596251646
-0.004600514546737083
-0.004158814990248419
-0.0033995541196874795
-0.0024637090812595634
-0.001217970821423312
0.0003395087045649577
0.00201425372621931
0.00374452804049358
0.005080445454280728
0.005082417333449339
0.0031419655109855174
-0.003677120040087035
-0.012663598629725492
-0.022128065013883043
0.03426491816574395
-0.06321499114288126
-0.04409098037273613
-0.008150797923226866
-0.0011810883239072518
0.004400620256909363
0.006868196510394243
0.006925996862450069
0.005563279475845763
0.0034532991022637213
0.00216281180813848
-0.0007602822441712088
-0.0027315145458990347
-0.004515609215692144
-0.0033808463838269163
-0.007671532275905382
-0.008446961924781456
-0.00929511706592422
-0.010126233076486406
-0.010569775182769204
-0.010939771938898394
-0.011782450702947376
-0.012863208716131122
-0.014524051908182461
-0.014981320508754347
-0.014546083054592727
-0.014506299238973465
-0.013514038317764198
-0.01474944294180043
-0.015690935105297826
-0.013619367758383235
-0.01767676768058362
-0.01711404479191542
-0.013194305298627399
0.006496631859609561
0.009429611584959061
0.027751759875551653
0.0036250833878627964
-0.0024897091199922723
0.008123230727700513
0.018743904755868884
0.03059408429168026
0.030771787464047188
0.01718060973013886
0.011703316635133468
0.005217285363976854
0.04775308076055447
0.011131260453042474
0.01148933168399729
0.00997699985378045
0.011326879616897855
0.06505549457597827
0.02174423656682677
0.013657350435195876
0.009474109557907985
0.009808462335691303
-0.003938723768898166
-0.0021534243078119675
-0.010252712464756402
-0.010472061560090583
-0.01174691767241331
-0.01269113927104117
-0.010506401897248444
-0.006320607790802361
-0.011507839636286491
-0.011704197884481175
-0.01005508522500636
-0.008376833253148273
-0.006743428871384616
-0.006638649499515593
-0.007014109017789384
-0.007419636296522522
-0.00771319824765436
-0.00822366020629135
-0.009290838152008596
-0.00911590726109032
0.002272024260231506
0.05049286058573124
0.01207931282754732
-0.055539375523906066
0.041056098158193534
0.003725190069122013
0.0007307745528101532
-0.019615135076881535
-0.04107101603332463
-0.016874416932589512
0.0011042455553882788
0.007988273669560168
0.008983117257572705
0.0074085541032906975
0.004776272582614121
0.005410259673847423
-0.0032876185505396993
-0.00782669031261079
-0.008666789811535876
0.007114207954713188
0.03135426743581071
-0.01350129269228071
0.028513467028043443
0.027033058738929278
0.016542379406023783
-0.003878785541741842
-0.007315434983313654
-0.008046322096544843
-0.02054223412057023
-0.01714516595165637
-0.015858471215041723
-0.014482002122605538
-0.013956919105256487
-0.011896436569576188
-0.010202947188296682
-7.873578830908324e-05
-0.007377448408595459
-0.013179193914913833
-0.015072039174883194
-0.014902178010633621
-0.012216684853302446
-0.013707918949708846
-0.006697393700986674
-0.010933792401433542
-0.013922479590531677
-0.016736992447656966
-0.017575019994517365
-0.013257167746657238
-0.020284110527529733
-0.005578036309962058
-0.012091437738680698
-0.01151974324740345
-0.009646939543958743
-0.012750781119898438
-0.013134934292614489
-0.013721470809281641
-0.010779705657135468
-0.009835144499745629
-0.0029951171400742715
-0.008423256065384969
-0.012265383129506575
-0.006811112396791699
-0.008869646573532406
-0.008858549591647927
-0.00922176671361693
-0.0067371232840738905
-0.00733880330699928
-0.01032392772775001
-0.007006883716537298
-0.007848380816396076
-0.009229305279329308
-0.01145709726637717
-0.013551068572909653
-0.0076367419927630764
0.004932411337320299
-0.020990191491374575
0.011929064842375846
-0.027620522491658434
0.059933567834847976
-0.00785354749008815
-0.011121850421461972
-0.008223371707787983
-0.006036156520045027
-0.0014701891354071642
-0.0018476782773623507
-0.005493504576711858
-0.0015258273000605311
0.0023691524361910844
0.028514668563879325
0.018629021759084607
0.019673767226210937
-0.014354539647656811
-0.0036427449647897913
-0.0048941417587176584
-0.025765565967100345
-0.005898650977750171
0.014840405838096342
0.013461402831887835
0.006354868858405938
-0.0032721036052018398
-0.011334333333310206
-0.0022358412056131378
0.01018822372168053
-0.0009207317845156168
-0.020214375237928628
-0.004429138851902289
-0.008892940391314604
-0.02584348476051102
-0.007105335377426709
0.007178984258567343
0.0059139658764446185
0.0020381232006619013
-0.000817255586415771
0.0004790888440428046
-0.0006693415032683729
0.0005833171978480432
-0.0011453510242352824
-0.0009833733735717459
-0.0011727954187508575
-0.0012936056794222665
-0.0021223273910847577
-0.003334989256145496
-0.005707794571912922
-0.00919800362888783
-0.008900384539415754
-0.002912109912014656
-0.08561232351136855
0.01906333353786085
-0.04103901143707594
-0.025627318669695098
-0.0028959754059069516
-0.01041507200731442
-0.005854758813846635
-0.0010110438475731895
0.003346628182382777
0.006732978206169648
0.009275575107114924
0.01013674965896661
0.004898477978809047
0.006778805277405141
0.01405859564870779
0.013154892954244699
0.009007891563380404
0.00713963273013765
0.007267181442960113
0.004824824510370516
0.003971516729980839
0.0031052045851054423
0.003926696049847904
0.009090592379124258
0.019770478946275233
0.05320329039135195
0.09070191021509069
0.030046881307677336
0.02695926719190025
0.023475151348840654
0.004920360322878547
-0.00045424642000534555
-0.01145924198155394
0.006230079080301128
0.015790360027332567
0.021032888435058666
0.01904550773758072
0.022759274428083308
0.007876923270418366
0.021502465393388882
0.023197250056366865
0.037212837804663224
0.04426793798378253
0.03962931328511358
0.031007132625573804
0.021621469699278112
0.006458416764617656
0.006999179353694239
0.01739720187154233
0.019816182316912
-0.016711087028412886
-0.07902187385496447
-0.04577936285179756
0.022712868913886994
0.0643579730444307
0.04079913331595209
0.01943214312132782
-0.014752440844446041
0.009223007792740448
0.01920762364790092
0.01045339950896135
0.005749890794757694
-0.0008608278825615232
-0.00657626348337587
-0.028945897251371193
-0.015543229646126618
-0.025960508871782428
-0.023374905886205343
-0.07137472028918587
-0.04190684131686034
-0.027230349022838662
-0.008718710240721666
0.0012897340214326042
0.015421114931673634
0.0017455927991655116
-0.004840090765679366
-0.009963262529399273
-0.0013059564561074496
0.002565954809893387
0.0103459218315069
0.015322716218197188
0.020140202753964845
0.024812425906244114
