-0.0018988275583921054
-0.01653625893727981
-0.022640530606212936
-0.02869444987219867
-0.035581823320946025
-0.04289973920143915
-0.0500564414007386
-0.056521090850686316
-0.06216032043763996
-0.06673269429885025
-0.07010029200497511
-0.07180928049367176
-0.07218158907277758
-0.07096194606919305
-0.06786500029303257
-0.06246833375290097
-0.054541133869806524
-0.04393029071831081
-0.031105936386620864
-0.01817807657680479
-0.01050782535689037
-0.016280997849947607
-0.029653278828047094
-0.0230385151994656
-0.009052047755290536
-0.00855168677308268
-0.016541391283309666
-0.02683246202963922
-0.036396360280591906
-0.044223342049706786
-0.05022819080879422
-0.055080007770294225
-0.058359396497245114
-0.06056548438089268
-0.061920435018830426
-0.06259611186321978
-0.06259259613899053
-0.06243192069375914
-0.0617493991259274
-0.0608558217620745
-0.05969361993170023
-0.05834028367563761
-0.05682709421791452
-0.05516711214543884
-0.053404103596028665
-0.05151137352989678
-0.04950045623933194
-0.04735121823621114
-0.045032773786087846
-0.0424783380142191
-0.03939143576078349
-0.03465053508504816
-0.027278098434875782
-0.018070469679541713
-0.010942309061672859
-0.00881118786726357
-0.008391228686731433
-0.010890058709142458
-0.014463493200570481
-0.013542318767856132
-0.014530163528229754
-0.014077759462514126
-0.012409085246875659
-0.007976990325062798
-0.008961634358699195
-0.008316014541707602
-0.012106619560776678
-0.019822667667177534
-0.027291512302547425
-0.031674913478495464
-0.033592080213674304
-0.03434075003537041
-0.03449810612484571
-0.034300607602634654
-0.03387481617190337
-0.03327934299208716
-0.03262492038798178
-0.031917947207203874
-0.031219408360741236
-0.030672727432413758
-0.030454253705825184
-0.029978615829548718
-0.029021383782942844
-0.028334457442372514
-0.027848482774699854
-0.027421350987731612
-0.02700960724026095
-0.026637696051928214
-0.026310186744014214
-0.025864141313353527
-0.02544976923690787
-0.025039488182273806
-0.024594663263663753
-0.024042129978280882
-0.021797076653525243
-0.022829969389412494
-0.021312301657887955
-0.021408627044632516
-0.020742334428691587
-0.019843796086185864
-0.0186489506198224
-0.01732801074594508
-0.015269963665287396
-0.015235634342654096
-0.01324797765615888
-0.012384700180684131
-0.010756636778900725
-0.009031938109035905
-0.007267679435679938
-0.005546975679531901
-0.003989282845963532
-0.0023668717857577345
-0.002478237856967477
-0.0029753535080887096
-0.004837059928756145
-0.00837440597845203
-0.013141362452490108
-0.016872052635150427
-0.012399249762200967
-0.0010638314803464268
-0.015570305326240671
-0.012605537776636585
-0.005382007151640183
0.0009995118768928377
0.005481725534985204
0.007602398276569162
0.008281751971334909
0.0075590753248185585
0.006534911119778828
0.004709993112244021
0.0028183923370204526
0.0010876616027214049
-0.0009295048384328411
-0.0027097849003312985
-0.004425297992845209
-0.005986563372152369
-0.007279400081048153
-0.006966953416124733
-0.010080571859657703
-0.011084076187679214
-0.011514358989318917
-0.011684877384805128
-0.00028937589660457083
-0.012629845780520694
-0.01423490614221581
-0.004646855478651852
-0.014737542202793006
-0.01527315476547311
-0.015062364332674062
-0.01316881061737915
-0.014253771333114265
-0.01279404328018387
-0.015333141723531363
-0.015555526242467107
-0.003714785568474425
-0.015734985356171814
-0.01542045156012376
-0.01596340001150085
-0.01589798801686571
-0.015709170876376553
-0.015478350135523957
-0.015227963154302545
-0.014881161634376493
-0.014332045753885582
-0.013103475083921278
0.004443288792848701
0.0014705698131496172
-0.011735540607433839
-0.01219530741191993
-0.012225540007549383
-0.012405826959965447
-0.012369748824211331
-0.012300045528840488
-0.011998505548550295
-0.011961779126649464
-0.010621251823593067
-0.010557434540208143
-0.015381404475754508
-0.018618187314413552
-0.023065351406865407
-0.02969719877701133
-0.04091234693266606
-0.055613857506540965
-0.0612561775257875
-0.06110518470120243
-0.04870388199596924
-0.036019606389630844
-0.027148962691471306
-0.021438621534100685
-0.017759950646562234
-0.01529751952630222
-0.013549669385128893
-0.012219763715072579
-0.010246624430584515
-0.009559218310640223
-0.004487570901537421
-0.0040692542902045995
-0.008456893063170717
-0.008232703920962503
-0.00750536277992635
-0.006515577299291097
0.0024460708727617984
-0.007502516824501687
-0.009369500728550499
-0.00942496917008036
-0.008326826537193683
-0.004870449245622995
-0.0065195904582061644
-0.004231804623938124
-0.0004918353790709859
-0.004584085529641655
-0.0010848340937969297
-0.005242326386982351
-0.005119019421054783
-0.004262552988782019
0.018725954780267628
-0.003522845383347631
-0.004287368638874517
-0.003943062116374873
-0.003911314093296309
-0.003606482022704953
-0.0033926492659904638
-0.003089166326503146
-0.0026798821379584014
-0.002129844538173285
-0.0006727522201393408
0.01538275343491722
0.0007193002240025429
-0.00026227847441613844
0.0005645679347988368
0.0025168564342313237
0.012514360469979386
0.006356014209278103
0.010443118201566029
0.04040284266972808
0.012940434067162304
0.018819126654135477
0.029622079550637132
0.00810487511451774
0.035773028903765124
0.011888212562623379
0.005487703198009819
0.014678535158719709
0.013405528662203825
0.013316588291786705
0.004861873871256243
0.00438679284525439
0.00608295533267045
0.02563797213101623
0.0117808455996784
0.05088618468626157
0.01498501066443044
0.00858202491110651
0.005727603857692377
0.004555180876610337
0.004045306749019798
0.00435271050662335
0.005402123478716585
0.010168285147472188
0.016526599113389454
0.0066375840812212495
0.006183607819878107
0.006812864169431199
0.014250293245355013
0.01709191146698377
0.01408239837438014
0.006789090337655338
0.015271652904992206
0.008589055493216377
0.007161631340140725
0.007179172835602119
0.008089502004999439
0.009139754775518939
0.04002444796001077
0.012988286358302835
0.012873784637896318
0.015864053534283315
0.021344818853791414
0.010466667857464392
0.01052466754794338
0.011999710057748454
0.010618853255062108
0.0096155541612933
0.01234038389078912
0.009881381603869125
0.011553567617736899
0.04018719930426975
0.013973660872506696
0.012665263939049492
0.0511534016174208
0.012174501105998877
0.014985312201486271
0.011398118393864379
0.022371512468042212
0.01288288056236418
0.011352084477431816
0.011715248374218676
0.0131958415020096
0.018450302729215325
0.01854004933867697
0.016163524273170866
0.022661956400558403
0.036573209131267166
0.028424364515638227
0.015164641177169452
0.016093597992454974
0.012433016080069881
0.011969349413831617
0.011842900795857168
0.011917300706796393
0.018013209720718994
0.011670263215319093
0.011583038547504487
0.0115985177557617
0.012102426982625914
0.013289575500979622
0.029343203399634442
0.015886895080673473
0.011536522255416945
0.01018909414722805
0.042069184966602155
-0.0006755974467439841
-0.007617927245317529
-0.02045530720821225
-0.037142478351483474
-0.041254512457294994
-0.03996752064143786
-0.013673189568988553
-0.008791467168793156
-0.0023646546814449733
0.002923374540754032
0.006618510807282184
0.010900595568566028
0.023761481339998926
0.011937895090585815
0.01301600890682384
0.012158559635211496
0.012163840677384904
0.01241666913527473
0.012631903209699325
0.012738393474914669
0.01290199522243472
0.0133149278446511
0.016977754099283673
0.014579972725744912
0.018875974167741887
0.01505020864031092
0.013830058671997346
0.013770919028648302
0.014137757557289956
0.015215352277079942
0.018077172005608193
0.02644869793523925
0.02430884809195598
0.015933767759640463
0.03467542019136055
0.015901127886014436
0.01671812007075189
0.02364220635570988
0.03584217550074392
0.01915719863022987
0.016810711936173783
0.018221372680315914
0.020191788356329246
0.026156654570321628
0.028998430458582053
0.03629717617627142
0.0553042480620001
0.08651933401523473
0.0844304417290702
0.04451014669881301
0.030814328919495988
0.010605063879040746
0.0035735331506993955
-0.0017888006032841088
-0.004667654325118923
-0.012605956257810203
-0.021847445703800518
-0.0353632642988991
-0.05284183643843826
-0.05728116141638244
-0.05722143172698228
-0.04170835059886423
-0.0274328428277156
-0.017785120702902925
-0.011342952392752653
-0.006736285879910829
-0.000907135184051163
-0.0005370654720293309
0.0008563874035720215
0.0019064361103423202
0.003420491817925014
0.00615884549041456
0.00994630451413345
0.00853832747249141
0.01164652599849776
0.01125030809159613
0.017331913390163243
0.012694733696077756
0.01421996823557206
0.027054239028064385
0.02767482878708469
0.0368204928605913
0.02301454945838453
0.0205144571405774
0.018062806090928158
0.018438546010219384
0.01948711436582483
0.025309324650585312
0.022653200506905682
0.022709626125761058
0.02431696724942968
0.027614615334219154
0.03718118346295902
0.03857002781028056
0.03512571477456244
0.037433861910443976
0.04172061377816081
0.04710959938543352
0.05363988156263043
0.06124820307327695
0.0693016472436661
0.0755500361980822
0.07494499318592054
0.05825134444428038
0.043149489798953715
0.07106947686981589
0.07935982506455357
0.07406082488883474
0.0659443726458581
0.056648176720627885
0.04793387114984564
0.04071134270660891
0.03523188602237587
0.030755568811364806
0.026864227511257086
0.022571816365207855
0.01669618855051209
0.006110148908655541
-0.0038495825715170987
-0.0007014905831645102
0.009779326085550965
0.009729737891625444
6.451960437973968e-05
-0.005475925812644475
-0.013780531837375817
-0.0277495062445015
-0.04623274841055619
-0.032108183883974274
-0.04454976126607154
-0.028569317370830256
-0.01612047542325026
-0.0066889027321898305
-0.002956927228198357
0.0001008316104766444
0.0023534468587831908
0.0037526001626323005
0.006941322630967257
0.006853890318314323
0.006136057453219442
0.006591120600525135
0.008409595373358664
0.009477841594307652
0.016234665929604708
0.013359961142633395
0.008552288528024605
0.009369424407537451
0.012148157228597039
0.03924110382365439
0.014775218028942308
0.014960945518166307
0.01870088012566521
4.511584045431523e-05
0.0020756833786452654
-0.020038731149895284
-0.02205241013221686
0.004948066474759937
0.003693292009659909
0.007916955459404162
0.01044616291631158
0.017341951540818926
0.022502906734401727
0.021234651247926943
0.023503357627381132
0.03235050111545921
0.04706770375820024
0.06869106778930417
0.0845159138795468
0.06977103390342528
0.04000951270551018
0.026534055887828478
0.018113296734226965
0.013236524473434486
0.007866501592774258
0.004631304386487912
0.002408447441071703
0.00409514793737933
0.004174301684427107
0.0010267910900506369
-0.001038019059890146
-0.003456528203488173
-0.003910059657517922
-0.0029364174056380242
-0.004522791206964455
-0.005961611437932315
-0.006182678792208216
-0.007284179911937343
-0.007910752656812941
-0.0042413249282885436
-0.007888307853938285
-0.010730684064175731
-0.010864051210221768
-0.010699504465405378
-0.010992242869481696
-0.01121243703291604
-0.008065165839883133
-0.011685163570382419
-0.011166064555246115
-0.011789939485949162
-0.01236747633419872
-0.007602245948916474
-0.012688865506651274
-0.008211917073632776
-0.011692884031685679
-0.013433280115307556
-0.01421910511616942
-0.0144911478584986
-0.014339504194500328
-0.014807210723399779
-0.015318165151723491
-0.01557325926906363
-0.015793286862333503
-0.01627895275368232
-0.01653427883867682
-0.0165450485282118
-0.017010299577958143
-0.0168010569030312
-0.01762474371595875
-0.01790485825062708
-0.01806150859064335
-0.01844987753486141
-0.0188889045281409
-0.01930776419829676
-0.01977163458384065
-0.02032117655111232
-0.02077709922353801
-0.02203318097657723
-0.023009887756905014
-0.02371726665954044
-0.02486233966732902
-0.026252279645379847
-0.0280343982428936
-0.031703929225890486
-0.036764952935905836
-0.04435591466558654
-0.0554115404361537
-0.06718278277174566
-0.06188198413110532
-0.06762494992972441
-0.054477236664348214
-0.04253338247353357
-0.03458527535911604
-0.029504108404856216
-0.026197422088188666
-0.02396623447431522
-0.022384870022860534
-0.02104719244895475
-0.01998353017010611
-0.019666591878794482
-0.019148920111129585
-0.018183842503212058
-0.012494160889388635
-0.017944879601151726
-0.017396431030748134
-0.017323510971217405
-0.01709369905531954
-0.016675089436983575
-0.01632243634505499
-0.01614978291316485
-0.016128277018976036
-0.015930479406432232
-0.01564986282028765
-0.013752301232543443
-0.014919670746042809
-0.014905332183886587
-0.014843348567072822
-0.014631656039152249
-0.014396931172872805
-0.01416060700967142
-0.013797533449682936
-0.013468115015950332
-0.01120542223528895
-0.012855342089910904
-0.012392911344300615
-0.01238481854276666
-0.008011669066005204
-0.011912085735928765
-0.01197375700814671
-0.012072978720969125
-0.012308919972934644
-0.009510322508243728
-0.011451623194273976
-0.01018005359266723
-0.008882800897501649
-0.00914577781779484
-0.008847407943813642
-0.008360950610890533
-0.007805736959162175
-0.006812855276369936
-0.0061245898342068535
-0.0017370468480394652
-0.0018730621632498062
-0.003879983190807453
-0.0037015427095397537
-0.002936924380364934
-0.0016054070566630394
-0.0020687864842396015
-0.003506683457666773
-0.008029497722990898
-0.017829348245618652
-0.030488633984050037
-0.029857344896311474
-0.023218087951005564
-0.010643020217402066
-0.0027773895023233386
-0.00040829896096653825
0.0008155495334777994
0.001984894778975821
0.004106998219277921
0.0013421746282276047
0.0007317666420134498
0.0005703907014314472
0.003606905036064185
0.000981905419464061
0.0018984893216058038
0.0014561486201832934
0.0004507483337842573
0.0004959669897518031
0.0011114460041462344
0.011743434574390123
0.0040066010104811214
0.001694514852413169
0.004448578146142419
0.003186727518841318
0.0031142383038476286
0.008754592974090243
0.004099390371844841
0.004143385942597722
0.0117833113138086
0.0041032885239894725
0.004827411398796589
0.009076355482047405
0.010317642250226728
0.011997564280897438
0.01879786308714754
0.05692492005718376
0.06058437114556181
0.017604773571589426
0.023643961110478853
0.010799585923537752
0.0103221598158606
0.010566810474033234
0.009058451502695795
0.007315423858856413
0.006584616063550887
0.007243629603447903
0.01011253719926557
0.007367254141021145
0.005578297414397716
0.005640302015343842
0.014956602481576063
0.006494007051941288
0.009990323788787637
0.006561755283532468
0.009136444230659915
0.0044387377041895095
0.007313063026067643
0.005481394607274794
0.007576070933768775
0.004600106593777129
0.0038027247141743923
0.003526121030493929
0.00345737262438325
0.003627825696280033
0.004531178540317906
0.003225171267957062
0.0030052373682993763
0.0028606520104317193
0.0027563772400031198
0.002691124866610466
0.0027192341090662275
0.003352782740825617
0.0060043723771296955
0.005328046513740219
0.004377289901064598
0.004629006267898042
0.004053677929463754
0.0018204467645684692
0.0014901406682550436
0.004479748373820308
0.0018338349742809386
0.008999398855691017
0.0019811451929304612
0.004989233673539746
0.0009482898901627935
0.00045422465530617763
0.00032335054293658585
0.00036039066070342414
0.0012161321299672654
0.0011103595337128814
0.0020829140580787848
0.0036343634542528023
0.006806503019814804
0.013641352313590276
0.030229388980533532
0.0698352825173744
0.057211509048924275
0.022083472183023166
0.009095405275888716
0.001945728906930594
0.00032899460404068535
-0.0038843655759217615
-0.005256787328072559
-0.004740577606073097
-0.006673292907467344
-0.007901497383738387
-0.008516285610991714
-0.008796650388298759
-0.008640269427231189
-0.010056509249111247
-0.009634857740008943
-0.009616697147775861
-0.011482037677378166
-0.012351636282893878
-0.012665479349981747
-0.012122729613753635
-0.014079354965141835
-0.014676857183500255
-0.015284723413874227
-0.015906500856565555
-0.01630409515364818
-0.01734859995557419
-0.01840360638772978
-0.01959648634168796
-0.02113758627288969
-0.022737543585836927
-0.02494825132962657
-0.027738801044220607
-0.03238847491701281
-0.03932839332417696
-0.04972961349950119
-0.061878806980721485
-0.056098079071590576
-0.06444458058343247
-0.051407975368055046
-0.03906386300782825
-0.030891260165064452
-0.02561859277822678
-0.02234374419762258
-0.02006711939969298
-0.018378609633684196
-0.01708289490297413
-0.01598544900003864
-0.014989683064234193
-0.01398781619927385
-0.012771102604348338
-0.011304478261878165
-0.009934074824557812
-0.0077519532424644095
-0.004408262689788845
0.0012213192491929421
0.011359621631463536
0.03080697454702959
0.06522369332593093
0.08834429451895183
0.05788902242908192
0.03338461862876234
0.019137154741925108
0.011344404175352554
0.006641258292734355
0.004402318566869717
0.0019535097046932117
0.0018089565986640149
0.0009317115889418021
0.00036992027174816996
0.0013511729453105621
-0.00038402830116889567
-0.0008173952461599835
-0.0008008629497224204
-0.0006221256766905074
-0.00033066722746941097
0.0007918605956227413
0.0007852465247708742
0.00384121640953416
0.0009909858943429736
0.0009246772687323513
0.00114799857226779
0.0013806765634041668
0.0018155596364021012
0.0028784769554935207
0.0025388076123721275
0.0029350086297773993
0.0037773558050785837
0.00485647517470134
0.00458079187723209
0.004795203477883918
0.005547344436380421
0.007570811622527405
0.00902572736556252
0.006343258918771536
0.006889652236153864
0.010742327136636814
0.007997992628609583
0.0122407543653961
0.027242644509416956
0.00839102323823708
0.008480598015805203
0.008825635490630826
0.009510486459437487
0.010238720507332528
0.01199798729642683
0.010924044476997926
0.011485900733555765
0.012244591737991537
0.013335928863790814
0.015575695661103726
0.02274001603158973
0.01795183231886732
0.023546713032685164
0.023893092152160535
0.030442776143131244
0.053421954951376444
0.05653327051840047
0.07874157950294328
0.08983808571221369
0.08547904345611407
0.06249250649901902
0.04898215723332762
0.0404193485996835
0.032326799542701644
0.03517097147012932
0.04557184744557301
0.04511452380853014
0.07094736885657539
0.024741622060564142
0.019459998871254124
0.01774380675564191
0.016621113330078437
0.015951596523755256
0.02447242394060019
0.016427092462285398
0.01604213433023985
0.01651564548444607
0.017858782606681396
0.01749901845984432
0.017602431449154948
0.018164044881424972
0.019858682441416985
0.04777938578973296
0.019206226075668607
0.01822726711812443
0.020193082775669734
0.02109649012763756
0.03453141100537077
0.018779836814059436
0.01782043448890837
0.020524436684422886
0.016849154076752332
0.016437348179507615
0.01818578243016953
0.0161250876303941
0.015855988499432025
0.015722320629689163
0.01563426620205261
0.01573313416000215
0.015601815438168656
0.015618554376535539
0.015662079926847386
0.01623856933442426
0.016014860873116047
0.015580975636988355
0.015819934815693475
0.016243559027093415
0.03943235232385978
0.016307199244739386
0.01562140151670209
0.016396584090749386
0.01807917359211429
0.024219834760317346
0.015228911667071363
0.01386706012971096
0.012855562804121633
0.01129284948241607
0.009864400401835062
0.011075569850723029
0.020198696638969265
0.02835439670725802
0.014669168575578644
0.0144819978096483
0.014291069448819055
0.014568461484076891
0.01565115527354791
0.014688463237132333
0.014500267862488958
0.013782528634605986
0.011301183273392114
0.008549095740259614
0.00866241336652239
0.013499034079629013
0.008722068797994448
0.0044372504623201164
0.0003621552098732046
-0.003976123556433679
-0.01249317528268554
-0.024182570408983962
-0.039645066870411
-0.04318296447644795
-0.043342854683033415
-0.028869332815722355
-0.015452120082578123
-0.0072650672142878835
-0.00196141500454866
0.0022889582494084364
0.004058447049636133
0.005782401084082016
0.010004638732005917
0.008908998538503734
0.008729438232722134
0.009049157320530486
0.008743170829104795
0.008522333868599621
0.008557414186724321
0.009068914768100298
0.02004157104360445
0.009242311520482306
0.008143464147269405
0.008088683571171831
0.007903324866119908
0.007184601398058859
0.006897493803789615
0.0067349464259135175
0.006391983588793686
0.006094172837827748
0.005860806049320807
0.005444434673431177
0.006093490412489605
0.004825419709790256
0.0046072394453883884
0.004731878741036103
0.009498212409057254
0.004293552696086668
0.005369827838225261
0.0031156645127620028
0.002786295580755792
0.0027459557244015934
0.0024688973473453086
0.003358538902586607
0.0013431197367200557
0.001958737637400257
0.0014107687393268072
-7.576336411660576e-05
-0.0006493218587678285
-0.001029977588976991
-0.0015218467203553746
-0.002131213565260418
-0.0030380667379547185
-0.004730475243176632
-0.008147807645427853
-0.015142992037142814
-0.02582987962939473
-0.03521113233369908
-0.033944056571478955
-0.021658567891036342
-0.00988984937666564
-0.010660287240427745
-0.01063267671240804
-0.011605319320670304
-0.012930434866326224
-0.014462250127080259
-0.016057298063633728
-0.01750389389851051
-0.020105950096398928
-0.02282614908751742
-0.02608319213049714
-0.031982927937319244
-0.04023957168566681
-0.05249394748222646
-0.06591796869509738
-0.0613225869681487
-0.06435573152839226
-0.05045622479787537
-0.03886225504109351
-0.031224819948585576
-0.026294784920409646
-0.022912724872803162
-0.020715314576886523
-0.01904652914892159
-0.017279747293627034
-0.01573105706852632
-0.014198540588333716
-0.01336581557057534
-0.012428791245814775
-0.011337849235529721
-0.00963233826885154
-0.009926254065549133
-0.009192916920947978
-0.008371055427540679
-0.007702015359385842
-0.006676972900557173
-0.004798870937170343
-0.005408987412136466
-0.005316961573396907
-0.0047340694483986485
-0.004002620713660188
0.0028075575045151805
-0.002948339298697309
-0.0030459602875253775
-0.0025944364760908246
-0.00017998661255229056
-0.0006023629289031497
0.0017557409250900525
-0.0007651472452403984
-0.0003170088781885812
0.00023154856646005834
0.005022568734506606
0.0013016341309672044
0.003797230785519643
0.008497509878029684
0.014446702435261395
0.0371322460004701
0.0023980188603665155
0.000578644389571653
0.011539183313541706
-6.680923993269678e-08
-0.0005036478117746089
-0.000583751471506876
0.00035454062049653233
0.00020640475335427727
-0.0007578133454899596
-0.0010005003871323185
-0.0010905439414932187
-0.0011757675450754115
-0.0011540481884074894
0.006365138356936216
-0.0006670866337531972
0.000651061577796712
-0.0011251552943593842
-0.0016098839710593628
-0.0019398015723662493
-0.0020428464287796113
-0.0012893864921297985
-0.002252821759520654
-0.0022872342012170022
-0.0022710763543885215
-0.002256232444206129
-0.0021806065656745613
-0.0018431901884939361
-0.0008797676657729266
0.0008159522617033659
0.008443318146517845
0.01485953849920644
0.061427255824140374
0.018721215261389736
0.0032190320228063685
-0.0014198229623186888
-0.0033262317056956987
-0.004328221884891455
-0.004947240813571443
-0.005368584519713121
-0.005291614997480802
-0.004042344921472099
-0.006100794693288748
-0.006634935053136392
-0.006904784084987357
-0.007133476196334266
-0.00741977847404354
-0.007665945161892512
-0.007900371186215843
-0.008077581701625128
-0.00839928718546336
-0.008353985951279614
-0.008962088902997763
-0.009359511553397282
-0.009726042073824518
-0.01013348527257059
-0.010391080591600963
-0.011163430924739553
-0.011846139779809505
-0.012679244021891406
-0.013782639858404168
-0.015231926456218594
-0.0172245406811885
-0.020080012517733517
-0.024324846324184166
-0.030833625041441843
-0.0406244213522259
-0.05421821726807024
-0.06105430265597087
-0.06231110353181287
-0.051400793306825066
-0.037437519688900904
-0.02780571569109559
-0.021772419519567304
-0.018091462036192288
-0.015873698543879447
-0.014743186611409087
-0.014565373347287941
-0.015347388583145249
-0.017377747104913556
-0.02104416939545424
-0.027404080014250078
-0.037889048024236066
-0.05371147378580301
-0.06453716637022779
-0.06584658254459436
-0.05116849555390369
-0.03653923342639221
-0.02719807883916468
-0.02076294681051227
-0.014034924821447059
0.003040200082413516
0.026993373101409975
-0.00025807042708106507
-0.006410018265620031
-0.008140047468914854
-0.008612515777045644
-0.008618095742244068
-0.007635381854255821
-0.008198321813607608
-0.008017682396023143
-0.007811588131181664
-0.007628538190539726
-0.007520811342691095
-0.007571767332457776
-0.007939091495778568
-0.008987097857537723
-0.010198926083548604
-0.009731591729417824
-0.009444216218920826
-0.007918031164156564
-0.007168735728860616
-0.006931653717435279
-0.006967581266977754
-0.0071707036126838625
-0.007538003221946289
-0.007967221410319419
-0.009352465952886812
-0.010635659864899892
-0.012338009522153706
-0.015079847732318798
-0.020256168337226117
-0.028574496222498493
-0.039820288556856716
-0.03930807197194282
-0.0393333671656521
-0.02686564573179893
-0.018824908419557834
-0.01722890760408872
-0.019456244670275014
-0.02303021768182793
-0.02984168726528836
-0.042003857496711976
-0.056516707264098284
-0.05436732166344241
-0.05599111185544686
-0.04060158024846308
-0.028404354841496834
-0.020674618710188938
-0.0159112410162037
-0.012769338188828696
-0.010535449387333945
-0.009131127665270114
-0.008033249363745741
-0.007664133677678748
-0.006541917267268031
-0.005766456414289348
-0.005050794584124567
-0.004031655916340913
-0.0018365671488886103
0.005979689962670128
0.036274589018057524
0.004631426495949925
-0.0007690618774670054
-0.0021047736366689523
-0.0024004157187822715
-0.0024743706738318562
-0.00253539872925413
-0.0027343828699004143
-0.0031774807175158166
-0.002680167896102602
-0.002855672134070622
-0.0021154149176352247
-0.0014216438148013676
-0.0011262207101380673
-0.0011053549238212057
-0.000848967342399679
-0.0012135316070533487
-0.0018549976968306335
-0.002313915174157647
-0.0015371951510265635
-0.0035101564281538322
-0.004531952689590649
-0.006423467356887496
-0.009711277374487147
-0.015038075335199274
-0.023891852604775537
-0.03799105789694844
-0.05300056387994909
-0.054592717081037655
-0.044731896508803944
-0.02764663203637276
-0.01627241277042549
-0.009458933744706945
-0.005347487084329001
-0.0004105631047357959
-0.0030461387244428368
-0.0032868156508839767
-0.0038168990803593263
-0.004914070234779423
-0.0062954930485538225
-0.007985668528343377
-0.01017129609519594
-0.012854707377753533
-0.016341550370654136
-0.02070681586936953
-0.026706114471120538
-0.03547025350151177
-0.04803664963822308
-0.06057291129739565
-0.05961670398134423
-0.057539892089611466
-0.043246651581689846
-0.03206060263865396
-0.02476074390871856
-0.020023406548695832
-0.016780923629785185
-0.014513305129391226
-0.012766988599177048
-0.011383249925273294
-0.010206577743116549
-0.009241211866073969
-0.00836614037118114
-0.007571839295826558
-0.00684022195116339
-0.006122439666111886
-0.005128143613685774
-0.00441274901780803
-0.004275760915257501
-0.0037551814088811787
-0.003062488989126047
-0.0026537567511912
-0.0022259794307288327
-0.0016235954838204416
-0.0003327398586124908
-0.0006099986109100913
0.00013769626888334558
0.005551901025373276
0.0008347969497298392
0.0010739223071691345
0.0014306285161462104
0.0021983362490650554
0.002272883772136833
0.002692603697799239
0.003170035001019127
0.0038268617522000717
0.006183290462520839
0.0045822469234567155
0.006532453301211509
0.005699389414132692
0.006571749185398908
0.008896723264120693
0.009012159944024791
0.00934466061630899
0.010246773234106681
0.010901005717080086
0.010438330603304386
0.007008977550740103
-0.0015960502499902597
-0.00905434563028888
-0.007804305240098957
0.004235717366734566
0.025422603036806962
0.01798052936047714
0.01456490512220978
0.014404842019483163
0.014174251523728875
0.013639005843412232
0.014267174640304647
0.013846190771050655
0.013454708455859114
0.013246283192063122
0.013259538742006902
0.013603055066682688
0.013056528846969687
0.010398676960138862
0.004050542978998357
-0.0033783397980195165
-0.003441256712781419
0.00476029025742404
0.010964879843237602
0.014108600518816546
0.015403569662271145
0.015537078432118089
0.015573978043151524
0.015632624306128152
0.016151174079810017
0.02083156886096214
0.015377427233912687
0.01295311399793577
0.01404224419265636
0.015519091997887122
0.015359415266786523
0.01495496689283924
0.014518026201672491
0.01400202914108796
0.013146339810108779
0.01166562395748755
0.009677338663873714
0.005621870600640842
-0.0007945671944775051
-0.007797170613095272
-0.027003922123866327
-0.028701250704590706
-0.030265295300040816
-0.014069956351788551
-0.001667897563447104
0.0054397705598534405
0.009664429293111433
0.012199792729032686
0.013730444733977495
0.01503130642067841
0.017291759831347224
0.016452292277594843
0.015650303127011555
0.01573478633987903
0.01582175326380097
0.015814803438888133
0.015658482655639294
0.015401539612683791
0.015076235420546901
0.01468348379048048
0.01431859897425882
0.014849622952504192
0.015198588512948724
0.013682199631720566
0.018351677039567738
0.014795667991577362
0.01516719401766784
0.015241364161086549
0.014975079886403937
0.014747545514525194
0.014489333817574614
0.014148931762368802
0.013782318457786496
0.014023654386202723
0.013996499450668805
0.015655417919171535
0.01616434683089159
0.014431950219948551
0.01419354871611927
0.014115044603553457
0.014336306168698592
0.013989848836630943
0.01484284533572896
0.013877115361737332
0.01389342459584305
0.013548757765011467
0.013419496031352895
0.013430324991118304
0.015329216388936258
0.01364817965290657
0.013057811240342871
0.0128457675356578
0.012758670085672124
0.012532745442628503
0.012382407303497179
0.012235431202092632
0.012459918764582117
0.012181357528937098
0.011918694680096723
0.011789498300412237
0.01207563392014483
0.014086178467141138
0.01095962986580024
0.010429201914719117
0.010655421475126466
0.010388317416802078
0.009778313441169756
0.009561934370304809
0.009370047479525655
0.009485287421512617
0.01007018283830278
0.008815026812708645
0.008289474919003406
0.008364378059581639
0.00833123103629041
0.007987545644189532
0.00812489845541371
0.01037148503560828
0.006574622592272792
0.004714869528453535
0.0036317050219919758
0.0025486853210575523
0.001988898273523544
0.00017554465029965942
-0.0011788789268257491
-0.0014592704906789215
-0.008752933259069298
-0.018172381803488517
-0.03033293572837653
-0.04164134733092386
-0.042503527861762036
-0.03523298405609181
-0.02084426503835451
-0.010868289741752
-0.004769028095564032
-0.0006429059402702288
0.0014636637183236235
0.004411259552935764
0.004300353047691372
0.005207675179150948
0.00592332191776005
0.006539767157924564
0.007095769565528947
0.007553989988558055
0.007882071815015124
0.008215897549998926
0.008538066858248924
0.008858554401848644
0.00918013277582694
0.00965009477485048
0.010003276164533509
0.013607414755345066
0.010625589966755897
0.01074952025698299
0.010980724985076552
0.011268826928927922
0.010993226278987024
0.009475698876208126
0.005776245428595709
-0.0030754854859989804
0.0006679415962164932
0.0003564276039324864
0.007610839169423632
0.01782287158185178
0.01273465770615252
0.01313829671051485
0.013621016446967735
0.014007155452284547
0.0142255319070734
0.014436120442172093
0.01457080237038934
0.014693607235828582
0.014957755692560191
0.015291657138091554
0.015752290926105035
0.01662971195522441
0.029408057616966875
0.017911791486309
0.018739974878680156
0.02033433223168355
0.022652576615707527
0.026162634023757958
0.032126306260803705
0.04262164109256774
0.06166400578751869
0.09256970919582834
0.10500803874254933
0.07943683111010309
0.05359960755250747
0.03868825211868881
0.03039088657356775
0.02550850985100791
0.02246726622668716
0.020342617630646934
0.018927273389877375
0.017825421198235353
0.016974476123485852
0.016330233631967738
0.01579825986510496
0.015463610696337046
0.015509390422395294
0.04950332842302474
0.014985099069707623
0.014407842202685858
0.014063461827735756
0.014060485667392791
0.013617080649498221
0.014206812677187293
0.012689612138430737
0.01163755003781676
0.01184551744192678
0.011644837249137969
0.011410060516054026
0.01190239014473991
0.012539662856019502
0.013183303154137746
0.013944147840341002
0.012956027426124174
0.012598674854335391
0.012364177106037735
0.01217161785787893
0.01200412367772094
0.011842976781225185
0.01169081797729643
0.012169247779250563
0.011395478000466013
0.03375732836212036
0.010941306726712924
0.010912774322093557
0.011072662750583202
0.01126206822098826
0.011385333610113981
0.014648314200690918
0.01138714925579834
0.011477226792489623
0.012717084948462081
0.014078991987565896
0.012018265078347589
0.012234913138772549
0.012772864100742456
0.013856354394184648
0.016030664868266476
0.023027792926840204
0.04228260999374315
0.09409380829148645
0.0532496209695552
0.028133562660841736
0.018865124803098928
0.014927308464001952
0.013028812814853059
0.012231654966688495
0.02915278349422673
0.011189899493364434
0.010743249477227915
0.010579906400398752
0.010419632642537697
0.00989300451523867
0.008558952615619125
0.005101313054157085
-0.0025427970852262044
-0.014564752211060097
-0.012427059689034016
-0.013874968553589594
-0.002158190865559757
0.004729803807540677
0.007488461906471445
0.008207262032243975
0.008380156194924842
0.009074134717277216
0.007298668258599024
0.006657426477794232
0.0061715235766994815
0.005755558945918103
0.005418729601128036
0.005127620138747184
0.0050439879297917945
0.01030880590290202
0.0050009144569231325
0.004219178969726888
0.003759933605250765
0.003499560297538696
0.0032278440129406795
0.0030458935408084593
0.003499634303797305
0.002749324970920813
0.0028558143730644204
0.012387981491168433
0.00250164558775424
0.002151758491446304
0.001963340659290428
0.0016369717858603107
0.0008065497620143049
-0.0013706415721865886
-0.0033739222620795396
-0.003620994260888418
-0.0005877242842601051
0.0005569871756008722
0.0008983129808957149
0.0015620455162601344
0.0017497489587812649
0.005483117848466025
0.005639935066640863
-0.0004529350994514997
-0.0011708877877943088
-0.001527858019775189
-0.0018299930193248432
-0.0021223812089731864
-0.002392163455341493
-0.0026671963807762327
-0.002973893658183466
-0.003334761586888112
-0.0008631592359623034
-0.004870712287996694
-0.0060641210703404
-0.007588823152032868
-0.009616450270587853
-0.012393532590381826
-0.01655882690589285
-0.023130865213997254
-0.033398071050339144
-0.04797175158668163
-0.053015573945547234
-0.054376287524670525
-0.0403359028755621
-0.027003853873501987
-0.018358578848783558
-0.013344937134183256
-0.010148874637937918
-0.008090291780880951
-0.006781960798388515
-0.0059501556855662795
-0.005418583996328775
-0.005211713441818507
-0.005125731156561496
-0.005147845844331034
-0.005219558141776517
-0.004666318015655905
-0.00550088261269836
-0.00594230168467325
-0.006272497172759278
-0.006632070865265202
-0.006989004936080116
-0.007400077777129025
-0.007950671829319222
-0.007728187611540984
-0.00858368165400731
-0.00892113276948088
-0.009096284772994978
-0.009419105701806344
-0.009915000262320579
-0.010608214255756407
-0.012003631692456856
-0.013133271968443654
-0.013523481400376791
-0.012919622379224534
-0.011895767591651904
-0.011514628671045371
-0.011473779203832735
-0.011557122513889103
-0.011670630864713127
-0.0117714141698428
-0.011320671721566382
-0.012133093348239124
-0.012649453179633306
-0.012975849247951608
-0.013378541776570392
-0.013825398428935185
-0.014183061302903047
-0.014484791528647973
-0.01485071786543926
-0.01535032236238447
-0.016091091390996883
-0.017019834889483852
-0.01832980153254268
-0.020084654686997286
-0.02201146719660214
-0.026049843827833184
-0.0321049909192634
-0.04217110346166469
-0.05488405122412934
-0.04450125064424443
-0.05415114760469606
-0.04030101208476449
-0.03106453315835998
-0.028518909862628887
-0.031193486242890894
-0.038291482840296646
-0.049898735168446826
-0.06302580999589996
-0.06028852241727504
-0.06317718134606445
-0.049307334221607185
-0.03784082324692905
-0.030503184342059907
-0.02590661666276724
-0.022915543870787373
-0.020934696130337178
-0.01951234861107372
-0.018448865032257063
-0.017609015870401888
-0.016848863959154817
-0.01637747225124227
-0.015903984282205352
-0.015462386155830215
-0.015106722909583732
-0.014725251166943688
-0.014366798155977436
-0.014021473120369075
-0.013731865729061443
-0.01343905863775521
-0.013164792935862419
-0.012847133651305624
-0.012535111206543546
-0.01247594581449498
-0.012302332773271515
-0.012176629945312998
-0.012069309946386667
-0.011993445570980569
-0.011956406873436251
-0.011932607130383339
-0.011516902045621027
-0.012105744643345146
-0.012289732120666974
-0.012533007614769203
-0.01282128009759571
-0.013305059742813208
-0.01392867603299894
-0.014746749721968334
-0.015868047095254828
-0.017448051733039545
-0.01974903723319243
-0.023214622999448296
-0.028708442732815646
-0.03732632259051214
-0.05065379422721265
-0.06436538494139218
-0.06327632659521866
-0.05873676933295915
-0.04393940986615266
-0.03311432540651943
-0.026219343797387596
-0.021805830912180132
-0.01890482756163833
-0.016910156966391487
-0.015467484965962734
-0.014028929952091974
-0.01352314313139336
-0.012845051303789018
-0.012252623095151335
-0.011379854421836874
-0.011262336211864435
-0.010819183254326447
-0.010376093174591441
-0.009940383132889743
-0.009499887650987717
-0.009039694285967254
-0.008553787160232607
-0.008076640177865512
-0.007611400760603151
-0.00706662029346115
-0.006458409758209429
-0.005779283161597016
-0.004864586275975998
-0.004515620399007361
-0.0036516106899820646
-0.002667934863463351
-0.0017742114579535912
-0.0004405659571365051
0.0015075652823849056
0.005576360890247883
0.02438244705687773
0.012879079544996945
0.007549206106261235
0.007960964357200334
0.00773156435024154
0.008126529936132365
0.007598676929201503
0.005551958638002816
0.0008458277177860843
-0.008268736186140858
-0.021796692684921078
-0.020765158700375607
-0.023010616458678475
-0.008506887447057833
-0.0001707262252943304
0.0026327079920883934
0.005400660748247686
0.010232327335585975
0.011918458414872912
0.0123740725086268
0.012097270585641732
0.011949338428574856
0.012231080388979621
0.012685116030016902
0.01307002328206206
0.01388039471950872
0.013995715630386913
0.014165534193496185
0.015540616863696193
0.015106581652961538
0.015601237890283998
0.016085956735418263
0.016536996977166568
0.01697367707080925
0.01736884812958883
0.01751222737962179
0.01735438987188323
0.016810906083875508
0.015695412101193833
0.013696016254804547
0.010292193167958609
0.0045472408861058095
-0.004863140984375309
-0.015962176069318296
-0.016333001606578888
-0.01826464870195591
-0.012889745511129709
-0.011948363203446024
-0.0013160649625390515
0.008262206265293982
0.01430647100591527
0.018010361121994015
0.020005833640299373
0.02132342430445034
0.022217241151958243
0.022923109264931955
0.023776053793780717
0.025247680319506048
0.027350061215205203
0.032091779025565426
0.04641768639910959
0.09055845859987799
0.07794224124836864
0.03990261988329827
0.02426818680301007
0.01873005113372672
0.01673299462554285
0.01761638405743337
0.017361385883315494
0.01719902624284589
0.017167603774928892
0.016760125088572476
0.016407722797508704
0.016040814333678374
0.01573464783898135
0.015737068920867337
0.016724505693920998
0.015065476081120733
0.014558980840737774
0.014276297856376593
0.014058070312619107
0.013925600986269715
0.014157211355715701
0.01495520420315369
0.013392940929829589
0.013086621222113296
0.012812425474446228
0.012381001988428852
0.01174676273841661
0.01153337661572018
0.01145572310477908
0.012133779247057757
0.012331373319263214
0.012183523693699254
0.01190774858506566
0.0117622844339898
0.011585530486509473
0.011460912985018498
0.011264718094353676
0.012112493197941688
0.011066508377615235
0.012233416985296976
0.01033821773034864
0.009997203532323626
0.009639740417013208
0.009290893058210866
0.008918162468298269
0.008331328295727535
0.008358335068959475
0.006545187358544174
0.00520589067866624
0.0033381010986517183
0.0005469425402347453
-0.0038758309939139436
-0.011224331061019053
-0.02325796414994979
-0.03714809576931645
-0.03729161423056126
-0.030659026463910905
-0.010505397104532199
-0.006016332003977922
-0.0008093764031767162
0.0025253096708462487
0.004714518296952417
0.006427156583837011
0.007430468621761735
0.01028574280602046
0.008615051374986173
0.008469560262574552
0.007273424226261288
0.0073114693281162175
0.009100499084890539
0.011055435650263939
0.011104683227330369
0.0042473818644999314
0.009450488459857099
0.012109774706708385
0.011557353777913596
0.010489725725819634
0.009347997049470834
0.007991395837419344
0.0065376086403765524
0.0035905207383457025
0.0026986765736162284
0.0020103182322211872
0.0034706628110282812
0.004975694076132925
0.004659941053785722
0.0038636843213202938
0.003919107058353385
0.0032342595795818857
0.0043210501754900295
0.0015252864644218218
0.0005504814150135151
-0.0003852492226505801
-0.0010964567694145215
-0.0021226303515524073
-0.0029069735773207565
-0.0033834118357067722
-0.004865487086880883
-0.006197492178063338
-0.00775234057703326
-0.009765884027657488
-0.012583724384266552
-0.016842719030961874
-0.023723442237222826
-0.03475427731374056
-0.04848484015974274
-0.05467183609123741
-0.053591329736593286
-0.04150939896390603
-0.02859265378526182
-0.020195815139530383
-0.014939628726397057
-0.011616596603076075
-0.009276747802429092
-0.007261830451339972
-0.006167231768669059
-0.005020947461109804
-0.004076615614063372
-0.0031586231514346697
-0.0024528549262264466
-0.0018340230563518997
-0.0009024857553481492
-0.00044192456807251715
-0.00012691321971211136
0.00038012371901565003
0.0008975716851500477
0.0013995375813835335
0.0018863623958352456
0.0024503441811350455
0.003533197102999645
0.004609222400782392
0.009327848278281717
0.005623813328662325
0.005086791649787174
0.004878426913401609
0.004489383057499478
0.0036301284789774474
0.004015567542115918
0.004067020368177415
0.006968287358802923
0.007429415452676149
0.008222795430760604
0.008615625867553189
0.009102075956894827
0.009471085760181838
0.01008328316331466
0.010670419142507184
0.0111691576623797
0.009896964927981288
0.009681568196914842
0.009282462188590482
0.008338931550687892
0.007417867787940658
0.008591800893625852
0.011067767357228725
0.013116353192283707
0.010079961356292133
0.013743768707034408
0.01508455099671806
0.014023143555439727
0.011602950880861943
0.009657725424709883
0.009078423670764817
0.010077023782415144
0.012110622307636388
0.011770806614270738
0.011551745191927172
0.01127808848499473
0.010603723993471814
0.010296189809766761
0.009763467356184878
0.009318565895685471
0.008917210384962636
0.006676001710367583
0.0071573677193244
0.009954329986760215
0.011611107231182444
0.012461981069033085
0.018603629761330794
0.01303428616250035
0.012926748233526606
0.013078083943386243
0.013292725771125889
0.0139259767326651
0.014517527120770608
0.01505337982568878
0.015457528695138162
0.01593781372259616
