0.00011323681089132253
0.020638253433830134
0.010858336476823416
-0.004551858329715052
-0.004070487427766476
0.005422779948776653
-0.02059395964708324
0.016983502044239675
0.002747439264484742
0.035548632111994286
-0.07130283802826559
0.015130487964681742
0.018966942410504735
-0.003218200390969931
-0.0142343996538234
0.023969370578792438
0.020891844121338904
-0.005465767353269062
-0.02607729063277779
-0.030990856243081732
-0.013219519237077813
0.07333515180051169
0.01096171445760414
-0.049634268839478184
-0.02696907095513146
6.041356090003253e-05
0.03578919092153526
0.015081350374616618
0.0111248978778796
0.005195716287697566
0.009887809415155265
-0.019128799125343095
-0.018665218334284507
-0.018110884128969655
-0.017368390743420087
-0.015993964023021317
0.032623615257052346
-0.01194743422266327
0.04151110137530502
-0.0012321672127139434
0.0005266354508925456
-0.0007884879624970846
-0.005165582447824544
0.006544603403095009
-0.004731622667109886
-0.015226513964518858
-0.02396911061538089
-0.010622920001315522
0.02353573099425795
0.06048729185911593
-0.008680271954963636
-0.05480832696068609
0.0463319906202918
-0.049592718815068215
0.014369645702280246
-0.06690809276828871
-0.010053608035433788
0.016463360080905518
-0.017790771138014878
-0.009966163749165499
0.009119875652311031
-0.00563139582606487
0.01368847320167688
0.002217901938251863
-0.0225727797923211
0.03583068671223391
0.0649234411490117
-0.034852504657019036
-0.045179618926760694
0.054581857209970344
0.035940881758042414
-0.002670464323833072
-0.025940794254747625
-0.034336781845994355
-0.033085271255058786
-0.030876471197427906
-0.002177481139455161
0.0201258837113827
0.060526748620666385
0.07466506808666985
0.0010715467592826138
-0.05813320286902549
0.05627690169383816
0.020600789254737323
-0.013059641720369376
-0.02631191269308736
-0.02634415374314956
-0.024686491934171592
-0.042407743601873396
-0.005018999141571704
-0.001031665877774594
0.02340516404096105
0.027682557948827912
0.010536689348198684
-0.11638725035344605
-0.0006633417828952424
0.03382275226265088
0.016150166900868825
0.05453248134418725
0.06212945347511383
0.029457913886759637
-0.03747845995349958
0.02285991718599516
-0.031291438944491365
-0.035964643110878526
0.0026690566691225134
0.008282088459217237
0.005056219591402756
-0.004220555964479088
-0.03735145248891085
-0.08278664749252201
0.13499085267638541
-0.01750493123567304
0.012893600178926162
-0.022090956304148656
0.05398163485064535
-0.06273060964745482
-0.0074243628004108456
-0.008448154244525856
0.0038014755473892016
0.019179668736356577
0.024686270376049414
0.0203832879488053
-0.0010879998813637026
-0.06864859819456684
-0.011042005209778924
-0.02141211182881281
0.031788279739210834
0.04335514682612957
0.01339666164292084
0.008908428372222596
0.0049911376749685
-0.010068843698507678
-0.009125408092198299
-0.04031426119536468
-0.010405389921328053
-0.014117972509079953
-0.011985229383408078
-0.012949279574501824
0.0023728331328177464
-0.024914718478930346
0.002163905284117098
0.001163677123484155
-0.02164175784933828
0.003304846591788471
-0.01256611956133926
0.04468008777913457
0.051791787956412996
0.044024887664105394
0.027060624108229098
0.03221537003754683
0.005071954547227381
-0.0008731448434173892
0.006502675392405516
0.07171257958387574
-0.004494592692532743
-0.01589687363231113
-0.02776391776034579
-0.032263004487568726
-0.03942434612455276
-0.0442104031882764
-0.04699304440551752
-0.043688321026192974
-0.03882901545362388
-0.022553607567103374
0.03560297075065735
0.024195225927531604
-0.006144347568996753
-0.00636888780103277
-0.01299785973956104
-0.0011613782072852617
0.012169440165883543
0.020676380154712782
0.028689612431593323
0.027316176182439464
0.017635967004977667
0.008023428528110036
-0.018519041316656208
-0.03445840307408892
-0.035414558258105897
0.036127350897274695
0.02104573606139533
0.03274587751460748
-0.009187095731596309
0.012896330040181786
0.04498276210991627
0.0018445713243614881
-0.028216481276930952
-0.040203070838717415
-0.03959598579060964
-0.03115126389905043
-0.01961339856908621
-0.007784469129547704
0.003583917467512604
0.012385069725599124
0.0692621247720922
0.05934003286968511
0.008974013400046546
-0.02128521253764391
-0.007980455545811149
0.0006819421050841158
0.07655167692536334
-0.008666309993683587
-0.014702680247968183
-0.024694751096598588
-0.016851280165468975
-0.0336929778062964
-0.007448327891067288
0.022794864444064644
-0.0012819145408799594
0.005108367370814024
-0.016719147965548877
0.004971112107259851
0.004212440300563043
0.006253118595012926
0.05275935351447663
-0.02611092326666873
0.002598822779701232
-0.0024676237598808665
-0.0007085778697670331
-0.003489103342644295
-0.0036693867414551006
-0.004892313342217133
-0.00846988585637722
-0.009626635891063665
-0.009380703975086653
0.01283412357925702
-0.004335301971106335
0.0019718190850648914
0.006502517944806213
0.0004765399127941737
-0.04828295358491326
-0.03451577791226988
0.008778022211819192
-0.0014177746065298059
-0.014363235099421643
-0.033191575598238814
-0.047641522566522376
0.03794137054625632
-0.04825060308890269
0.021718034811550324
0.06427078245966489
0.04240663503179605
0.03451321058052605
0.031909507054221284
0.06724333168379494
0.0689907445522739
0.053076508298683246
0.03104629493002638
0.0023136434951383563
0.07186452943608196
-0.06639787751964658
0.015344736418520258
0.016990916292313283
0.018081867399259734
0.041667664636026766
0.02097893178199103
0.01082875147470318
-0.009437084196316342
-0.04694909466349224
0.01489925458205327
0.022735294667001405
0.018313957513393413
-0.028159941053454693
-0.022585840962441088
-0.018375285740124432
0.0366329867711299
-0.023060322106152647
0.021412298192237857
0.007467741487804634
0.01100163262697572
0.005276106388901215
-0.004931196548590306
-0.06659231701376297
-0.013359817831160562
-0.0006912400231545414
-0.03611852908358707
-0.04114879227109254
-0.006909503888796012
-0.0006125488291989106
-0.012284742871483468
-0.22846431447143065
0.007214520952901658
-0.018014284514230393
0.016463605838351127
0.0002138981930417389
0.08544464179586214
-0.007618876643637238
0.01046681692548552
-0.057714716591047356
0.010439288369239194
-0.07128955649227103
0.00631996675671273
-0.012130124836068078
0.011583810949286436
0.0013842502883553095
0.0006810346630259081
-0.0034154172094202624
0.017542277969424376
0.012794083322241936
-0.013173240307854382
-0.06271266015308025
-0.07466610707352632
-0.055936680400588815
0.0027647889058164178
0.007146184171943664
0.008754369753781062
0.008613855860918992
0.007269618250570087
0.005746621735152118
-0.015852693212903057
0.010996553409272351
0.006954195998182582
0.008258143968801115
-0.009105125280198103
-0.022310004391865153
-0.024339153661595354
-0.028802982955850966
-0.038843219026260034
-0.033300747965414206
0.003665612502907981
-0.07639261713622479
0.04354378826277744
0.014230076772762057
0.01836260360274256
-0.04845844247776379
-0.008251059197829903
0.03295061243947449
0.011406540597391473
-0.001897881335184529
-0.01212338754281748
-0.013767273349521795
0.015447760082045178
0.007782733466964228
0.003395368459425934
-0.0044632651653321795
0.018514182070746642
0.021429790686668865
0.022864587861228365
0.023108404113257958
0.026439442539121227
0.026863957403622882
0.02482435300574938
-0.013549178731837338
0.028893142624109393
0.056837916990008966
0.03542355833023818
0.03378632497561648
0.03351602613586158
0.038289752508376594
0.02408216910349136
0.024047120123964864
-0.0016380728039203092
-0.0010827968303028645
0.015135472802313804
0.06342767083109521
0.019830763774942126
0.008364078533163554
-0.018875390700065876
0.059640303167536095
-0.021670359329785362
-0.01133528246518966
-0.01876024297276938
-0.03497840976141955
-0.01230676553436645
-0.037955333026052175
-0.05909981106435655
0.08104044265074636
-0.03603423149734715
0.014008111502303017
0.02592743322614679
-0.002479400534686593
-0.03153207266683653
-0.014460978411204929
-0.003849577931049513
-0.00053429227710799
0.007638332651666557
-0.004073329891764074
-0.007124005403069025
0.01622026946101562
-0.005942343033010894
0.014368588541520433
-0.004274090174946773
-0.01773072319682474
-0.00988283686007235
-0.006694024992500713
-0.00601149209833313
-0.007625348365714974
-0.004819244879450489
-0.015451452849810208
-0.006345711903939634
0.002818475916987023
-0.0038981915893265173
-0.02370915261320267
-0.016138549777387663
-0.020323105455830645
-0.012641852269546675
0.0005142163818525353
-0.009145914334805457
-0.0036751761687908533
0.004546202396761748
0.008934375669265917
-0.007943635403909906
0.013257929345987907
0.00027469038509072733
0.004434561368387511
0.008589011888745576
0.001494107204601018
0.010390045830823796
0.003006239986842768
0.004945442982998246
0.009600162106607423
0.015157648917239098
-0.058274274472725096
0.05725664636684534
-0.02660666722444426
-0.004373337551609212
0.012507132781321496
0.021094765803231528
0.014156783964740394
0.0014821018546479349
0.001857337106741716
-0.009416390554611213
0.014144160788183103
-0.0030805074098889246
-0.004214312446160222
-0.010271410853606009
0.030209081625018938
-0.04120608489609535
0.021549170837913766
0.012879957686520888
0.022144458387556597
0.027214333855097958
0.029513287845504825
0.012458220974834011
0.0012790459582910844
-0.011682120898857647
-0.015109882649903887
0.0013228664921131805
-0.031260013823459006
0.047731111661258714
0.0012197316464270306
0.04405095679289327
0.0091072744469256
0.020192582100022526
0.05128334046327332
0.00023145005113213622
-0.009536616656408628
-0.00325793625313192
-0.010795596010571834
-0.0058348702210063025
0.0037486898209096856
0.009265875611240829
0.011235724102247916
0.005439741776002941
0.0015737196407906505
-0.0005889509100976877
0.01381053311717871
0.018214642943409146
-0.007361476472701234
-0.009274733818621268
-0.010169003754680874
-0.003964445275590555
-0.006615515939271126
0.010116516691737888
-0.008679285293073498
0.0062316080204918535
0.0024271320960997113
-0.004222247286944199
0.04288609312320598
-0.013349431280699011
-0.02173685337910969
0.02534191388923786
0.02203536489190321
0.025574702259573718
0.009247974669952108
-0.009843817897614945
-0.0021365215648155686
-0.004982307598709525
-0.016174328582619704
-0.03152398065719752
0.02283552861938043
-0.0009366673546933053
-0.03504656501179005
-0.020312870511814206
-0.012222899010641317
-0.012549766716688355
0.0005406596509593026
0.01927673543137284
-0.012624666997381065
-0.07196166801731226
-0.02480174194825887
0.006216008290248507
-0.02054258591785327
-0.021439650351564123
-0.023834097080631545
0.04869313633406736
0.0013744941712518061
-0.0343782007952143
-0.031716758839301765
-0.02001438714900742
-0.022260329138123605
-0.021675835016383555
-0.008846033685286182
-0.013651904387974293
-0.00708037022050724
-0.015394501735653715
-0.009721655894539159
-0.007249930429004171
-0.024177888763484853
-0.012268991773524475
-0.016207815944176338
-0.01478130581467401
-0.015326063059582892
-0.014405451271935087
-0.012362520831067673
-0.013026828411792356
-0.0015081907540043704
-0.0014834970751087897
-0.011639701199818504
-0.006706996224233393
-0.00727085297744385
-0.023323584629060756
6.902716398462838e-05
0.00026429879222496423
-0.011396727056432713
-0.01058048884634568
-0.010290295431680429
-0.009583285021721713
-0.00846835783406007
-0.009113829425229751
-0.007135999009337634
-0.0073880627522120755
-0.006845028312657024
-0.006654951746083338
-0.004869719197171393
-0.0037819054122818804
-0.005400238064139319
-0.00533444679454885
-0.002904746736084178
-0.0031468022382501104
-0.004243924138198704
-0.004529944869196146
-0.004338408168060355
-0.0032966143257335337
-0.0012924925573264464
-0.006032858679933992
-0.002038045310176075
0.004723028096650097
-0.005824486611915608
-0.005885358078792192
-0.002850306081733406
-0.0010873526828633468
0.001762298011077364
0.014636479334608272
0.025700996395283122
-0.01905623786882194
-0.04144365336355311
-0.04857462658772038
0.03207268026960079
0.016148893114090793
0.008677885591044127
0.006893538271382232
0.005853402260701014
0.004932560217615158
0.004303087974173171
0.00519057664042597
0.005456050646478398
0.0029786249948715268
0.0028349262086876867
0.008393729091506801
-0.20127130288426484
0.002229014017620155
0.0011777388473962443
0.00182307324948337
0.0009702090171015424
0.0032761122837957415
0.0032797089705409043
-0.000807350030674205
-0.001313489869075364
-0.0014529138555593212
-0.0006957948136449794
0.006709522348912438
0.003131737197575798
-0.0011794366791124742
-0.003586792451506781
-0.003680356018069862
-0.0034970870011865694
-0.004497516533667548
-0.00532211054204962
-0.005063462154865324
0.018145435163703212
-0.002648906872100062
-0.004700517273705579
-0.00197960296039501
0.02224826122529882
0.0009733706471960439
-0.005116634876437375
-0.0054584444560038985
-0.00364157467872721
0.01125605059093841
-0.004451471556023946
-0.006383762614075441
-0.010544891496601302
-0.00704136220694908
-0.006405338710539018
-0.006024865091598451
-0.0066338179510746454
-0.010082856190485342
-0.0036549532133006634
-0.00669356304983488
0.008770076420283206
0.008448512916642911
0.0009249752687627644
0.004995663726745024
-0.0029557087520503574
0.009614350009250972
0.010321040247224373
0.0012074237764969666
-0.0113922482083399
0.016617670455668587
-0.017249344408687875
-0.005889729173972951
-0.004141800826954708
0.0038283250411775952
0.013913296055606822
0.013151460845326151
0.009792237907994893
0.010989157901818402
0.0037386555709657075
0.0028580572823257992
0.001748814180495227
-0.03045598404280507
0.0010607440382795603
0.012396232607761706
0.012503755038974794
-0.0010531317863345232
-0.0016247966997648172
0.005818364952425931
0.044861608873061065
-0.008238121029771707
-0.0044245795999296915
0.00214684367429494
0.007887240369700059
0.010169776108368575
0.013553213883159174
-0.008788068378640367
0.002377652503849632
-0.014029874465846701
-0.017895595522111472
-0.02171009844455087
0.011104805516781417
-0.002511736556493588
-0.06630909456732711
-0.0529718404931198
0.03504512799782591
-0.07117844441923388
0.01094416937715369
0.040988625470982865
-0.028234492867017662
0.043376184969539856
0.028887455511890422
0.0018612953988246673
-0.019742526941521305
-0.022831467978803324
-0.010130562119788376
-0.01874397928216013
-0.020944925591573453
-0.017324138618197957
-0.009051996811209127
-0.011131357473090178
0.016388083707986317
0.005940893623242257
-0.012175304431675174
0.006017852565992233
0.002173529903000474
0.0007807690529343949
-0.005142648238100018
-0.027516319727360787
0.0026492902661828105
0.005623351937186551
0.007781061006447781
0.007690999197585295
0.00818082428672691
-0.0037224003169418532
0.008181829265216467
0.008484649527534456
0.0091281951913441
0.009181069819063222
0.008815170912130256
0.007996760252021175
0.008855705401674274
0.02175253423634518
0.047798172890510505
0.032497837336082296
-0.019376297926169093
-0.00016527228233752453
0.004645191391000228
0.0041253334641167955
-0.015152504863246274
0.0018436985832168153
-0.016984708114280933
-0.0018102671145905982
-0.044135700877408
-0.001457789938610661
0.0017572285952468353
0.002508824078951521
0.0010539751444668345
-0.006636010867380391
0.0004835637281212524
-0.0021899490824455214
-0.00440263129400211
-0.014074170076755942
-0.024391416715598156
0.01871552006868077
-0.019670112787475533
0.07734268051911607
-0.015253737457551287
-0.02736548751425718
-0.01011170433436615
-0.018660142551556545
-0.003979902177561958
-0.0013561421975921313
0.027646380644525553
0.012432009887415881
-0.0020352701219354314
-0.001731677136114298
-0.0030711478425095745
-0.011545223903743027
-0.0045546964593701274
0.006283020625362321
0.002703919501222124
-0.0010789690874625888
-0.0036122529047961463
0.0003604242334585805
0.05393917224352262
-0.004625826323704757
-0.005201823904066026
-0.005481736465787125
-0.00519183437909781
-0.0013697543389368971
-0.00282050715642032
-0.00687982237767596
-0.008078954612007389
-0.00902751735429861
-0.0031285531898956015
-0.004665461801584309
-0.008268806209201425
-0.005788531312959738
0.0001401849070516163
0.007340246280183266
-0.021551298606261194
0.1328915628662771
-0.05307649810411543
0.011516687203027658
0.00450275819262099
0.005739773744026188
0.00845698566020495
0.008637906577514832
0.007083817270298601
0.006502163961874624
0.006271466677456171
0.006118086542151067
0.006559974562038077
0.007315837728671651
0.007946956874536662
0.009134470982642492
0.012318474778101319
0.012130065888521438
0.010691892054891391
0.0036367922774937556
-0.010779916886103023
0.0011508005025650525
0.0019181588685608794
-0.022536953156084304
0.023118375809207385
0.008058186703818684
-0.0007293185642339032
-0.005196978127972032
0.002464535963868395
0.0029724415600391905
0.005929464652179149
0.019897663767787885
0.020625080625006495
0.013609906068545136
0.012034973981141079
0.003760249790482674
0.0036799787521490375
0.004035017856804181
0.003803468966569802
0.004069525291948287
0.00571500095375549
-0.00025451500175197153
-0.02462381244761036
0.0021137670375314848
0.0011726905550515183
0.010955245139515192
0.004116230822632454
0.0038228084798928312
-0.009358302229261182
0.002537234123373836
0.003245138196874448
0.0010342149455244583
-0.010280526595715683
-0.0027982417666225757
-0.0005112680407479607
0.004393908399351908
0.030305147877685342
0.02536105545624
0.005687675479064426
0.0055800468151657005
-0.009395544632222474
0.0003138052900233908
-0.017176551740487017
0.023516513854681932
0.0030121547748843546
0.008277898815840802
0.009324911081038445
0.007665522296250042
0.007078370355100636
-0.009847745343687073
0.008380018954231204
0.010623045743288944
0.009704178087018527
0.006326407530788349
0.017704838734478742
0.0386193533979355
0.018666751156852082
-0.037216823536264515
-0.008624658110674525
-0.01573033817732855
0.08121249145614601
0.0033026059617883518
0.007930729440419464
0.026298393674456643
-0.015620816282287951
-0.07765297459837017
0.059494311694225095
0.029313209238572616
-0.05850939008913182
0.0003379217039216816
-0.01959413526575463
0.013170591236536994
-0.01887353811876177
-0.038261789112604194
-0.027271694554079726
-0.005013629576144578
-0.00047610741634132527
0.003144737603796714
0.12129603732038234
0.003259804511360431
-0.0034530559589759377
-0.004579728789437292
-0.015817061367630704
-0.012847878022028036
-0.0045863802518169815
-0.006334653055269091
0.01835939356009822
0.030528900785248985
0.028069045927046527
-0.044152031039915614
0.012928463953031611
0.037352981116706
0.06659870865336832
-0.0020056845686183683
-0.008852814946270264
-0.029867661220004664
-0.01268485321368942
-0.0076428554159811675
-0.008268717232067234
-0.0031285963476191713
-0.0009255573086052289
0.0015455321472808068
0.0022476231119649653
0.006653350196356637
0.0021088023161098886
0.0020759394056092087
0.0009965913202092144
-0.01062235776413873
-0.00711654555313126
-0.00036321461593618725
-0.0007217830191539949
0.007443261235068583
-0.0811329458725866
0.010267444273162521
-0.008057476863814588
-0.01294579030191707
-0.029875988742720738
0.004240877725828762
0.005200712974029451
-0.002607590727329948
-0.003943883484338919
-0.012571197235572897
0.0013962697283735187
0.025450387864552153
-0.011578272952000004
0.02179837965444613
0.010850576530112859
0.013168702149123704
-0.008291637573044769
0.008621945965206372
0.010598192625801897
0.004078662268698866
-0.010327391127851141
0.012150253852872116
0.03031554874965557
0.004288677252254204
0.0315251903005839
-0.010827598857745589
0.00552470749811256
0.01469285863612607
0.016090009777916647
0.016176924794014037
0.010560638252826472
-0.007725987244104895
-0.02417724178248295
-0.021419634804037958
-0.025427364525504873
-0.013653554737693314
-0.004258435613110369
0.010417619495835997
0.013592955549230033
0.011579822845582713
0.005622604223775123
0.007224358405249989
-0.020996239693450172
0.006103532990075471
0.0018340053450969622
-0.007237840578977091
-0.008531205393218026
-0.0028248087730136204
-0.0036342121238795966
-0.000911929681942849
0.019763552469850166
0.008822243315530933
-0.0042146277285028625
-0.0033185895966138432
-0.004265842826128391
-0.000783676756424084
-0.0018879146113789922
-0.003669066401316163
-0.0026535102320078465
-0.002649055077958657
-0.003410170772416978
-0.0019018173661065362
-0.0019877377957682866
-0.003268333196049508
-0.004728644737577812
0.0020978753414915372
-0.007930404364724083
0.002035641536126746
-0.015621152630330318
-0.004723774684381649
-0.007157979415852546
-0.00528115896942158
-0.0013266576054201122
-0.014064838337934893
-0.0011691390678203576
0.02122796065411694
0.02187119689825335
0.0010785305470780834
0.0019317134576689336
0.004185356123473174
0.006479112520909709
0.008439105249923175
0.01172095611381169
0.015094983724193023
0.013055556657054998
-0.0023726583916999816
0.0027141554728837233
0.02564539340651354
0.013467677994601598
-0.002915143703021283
0.04768847535256359
0.007766157656290874
0.005059985806272288
0.0027255660777305577
0.0007583921988207332
-7.543450925478397e-05
-0.00045120229314660995
0.005077496602854192
-0.00013126000435012086
0.0012633047530985363
0.00590406020793419
0.005008915781995488
0.011085281467290034
0.028044075741419244
-0.02661291077569373
-0.04534979848240535
-0.02087534405112938
0.025938661703452562
0.008877084087808011
0.002597680572050417
0.0005093424222338721
0.004539662485510694
0.010988526269755123
-0.00040380809118767717
-0.0012047322665866584
-4.4918241967688927e-05
0.0003428833618897771
-0.00015250264955108623
-0.00018364883278157315
0.00012216112134033483
0.008674543739788182
-0.0004532152404598193
-0.0005095014919629351
-0.002558608481436053
-0.0015573328726997192
0.009331429551180454
0.0012824220604882861
0.0022118755706235058
-0.0006350857355292349
-0.003024398018711967
-0.00280600699061679
0.10540281105282319
-0.0018447498324788748
-0.002042814546287048
-0.0018949922538775172
-0.0034421510056975926
0.017287961552870875
0.019778813193304365
-0.0010017359989361243
-0.010022919825291706
-0.014052942523321309
-0.01703600459466134
-0.005729241696504984
-0.022591882852223667
-0.02935879735579927
0.02892669042022873
0.057215475768130734
0.020403374521514833
-0.004058497730292345
-0.050611609594303074
0.0022693822804122246
-0.0015886115077762655
-0.0006476487477664399
-0.0023363239769061198
-0.0017121190130462668
0.0005729289481767924
0.00025625437357343936
0.00016846939641615213
0.0021439282384716923
-0.0008587807890582576
0.05145319906004528
0.01742557789493471
0.016991239557998968
0.0017683858480677204
-0.0003977989416413261
0.0014358863969607736
0.0015811440291830087
0.0073126870796948636
0.002323820360324009
0.0030756506977718447
0.0027679919485874287
0.002666003671033997
0.0042890196025738335
0.006906345602081047
0.0022017838271726153
0.009281859626623735
0.01713881962614301
0.015318557851309368
-0.0699517198173274
0.04217173278349819
0.0029707857048617233
0.0062535483146450915
0.005482360049665142
0.003914089605245631
0.002662510606152371
0.0016372625033411403
0.008757471838551228
0.007990627609645105
0.0015605518765485307
-0.0013055560751797609
-0.0020088149496704497
-0.0031099458654705444
-0.0030652034136191436
-0.0034954963554880915
-0.0037984254903216876
-0.005639721612922734
-0.004747255428838966
-0.004833440942850514
-0.0040619070748273
-0.006844844890198693
-0.007589494216225101
-0.007976928230385764
-0.00830609353260162
-0.009195339850443813
-0.010254685972143011
-0.0109854784507707
-0.011979984467339874
-0.013076981215201273
-0.013855570935386181
-0.01636877562449621
-0.019393734457424178
-0.021945337935724958
-0.013438534524482217
-0.010080072611124457
0.04169707201086281
0.013320607771962603
0.0034892240450986396
-0.009856127688622334
-0.007433653910217793
-0.0014725484812534609
-0.0011829844594394854
-0.0004110183818394393
0.00030632414275037827
0.0014228636116606539
0.0041181557336179425
0.007051780154837237
0.011380154755301318
0.016351557530601014
0.025802060163615564
0.028814154315192533
0.05011197293201387
0.004538499136593916
0.04462718596977071
0.025763741743947858
0.01689844252293267
0.010209170069678856
0.0008525374939498889
0.009201278744626704
-0.055019403744389336
-0.0017100665189045412
0.006272524000549401
0.012416554452619839
0.013407279305054995
0.013139604552062586
0.016195507230607153
0.011246472789977
0.009210792707725951
0.008094242039334882
0.007131515647954356
0.006408118653298407
0.0058406214719824035
0.004500991922709701
0.0016775596425755472
0.0034653387821895385
0.00954016003033886
-0.0020072874650365687
-0.0009705916349433271
-0.0006737495936326033
-0.0016011280538112875
-0.0024454878455358875
-0.0026124102855748553
-0.0018794081723580189
-0.00020971319653866272
0.004087856737703357
0.001636626157643946
0.0015875584439748109
0.007423126109694026
0.0017798305613942152
-0.006803553178414056
-0.02724371095591316
0.03238599219551116
-0.03003883412355013
-0.0270821115178821
-0.012907590905248222
-0.009372181688921321
0.0069027664444122686
-0.010805011609550932
-0.02383320166697678
-0.010258937425837559
-0.021809675201353716
0.01116223963622165
-0.02152965249038252
-0.0085427267121835
-0.016959357758439687
-0.008187656080472824
-0.005430550398235102
-0.002975070345897691
-0.0016181971318662673
-0.00230808424860989
-0.0007692245118603567
-0.0027146131657122927
-0.0031371750750817467
-0.002678352102992879
-0.0015387119110498162
0.0016334339216315793
0.009142407860455648
0.04728460451228906
0.02812632570705748
0.031645370588842224
0.0063950954529279945
0.0021557706805208575
0.000564693172214869
-0.0009092423333423458
-0.0021270385278912775
-0.003309588227993081
-0.0027983297421606034
-0.005482087900957736
5.6097240252310906e-05
-0.013797114172666164
-0.0033367145471606355
-0.007139304735146992
-0.008120807862114991
-0.004426694129807066
-0.005137953702793359
-0.012767316884719384
-0.01915409344699956
-0.05005249299356944
-0.017486914102944468
-0.013002416446183891
-0.010946007124148664
-0.013798525024172762
-0.021984935331000353
-0.033455909175729215
-0.015421243464885565
-0.008650695685984953
0.01977248347424659
0.007738004962697792
-0.032121399618596086
-0.011656038175145022
0.0010339072302516146
0.007941900389040453
0.005313054260246587
-0.0007910940983141681
-0.0017490895001000704
-0.002555600057262423
-0.0035086327222556097
-0.002654533838202776
-0.004508205375511524
0.002113474155702172
0.00041577260250531524
0.0006094478051372113
0.00152358432009043
0.0021593989183805243
0.005187784541641215
0.011408183708316685
0.00014550560519888868
-0.018284941128790574
-0.014076776372749948
0.012051333282242638
0.003843720114448455
0.004837809909543527
0.004603625696357691
0.00377703297373514
0.002010725624467214
0.0008504719324755424
6.286592905160395e-05
-0.0008907250526577187
-0.0009045203601750608
-0.0010923344789647241
-0.0013959496065253034
-0.0015569140761431753
-0.0012769594193480067
0.006698907993493044
0.006878731830347499
-0.0014777959109634543
-0.0022062868895693986
-0.0007999291618328905
-0.0005901604255870919
-0.002779347606817322
-0.0005927109615078831
-0.011677402583325846
-0.004046874711781018
0.005175519299769335
0.011881815079180905
-0.000988681946864195
-0.006594681340323178
-0.006875392873507611
-0.0032254651026901327
-0.009800249541012671
-0.010404251089793549
-0.01211611011249055
-0.011408125547163254
-0.03656059766151838
-0.020160735374643492
-0.024887267462987635
-0.025537536761209293
-0.02431802975596147
-0.018988730639370593
-0.010731052666848793
-0.018759551306957722
-0.005654746276699397
0.01736908414715702
0.03971017732254189
0.009368492210409812
-0.05737989900474117
-0.04167936738012363
0.03279965240081073
-0.02188343753386259
-0.029525716360350295
0.1666660905077656
0.010749549574806111
-0.004908259333009029
-0.02755430706758808
-0.028705082049037926
-0.03407828143461623
-0.025032221512004408
-0.02389261489810211
-0.023291455338776464
-0.029642117657411537
-0.033844814098391296
-0.027430548497172406
-0.042424250521761804
-0.02510505009577804
-0.017524539768847828
0.0019853600489733135
-0.05834347706404144
-0.03668778217422389
-0.016446804135335634
-0.008286663758219407
-0.011421524961865583
-0.013244629783667304
-0.014323633539087631
-0.011732175009713524
-0.06086925946714339
0.020981266972845847
-0.007069475326471525
-0.00042751888432203996
-0.0009484125745569107
-0.0033609905142339943
-0.006469946709159615
-0.005593186596641662
-0.0029219050333216035
-8.054987439418323e-05
0.005939702230358619
0.010527139975223107
0.018472918681898605
0.014342619041026489
-0.012229354337461256
-0.016329221656152353
-0.009711292585201852
-0.0016696617461100564
-0.008292533075492305
0.024736182886608567
0.0356207622533351
0.028329718017999325
0.01805160073264664
0.009979724446786816
0.005594020607310106
-0.0017787938431345534
0.013027567503095118
-0.004890424429917364
-0.006508100631758641
-0.008776246889187498
-0.007328901701515931
-0.008383463695603962
-0.009606336619839536
-0.008702369659327658
-0.0016978526333760323
0.0031277394720479667
-0.004150020680680271
-0.008697901492152002
0.012629009727699933
-0.021810343044337783
0.0025684985953890404
-0.0032106060409485397
-0.006251857706410558
-0.006290041251779847
-0.006439949139063976
-0.006629872758669053
-0.0091540172800174
-0.01645883460071978
-0.01631928403207232
-0.01345744931811959
0.008126257663909044
0.004993508099573762
-0.0063914023987604335
-0.005813255163709394
-0.00448922482450948
-0.006566290363807318
-0.004030123014614273
-0.023582460935831197
-0.0028642911725940317
-0.004031453744867691
-0.0016926912363696052
-0.0016213708306253324
-0.00025184493046112496
-0.022765466164771063
0.005929146842056412
-0.0008483217444984276
0.00011319470815629036
0.0010475571799553197
0.0014899497004576066
0.000959980937000264
0.0004262193505048327
0.0009880126769623943
0.0030169006244242067
-0.0004838315326519633
8.07825145098504e-05
0.013193812471164633
-0.019814575761270176
0.002542769737593965
0.0006742199595271112
0.014074014113278206
0.003921010131062367
-0.0014402862142062613
-0.0029285766462515904
-0.0037057267480029104
0.005334510667620709
-0.00746717415047097
-0.0120271989231747
-0.014664544996137839
-0.006630120662892864
-0.013240324627539988
-0.011536887923024331
-0.011742097789709074
-0.007645674050631672
0.004629281215089935
-0.012912803027711816
-0.014128072441036015
-0.00948101230245997
-0.004429366198944436
-0.002388947701522287
0.0024002569063570713
0.026294097811180348
-0.0010114903752324923
-0.029542207134804325
-0.041490325359021495
0.011079698067794738
0.00953893443347138
-0.021880501277123276
-0.01851015852756466
0.014141889549037598
0.023621249466058553
0.020862718357923107
0.01012190988899519
0.047657290727399465
-0.0029731561736561786
-0.006458823162686157
-0.009566838002494464
-0.014506796035010903
-0.009856593517330123
-0.008550623936519008
-0.00936576221790788
-0.009478830847612092
-0.008819326490575609
-0.007849111886833663
-0.006621489506245985
-0.0006757564527683401
0.0007692238099600801
-0.004412286596154645
-0.0030910907728864297
-0.0008926127943480251
0.0021370825201098417
0.004547163784794107
0.010501867593012828
0.013962615144247455
0.008138681914010371
0.0505235009829818
-0.060396274117970196
0.03696758651637189
0.014669960960645862
-0.02144983463769321
0.0041552163770645235
0.008324400232225153
0.00940128208894272
0.008352311833437232
0.00818972777127018
0.00832630804783171
0.00836753705199362
0.00856228884643811
0.008482691364719063
0.00836047393343329
0.007697519405666097
0.01308311143360516
-0.044438787217130384
0.011553387570131952
0.011163184009622922
0.01312921645529843
0.016275200005892648
0.01569464663282591
0.013813134654584305
0.0062241084637538096
-0.01731909277847397
-0.0014221675593690207
-0.018027862047791856
-0.044863068909885416
0.0009844478915338475
0.0055405715833383735
0.009214466353146588
0.011610030066064638
0.007156019498048397
0.003435618822601789
0.007655457030648704
0.002771407299644053
-0.0004663245720599877
-0.0026473878923704832
-0.003062635196791304
-0.005215059758432318
-0.0045298929169005995
0.011956228016415231
-0.005522072922466672
-0.007709565277954541
-0.006655590462845403
-0.0063081175555208275
-0.006892048334816011
-0.009658100969832892
-0.007983986746144688
-0.011129046832292242
-0.01175227484002956
0.030056266947183455
-0.02905990539296176
-0.033111118065064046
0.00024400235409304118
0.007464339039391176
-0.00889833618366283
-0.008185775960304563
-0.008703442111586215
-0.008426425380089265
-0.0077950021151050215
-0.007038080741676275
-0.00661370817389607
-0.007009104559393233
-0.018836121878668906
-0.008686898624357951
-0.017642095977177568
-0.0071668301611418446
-0.006327244014595464
-0.003454286680116035
-0.003142836621852366
-0.0033467661190777777
-0.02150473853904096
-0.004793248586029468
-0.004994436994151473
0.009711192311214055
-0.0011538022475937452
-0.0020118988446788996
-0.002279509534739941
-0.00094387967497982
-0.006030618149803017
-0.021938482108266943
-0.014482342423224522
-0.01997943632880058
0.05815350879494617
0.02197666651627598
-0.030722718760043087
-0.011820681523246347
-0.0012731704926044704
0.002173112170088642
0.0038025419991856778
-0.05276635722051783
0.0067438230014586755
0.007231933260018034
0.009648353677295529
0.011264660665574647
0.014689967951290213
0.014814215343422324
0.005977567360860939
-0.015563385284236675
0.0042308774050277605
0.028403283419915965
0.0015732182816812536
-0.013597626784875512
0.008974797670809538
0.01742247057399737
0.016823969165536242
0.015156485064628916
0.012470292992643506
0.011725960941660504
0.010870518806220211
0.010232956928063443
0.009985167036464517
0.009636034393530576
0.008409693179309544
0.010314637507899418
0.01075342580902391
0.004507470189058887
0.009149659088174809
0.008268862648396392
0.008184396279081428
0.009935525783906251
0.009664085668934964
0.007527638151076076
0.00856750916858638
0.013294239545196969
-0.020141337144952202
0.013419840182645984
0.010140641267503752
0.012127663334610515
0.014584083626638124
0.019155949012526492
0.035306390252031944
0.16119964648536086
0.05835198714990334
0.024280215371850395
0.0156378930206358
0.0056996014010777425
0.015023739332607216
-0.003755522398338083
-0.0007272245492885416
-0.03150860603870075
0.0023214244106911763
5.974406710760736e-05
-0.00013528856684760478
-0.0015879363626003287
-0.0029555211890949984
-0.00380127198233289
-0.003193406456290056
-0.0002398092952888832
0.0011898697882522268
0.027634772526903564
-0.002718558508543956
-0.004840411125851065
-0.00913664676485093
-0.012381094938715148
-0.012450963711793762
-0.015566684725768401
-0.024012683286968366
-0.029908859627856835
-0.02208463891699636
0.013329567019571638
-0.0025228205177287586
-0.01596333867161044
-0.015075704386866345
0.0041954925470970034
0.004897693834320974
0.002989549557434455
0.0021088043224672245
0.0013921253755843595
0.0010380693629182397
0.0010113580967175734
0.0015592022637660507
0.002068189803501507
0.0025447926370742646
0.0037475251457373773
9.171190948357258e-05
0.006599773743405374
0.004440722598971425
0.004643381257305324
0.0050521024517459255
0.0051620240202690905
0.005088819521224222
0.003727972774587117
0.0031968963129901393
0.0076051210205018115
0.003421883111924521
0.004364054573572673
0.004560080802877034
0.004422905921415083
0.004619623820402943
-0.001822586160241429
0.008795274295840585
0.01345982876556623
-0.0033119230600363882
0.00042992261990228793
0.0007815386314832299
-0.00018041544214368195
-0.000695104093522354
2.959310087782315e-05
0.0033710834219946475
0.012578083893173268
0.007025390138636552
-0.011663381571582134
0.0058805304218957
0.0046417029353086
-0.0002765694345638179
-0.0038821302392094367
-0.004172704099397311
-0.003764570330658645
-0.004359840230438814
-0.005849376713160686
-0.006454896097886868
-0.007744718002929454
-0.006486683617771507
0.004987446584662587
-0.005144249853812612
-0.004772691711484893
0.002462606155218457
0.0038330117070543355
-0.032643119924905574
0.0030205895415666697
0.0004344771986993005
-0.004612532869954955
-0.004323211169831482
-0.0026439718114286076
0.005035722124769253
0.01605751342297778
0.000846794221714445
-0.04970990294704301
-0.01797000930231366
0.02433916839118696
0.013686578227570075
0.010307558719919134
0.008157832653258886
0.006105540401442338
0.004510531478445965
0.003588425938952607
0.003030668304383481
0.0026587725071735117
0.002408804558483724
0.002363356367440677
0.002353562628313872
0.0029554973990983326
0.0027046132294015687
0.0023419955122661283
0.0021667324718994867
0.001950819590564964
0.0019743686994027412
0.001880283161642668
0.0018329256893163009
0.003503563297798057
0.0028170096280235
0.0022354331149155773
0.0021527385582110945
0.0010130119324992042
0.0005966721374978997
0.00022622658667717716
-4.665036123350129e-05
0.00039719709856514114
0.0017622262575008455
-0.0009804361720000521
-0.0018790882834241243
-0.0024997114463899454
-0.0033775562947886703
-0.003716334784916235
-0.0046864424200696135
-0.005466677253395554
-0.006232691738194037
-0.00696323829082455
-0.007636952632657497
-0.00844870293059297
-0.008776767231118254
-0.00581703366122177
0.0063120228306886485
0.004876742050290615
-0.0070355194015924065
-0.0018844965643550601
-0.0017515259145484106
-0.012337774467100639
-0.013706830638888426
-0.012060699802910323
-0.010695666153494062
-0.009474836664751575
-0.008188298671454347
-0.005452346983012819
-0.005821336737615178
-0.005125467712155548
-0.0041174068242055065
-0.0026636953950255476
-0.002401616869980141
-0.0016864786831127885
-0.0003214086348473002
-0.0004076127835477863
0.0002434695841069264
0.0011901705314279506
0.0029169252747903583
0.004985613041108329
0.002158020799132616
0.004832452331074493
0.007822208825236458
0.0077746531342718726
0.005502602709920309
0.005063081492180195
0.0038062981409338415
0.007120427124813454
0.007379504109212701
0.009020642861372974
0.010966835634308296
0.015175768035049296
-0.004652670813590568
0.033506209138105876
0.01374308463383946
-0.014456216379451131
0.006674104303580562
0.010538458123950255
0.0004389683412833038
-0.0026139191120910783
-0.009376951251377389
-0.028076470132628505
0.004540903305162401
0.04638102976632635
0.018322488222304943
-0.025844152122646367
0.003146983685054015
0.05056864776460932
0.04058334000645149
-0.001056690777789001
0.0014531226061352685
0.00193452476749443
0.010490913533169216
0.011834053431832138
0.007352642442227776
0.0015055237678170707
0.0018200957159686634
0.0025492728636018025
0.005032500052349229
-0.0014323423563753627
-0.008652489629607883
-0.005730587074192603
-0.00840196642344282
-0.010981676142481241
-0.012539467252286132
-0.015725173301268224
-0.022157013738731166
-0.024075476918565583
-0.024361028442768
-0.021803260808343147
-0.015272839054766937
-0.0034543439630363416
0.010614392694710784
0.01652427661632305
0.0028876637153281482
0.020269014607825733
-0.052721877227917505
0.023023563064713416
-0.034133610988225635
0.10866568188667515
0.010016496729209567
0.00960880317733549
0.013507260888986409
-0.00031584336291408524
-0.014003941500409163
-0.021875024183026587
-0.02319064320342314
-0.01997793656044401
-0.008033624069388193
-0.0009573030449351134
0.007905015444259967
0.0012629771345304083
-0.027870187684998594
0.006385001286701007
0.012846027512618893
-0.02388508158073517
0.02846666528408063
0.015129412155389587
0.0326315827952924
0.005088696905522368
0.0033302504038558696
0.01041852446286575
0.008657174125812902
0.00968214861281177
0.008407490583473034
0.007485303491401354
0.007042509646702333
0.01159828978642312
-0.012767874122553128
0.007033651941109811
0.006858465175780816
0.007290096428533499
0.007298558792736662
0.007269609190183726
0.014549333214992377
-0.006297911759633751
0.008415766215919508
0.007346138046410938
0.008123944053422733
0.009012108640465165
0.013036986032065833
0.008782601370012823
0.01451412207125896
0.009437950652526098
0.007987207148182636
0.00417220776421919
0.004651116776600978
0.004091824086519489
0.0032350845105575845
-0.0019689591386022106
-0.004802199196796679
-0.0034244560356228087
0.0014008069102474567
-0.01527015916315659
-0.002694688325201398
-0.007216171979426232
-0.007463769310000485
-0.009312890374724861
-0.010225035843136705
-0.007907409109305239
-0.009316021214547485
-0.006121349587445992
-0.0027565890433143615
0.0032725375446074007
0.010197755709735606
0.01289231927326552
-0.0015796284622466039
-0.027485678837819834
0.004822467284449703
-0.03218942735222453
-0.023447835773868216
-0.001634682595404866
0.01815639183146203
0.01888855158903928
0.011165863106174715
0.0030775393544000586
-0.0017661904234234794
-0.007828949350062129
0.006848552812635085
-0.009420122758074629
-0.008641529050545315
0.007623426316889778
0.009034495453728099
0.002471180688537986
0.007019875669498941
-0.011616743636063345
-0.0061832478562207725
-0.01676479662299369
0.013190884571637836
0.0061851887543114895
0.0006793668725574784
0.00018616973241660265
0.0005685478176647425
-0.014145436222835596
-0.022487330963364967
-0.04054063542860511
-0.020112363199549295
-0.004383367992698252
0.009257404712901566
0.014494717291716976
-0.00547569503367257
0.017207784037888238
0.010664551323194653
0.00863917379785557
0.007258366436964005
0.003979121404698032
0.00429916738401932
0.002688688830068688
0.0028240982575763337
0.003171120769655446
-0.0004565457718886495
0.004099784179434558
0.0021879420957045246
0.0022435204296184035
0.0025083487342104625
0.0022131074661777285
-0.0009346593633203963
-0.010067884843810234
-0.0032405869634333823
0.04781339688591894
0.058348899057836814
0.03735200053851836
-0.011418435044948296
-0.00602511245441293
0.0038608638510732505
0.007483581233721267
0.006504583509046882
0.005242627863131179
0.0020483763930076344
0.004312121243075702
0.005877533148682265
0.001970977124001755
0.010780590453727364
0.006886827388677452
0.006091995606256305
0.00974833541327486
0.012858955054551683
0.009354996670407683
0.010091621068231112
0.011263574690554282
0.011384294782333538
0.010902015261043613
0.010516699120287758
0.00037834400981723326
0.038253381357264325
-0.026742216073311693
0.012433448900114118
0.013011613859000022
0.01005745589272999
0.013841299646698791
-0.0029009546903590033
-0.021831378434237114
-0.01673576446057521
-0.017559199191684197
0.014354828723519886
0.02122649423883474
0.010342600042241943
-0.04392756857607411
0.010717005210357245
0.022093160612621104
0.014936362294567964
-0.003973230750601703
-0.003988079909523564
-0.006559400018497358
-0.005798268866382021
-0.011068582223980945
-0.01997399524224113
-0.019156796044810544
0.005744163946500581
0.019041139140451798
-0.0797728762094062
0.00517542816762979
0.04240969847328542
-0.003151382935586242
-0.008257530551662099
0.009208165060874166
0.012244267538363062
-0.0004516985321884847
-0.016857887373175888
0.0002548239553793675
-0.00021504378548119508
0.002602905098406377
0.008736184276811419
0.01280944548644188
0.011032248002201303
0.00950173381211687
-0.018280753900045344
0.02269980476075182
0.007839236614029197
0.006227490105478383
0.005182191438198004
0.002960523686227004
0.013967445601797579
-8.665520616936919e-05
-0.0022459816742549446
-0.008040024516789085
-0.00560763926136669
-0.0032308428052016578
-0.003355852208895921
-0.004252055219236862
-0.005928990479029205
-0.0073896487985135265
