-0.001582404788167998
-0.18144654188578432
-0.07846476473902501
-0.07413725932332134
-0.07537380288520781
-0.0604905884278708
-0.028753482108428974
0.004670574288201986
0.04011257922812126
0.06433155094068
0.08507459227697675
0.07097024356643777
0.04346238235694781
0.015621082477486295
-0.02272755310011402
-0.07514249521088812
-0.11505103087663086
-0.12563876332956384
-0.08903573343694116
-0.000884372697964248
0.08070820238108241
0.04630792941753472
-0.11176094317656986
-0.022247186487392382
0.0841680417692858
0.10300800887221294
0.054283761746225366
0.00996811395687519
-0.016807259491142635
-0.02494205726149307
-0.02448287845475407
0.002751096120098525
0.018789375320251763
0.029742466990560882
0.03616571265426227
0.0378501905892436
0.04518246800331427
0.030868258452612103
0.01691444924202291
0.016905303637076055
0.008712208038883533
-0.0003733314228966787
-0.009717812555170366
-0.020465194141173926
-0.026115123850243397
-0.029264113186557777
-0.03018437741177308
-0.030483628338227646
-0.028722945379067437
-0.022186142158655817
-0.003649103797708565
0.019328755624698667
0.06730783659321841
0.09480204784666586
0.05017241224526245
-0.03620362616140882
-0.0309941823872012
0.0730550872789855
0.03118295377709597
0.08425287170839757
0.052234569295224915
0.07187454825491801
0.014678090028170365
0.14189942965230176
-0.01631425504537237
-0.006546389746941279
0.06648397867986891
0.08020444135943816
0.02726701216554125
-0.011761509584698097
-0.02084184620423324
-0.022738830495340923
-0.023836910904611732
-0.02488141513172771
-0.025817421887972966
-0.02577734149669228
-0.03360848176361736
-0.0339582291684663
-0.0233868120271351
-0.000863469367754972
0.04245103702706778
0.05679548566927055
0.02049350536400401
0.006329283053587202
0.004885382225451779
0.006644791407830162
0.009595891200323482
0.016062088965735383
0.025960201578138956
0.018553471847948717
0.013899241335265225
0.012619994419744315
0.01098571526769868
0.0037160171634943217
-0.04303913603630157
-0.003361243634892982
-0.04627002744838919
-0.00546570830580284
-3.9985659754973e-05
-0.0010639112888021086
-0.004740589298275337
-0.024507039617626725
-0.07872316414988423
-0.014300337013735245
-0.041129658374972754
-0.00383282730637227
-0.0015025876871385922
-0.0019143053227284382
-0.0038911680653556466
-0.012756764885074266
-0.02672345915549678
-0.09837242812815357
0.003245527037971103
0.019435030788167267
0.03237678818171722
0.050261327268074446
0.013948635259191813
-0.026786859282122905
-0.02409313200401374
-0.024523286691834702
-0.04491583476774717
-0.009197554380760191
0.038146035350319255
0.0455633695127502
-0.05671167530798501
-0.003939907796413055
0.013611585713357717
0.028745460285672417
0.01319357448378051
0.029404899996919302
0.0319629928497686
0.020071789597184975
0.02832840176873983
0.024472480540650203
0.022428576710962902
0.022716616668512563
0.018208740092262594
0.0006839730961407809
0.029699964571853716
0.027191443274942273
0.004872702543093448
-0.0007609548941898227
-0.048384949620137604
0.017965334383887106
0.02596031797612672
-0.029270598890636285
4.5700453330029995e-05
-0.0018864421462958544
-0.0020278926359526004
0.00029301382280027817
-0.00943145385534136
-0.013304304821223242
-0.0014166199381553792
-0.002492118245643358
-0.008853479502219876
-0.00493222388014702
-0.009548240466830255
-0.00567857127730475
-0.0055071340015328245
-0.0060692542370048164
-0.0065518251157676965
-0.008373324906058677
-0.010077311103976985
-0.012897878403675789
-0.015445294966853889
0.03279416411143569
0.021599167953256015
-0.01876541578102113
-0.017702572664696273
-0.024020945563327786
-0.019086052433692994
-0.020313654270643768
-0.021689338977645942
-0.0228611685330114
-0.02519604433571568
-0.033187779878456884
-0.06384650769322596
-0.02554007313687902
-0.019092726984383183
-0.017395363163678314
-0.017469380410567264
-0.03178961292663295
-0.039224912403457074
-0.05805570854117356
-0.0289434138667107
-0.037055942874249174
-0.023447917668438043
-0.014875233296112128
-0.01330162337873819
-0.013800685431200086
-0.014660108129276902
-0.015417745008121705
-0.01622388024102958
-0.014563755537377808
-0.020690603811392403
0.0009588128977967058
-0.001688219606879266
-0.01459202032861402
-0.008626310845223301
-0.007556909516373549
-0.01553473197186141
-0.06784400980078166
0.005818746929932467
0.025104920621441294
0.029732340309217592
0.01623958903795856
0.0010778353377185969
0.0033647780049052725
0.009969505862970246
0.0243299642251487
0.004957454479259474
0.007963942883486256
0.0021136215410584355
0.0015592788395971677
0.003530458818562453
0.035500662026741854
0.0056111799483318245
0.003999529693726749
0.0035408499626243864
0.005337954210303745
0.0046445548166979544
0.005961787132026956
0.006221575620080208
0.0070957937210032376
0.010200908867664641
0.014561989134797117
0.015068911211456789
0.008350148982863282
0.004982992462161594
0.0020553379484696166
-0.002566604191253527
0.03960177997074699
-0.005346235533906682
-0.03250797792842528
0.05549938292434845
-0.01995631844379732
0.034161833634860445
-0.008156132049680253
-0.01230867555139837
-0.08943560233595046
-0.03988887174952332
-0.005406947132894781
0.06548313881152011
0.04316035237227429
0.013020495058367113
-0.013621992997021487
-0.014767108723687413
-0.013897301319377404
0.0201685736160147
-0.0031558718169090822
0.009243745306997949
-0.04906826954575561
-0.0254091323249986
-0.0035731104426354695
0.0090391453488149
0.013234695202775947
0.009025114314725045
-0.0017999233582845129
0.011754875836851064
0.04491556723159206
-0.007266629299594917
-0.008667771853820375
-0.008326438531761817
-0.0024321518570322195
0.03203470446605765
-0.006764580445002751
-0.0005525456599712047
0.04025741898795429
0.004284372005874575
-0.005053376302097984
-0.005654603743725002
-0.010601163276955776
-0.008633634152797123
-0.015572241050297591
0.005681073541250492
-0.0037818399201138275
-0.04637307685012891
-0.03319732085720997
-0.00813770403334351
-8.226250771470058e-05
-0.008125404054869839
-0.03211101147904461
-0.005624278556490607
-0.005963088984931028
-0.008081679545503763
-0.0104597041958604
-0.019744446849108744
-0.005424964039849988
-0.011268528986110894
0.06569598816038305
-0.009729415030763553
-0.029057172074008365
-0.00653749645072109
0.01362979320040603
0.0021794294845174774
-0.0037321295747713315
-0.0032851728591856448
-0.005993655006579892
-0.0414422244571576
-0.037525404366657356
-0.01065006009712525
-0.019437723070035554
0.049054533073053255
0.019768288957246086
-0.0013500477638855553
-0.02567901882656592
0.005880623015916386
0.00938369123926885
0.012392024262732292
0.016226913957791137
-0.002749792124271525
0.022713981717554864
0.024532469724000347
0.02831503415676616
0.030049498232002408
0.029752872474952032
0.04591406287637377
0.03714593334270837
0.03834777950827462
0.03929029688501992
-0.01946088484758581
0.05370357333626121
0.028904015812805356
0.021023120846836753
0.013329120567560276
0.009835480279975195
0.019457842933292023
-0.014644518157035828
0.017570443377644476
0.030413743361729164
0.029647454525477016
0.025672714655389842
0.023547361389902592
0.025589837418381466
0.018672082384258062
0.02100680717458287
0.019788090405834378
0.017429706011948477
0.015049510474349645
0.013269885057716278
0.011296379787202538
0.009846955536065124
0.007964959266068881
0.013413460925764347
0.005959240871871807
-0.04778360464301534
-0.01016202713281087
0.0036268531810503117
0.003698032455132838
0.0006073970860446714
-0.0009585126451395839
-0.023760860282408904
-0.004861384153118368
0.01269101415666151
-0.0035158823406372564
0.08494698720353112
-0.00919158364360402
-0.0013414800606689745
0.01633775780303337
0.027694528877217277
0.004155442750121186
-0.0026690111571155556
-0.0006530418153375678
-0.00215886226467914
0.009654139380413056
-0.005811319828320276
-0.024556977778413386
-0.028279092416819925
-0.05990177190227367
-0.05173167651155233
-0.03295524124479222
-0.01864174434379659
-0.0017310423151422599
0.000580905006107013
-0.0020654043616565635
-0.020938123902810135
-0.0238970982813142
-0.044154849488956725
-0.054709404312705504
-0.036108321022581755
-0.011594502748094536
-0.00858806483112912
-0.05522398679331623
-0.038722339483240234
-0.020419858357795695
-0.008191716224474763
-0.0018899637362591554
-0.006831823356308773
0.010471017032417032
0.014846684561141023
0.011051586616689509
0.004469899466894491
0.021107725212297205
0.022749924627060648
0.014779075601632316
0.0005726974525318132
0.01559053892232116
-0.015799185885059425
0.008917562251004683
0.0056968593571606356
-0.020407910816359436
-0.007967781584207015
-0.03709811699252505
-0.0010213615098461368
-0.006812748562796915
-0.0003659275130958399
-0.0008339640487384137
-0.0017977963605664852
0.016653759371929675
-0.0003750845156488074
-0.005627098694637964
-0.007549153826828165
-0.022280935323404808
-0.02056890523240863
0.017016091204989956
-0.015504440521586288
-0.02117275477817036
-0.022889133062883017
-0.025647459334924638
-0.024381091061492992
-0.016567895875481145
0.004761269838498926
0.05706852655298219
0.10397508585668676
0.013310915743129944
-0.011056336660631643
0.06527375488758905
0.05992282744634665
-0.006162976406799993
-0.028484722747628564
-0.023258020805242585
-0.020506105441812847
-0.012059063629353103
-0.005273544463020426
0.0028826291075985462
0.005532410458549171
0.004327441063021969
0.009646353778474956
0.0048540001661755705
0.0024080885458359945
0.010725280493500106
-0.0031017393032117535
-0.031071864015596404
0.0008933458361889872
0.004803200505097652
0.007386871568764451
-0.002024684926498885
0.006405524065639972
0.05929087737754057
0.0005255639845511486
-0.0048513017581535865
0.00579290769359821
-0.013747079766476196
0.008215872920822908
0.013313841156733815
0.013734194424931862
0.014685174038287728
0.014845143961981699
0.015475213975015662
0.01572549479555314
0.015070388056837298
-0.007427836526119211
0.015456406118001333
0.004629145711959874
-0.027385640612186093
-0.0012504389238410147
0.012630025803092105
0.012899749709588276
0.046341433250206766
-0.010792572165384252
0.01539673522860734
0.16622032365075606
0.005777722639461924
-0.0341067907759199
0.024978973899415634
0.023253092502430756
0.05871314690990644
-0.015741047761353214
0.0032853800909363007
0.01072078400630223
0.018533937247286462
0.028104948551103966
0.020898944972170867
0.0042843910856330035
-0.004881751181848326
-0.019588346515332422
-0.055967045349058414
-0.1679303050610722
-0.05148026909235166
0.04983179880493978
0.008583212374886472
0.003767565870078756
0.009051474288150393
0.01988757466884344
0.019456425187310434
0.017972847153366944
0.01886711110346193
-0.0010084596233485346
0.01203797236175751
0.016782878403053945
0.013749187624191311
0.011656841042643256
-0.008723583548331427
-0.0019784742063039527
0.0027689453706525352
0.003087948277008603
0.00746365724063191
0.01064540094882376
0.0085769971227992
-0.04853233131537688
-0.012034886329429078
0.005986825283671179
0.005920679690935944
0.00506711543700431
0.004105156198440893
0.032436532375320834
0.0024297994992532545
0.003262163294361254
0.0020297985752629486
0.0005949896474584764
-0.00909869109892783
0.0006420249760287418
-0.011359949699960657
0.0046381285420861035
0.0004945109740514357
-0.0013275405755491562
-0.001173498917226063
-0.005522200912517651
-0.00366518105054051
-0.0017505389116580557
-0.0016066263249704998
-0.0035393878462988164
-0.0034261808206391014
-0.003749991040571456
-0.0032515274212223857
-0.004035213403055507
-0.006125931363683399
-0.004656138525739702
-0.004632493371158401
-0.0039311406837529
-0.004207932472782977
-0.004311724846280153
-0.004004910540338739
-0.003422365800373149
-0.0026329448873157343
-0.0031127971341998587
-0.0036801110326265597
-0.021266597517931134
-0.03261821176531851
0.001208027370748382
0.0078076498407479026
0.015755215590798108
0.013673419831558153
0.02029719877158387
0.019163525454291314
0.006580728004775024
-0.0034644046915299166
-0.03465595087007914
0.005948981992845122
0.006829035372778982
0.01843513133706573
0.017239103383827042
0.01125564869081044
0.005489799933382747
0.0010429534303101336
-0.0021349303320927463
-0.003927653923955616
-0.009004841071806421
-0.007162206129714881
-0.007927198126693132
-0.011252404938144119
0.06776416117666585
-0.00886075447990523
-0.009139587661985587
-0.008472636008343044
-0.008634265284504046
-0.009183005232231912
-0.009024761658657853
-0.00946526125761838
-0.007623147082848464
-0.007144476148744746
-0.007054944056568234
-0.013765090428829868
-0.0063674497494644825
-0.005457480016903367
-0.005614817406960171
-0.00521620727353067
-0.004834392487623713
-0.004363019251911653
-0.004080770770818544
-0.0027149182468376894
0.021603167782889884
-0.0018630121106132547
-0.0007145642761695736
-0.0024235814542230695
-0.023332165056806208
-0.0009657365250972114
0.0004176851136421893
0.0011542752433924847
-0.010033042814022765
-0.0443013833635606
-0.004637616369240529
0.002618332444928241
-0.0021672771636142923
0.004441832116724646
0.004560304336509754
0.0044122043979430686
0.004513695516987555
0.003458596868656842
0.004800445129216323
0.016936894246641035
0.008403905988757806
0.004849177526653348
0.00444807707667427
0.004861933090686088
0.0039591557284972744
0.001511674962709615
0.000566123784895999
-0.002588255301683023
-0.016670883136524286
-0.012482480501051288
-0.0025248978278641213
-0.02361423539858094
-0.00346942468616312
0.0027714291615931782
0.004908302714477469
0.007528897976646722
0.003197982083322033
-0.022322741686531464
0.010723804276383593
0.012162294100588143
0.011613665981008041
0.008924007987952995
0.011458385603022236
0.014353317000129874
0.012971898316880583
0.00876860150469888
0.00851844265858146
0.00837170539742341
-0.025661337794982548
-0.0028949755305352977
0.00678806743547648
0.01378538924019354
0.0036094450805964047
0.0030544189853595996
-0.008640916336609596
0.002729423746615756
0.0015551093631391841
-0.004368783403206145
0.0021280225504630187
0.0008152398672420779
0.008859318804479963
0.0025965495347905505
-0.028718912356372757
0.001641537502906023
-0.06684679340389618
-0.056566807530368024
-0.010739191088001079
-0.02134314302933879
-0.014338268244081496
-0.02242854179299228
-0.006407074898161822
0.0021993982514065787
0.003115842357233795
0.004459631143207107
0.006948834302928852
0.016489785021019887
0.008869685596106592
0.0029230045043390543
0.004612092118987928
-0.0007173197775973677
0.004721684026228014
0.005682732145633152
0.00019723624378876863
-0.016101437381009276
0.005448968484548866
-0.008348300221801858
0.003968838325923448
-0.022897059486572547
0.005639934096926729
0.0075059401648619635
0.006902058973010198
0.006356752029142461
0.006960977343606385
0.010361003384393405
0.006593571356104883
0.006237857972976189
0.006355207559056822
0.00628148179166911
0.006073566533142106
0.005606557020993844
0.0018299428405594582
0.010415964908902208
0.011435697129829869
0.008055274327665837
0.009900777535326805
-0.003491005246466042
0.00606764956022032
0.006974346138031166
0.0018372641850495025
0.008472158850310595
0.005805515227563159
0.009279144258725565
-0.03218885298162764
0.00983365329272447
0.011132726700573704
0.011231396468796501
0.012204074082816475
0.012062076488278697
0.014639088589184383
0.016571282627074548
0.018039494787862174
0.02082016714909453
0.01989714946812159
0.016422462369382124
0.07009455793785072
0.04207320149759098
0.01717259893882811
0.027844141421018043
0.02140822150175249
0.01666519173355521
0.013157320727501207
0.010780304807329383
0.01089862777645342
0.008619535152758852
0.007141874303328443
0.0068618717285847276
0.0060118059169510275
-0.004011291309704595
0.0049810167684406475
0.0058701501948195765
-0.017038074623593087
0.0007437906655566712
0.0020486364583740114
0.0017325488350206873
0.018485123263043506
0.0008501295774380396
0.000677082784535518
0.0006246404356741794
0.0008344923842916182
0.0017737316175513518
0.002456046460398105
0.0036431526934345986
0.005131548861219835
0.00409755698064553
-0.009931463988308442
0.006397726782501604
0.019916398693915437
0.02431064584667308
0.025207641205744664
0.013092325676024794
-2.7627116044491018e-05
-0.011594338052911029
0.009154381508890672
0.00975214309313953
0.024380466356263255
0.022731556005806675
0.015372783264142556
0.008672184904392099
0.003771907959233923
0.0007172598959434618
-0.0010831200960741748
-0.0018080912890643985
-0.0016000685078104788
-0.0005323512100977466
0.001313603700396197
0.005737315052014996
0.00881951004227883
0.014161382386891018
0.020953096574015378
0.027567297203679217
0.028418158591572623
0.022661918896942804
0.019447797989550458
0.037377580765146814
0.01807821315280664
0.020323529022788393
0.02307083106866555
0.023641057403995427
0.02514877517575374
0.024825048965841427
0.019691062721741502
0.018202577774075527
0.01604899049027048
0.014789199407210097
0.013151956568870202
0.012152227008237206
0.01080963219600174
0.010415934120021914
0.009913737252561412
0.009126715582818757
-0.0016871975170610549
0.006661341289764497
0.00861878257940054
0.008456002015414629
0.007498282204289643
0.007060477314614588
0.006233094460330909
0.0065830230830535505
0.008960424198471383
0.006527541248803045
0.006159376888955602
0.00692386180282695
0.0009855365662707108
0.004872145824591133
0.005071458782252774
-0.0005740072079561602
-0.0038990024510833646
0.005106132940702478
0.00043394860941303715
0.000676371537289253
-0.005256436769258419
0.0011814632464526146
-0.007241373100492946
-0.06486529697365215
-0.00011780606775224529
-0.00036090893479845805
-9.305147282121544e-05
0.0006527910578998239
0.0013774275043179733
0.0034391144814137804
-0.001155051945066274
-0.002155083838237087
-0.0021906571521519693
-0.0033873787880970775
0.0003081438344481546
0.015005637615537363
-0.0029828630207007316
-0.03464742659429574
-0.005976532892061998
-0.013134308994855147
-0.1078204832868623
-0.03635087436351614
-0.05074524481185775
0.10315387182241358
-0.06634565187795102
-0.03182829017850852
-0.045313449857927846
-0.015353344548576764
-0.020096318477606647
0.005419942966413145
-0.016699105568130222
0.02311839081750641
0.051280687438387554
-0.025177301621009465
-0.025665373448536654
-0.017765171648982062
-0.011101567557301125
-0.009736856515011903
-0.05777821613871489
-0.00930249009753334
-0.004980005449350252
-0.005480782965068918
-0.009338126368757834
-0.006714476261103006
-0.00849543382649765
-0.010487375359969424
-0.015965746951348836
0.07293367699724326
-0.009669399454906063
0.008711504640616295
-0.0021946403149177467
-0.014220879800480715
-0.04465548299462129
-0.011802661366370393
-0.009754838714693096
-0.015057222366536003
-0.006667055614187351
-0.006908750550795462
-0.017498482753445146
-0.00687611795203753
-0.006924634376410729
-0.007144860541930435
-0.007162472500552316
-0.008719120272290255
-0.006492392629862195
-0.006216304340883907
-0.006265901200905015
-0.007988350861367392
-0.007028281659876182
-0.006931544207067231
-0.009431209365068525
-0.009225582292303438
0.009241815212706552
-0.009337088195014213
-0.009039394320464307
-0.003779322985671124
0.001769533215692708
-0.015284090518666102
-0.0035459001160662246
-6.804051321321362e-05
0.007402196484975877
0.014298467871832251
-0.015909670225049632
-0.04005425734614227
-0.056287458478389715
-0.019940560696841636
0.0022875943443087425
-0.0010876615711750267
0.006000212178207482
0.0012544271924659325
-0.006311989580338801
0.0006160940373994364
0.0012585826999185921
-0.003156044761695243
0.00566754380075536
0.02654587254468731
0.011524338923021344
-0.008069158231810435
0.006004506312234996
0.00723927867711777
0.01416924041189827
0.015709042208989932
0.025368053537118986
0.022021564995822644
0.020393639973255783
0.020051699575151034
0.03156041136867034
0.017936354106155915
0.017758483879130087
0.013309462629319018
0.014427736523672486
0.0004024719747154331
0.007074399352982828
0.004387188037848585
-0.00047405938247916724
0.0034962361090447934
0.004613677959572205
0.004005644709651541
0.003210427237505901
0.0034096194119029115
0.0023924932878834687
0.00154535866853337
-0.01954397446434152
0.002205043088281536
0.001848241586377409
0.0014364034025372875
0.0020600205347013137
0.004415224948361727
0.004738972570514671
0.004650775385256673
0.004963895788650234
0.005272162111215311
0.005595201832584844
0.006149926127066948
-0.001301487430029469
0.006068565099181517
0.00560944605949478
0.005625230782007044
-0.011677903459142191
0.006292520646928312
0.008709859534356431
0.007358814114911929
0.0073540316572293105
0.0046958219569016545
0.00159228900656565
0.0004884697256444417
0.005497088248028703
0.007523171293293943
0.006982079039513453
0.005317014404369848
0.0052180049602095265
0.0043720125006715726
0.002898613406545526
0.0006953478409221856
-0.0023451140447765953
-0.006127454339343518
-0.009999234214801443
-0.014323271362988842
-0.022642022604739274
0.010700179287827976
-0.003529504478997503
-0.020126973015005434
0.010324667297092499
-0.008752492746588793
-0.004527202559708695
-0.0010921957175765169
0.0011107016090677205
0.0023360145094754032
0.003047278939130937
0.004572394880344949
0.006016343375521538
0.008388173897063107
0.00963387143576348
0.011867243111628296
0.012710107053094648
0.002060439449052585
0.006184281918023488
-0.028293868786628994
0.004181366816501536
0.0037072955612866185
0.012883196359834885
0.012619690250579586
0.010359127624080519
-0.0006319518659228479
-0.02044083576789776
-0.0027674165921611964
0.003363145167704756
0.00341466761204054
-0.0007969863234789882
0.0029720162576840543
0.0031935945296988426
0.002937834331021526
0.002231964107790619
0.004302637032765163
0.004409508615639385
0.0048432101835252876
0.0047646560508452914
0.005469028434346411
0.005830231124345519
-0.0026211567129852857
0.004554918914627236
0.006167670609852833
0.006724945964574784
8.90884438508372e-05
0.006074924678924165
0.005241480255501909
0.0054668893337842805
-0.0015238884566099952
0.005509649855534029
0.004809049078896111
0.005478759697219445
0.0059711385333965
0.005596117281381711
-0.010878981735907435
0.005458866555180249
0.0017529955947213748
0.0010180193186456784
-0.0020328340684806594
0.077811668010114
-0.0026073926945902157
-0.0013935969135816094
-0.022262779235955425
0.002868564116415629
0.00392321822133353
0.004689961488226375
0.000885468092018711
-0.006053133748328322
0.005347655543578425
0.005824976496283609
0.005797304615217396
0.005531449478344016
0.0055153983766370145
0.03342016869082561
0.005244270468533319
0.0032033428795683314
0.003946817539139571
0.005433979659897635
0.005946019863425868
0.0062082029570524385
0.0025697089008270297
0.006561233535281837
0.006966090955417878
0.007478568569519864
0.007759310517126649
0.008496221535977379
0.009503618613784525
0.010926371191448386
0.011862909918706553
-0.011726711785739133
0.0014232803468769678
0.11734032962583874
-0.016021193426016773
0.01591409180306055
0.013035713098581071
0.009085270281339198
0.006423565193410492
0.004653959660566326
0.003263355974454147
0.0014093891992772057
-0.010010931493153017
4.149579096853823e-05
0.00070893435588449
0.00047003687088592144
0.00031710386556786527
-0.00029459710151753365
-0.0006625195959603519
-0.0009030285501446124
-0.0010321462890634963
-0.0015475044691631169
-0.0021864649052597512
-0.0019392702095938211
-0.0021581029733430622
-0.002230065463857046
-0.0023432034201094822
-0.0034386554378857542
-0.002366442186049662
-0.0023315783502969242
-0.0023147525878991515
-0.0017362500558447066
-0.0012416776061087939
-0.0006213867179275057
-1.3880322800606075e-05
-0.0001686132009457432
-0.003480574472250378
-0.011804234175038605
-0.018728882954202282
-0.02146558695749443
0.006785002347115791
-0.021333241571586406
-0.013447115956690169
-0.007699619182139378
-0.010413720885472292
-0.006753745667929727
-0.006364526624083198
-0.005887312242965832
-0.0047674938273552115
-0.004481478001451806
0.0016159496505312224
0.007824598849215167
0.013211842467106799
0.014351755916521878
0.014590746626123259
0.018495564954378634
0.04203339638370548
0.0026117946155049605
0.005852954472371452
0.008283390461022588
0.012099982017585222
0.022140963504750043
-0.003878711910849916
-0.02041006092374463
0.02571957349567611
0.02437655809218165
0.016558108108909224
0.011326608777796555
0.007992771516635086
0.0010676412554848894
0.004310172215857949
0.0031156727858477084
0.0022481803728666948
0.0016199204507446401
0.001263671462105484
0.001433169912956896
0.002426331909216511
0.0013738926974433325
-0.03416533204220548
-0.0827803325202824
-0.0038975073428478215
0.001954893135530305
-0.00029502663835493585
-0.0015162837620999819
-0.002018496914161646
-0.002376874819999335
-0.002723785905737703
-0.003247095271419133
-0.0007215899046816045
-0.00036258434667437426
0.00010171800532097325
-0.0038500028856195585
0.009810619384461844
0.01426661149000438
0.034365366183360356
0.061832116503735615
0.045491006056774634
0.009153974036369026
0.00030856389681433463
-0.004289402832590199
-0.011455238140784491
-0.0036973375771543484
-0.004811752335686741
-0.012146068216005786
0.003923126854471355
-0.01946902252010136
0.0006987313006623339
-0.014416201423386383
-0.006066410379541
-0.004883451337576331
-0.0063808038084402635
-0.007636699559224433
-0.007846161273791653
-0.00829239457654441
-0.010153062914463976
-0.007257809546927613
-0.007996375711573864
-0.006351425154838596
-0.004504808417274948
-0.002325600011475031
-0.000632247745252599
-0.030989364063288866
-0.11523265378183269
-0.024126183178507357
-0.008619697217355525
0.0004453452947474476
0.00011798347242154391
-0.0007888769198755273
-0.0010692572420953504
-0.0006372863325015879
-0.008004802740377223
-0.051578352487256555
-0.00458560823928849
-0.001549418813408883
-0.004171421426290595
-0.003298109878934096
-0.002795164952234557
-0.0032773937275294663
-0.003127878886161996
-0.00674784058139891
-0.019611488811404405
-0.06303062916376966
-0.014553838054943743
-0.006729075992512249
-0.007973838454908485
-0.010144424115419444
-0.014193025613456275
-0.0215123776151414
-0.028701263650809217
0.015055533003942096
0.02046551733476951
-0.023472163413051823
-0.03134437846075497
-0.025791005137395656
-0.024236724774282976
-0.02780596089512731
-0.03871244342411451
-0.0158911611426806
-0.014339962857111942
-0.017621814698460726
-0.00793466927560021
-0.0018591450403979118
0.001979392025345252
0.005523239195028168
0.008323486251956605
0.014454272298788616
0.019203586138714365
0.023011184765358933
0.02146911496277652
0.010471532921203239
0.017436208481216946
-0.020669686260639822
0.011631968634448682
0.010180444998437298
0.01690722194803173
0.014525378228643264
0.009962450752806181
0.006113768804870441
0.0033620481686145558
0.0016028307338149283
0.00046620254302253566
-0.00016882519852971767
-0.0005181361610085522
-0.0006690186016261497
-0.0006610736439254755
-0.0005853003332828542
-0.0005278015632578588
-2.393300738844147e-06
0.0003260483222829797
0.00022184075605511443
0.0006453205803100888
0.0013094412386410567
0.0013913890691175552
0.0013842563388240304
0.0018423008270437087
0.0013058200519073721
0.001654207418437885
0.0011600068418390248
-0.0304177709123831
0.0019324625242478062
0.002713398121108141
0.003224838490125498
0.0013014540208250763
0.004081828116916517
0.004029239615674364
0.004134349865658265
0.004538830782229527
-0.0015344988288802262
0.0019907973928373485
-0.033505168659427584
0.0007737879850755883
0.0036524414814507918
0.002741848430820421
0.000677068433581339
-0.0028921696441436455
-0.008150593157704682
-0.018348084888993147
-0.035175079022706245
-0.05762528340962393
-0.06626001174283043
0.0217921877272327
0.016895169111085673
-0.057567291832171706
-0.11837978611674284
-0.001985272817047207
-0.015577096038058248
-0.007488525568393868
-0.001390558670234133
0.003641039802288985
0.00656946249753428
0.006681907666446822
0.008726453457104294
0.008615167909632127
-0.017008079375039467
-0.03839207161104465
-0.004366397226662032
-0.005728213333743865
-0.01115413732757647
0.0021828504665156083
-0.0035666514249715403
-0.04226872873143684
-0.006890848248040379
0.00046519156289874357
0.0028561221973391693
0.002807188216923298
0.002980146077678762
0.0020220641875568347
-0.0022013697789717694
-0.020272568832649263
-0.0040508835425010215
0.008911314347793095
0.0007464286506669393
-0.004500354700260801
-0.0013420832236016973
-0.00045311001855437766
-0.000840620893398635
-0.0022147296751270596
-0.002615648004113267
-0.0017096469177861364
-0.000663429889474608
0.0025999880048546992
0.00489370416483211
-0.012515761500892217
-0.00924265027834425
0.014033876487592552
0.0015207657436546818
-0.005781899212765161
0.00013768580281259163
-6.844322164107719e-05
-0.0035744339184232616
-0.00558358465308805
-0.0064930737634518254
-0.0103393862689953
-0.011709652170474004
-0.009375052500198778
-0.005403927639741186
-0.005421749080395063
-0.006572214229881397
-0.006370694214361092
-0.004287404234981277
-0.0027611559048899936
-0.0014102292563081679
-0.0018395030752101484
-0.0072176011472798556
-0.0012609875431602209
-0.004776353875185267
0.0028426533971418655
-0.008956570028972268
-0.004432446809534961
-0.0068134397926797475
-0.005048018454911906
-0.0032556914352971575
-0.0024516182416123044
-0.0015352332398949635
-0.0011993577815336543
-0.011022530778439487
-0.03250006366390846
-0.005626317647745606
-0.0035342326508009943
-0.004870582810593154
-0.005075583230242228
-0.0045386759651572
-0.00429797391757403
-0.006124080113707587
-0.004380062072734701
-0.008220769746898825
-0.004520167124699894
-0.006050410405533097
-0.004573072741839344
-0.004179025932385713
-0.004360001188896693
-0.008844064061910835
-0.005878716804721261
-0.005125363017243222
-0.00458348674990169
-0.005006622472763327
-0.00442735836506683
-0.004448407663445975
-0.004336930063337089
-0.004453973856542195
-0.004672892487087625
-0.004604900380471708
-0.005277989010893271
-0.0068912653248505915
-0.029664903337602806
-0.004196909413305495
-0.002766260770635451
-0.016203460613466104
-0.010604362206112553
-0.001943774622965778
-0.002023324129531987
-0.002260913624887648
-0.003549326158899222
-0.0083849608415925
-0.004595346325876721
-0.006014729292696817
-0.00436994544709548
-0.004284572054695836
-0.0048265268471007865
-0.007349939414574437
-0.02345727852350546
0.00043436404090718635
0.0058302192103973005
0.007638882482185838
0.002033957717237659
-0.022300711343847295
0.010334011039797497
0.01496343729934085
-0.020107502141972565
0.011355153018488974
0.014026328471637135
-0.008423488166058079
0.010690450839552891
0.021632604089622216
-0.012809134718154492
0.007283381917965254
0.018127430754834566
0.016021070250602332
0.0072323189369840725
0.007571052292010877
0.008755823532919883
0.0029328671404160447
0.0011109429442010715
-0.00044365805832918495
-0.0014379578402120463
-0.0029980039663198986
-0.0038369721869938676
-0.0027235804228968245
-0.0027319366300072568
-0.002912647214681279
-0.0031945055175995394
-0.003533508750983671
-0.004482543868849526
-0.00527011805047128
-0.04216229688744984
-0.012414838993339842
-0.006517641804000061
-0.0056275412040881455
-0.006995430381046476
-0.0071847848196164585
-0.0061933430945569825
-0.008922139966392665
0.005514552212283865
-0.009006142797043332
-0.00030419138539567153
-0.005327847618400466
-0.050387785773181995
-0.024620889260723075
-0.007192812260929681
-0.00519242861378373
-0.005531665001502079
-0.004315907589979926
-0.004026399332279204
-0.003989735258453959
-0.0034087427548461146
-0.0032893491226008986
-0.0032194204820158445
-0.0033965846697031265
-0.00459824743958521
-0.054907823369012336
-0.0031452799636612194
-0.0021889816025632944
-0.0021098346376573402
-0.0031292642072761863
-0.0041828414094411195
-0.00912005280243937
-0.0177792407972112
-0.022846413612745135
-0.0787816250164513
-0.09320005445749283
-0.024128698186134456
-0.020944566765348043
-0.012127592067209793
-0.005593852346728052
-0.003390359292147209
-0.002979222330447546
-0.0018018308687555115
-0.0012611946718633744
0.0005263871065839915
0.0014902802840471628
0.0018771649116434707
0.00171370111538402
0.0013665471127328743
0.0006696135400408807
-0.031240509024238507
0.0007513643369494221
0.0011845981528406271
0.0021414102693964876
0.00085257562495457
0.0027921556750076693
-0.010317347591721605
0.006983900943421305
0.011811219058631455
0.007447151744920919
-0.07287574856391472
0.00338160211906523
0.007179107967827767
-0.001531187201973502
-0.0035560104424142798
-0.009293266587525514
0.0022896164770087294
0.0034086727701543354
0.00382515723913793
0.004264093772422864
0.004506238794621883
0.004753000720762147
0.005188331275427627
0.006518578802273753
0.00572230627527275
0.04022499503043408
5.4581712943919346e-05
0.007110056270904105
0.006571041235472691
0.005293227701285504
0.005987839920124155
-0.008140880306812042
0.005770281724546869
0.005644098358569337
0.007521076477236062
0.010587736818410767
0.008060222000152318
0.010594912055609404
0.013814430248797607
0.018261619937823156
0.019037137556517512
-0.0011232210122904412
0.03045036172464486
0.14468430701595822
0.02151439167468501
0.013825706312086385
0.015271512367409448
0.01313892318765112
0.011415088882582887
0.010058579593741934
0.02868791595774225
0.008364660031849809
0.007335619534509495
0.005990105271322751
0.0037499564861487996
0.0007000625360184342
-0.0031242341464081135
-0.00624010680749465
-0.01184335790540048
-0.016661837523220348
-0.012908928565942005
-0.017615519991304052
-0.011455378808605081
-0.006117964985674887
-0.002667854770759354
0.0015450584979396118
0.0032851516198710894
-0.010485344401626176
0.00777901040224753
0.008800313328134296
0.009193653208164478
0.009328392065688284
0.009186759860918612
0.00895688761277167
0.009146944984890154
-0.02176370289746162
0.010573818443400836
0.009606535653532377
0.009174596474818853
0.009332549231116186
0.009076814357076548
0.00890131889548655
0.0049635131836341904
0.008333815849662767
0.008057833407725102
-0.02833109912986719
0.007205371626710042
0.0068534226975608984
0.0059603802449555154
0.004241916845312471
0.0026132950881712367
0.0056501388526842364
-0.004007279441855812
0.013333282420185747
0.0013165274897297833
0.00040200305472693095
0.0037484115837140963
0.004192990840040046
0.0014032612701235536
0.002781324621648709
0.007816471759749458
0.0021855056037755867
0.0023677624998488253
0.002501225150986697
0.0022328900373902415
0.0015406471940054305
0.00045216783208998395
-0.001329693176490026
-0.004348365075962912
-0.008306082340916515
-0.011048507676386075
-0.007229982724998028
-0.00398006726986752
-0.0016219346858399254
-0.0002912731084350641
-0.00010125801874079605
-0.0007876406735058497
-0.004797858617452833
-0.0179290592862171
-0.021893026071399337
-0.01340494703115415
0.007352391282850413
-0.02778120868892848
-0.013919698116824315
-0.01589965228253874
-0.007457618430467148
-0.005243046558557468
-0.004992909288505308
-0.004695597708305729
-0.004158389547084665
-0.003965605506708142
-0.00287575305203281
-0.0022433953037806543
-0.0016865253784265689
-0.0011815311764265862
-0.001548806643675999
0.0006844288057387873
0.0004414950187937597
0.0009747110812233531
0.0011592587317116449
0.001908217909676641
0.0021471343216455953
-4.532861903744901e-05
-0.019913936992450254
-0.01351038154236869
0.0011389655719918487
0.0023807850063178064
0.002215222702085512
0.0024225984158368404
0.003625698378937216
-0.0009101159543458084
-0.053481839486181806
-0.050838124120219076
0.0005587526472780789
0.001959907164399881
4.617733752853722e-05
-0.0008930540659415546
-0.0016319441750495024
-0.0026771350405501207
-0.004448953890632101
-0.006436277072535574
-0.008779169536121017
-0.007859339739439105
-0.009019423785773183
-0.013899062533430416
-0.009232638993328001
-0.0047012961577896605
-0.006608177977670328
-0.0032898739101640015
-0.003093495506936154
-0.0030815132971964035
-0.0029430681103176475
-0.00385646872905822
-0.013532756047592784
-0.03406708401304123
-0.005706322074224909
-0.005596341732978531
-0.012992579493180155
0.0029235600064084974
0.11639154725100886
0.011915695417261795
-0.010518407689780485
-0.00303162518095917
0.0037544122549981285
0.011797255147308401
0.01555950105637737
0.006698037920032124
0.005699360462178786
-0.020205000828824614
0.006762044210759695
0.00427677592706354
0.0141952518465626
0.012673899884021966
0.007868187981289573
0.0036427975370545186
0.00040798264756848797
-0.0019335278047255462
-0.0035233936801615717
-0.004094072069894754
-0.004831485005577385
-0.005098154889985833
-0.0052951694271052546
-0.005452124612563214
-0.006047244363960665
-0.005197842864031845
-0.005067938778909011
-0.004905964660815229
-0.004707800195881484
-0.004526515359091463
-0.004366349025548098
-0.004092593997575267
-0.00395270925269714
-0.004158894191703396
-0.0038611322560319072
-0.003456627176670437
-0.003300793025395151
-0.003255649466383499
-0.0031679357022653272
-0.00309435460106176
-0.00545389259377279
-0.003241453286810223
-0.003364844123686249
-0.003490816839030805
-0.0035030839914520053
-0.0038955312268219512
-0.004159874544990709
-0.004475011136299911
-0.004848846293529973
-0.005313492158118773
-0.005967641729092145
-0.007450809774232479
-0.01048472745147329
-0.02033671175013527
-0.03257279553438504
-0.005717686328733349
-0.0359542185713683
-0.026376306724082147
-0.02781061293621504
-0.014013053861932077
-0.006864324868883966
-0.004719826766203048
-0.0038283415180101537
-0.0032688274360389235
-0.002792029104287285
-0.0038869430441633313
-0.0019415454166484992
-0.0015577920489677744
-0.0011411614491599093
-0.0009393432245532911
-0.00025573460825804314
0.0001986235364341011
0.0005812802071656183
0.0010434371398440492
0.0014560440696669735
0.001728577050405763
0.0016583472132182203
0.0012336305301412136
0.0014017597087189726
0.0016037412214015539
0.0027406503504746075
0.004748414723631887
0.006181526589783481
0.007103297823086856
0.00824344526256217
0.009054130243051819
0.010515695787980776
0.012244406414663829
0.014913620112568641
0.015683217276680612
-0.08706841410364019
-0.01210128036011191
0.007314057344101056
0.0007939683914932952
0.0017678839823681743
0.0011229593905194549
0.0027341483999909436
0.004544201430873266
0.004855061861253915
-0.006262023538518581
-0.016113841029441245
0.006306219071138239
-0.007505939229160923
-0.008312432550454538
0.00551822200559934
-0.02661973256226827
0.007073161662340369
0.0022252476381426026
0.0034200887660226355
0.00601673920361605
0.008933213252050095
0.008743114461470438
0.013357160121371682
0.012922324795016822
0.013059071854965238
0.012826806862118132
0.013709938840164136
0.014284160038073751
0.006482076554654374
0.01430024817736216
0.014148757441357403
0.013947333123778214
0.012919198968561975
0.013018123723028036
0.013191430086196103
0.013403167562531829
0.01448280543854314
0.016477537532103587
0.019769803038661087
0.024606657801429392
0.031073462517344826
0.036447829639209825
0.032986756099763925
0.04188401706357215
0.0171462419954381
0.0038953104579790357
-0.005555146173370107
0.012210879698747248
0.016901057373183263
0.03242659637059044
0.028188945452972656
0.023549712623068257
0.019388760578691967
0.015159337699344006
0.012188922308745496
0.010211702201835657
0.008414743937822216
0.0056630050967573335
0.004733192774955624
-0.00040370937715160485
-0.023028656124721967
0.04884793935684845
0.01487489800370457
0.008170774482398068
0.030807804871140165
-0.01914230090608149
0.03338755875848558
0.011396670667913434
0.00014501277374863005
0.017188607763179205
0.015798866474375933
0.014832334979332082
0.013724898713119485
0.012715966231265051
0.011672746477436335
0.010971897719741934
0.007599411693763222
0.010283621707902691
0.009795728364206838
0.009441022314675591
0.008857067118417085
0.007886269172607293
0.007049244366575142
0.00382410413545593
0.006328468705153307
0.006331157102582287
0.006228316402784671
0.006911029279723336
0.006195858147641771
-0.016100306162389985
0.0022401051216904776
0.00498282086155063
0.0033704707227657353
0.0012969278880040924
0.00206948091968098
0.001588119152433382
-6.335097007013196e-05
-0.0069144975870028755
-0.003037190735055148
-0.008406746542658406
-0.0005619895429094099
-0.013871399842423556
0.0002616289188909331
-0.002620643787899364
0.00204987229004641
0.002862840623072872
0.0030065598633719397
0.004558415007943116
-0.002933038424538087
0.008919963855109923
0.011960291458118989
0.015725974509315087
0.020327504554063514
0.024666519510069068
0.02286224772569542
0.0011087371728241292
0.01101831231598625
0.016590209421732657
-0.008450412559693712
-0.05366772739378601
0.022660166905789147
0.02202670161539748
0.017135178455695826
0.013172067577929087
0.005786671463578018
0.006606998691088368
-0.005063313777267014
0.002971571575696013
0.0038567925657062535
-4.116137659788924e-05
-0.03370749387146057
0.0016684476753482489
-0.013269074336280013
-0.04321743161721005
-0.006763179946128216
-0.020240857544945576
-0.013567455321299288
-0.002861925936417696
0.00217457488094029
0.005235950974102447
0.00824212031398132
0.00813936369762755
-0.02214856996958001
-0.09088587947693991
-0.02561112174284116
0.009011699526201086
0.004407541212222684
0.0008373070176114466
0.006125896874817227
-0.0010232376459127352
0.0024607005291238963
-0.011914505010246917
0.0028951299888194445
0.0028754286251137973
0.00044082925004612183
-0.011594334954810768
0.0006401351688003017
0.0037217779369364892
0.0030577392483396
0.004427418990795386
0.00502524054646429
0.006105115436861788
0.007646094512494731
0.009592597216567125
0.01112301514946738
0.008881507950608285
-0.001626810631723175
-0.0001990076549038534
-0.009638798824630071
0.007751006779833863
0.005363391896682953
0.01652266186080172
0.015345898661720602
0.010083357398937245
0.006015866953794519
0.003141656272336124
0.0005506387332325141
0.0003024191531335278
-0.0013303798018710596
-0.00252816241671631
-0.003462468756061201
-0.0014487354695157672
-0.0004182250330697652
0.0005198367853836565
0.0010549174561598378
0.0013336361375378782
0.0019327796098820246
0.0023976649865442767
0.002865408714032663
0.003182217658247087
0.001314535755658093
-0.0045330141496925415
0.0028074863827897366
-0.002404896805106766
0.0009248545031707255
-0.003881133539966243
-0.0006851613416761516
0.00020219359561205589
-0.00029228866353921444
-0.07077467078647093
-0.015080272067482465
0.00838919873236886
0.0033335008591566045
-0.0052812088197120195
-0.009314402210805975
-0.00871865524094772
-0.010911851436123431
-0.008561333274058119
-0.0004388587455282146
0.0045264390277830096
0.0061344334230289295
0.008749204632220843
0.011888236112376688
0.016010439529932956
-0.01714621818510434
-0.02861093117746715
0.005585602962046804
-0.018226105644149566
0.011171412609348359
-0.017821342453075213
-0.012388805165631
0.002286581179845882
0.011469988602571903
0.0053856239008116145
-0.00374938200539089
0.010382785105201377
0.012478430279751042
0.009250076767578315
0.008423644278673762
0.009708839144842248
0.011935077736724344
-0.006351274458171188
0.014551708378689536
0.018060244657505605
0.016012649049594815
-0.043073068662995026
0.01995611541718641
0.018215870547713755
0.012749136717297787
0.010758840960789396
0.004867482608855082
0.01140479235381414
0.010987074574979345
-0.008400543116950649
0.004924826058127929
0.01275623781668311
0.012295450236705073
0.011849007104587575
0.012045732529560536
0.012117376699136578
