-0.0008881247930657388
0.132871595306161
0.01806959654768939
0.024971594386959083
0.03092563249453197
0.02954769533987885
0.007689261739439353
-0.0377000287431358
-0.05745165040142658
-0.0435893005690873
-0.015280655349317343
0.005005042398816747
0.02239589539820277
0.032210978547916165
0.034604720462930054
0.025257172206832594
0.00478650865145691
-0.01653390434665332
-0.01967448580270967
0.014076204599469224
0.05830715185012697
0.012070837537537587
-0.05209074037086006
-0.042541679967872066
0.04998168110796028
0.04413127591215092
-0.010080991767075312
-0.043908846271574556
-0.051193146444788076
-0.05293643978089291
-0.03354767231951545
-0.007020735778012231
0.00855770241894681
0.01864699970444186
0.02400769849391868
0.02519137738274586
0.0029786605756902456
0.020964924210523525
0.0197973488271227
0.014343019094785688
0.011165412720562371
0.007660895939404443
0.003989839214663124
0.0011382874422022403
-0.001900938869044737
-0.004057956710313636
-0.00689306752874321
-0.009407428333429476
-0.008997776829222672
0.0010665805991203969
0.01812439070810593
0.023872658875776328
0.032906074208558095
0.003955349078293417
-0.07341898213589597
-0.03186113577665104
-0.05262426990480181
-0.12556975395556025
0.11422889033023767
-0.12028303597160643
0.17307099104409532
-0.1637442082179254
-0.011975657199965366
-0.040722053664850655
-0.13739954991380074
0.004718748460070758
0.04807231669048936
0.059982628488924564
0.0430132690255672
-0.005667888338556978
-0.02691125303446251
-0.025350480063083134
-0.018944512185221394
-0.014361619927452891
-0.0136880233305791
-0.01774534696863994
-0.02342729611478492
-0.02613989943969188
-0.022159612097454887
-0.026890223232750532
-0.0043372626529213105
-0.0050212350712303955
-0.005563416714378725
-0.013725797379620482
-0.017297911738830878
-0.01651348540719262
-0.01273121830996503
-0.006436684499238809
-0.002085501025010825
9.79413427342313e-05
-0.0018869342954928423
-0.0011967541147273931
-0.00023134061869435588
-0.0030925642636050474
-0.014995930034711486
-0.004101444711443584
0.012985401101635758
0.0025591232202920038
0.0061431451915365115
0.01025420372411949
0.01097887814123996
0.003356808817408811
0.02246247287780732
0.007847170271506205
0.019250715724544315
0.01759945963169632
0.018498939198733858
0.015112400152819314
0.0064143655146039575
-0.007668217429243184
-0.025959220742809194
-0.007222541767906008
-0.015522560052993054
0.010481896611544706
0.04687429460515306
0.054591817557489486
0.032628560055230495
-0.13435676964517662
0.15520858325725467
-0.1090616408024265
-0.10375620628465596
0.02611460851872576
0.10506754852464499
0.05107871858190089
-0.014706869417191803
-0.0441048126941666
-0.03157778477783738
-0.0006921196862518663
0.012246943382602389
0.02733606485613852
0.032278921008651276
0.0157618521248058
0.023254482342154284
0.0129486893822739
0.004335979447516641
0.0008938225692429719
-0.005628834700763792
-0.003985923516631643
-0.014227910654967696
-0.01848942427588043
-0.02957592141225511
-0.025633373936899975
0.05781245518368178
-0.023145844740906207
-0.02431051100143789
0.005911604143086727
-0.02002949794697078
-0.02147890967114572
-0.01813053119006917
-0.0067291199320669275
-0.007789698659118579
-0.0009965324038059427
-0.0017855405821881097
0.0010186105473919012
-0.0011890340737236546
0.005712270981286919
0.006121339373058147
0.012872044162760533
0.01720121429131992
0.021042576523502162
0.02446128463262933
0.02710451488900595
0.029076577394744844
0.030017848058587884
0.03186156375117544
0.03107518280769897
0.04379931177696376
0.030646038840911907
0.02594321551727778
0.01689442542491559
0.013131321253462589
0.005624311302249636
-0.0043042400849507235
-0.014830288961644015
-0.024451264541170706
-0.033095134678228603
-0.04285065850905091
-0.03697945633356063
-0.028265037698439292
-0.014129611939119187
0.002075371020142676
0.018361613942470836
0.032311140227356164
0.02583128586305295
0.005660390451771564
0.015676385612181112
0.014246350291402048
0.00019611939183090368
-0.015260168138952852
-0.02718068067899745
-0.034000481014017286
-0.03590627082648334
-0.03401248554603475
-0.0291446437077027
-0.02050833863889338
-0.006558099557339197
-0.0028847558134619945
-0.007970758546275937
-0.005375634234012194
0.001668865590717275
0.004475168559626284
0.0015932205286713942
0.0075167849751331655
0.00031144956428540637
-1.4872578836765187e-05
0.012785973273410519
0.0065010613210721374
0.008059128836303043
0.008074184502008952
0.005482675326726213
0.0023659660078033723
-0.007758143286705896
-0.0036341011937655247
-0.00576166270989726
-0.004494891424549681
-0.00986174505003825
-0.008007031929210503
-0.008100497207373328
-0.009363297270260827
-0.008470504872250411
-0.009397599484638813
-0.008375199847419043
-0.007576252181400483
-0.0057214618844450855
-0.00415691738993124
-0.012597620059040278
-0.019901349880991803
-0.011187397006943774
-0.008590331616303048
-0.012061106241584407
-0.016429824218199208
-0.010800585250919354
-0.021765449592759188
-0.029396441925290364
0.05245839028407913
-0.027319904342829507
-0.020458868519602533
-0.02117005839671039
-0.022329298082297194
-0.018566264917558327
-0.029629570192371436
-0.02950879506641158
-0.019386690489681307
-0.007984032717560369
-0.017555189343838633
-0.01786632802778199
-0.01925060670233472
-0.016980026000937162
-0.011392728238298516
-0.011711260139358786
0.03591201503558366
-0.025340072798464435
-0.012210235784824152
-0.0035208323456515822
-0.0022191092569531666
-0.001953887693346395
-0.001366625054030412
0.0007211119279879914
0.0025604263215374475
0.0006153040202597056
-0.0029352960537796257
-0.003884299469284577
-0.0014209654463118245
-0.0015988496483837972
0.012291322376451226
-0.026651385885741962
-0.0021930633559845607
-0.008481492608817217
0.006406480855645824
0.004092324073925219
0.0033708263202249333
-0.00012597435843466018
0.002807842649422533
-0.00830966944632644
0.006449183242577153
0.003172432972611148
-0.007271148530949008
-0.02128782211391163
0.005649668246008032
0.008251567216004316
0.0019262995570956726
-0.002812565224022813
0.007779206931909017
0.0021230472703809913
0.007612090266413442
0.009968513984075491
-0.0027772078368775337
0.013668734188574982
0.008583409014122963
0.0354653901352464
0.009787448978704132
-0.01217096253276743
0.011870049201724459
-0.009083741004235969
0.014682203402171003
0.01212680799990395
0.011575531274513304
0.010947383268693545
-0.0001722361039558403
0.0008878398954790498
0.009913585263057065
0.004907196051093739
0.002040076950124747
-0.009422374130667564
0.01554012097039899
0.008569814071534742
0.017946051077506187
0.0200521391084375
0.021960129438172018
0.023114477122023646
0.0001196057326284395
0.02387764762656548
0.02537975290418281
0.023200821558666287
0.023300719632081628
0.03274395859878531
0.029278664573402315
0.03570991915049054
0.039467288074426794
0.05513226477723192
0.01753770456267765
0.06093864966268489
0.05204487448953208
0.05115642702393598
0.05797805112251011
0.053521287084850315
0.03622672361939214
-0.1271462514151541
0.023833427346548218
0.050095879814373516
0.046978025849885786
0.04188006371167084
0.04173928536615183
0.010184198160080897
0.029186616917701316
0.02458435494324517
0.02211669891155436
0.01998842897142487
0.018173045691809525
0.016081759842662576
0.014257178896640054
0.013053619917228186
0.01250999903054319
0.014976024789119708
0.012977739492107612
0.00047398138351303134
0.005006112504173584
0.006379726765600123
0.005134848523449544
0.0048071603974075205
0.0033524596027445074
-4.849188366614452e-05
0.010837256154069618
0.017871578489869026
0.002335768264345158
-0.024870490645930558
-0.0020211706864622578
0.004757539899922474
0.0227127061978013
0.0029168622155056893
0.008968426043238801
-0.006012296430532053
-0.0070197963379736265
-0.003178429484606671
0.005749128920598395
-0.0028392563216787744
-0.0031583529558305585
-0.001440384156138331
-0.11918735165468593
-0.12199987454196877
0.007652660339948694
0.006298929544628053
0.004699488109032293
0.0043005440487234765
0.006225796303699073
-0.01067821472136036
0.006360931626531321
0.007515374144614345
0.01722455452102536
0.050654882597872986
0.06459871975911549
0.04868228190864843
0.03647468756562119
0.026212791507628157
0.023053960071240904
0.020539848394933218
0.018875755776608466
-0.0010680839584932625
0.013321426317678943
0.011577556973589937
0.014318245028597106
0.016225778974815627
0.011154825999120065
0.014421256827747562
0.005905064232659233
-0.0012162966122962735
0.00882709452622746
0.010229936534410091
0.0011956775171211313
6.663103661436851e-05
-0.02748437021526415
0.0020871141040826238
0.0018318610427546802
0.007479827940839944
-0.012581388961483307
-0.008871576379129996
-0.010802561326897046
-0.010654738934039674
-0.0007704380894771466
-0.009050235930288619
-0.017095851656997237
-0.01933785710899834
-0.024004489242420567
-0.05927994621424264
-0.021627432933578307
-0.02636871553216075
-0.029209948011287224
-0.026557038659613112
-0.020293951104877993
-0.0049211432447226235
0.02122759767388919
0.04490056212847255
0.05095138948905357
-0.034582542236745305
-0.04038748513755077
0.04852328979223848
-0.11528643427500487
0.0023185513484735056
0.024858611118622146
-0.009835371634894103
-0.02763161720095484
-0.03352095152775886
-0.03240754927964531
-0.027372167683970945
-0.01958960174793836
-0.010371178823861828
-0.002699603675038356
-0.01141775400480294
-0.04455054140330287
-0.044355361218033226
-0.03211039092547363
-0.011403759695804599
-0.037290591078337446
0.007331858748263403
-0.013064749664146603
-0.016937315099513378
-0.009565621497990692
0.03016079322785298
0.26831773589864893
0.005022290844595676
0.00941540201276774
0.001021240267510453
-0.011564565776694747
-0.00362595846040438
-0.0031558207970842616
-0.004630219703996244
-0.003974526178513737
-0.0025218681852822505
-0.0025271448233985996
-0.007688578549601059
-0.009223339302473935
-0.011997217052122599
-0.003632462821677265
-0.013915473799962642
-0.017652405341324288
-0.004495073059360771
-0.0074650696128817275
-0.00175261430127341
0.06149149434050859
-0.014968402401540848
-0.05666969918814104
-0.05659439857749309
-0.0003505844684223456
-0.08803956632252566
-0.006019505167857242
-0.008643900070715468
-0.0960174456100057
-0.010567563391410979
-0.006551423621152781
-0.007585402236938337
-0.007819118250180125
-0.0032974217466326195
0.0023491442995243394
-0.003125721381891303
0.009790761453415361
0.036849572598519696
0.036831610578065804
0.022256542711132494
0.040122526258763634
0.0038005745986566127
-0.015267204173295029
0.0020470708490280135
-0.003176095364517438
-0.003913782058869978
-0.006799151177046047
-0.007727061931577655
-0.001454148697920837
-0.015525373149308241
-0.007493838849555488
-0.009287630787906807
-0.011405779034557138
-0.014031153499203563
-0.016886706803080017
-0.010194184823331997
-0.004801251149736182
-0.013181446703146972
-0.014268569372968583
-0.00689479412580754
-0.005172337868073122
0.024405019882179635
0.015044994905074289
-0.0017270151023307473
-0.006304372449309895
-0.007427363381393194
-0.0073508709528501415
-0.013596549009527534
-0.006290522538413055
-0.0050998088194216355
-0.004373746152934169
-0.004003805727215679
-0.015689903389819734
-0.0016067714673581768
-0.009615622418210065
-0.00018122046480354112
-0.0006028139968902192
-0.002693340381425219
-0.002449320183106679
-0.0026748327125405385
-0.0017959877625284859
-0.0006180149293177544
0.0001091755554268216
-0.0006535166729256636
0.00045227254541905127
0.0009981258266465029
0.0014752735374599121
0.0023752706826977578
0.00020418521254618861
0.0035100012949562946
0.00397313447433377
0.004699739340035728
0.005303502609390309
0.005754838747257398
0.006557106838891774
0.00766330355538652
0.009332388135824788
0.009785080030460714
0.019699007813278404
0.03649271394827176
0.04332496596399571
0.018632396023508618
0.01273435211432023
0.0073800726165491335
0.007579331945121735
-0.0002903397804182213
-0.01226308157162382
-0.026547357304062318
-0.047947918030905465
-0.024326926206859167
-0.033260352536465344
-0.03160968750915014
-0.026075662191111182
-0.015712471737961402
-0.008967732774213177
-0.005477537448908382
-0.003850137829183121
-0.003142983002716368
-0.003231226227056751
-0.003953815890352103
-0.0028302826278706634
-0.0029313479585730525
-0.006973769500622524
-0.016787132326811543
-0.0029796888120665987
-0.004080126170003163
-0.0032031518161754003
-0.003536640513594995
-0.0038656568161977503
-0.003982999106055634
-0.004247836611947973
-0.004162723872728271
-0.004369440661622069
-0.004197545992004243
-0.011984151332726694
-0.0034426107859814527
-0.004045099824468924
-0.004998566915679068
-0.00528278532373238
-0.005473899175835691
-0.005693664486963552
-0.005986814980368224
-0.005215712500574065
-0.01035793863210639
-0.004839611329178371
-0.004896035134376433
-0.006309659558600997
-0.027467670019446777
-0.006306702651595421
-0.0057717910116250664
-0.0014218240866826725
0.013534986030077845
0.037603269831015994
0.00960333034426556
-0.0036269099334185614
-0.00824900768876256
-0.009465703388349666
-0.01089485605982595
-0.01174623493652353
-0.011871142084978891
-0.013251653726896236
-0.010145376024700909
0.0026437421860521218
-0.007062309330573218
-0.01269479413698752
-0.015763252289917495
-0.014755514903647555
-0.01361587152345997
-0.009742432081969229
-0.0017170884894309262
0.009709750333042451
0.030995392384442717
0.0390275311753931
0.0032902285567598492
0.03892345299405937
0.014782484343545196
-0.0008359575202236617
-0.004160803793125371
-0.008558145460980968
-0.012251045155156378
-0.014068857402771936
-0.013534702798636793
-0.01400861120237838
-0.012823821760139005
-0.01243025239091557
-0.008648077502391736
-0.00371656592958898
-0.0051753608769237736
-0.011740757693835886
-0.011965180810966747
-0.008714970556940581
-0.025837382824690888
-0.010472365016788025
-0.00913142534010598
-0.0023629048986865695
-0.007275136215751893
-0.01118898997292675
-0.025455112531314036
-0.007401491640101181
-0.013180238457700208
-0.022044076043408602
-0.018621141260058822
-0.02016477359127431
-0.009354729451872174
-0.011337283372589971
-0.01533051828676024
0.0018333348261029305
-0.039169242745871
-0.02768759140023261
0.014722382132365219
0.027091413979511994
-0.016285333550771768
-0.018347332003346886
-0.024808635282687765
-0.029994733093028823
-0.033699956557294075
-0.029212097704254897
-0.01785273463960645
-0.0033997443194623434
-0.0074655804214378415
-0.013920182533348894
-0.008311328905291985
0.0016905088961332636
-0.002183464131524479
-0.0010922118791274944
-0.0024944935939742036
-0.010107642026428788
-0.006889498339486607
-0.01574399793182218
-0.005360071859206389
-9.36142192563214e-06
-0.006185859435287245
-0.006251206874674652
-0.006115434693014526
-0.005446863942717163
-0.0021784672642373103
0.000991943464952879
-0.0035356994235227176
-0.004506177554709923
-0.004574298025644087
-0.0044676764178667155
-0.00408676535926144
-0.003068515610737552
-0.0004686680902193356
0.013366876330180877
0.009163826279867632
0.006315712890045731
0.00563569245528213
-0.0031144038451035123
-0.002440444427616093
-0.0031118253546603067
0.0006425656713156128
0.0015806456936472368
0.00837098982177602
0.0009086096512012961
0.005345382836243131
-0.003767085090412423
-0.00370992564958507
-0.0033988527948559696
-0.0025832930531277773
-0.0016416512666882128
-0.00048515949084512445
0.0007549755322367467
0.0038136678135732463
0.008783404005488313
0.020087391414800523
0.04153771325471244
-0.06728577650895944
-0.01860817164041854
0.036845174898964814
0.023216316723746355
0.010256355306865032
0.0018214512889983244
-0.0013307601558849571
-0.0027885282937751025
-0.0021311948282443016
-0.0029252030948452045
-0.004719794157230361
-0.004969404176765191
-0.00539223679551215
-0.004471676512482934
-0.005157929844291575
-0.002841990356583947
-0.008445885743010827
-0.004885286893058638
-0.0046276966588315056
-0.0046472577917645985
-0.005947734218100181
-0.0036787191099061775
-0.0033309387031160657
-0.002832838676641196
-0.0020772968735969493
-0.0021368788883580473
-0.00019418121973042093
0.0014056893959106752
0.004086897667064514
0.009578561357294735
0.02094807049515124
0.011739112289886765
0.0008577210127202843
-0.002575994242854777
-0.012105289444914727
-0.023502909478001165
-0.0382036506499645
-0.01713257284396824
-0.024755749660370956
-0.033097675401038515
-0.03272131603272323
-0.025013134119827272
-0.02104352521390215
-0.0174294196316037
-0.01631121780207051
-0.015878525551928754
-0.015541149111201077
-0.015261143242004687
-0.01481813385577774
-0.01413725700754432
-0.013145974800972923
-0.010508834085639055
-0.008875892552909917
-0.006284108837381048
-0.0009226302574841189
0.009361731870131772
0.02945998569527794
0.06204447366792652
0.004312040832166254
-0.033814433575611015
0.056673366719815134
0.065169398845466
0.03900061648490005
0.023384774773024638
0.014250663450215
0.01084234539526104
0.004398988572690377
0.003476374197406863
0.0034881946209039446
0.003379299931905744
0.0003668485696239208
-0.00039469231622281403
-0.0027316545338461045
-0.003215540810477012
-0.0032323808331333435
-0.003185665956559256
-0.003628703004504646
-0.0005436779762374948
0.005759475252765038
0.0007067054994713798
-0.002319362312305196
-0.0027674145206530595
-0.002217657355641312
-0.0009307183156000071
0.0009178368620772759
-0.002124199757548632
-0.0026758375195295434
-0.0014601302020958895
0.0006485517468381936
-0.0015666276668467247
-0.0009711665395431944
-0.0012303996707928421
0.0035510666919097585
0.0032674514949363413
0.00046528642671382804
0.0030670369379684295
0.007715161293279883
0.00668466811782788
0.006723968252370392
0.026681135696532122
0.0016446925878879676
-0.0008692837906013479
-0.0008386723421480132
0.001043447827964703
0.004142876480274284
0.006595511196051976
3.099970805397507e-05
-0.0009660870334966253
-0.0011249416264335647
-0.0003657580993373656
0.006108643164597691
0.0035237644898601763
0.009641641960195043
-0.008750185234989426
-0.00265318969442221
0.005817867344964191
-0.060760491692532004
0.02585221179760172
0.017788582896756642
0.032945980789583655
-0.025256428595586435
0.036675377581255685
-0.0004113441465617245
0.004091599892127085
0.010388059917815573
0.0342895845695315
0.022409136374831124
0.04387476708949651
-0.015901922738841195
0.013815805789127496
-0.005786022444179773
-0.007634568305966486
-0.008465132344054539
-0.008975522818214116
-0.000583675996087674
-0.007913171103718199
-0.008067561591569362
-0.008505117435872667
-0.007947472060642639
-0.010683319889064635
-0.012898231395648647
-0.012625971095431864
-0.006577919014490881
0.034126608969554766
-0.0018619436777396392
0.0018358015289006672
0.005296215428671594
0.005548922727933213
-0.031484523669448566
-0.013421823559718252
-0.014037479352373301
-0.009482555121292745
-0.008170169201238484
-0.007396589101880503
-0.009685995449223132
-0.003683642458436494
-0.0038642212511225123
-0.0036307307105037474
-0.0029055853843018386
-0.002505487423958723
-0.001308413586769515
-0.0010924100058323435
-0.0017361589550128737
0.0002191856994269817
-0.00020546918535539448
-0.0007090831467293495
7.187161591992349e-05
0.003615390600104502
0.011878724379288308
0.004738998140268549
0.002490803902576021
0.011567291860743676
0.019636351946965072
-0.005266725580390243
0.0035797379969547067
-0.0013620975136057689
-0.00369857011595715
-0.008678344118422505
-0.005907420961277501
0.0032043578963111326
-0.03540125635139059
-0.026581661460789045
-0.0029423673443961895
-0.0017354644027060741
0.0012734411538945457
0.0006196565220899525
0.002533679089156768
0.00271429985722533
0.003950083163073255
0.005200227480001889
0.0015797647604610537
0.008419108078576742
0.0024909069014948998
-0.004608218653565035
0.006735526112140277
-0.0014081108302003299
-0.0034920997412760165
-0.010463806050689405
-0.002177309897946451
0.0057781285600466
0.019609747399274676
0.010706812115929155
0.013690917213901154
0.013114147204183569
-0.000959592199984767
0.00015734083331178552
-0.0007568764701861394
-0.0023613572423147925
0.0012963676375953267
0.002274954815428861
3.3971881815248667e-05
0.006476470184527167
0.006595785211472414
0.006087709691452939
0.002590248756798979
0.001828556483047956
0.0024489518301091867
0.005993403896949479
-0.0050369292070733184
0.00890241469196701
0.0030215581512715974
0.0016871575898087519
0.0008002400055755631
0.0022850297148606035
0.001992252873184793
0.0020948331631209876
0.0017452490581088495
0.0016450412245567197
0.0016902361321813122
0.00233396219292619
-0.00016296663865694453
0.001539531702577288
0.0013838018985935538
0.0035177916127356497
-0.010151973889936425
0.004848552236664848
0.004620667905881966
0.0013577591787893967
4.861839503574504e-05
-1.8604177888759167e-05
-0.0004439809937239218
-0.0011054018514602935
-0.00061646157866655
0.0017460245709902717
0.0009331479720987886
-0.002876552075685311
-0.004188406951676405
-0.004956338151936468
-0.005443141774869397
-0.005644987151741891
-0.004901727057998194
-0.002248781964129866
0.004949254358067082
0.022791549861336424
0.015014774116348252
0.03680755881535877
0.06299375421458053
0.052096753968328906
0.00043781904185322297
0.003288470462732682
-0.002554615374792752
-0.0035922752893499015
-0.00292765883077083
-0.0014622747212008878
-8.082540095361287e-06
0.0009087680238727368
0.0025051895346933166
0.0027953607385254988
-0.0048171685696455765
-0.0015579033728493567
-0.01091724205640294
-0.018363657895709474
-0.029662441572341595
-0.021950563985286456
-0.025967644418452313
-0.01713171489953123
-0.00875954351760542
-0.0005053098126672689
0.00410286397841113
0.011594423309954851
0.02783546147765628
0.016500398127914418
0.008006068892399144
0.004641973558589567
0.0020815929098462987
0.0023718569841419766
0.0020825799164935904
0.001695049913008403
0.006674017571862814
0.0034410024077672304
0.0014347591638523235
0.0014490730648394825
0.0014271466438861766
0.0036426053955577477
0.0050840914826069394
0.011234797080072318
0.0048577044418835055
0.00357457629152013
0.004445264825530797
0.004166412744257229
0.003954826455649976
0.002538945246074017
0.003441350478389011
0.00459695148751453
0.006677655001473995
0.015878098961906485
0.007562723405598765
0.007418191177091401
0.008220622593332946
0.013306329395683882
0.014013700674599682
0.017876586114290445
0.033587535955315724
0.04965100737520781
0.10898361027055974
0.016973330266972765
0.0062466340150336
0.004306172390011728
0.004520150656951293
0.0027385101248509126
0.0026540644535059063
-0.00033612215252068174
0.0024770868445756185
0.0023908366695584394
0.0022425615667220934
0.002305566518308257
0.0024650062776039785
0.002866457786909145
0.000521073563490114
0.005420381731270738
0.003195371033500866
0.0025874571686509986
0.002547529261661545
0.0019219604052126962
0.0018971652228470057
0.0023079803406574487
0.0015566982921801163
0.0015245857483864483
0.0015422357760156696
0.0014496597288629002
0.0013322750325196456
0.0019037629986203353
0.0028790343499941503
0.0055822514282648115
-0.0009673824762352448
0.029029376854213317
0.0052428950855581925
0.03188602751115677
0.009888981205233448
0.003003185644768836
0.0008184754954393798
-6.267582030765984e-05
-0.0005200214618603034
-0.0006038893942776134
-1.942142584305254e-05
-0.01179154948053293
-0.0017351043707405206
-0.001393608675366278
-0.0014235956409241702
-0.001369133600463813
-0.001695561116581897
-0.0017574169298710377
-0.0016036776497855175
-0.0015494346599807546
-0.001485504271334036
-0.0024114240716626126
-0.0011502246041933584
-0.0011333020640906433
-0.0008275610557971977
-0.0004436039453691547
-0.0014891203248451374
0.0005838103602197369
0.0012379639225747114
0.002024381979087782
0.003090747736026265
0.0041944540292843165
0.005240612636542867
0.005900869154859531
0.005530974996664124
0.003446025348885226
-0.0014627002714783094
0.005055518685276689
0.009933071953589721
0.011530502894751668
0.006325982078945105
-0.005987240341540968
-0.004990241050681576
-0.0013865012689380368
-0.002465702834655858
-0.0025035342207379223
-0.001248338873505011
0.0019358794296887804
0.008050728807807076
0.013408241461369007
0.02012059260920276
0.02562257138833456
0.02144161568775323
-0.006554182269313237
-0.07085651531699115
-0.04852296760377703
-0.0022018588168235603
0.0073037998119880685
0.010795162237170008
0.009868921620622301
0.008192923078032887
0.011104834135504412
0.015101586062491651
0.02155650605517411
0.012689329378934694
0.00860866294050436
0.00621702892137895
0.004556880101142318
-0.0016729738750977808
0.0019339114463505882
0.0006588844396931003
-0.0004085239315824745
-0.001170074014888307
-0.0015055586795293978
-0.0007243994701571893
0.0032228578618210104
0.017038368485477844
0.05601883283756242
0.0860067417166662
0.026462953359082386
0.0035102338285849756
-0.00414012290472737
-0.0065158939447450505
-0.007100305493326752
-0.006867819682885772
-0.005715815492056616
-0.004601685622074695
0.002125484997670105
0.006507218806429745
0.007970087595767063
0.016967693874426575
0.025679316412401145
0.04037766571697268
0.018457872098428304
-0.09519616919259481
-0.005862533872305545
0.03831145379481076
0.01398437127107583
0.00446226618938815
0.019940496577667815
0.0058761782946449475
0.0002676003707931845
0.005903845376898199
0.01210256246492539
0.018947359906709576
0.023053826161066444
-0.0007371727089192318
-0.009641919605695206
-0.011258198075394382
-0.011529215886447921
-0.013369102624345137
-0.015984852632184094
-0.01605603927325377
-0.014698362931876496
-0.010311656545695037
-0.016397604961648923
-0.018277745878256365
-0.018614970770472538
-0.018020024766240286
-0.015646918385869173
-0.006627078091217035
0.027087382065873813
0.003990490698655256
-0.0017135880782419705
-0.011513380336143719
-0.014610023764963983
-0.01532998897398221
-0.014667490940747385
-0.01127971153353044
0.0018558387824163887
0.031459110058613585
0.00011507545020467342
-0.004545309770977198
-0.012231918684816153
-0.014217509556434253
-0.013769939077382757
-0.012586623868959182
-0.00998324764252783
-0.0029092854697323487
0.008796986561917231
0.021271382807767452
0.00420792965638488
-0.002676570083679991
-0.001694630756398008
0.0025142360871377033
0.007632293110072522
0.014989300034155096
0.03461284663416396
0.04660153097761097
0.05362751348394492
0.04909668907083796
0.008035025485481052
-0.005402692109546503
-0.012540313193416036
-0.01379697400582539
-0.029936794901187242
-0.011976187244535141
-0.013576841223479998
-0.010246816950844144
-0.01389935528910481
-0.015225046273643005
-0.012564877143788122
-0.011737613125715123
-0.009473044087962991
-0.005307020944890492
-0.0025827314109988357
-0.0024257042649601167
-0.006191957609810285
-0.01200759810834773
-0.029294124797045407
-0.009835025262702884
-0.013046411515819414
-0.01644551829217055
-0.013320873833075845
-0.010243234138709563
-0.00938498552992603
-0.00989001644659117
-0.010636620134825222
-0.011410622251958545
-0.012050119518710005
-0.012511417193178264
-0.012734978243006291
-0.01286369550679961
-0.012859311976581135
-0.012711778398252606
-0.012366670394681756
-0.011151066220580144
-0.010689922528758099
-0.011265526879381881
-0.011091169653878142
-0.010262975088109463
-0.010004948889183782
-0.010048638007606898
-0.008822551000564784
-0.009197334320300406
-0.00843496234164334
-0.006896065326777133
-0.028139540047053834
-0.006962566820450164
-0.00768909118191536
-0.007325276388747264
-0.0072543703824289926
-0.006907366575098682
-0.007155417814498364
-0.006921971884714019
-0.00516078164339975
-0.00943375313829832
-0.002995577594104017
0.0056951748290011844
-0.0031399287637306327
-0.005099662327594458
-0.0015204959424632036
-0.0007602588863648202
-0.001009017503201422
0.004406305295800254
0.014999852407960179
0.031677527017219376
0.044494163311068216
0.016550709944059785
-0.05122902463236606
-0.03795245770247701
0.0272348554247968
0.010809179254614868
0.026384001496867007
0.016855155181173125
0.008341024859815912
0.0019405357432534796
0.0006155204630541324
0.002027689788425169
-3.8996171844213735e-05
-0.0009434387268366043
0.0016068170439281508
0.014039186199662506
0.026336935729280118
0.013827177790288874
0.008401517165240957
-0.02730854643775955
-0.049946461828608554
-0.04284951854417735
-0.0015710083210605673
0.01084669521813035
0.01189159173892101
0.008314355071681124
0.006357676338040861
0.00507112420462272
0.005169543897641409
0.007004201928670848
0.0014184156557710509
0.01440634785047115
0.018989022398370296
0.009480994431511812
0.012305714354597945
0.008741751840386067
0.007810188209047818
0.008040185612757666
0.008324209969781306
0.008551853540154726
0.00837070547658588
0.00752192765090358
0.006577117511502811
0.005799208370902118
-0.051208003679071704
0.014851698737077057
-0.008933073043399697
0.01855498990581538
0.006397930592217084
0.00030291383132458516
0.002883900402435016
0.004891525303568657
0.006740372816103276
0.00807183036272754
0.007638338104063988
0.011903615144637685
0.014640482180506294
0.008670062410059024
0.007906868229894054
0.009803487863172825
0.009264713128034256
0.006857993425684619
0.006631488186399711
0.006542561739561096
0.005799464471832123
0.012327395896015255
0.00922344028679595
0.012856676237031954
0.009143804547219827
-0.009223322082238672
0.011805293399440473
0.010345466785982256
0.007788273204086426
0.006805731809307533
0.00632347942602428
0.006250030607951204
0.0068933396210692915
0.012366441385201982
0.023214409268549015
0.009468132498226684
0.013109012092076055
0.013340806395291059
0.007392851033204084
0.0061434944695517805
0.0061125577551998525
0.005612040217355614
0.006021729404255665
0.005847607317817678
0.006159184941961719
0.004920831867603543
0.0052835493889278355
0.0047109297555373705
0.005413367897300493
0.007581488664687908
0.007346289724535779
0.0038929008606475904
0.003092152777690637
0.0025443013048792127
0.0021788800876615068
0.0017371328580367531
0.0014675333499288973
0.002894672583125859
0.002009790865196375
0.0005749625335574565
-0.0003042040728808874
0.001031268222723366
7.727140168668252e-05
-0.002531987791921387
-0.0028317389427188655
0.003924485093508778
-0.0036395005242674263
-0.0058123110099664085
-0.007024201684642521
-0.007556630789327661
-0.006811410980253015
-0.009886078633716823
-0.008892459522610157
-0.006971954528415357
-0.010330931401519422
-0.012229707690321443
-0.012837103091976826
-0.013402001387811951
-0.018202296027473586
-0.010556875759847057
-0.01116320655512513
-0.008161709520873833
-0.0013023885969868005
0.009204361548639791
-0.004834836012176267
-0.011471436102066341
-0.03682820968035208
-0.023388877472403882
-0.008158990721762478
-0.004306587320655215
0.005353552342302244
0.03211030585104737
0.0006253405270638719
-0.014807172320567035
-0.015975584565513297
-0.01701006412525329
-0.023597976156832037
-0.020809864272331436
-0.028318638665666446
-0.022549684619965663
-0.022643402066244888
-0.02192790930859796
-0.020482015298057887
-0.020493119484903358
-0.02060623460061014
-0.020198660792898313
-0.019470324677569425
-0.018468685387579713
-0.01731722024910297
-0.016080817543988584
-0.014358097014171579
-0.01214549451930642
-0.027668396870124023
-0.005525243823851392
-0.007294360891742984
-0.0050229056449185685
-0.004410096116830278
-0.0006077904721148461
0.00668484634184303
0.00739405822765511
0.01132925374226901
-0.06265622006587604
0.015543384375784564
0.01286528012328314
-0.0015967628176856371
0.01470736257790379
0.003611616868366082
0.0011917069791256326
0.0005895444382784202
0.0011929633603353935
0.0012598321118413268
0.0009083507093470813
0.0002814685573394884
0.00019478703872198612
1.5231293470203676e-05
1.1195313425453497e-05
0.0019192124386862841
0.006067387451184986
-0.0004287543533365984
-0.003766277469231818
-0.006062747944034901
-0.008718982275924237
-0.0124152339689956
-0.01651563894108606
-0.017177697961735225
9.135680125449518e-05
-0.02793264397321549
0.0760740314494664
0.024223130622036043
-0.008836719280750024
-0.01882827086872197
-0.016975674707151917
-0.012817147442129247
-0.00816450381676205
-0.005354285495680998
-0.00493073633439612
-0.004197204614005125
-0.00305022869737922
-0.0018379156432596854
-0.0009244007829889814
-0.00018592741640370948
0.0028171279578901197
-0.00022798837934040662
0.00338736502872382
0.0009227059173580346
0.0007125879161766674
0.0007671412094808826
4.7066096935270066e-05
-0.0017641500062949617
-0.0021078586586590477
-0.003166479840856268
-0.0033983604642780375
0.03038171663274952
-0.0006398348884262194
0.008049146060107508
0.0033674787077741667
0.0007819463312761644
-0.00016116319829259334
-0.0014366516068960486
-0.00086161203764586
-7.695621777271201e-05
0.0005078713761151351
0.0010281417523062052
0.0014618053606646605
0.0020439839402308585
0.004373464193343044
0.005974172322912755
0.01766782457753286
0.00827924614471147
0.002894039973082385
0.0023943062574894587
0.00247274125835401
0.004173563317845263
-0.0014527405873267741
0.0033448753072510477
0.003040740154777725
0.00829509567124968
0.009299360366828895
0.0019323748232957145
-0.00011584656949669643
-0.001956898070758799
-0.005075502794511895
-0.010001278390752552
-4.570258120816089e-06
-0.010576229117177791
0.04612133071764377
0.006532214856729658
-0.0004860654939675245
-0.005087352810659316
-0.0042131001138248
-0.0032340861365665846
-0.0006555083291213197
0.021570542231485957
6.248173312638419e-05
-0.0014566942708306397
-0.0013768239880664298
-0.0008833473414724256
-0.00021878688025745571
0.0003950859832759533
8.299501382271556e-05
-0.0017386971184537926
-0.007818708217976296
-0.058680918622653136
-0.005475493383785614
0.00046442923331336194
0.0015692318011983565
0.0007923019956616401
-0.00041498047162043613
-0.0013314626908332802
-0.0031215695265242437
-0.0013263298443766819
-0.000998003838041511
-0.0005602158582082918
-0.00012803146714838784
0.0003057138490028301
0.0007307597020462334
0.002800250264496204
-0.011288540003969224
0.005482922997072483
0.0033342295982424484
0.0016586587993686593
0.001595561706646757
0.001397198990923147
0.0013199959672295105
-0.00046544487946777137
0.001424785417169673
0.002843577610969484
-0.0030275474280631416
0.0019981359019887643
0.0006908233670695585
0.0008216709606142295
0.002139922593957419
0.005974544979318769
0.013877982426547602
0.05056433975820501
0.020707393574472883
0.008007925445925943
0.004327385801348929
0.0014040924162798509
0.0029421238209190606
0.003937012150185399
0.020977116483297736
0.01490996099058164
-0.00044078840086910067
-0.0035492315235678773
-0.004614627344401508
-0.005292173439079506
-0.006111444103431189
-0.006887223709880781
-0.007380698273760334
-0.006982682365894544
-0.004707026375741119
-0.012829389906226054
-0.003860992910164097
-0.0050890325093762
-0.0035670118498965244
-0.0007435054730166954
0.0010046884262272628
0.0027757212823608826
0.003911808613660594
0.0019690339135848035
0.014624203612636456
0.031247432618578545
0.02430880327561512
0.007179155794442877
-0.0025521813191136055
-0.0011855519576792026
-0.0035718514646750064
-0.005899243806737193
-0.007439956615362238
-0.008089233051723361
-0.00814572483203579
-0.007861535066428555
-0.0072756386757231
-0.006580395097745885
-0.005762351912921492
-0.00475147986155494
-0.00558707894004084
-0.003048986246866617
-0.0026946771317819026
-0.0018677767190952324
-0.0005279422486366141
-0.0001366929781925984
0.0017583663790044207
0.007489475072429749
0.023915148527331884
0.02107465308362037
0.00728651127195195
0.004053344045275962
0.00410778135238014
0.006178228171386395
0.012452651326322136
0.02869013359388791
0.07325938189789583
0.07301417189555032
0.027667516399885645
0.011072536253376404
0.005894684364051164
0.00423498884813158
0.003552110592924402
0.0031847743283591376
0.003369815138868595
0.004864563152376738
0.008363851448510384
0.012205377998860501
0.010466095317588743
0.015301212584932375
0.01420386360091532
0.011673310537677008
0.013202034869330666
0.011510347327104225
0.011933568099888823
0.013331810838873128
0.01579204080089159
0.020608192621485152
0.030739524026925605
0.03997215453494796
0.027576524748180026
0.029250574761054145
0.033837567002472216
0.014000698696114712
-0.05419443781497551
0.017553222109500145
0.03542939331595599
0.016995784414312626
0.006712266062865928
0.005448831111230657
0.001459079982993914
-0.012838378233180885
-0.043875234485339025
-0.03304125726956802
-0.0291168298829415
-0.02136012781208468
-0.012413358757358849
-0.003934687676586335
0.0007310959143602488
0.0027751367179907637
0.0039036227985995236
0.00450938209674507
0.004828122510065516
0.004653508367327379
0.004180485681779533
0.004607624330377815
0.004788549786038341
0.005530565918724235
0.006139141197211035
0.0051144028339975426
0.004908803346848762
0.004876700094273979
0.005001582455908604
0.005102926672956143
0.0052556573087822935
0.005734541212635515
0.006226048171109986
0.006270712140315124
0.0060572625409585955
0.006336255817037925
0.006707159922181098
0.00709252396684301
0.007487533746585078
0.007995055089912988
0.005442689513011653
0.008673709958923486
0.00899514956128519
0.009412628431947316
0.009833597995711589
0.010242014291729844
0.0106876567345154
0.01110920556749331
0.011465311488011857
0.011639861781791758
0.011351055336104452
0.009861550635452602
0.006755093922854699
0.0003450685863832599
-0.0031402853470402716
-0.0029926109242968627
0.013869045723448343
-0.002078991964793106
-0.0022617650077606235
0.00535130441985403
0.010642355202804224
0.012944285316976655
0.013602024190936335
0.013479128931994575
0.013032067741901406
0.010048142562481972
0.011763790479443498
0.011024537274065743
0.0103397510560434
0.008984819717598557
0.009111368155588126
0.008112876716360915
0.0071343661332887096
0.006120420768236212
0.00507600752217579
0.0039867046205812615
0.0029533337140744144
0.0024559643604567653
0.003071727534584661
0.0019091849393770913
-0.0011368719022193925
-0.002653073644861567
-0.004239724369432349
-0.005679744958933301
-0.007129937355194789
-0.008460434176321337
-0.010122430172808058
-0.011713950069053443
-0.013267076775826586
-0.01370814683687691
0.007947105981333105
-0.009409788457588508
-0.005860899295000981
-0.001587309386555217
0.0013911565560610906
0.0032991130440454316
0.005925227967682095
0.009746360850072574
0.01400535633423573
0.018129199855919043
0.011520465174934724
-0.04443362831058412
0.001478786626549873
0.008422179944637337
0.014403999074146705
0.022821577502604353
0.01604696002277243
0.0160795782713148
0.013875907792963134
0.010860354396003103
0.01002079416055109
0.01187114902823371
0.006216407814276885
0.005943793049410392
0.0056586790097813405
0.006810823998839035
0.00782585774093353
0.008158815126144156
0.005228148154647389
0.011461833711159318
0.013617117568485859
0.016083117662625882
0.019326352590262236
0.021453073691601415
0.023692644014091553
0.02574535803457503
0.027351549337598875
0.02848321040607848
0.029146163445158104
0.02959820849695531
0.0298748761900692
0.028474918209660544
0.015943220987394913
-0.05844916641848553
-0.125062593012099
-0.004612528913719534
-0.05768036015223134
-0.02255074367885459
0.029072305329775044
0.04239868088712264
0.04562852526367766
0.04396064492788621
0.0432938706960175
0.041232626238894385
0.03871770752152228
0.03540299083320828
0.03127349984019339
0.026313064832113764
0.017961853627422954
0.0036031981787865625
-0.00788397918678022
-0.027439397332989283
-0.031157546878253416
-0.046943441411595545
-0.04957843506775998
-0.006895312046833393
-0.015663185742982578
0.004952833684493408
0.011313023379090617
0.002386351959217681
0.0010331029678916598
0.0012405908104526268
0.0011542728443813884
0.0010408464490741648
0.0009947161229071479
0.0027040311881313477
0.002884576142573333
0.0017335784861515775
-0.0003368102051073084
-0.0008079924997147662
-0.0010151336323690856
-0.0009311466334370307
0.0013975727123942217
0.000459304105635672
-0.0010672705280038131
-0.001969958524906422
-0.0023415568921778536
-0.002082231839639715
-0.0004088910228036649
0.015228851994037153
0.0014522262481091283
-0.0012454997532490983
-0.0021822225775058293
-0.004801548885716929
-0.005065662710778497
-0.005249774525664727
-0.004266939372165389
-0.0005582676676650789
-0.0025700975493528756
-0.008225352850264269
-0.007001345637796398
-0.016128930981378135
-0.008907094305449528
-0.007523698634812921
-0.011323256531276478
-0.012467859215026847
-0.013303871538450673
-0.013078244541466399
-0.01969466755598365
-0.012463116271768403
-0.011368438340459109
-0.009535601185512943
-0.00718860679428978
-0.005105639948098639
-0.00484282131000731
-0.004707879179921316
0.003616161015251124
0.023489159828832096
-0.007270011702955505
-0.1016569452696013
-0.017068973390175858
-0.010939157500156744
-0.011255681549429058
-0.01272567804270717
-0.014631390330470413
-0.014478614877416678
-0.020078849494144506
-0.011764067910881656
-0.007907666058759647
0.005951870532436625
0.029642171539331394
0.002596614694198035
0.01038298747189082
-0.00948439718168039
0.018501716093192417
0.01896460522741148
0.00893413044873072
-0.003937195284219709
-0.009263273826163309
-0.010659032105140805
-0.008382961031933027
7.916849945630357e-05
0.02896616312836631
0.06014391919797918
0.02957676613786791
0.00046711875358902444
-0.01232952869941604
-0.010225774534887135
-0.007302600823832531
-0.013660274615017657
-0.017508762991596077
-0.027255972767172267
-0.016798910864375176
-0.01622140024725535
-0.014042370503790199
-0.007251434198890637
-0.013916148005882631
-0.01675166986327935
-0.018814916440793066
-0.01672104709981952
-0.016223930915988886
-0.015277598114788671
-0.014184901478469883
-0.013246901601906665
-0.01306263846185146
-0.01406319103867047
-0.01480240483454682
-0.004249450446060281
-0.020690601633803336
-0.05204873650006254
-0.028164343190686097
-0.023699896655292554
-0.020029376878216883
-0.01930160301859154
-0.019228596176341733
-0.01994484744475062
-0.022105645858405985
-0.021133336435400493
-0.02144582026819815
-0.019186734721248835
-0.020300066772232207
-0.02128937130336306
-0.020230812086146646
-0.018343305239176724
-0.017481034546887347
-0.0179038288030619
-0.017362182243715836
-0.01665321252548178
-0.01595515910724727
-0.01483550554582113
-0.011418027681329976
-0.005536488396326959
-0.005454088114123591
0.008107821414259432
-0.0006081723518302642
-0.009292805076267514
-0.010028393247555884
-0.0062863513651150085
-0.0004963934788582065
0.03733756510598911
0.008507060811807118
-0.008526436024428234
-0.009757015264149044
-0.008045169950401505
-0.0019856106041309975
0.008770615904551008
-0.001053045322550975
-0.006308063798503207
-0.007221226368878728
-0.00750159528613697
-0.01176597973670052
-0.011997806682623268
-0.012281170653779427
-0.011510933638350965
0.004096650869665992
0.007877875806366882
-0.009454666822420356
0.007398478528356351
-0.007849206697720164
0.006133872848401771
0.0016273138651645527
-0.013319614068429663
-0.013854355434955225
-0.0068876537434353095
0.003941343486154908
-0.005364583241483551
-0.003163890237429692
-0.0035896950133984837
-0.005688482333595305
-0.005922568948401947
-0.0061491083498142005
0.007870449699703701
-0.00562259893235122
-0.004009854935497162
-0.013552804651820937
0.027190101869223094
-0.007836837000854182
-0.006502640132068103
-0.006129734439710464
-0.005250314513947408
0.0022359527002062674
-0.005149148814957724
-0.005101738453003306
0.005520894764117615
-0.0019266601008702054
-0.006089757783266692
-0.006292645690960547
-0.00626868086623867
-0.005874372831008108
-0.005598363095065214
